  216
   1 1   0     0.000   0     4.963
   1 1   0     0.000   0     5.537
   1 1   0     0.000   0     5.828
   1 1   0     0.000   0     6.138
   7 0 0 0 1 1 1 1  16  14   6   0   0   0   0    58.812    45.052    19.329     0.000     0.000     0.000     0.000   0   0   0   0   0   0   0     0.000     0.000     0.000    -0.232    -0.051     0.511     0.071
   7 0 1 0 1 1 1 1  25  14   3   0   0   0   0     5.566    45.052    22.667     0.000     0.000     0.000     0.000   0   0   0   0   0   0   0     0.000    -0.123     0.000    -0.232    -0.051     0.128     0.048
   7 0 0 0 1 1 1 1  15   0   0   0   0   0   0    52.941    21.086    21.222     0.000     0.000     0.000     0.000   0   0   0   0   0   0   0     0.000    -0.123     0.000    -0.027    -0.182    -0.008     0.086
   7 0 0 0 1 1 1 1  13   6   0   0   0   0   0    53.576    19.329    21.300     0.000     0.000     0.000     0.000   0   0   0   0   0   0   0     0.000    -0.123     0.000    -0.637    -0.116     0.112     0.045
   7 0 0 0 1 1 1 1  16  12   6   0   0   0   0    58.812    49.459    19.329     0.000     0.000     0.000     0.000   0   0   0   0   0   0   0     0.000    -0.123     0.000    -0.217    -0.075     0.486     0.064
   7 0 0 0 1 1 1 1  25   0   3   0   0   0   0     5.566    21.298    22.667     0.000     0.000     0.000     0.000   0   0   0   0   0   0   0     0.000    -0.123     0.000    -0.047    -0.118     0.122     0.043
   7 0 0 0 1 1 1 1  15   0   0   0   0   0   0    52.941    21.086    21.193     0.000     0.000     0.000     0.000   0   0   0   0   0   0   0     0.000    -0.123     0.000    -0.026    -0.165    -0.018     0.076
   7 0 0 0 1 1 1 1  13   5  12   0   0   0   0    53.028    21.980    53.111     0.000     0.000     0.000     0.000   0   0   0   0   0   0   0     0.000    -0.123     0.000    -0.605    -0.109     0.029     0.101
   7 0 0 0 1 1 1 1  16   0   6   0   0   0   0    58.812    21.298    19.329     0.000     0.000     0.000     0.000   0   0   0   0   0   0   0     0.000    -0.123     0.000    -0.070    -0.196     0.461     0.058
   7 0 0 0 1 1 1 1  25  12   3   0   0   0   0     5.566    49.459    22.667     0.000     0.000     0.000     0.000   0   0   0   0   0   0   0     0.000    -0.123     0.000    -0.107    -0.044     0.116     0.039
   7 0 0 0 1 1 1 1  15   0  27   0   0   0   0    52.941    21.086     5.173     0.000     0.000     0.000     0.000   0   0   0   0   0   0   0     0.000    -0.123     0.000    -0.024    -0.150     0.070    -0.008
   7 0 0 0 1 1 1 1  13   6   2   0   0   0   0    53.576    19.329    21.773     0.000     0.000     0.000     0.000   0   0   0   0   0   0   0     0.000    -0.123     0.000    -0.575    -0.095     0.095     0.052
   7 0 0 0 1 1 1 1  25   2   3   0   0   0   0     5.566    21.697    22.667     0.000     0.000     0.000     0.000   0   0   0   0   0   0   0     0.000    -0.123     0.000    -0.041    -0.174     0.438     0.053
   7 0 1 0 1 1 1 1  25   2   3   0   0   0   0     5.566    21.697    22.667     0.000     0.000     0.000     0.000   0   0   0   0   0   0   0     0.000    -0.092     0.000    -0.041    -0.174     0.110     0.035
   7 0 0 0 1 1 1 1  15  26  12   0   0   0   0    53.100     5.837    53.111     0.000     0.000     0.000     0.000   0   0   0   0   0   0   0     0.000    -0.092     0.000    -0.136    -0.028     0.024     0.067
   7 0 1 0 1 1 1 1   6  26  13   0   0   0   0    19.329     5.837    53.576     0.000     0.000     0.000     0.000   0   0   0   0   0   0   0     0.000    -0.546     0.000    -0.136    -0.028    -0.086     0.078
   7 0 0 0 1 1 1 1  16  14   6   0   0   0   0    58.812    45.052    19.329     0.000     0.000     0.000     0.000   0   0   0   0   0   0   0     0.000    -0.546     0.000    -0.159    -0.039     0.416     0.048
   7 0 0 0 1 1 1 1  25  12   3   0   0   0   0     5.566    49.459    22.667     0.000     0.000     0.000     0.000   0   0   0   0   0   0   0     0.000    -0.546     0.000    -0.088    -0.034     0.105     0.032
   7 0 0 0 1 1 1 1  15   0  12   0   0   0   0    53.100    21.172    53.111     0.000     0.000     0.000     0.000   0   0   0   0   0   0   0     0.000    -0.546     0.000    -0.026    -0.123     0.022     0.061
   7 0 1 0 1 1 1 1   6   0  13   0   0   0   0    19.329    21.172    53.576     0.000     0.000     0.000     0.000   0   0   0   0   0   0   0     0.000    -0.519     0.000    -0.026    -0.123    -0.078     0.071
   7 0 0 0 1 1 1 1  21  13   0   0   0   0   0    68.164    53.028    21.207     0.000     0.000     0.000     0.000   0   0   0   0   0   0   0     0.000    -0.519     0.000    -0.136    -0.002     0.395     0.061
   7 0 0 0 1 1 1 1  25  12   3   0   0   0   0     5.566    49.459    22.667     0.000     0.000     0.000     0.000   0   0   0   0   0   0   0     0.000    -0.519     0.000    -0.080    -0.032     0.099     0.029
   7 0 0 0 1 1 1 1  15  26  12   0   0   0   0    53.100     5.837    53.111     0.000     0.000     0.000     0.000   0   0   0   0   0   0   0     0.000    -0.519     0.000    -0.112    -0.024     0.020     0.055
   7 0 1 0 1 1 1 1   6  26  13   0   0   0   0    19.329     5.837    53.576     0.000     0.000     0.000     0.000   0   0   0   0   0   0   0     0.000    -0.493     0.000    -0.112    -0.024    -0.071     0.064
   7 0 0 0 1 1 1 1  21  13   0   0   0   0   0    68.164    53.576    21.207     0.000     0.000     0.000     0.000   0   0   0   0   0   0   0     0.000    -0.493     0.000    -0.120     0.011     0.376     0.055
   7 0 0 0 1 1 1 1  25   5   3   0   0   0   0     5.566    23.570    22.667     0.000     0.000     0.000     0.000   0   0   0   0   0   0   0     0.000    -0.493     0.000    -0.053    -0.093     0.094     0.026
   7 0 0 0 1 1 1 1  15   0  12   0   0   0   0    53.100    21.172    53.111     0.000     0.000     0.000     0.000   0   0   0   0   0   0   0     0.000    -0.493     0.000    -0.022    -0.101     0.019     0.050
   7 0 1 0 1 1 1 1   6   0  13   0   0   0   0    19.329    21.172    53.028     0.000     0.000     0.000     0.000   0   0   0   0   0   0   0     0.000    -0.468     0.000    -0.022    -0.101    -0.067     0.056
   7 0 0 0 1 1 1 1  21  27   0   0   0   0   0    68.164     5.292    21.207     0.000     0.000     0.000     0.000   0   0   0   0   0   0   0     0.000    -0.468     0.000    -0.015    -0.118     0.357     0.050
   7 0 0 0 1 1 1 1  25  15   3   0   0   0   0     5.566    46.507    22.667     0.000     0.000     0.000     0.000   0   0   0   0   0   0   0     0.000    -0.468     0.000    -0.086    -0.048     0.090     0.023
   7 0 0 0 1 1 1 1  15   0  12   0   0   0   0    53.100    21.172    52.862     0.000     0.000     0.000     0.000   0   0   0   0   0   0   0     0.000    -0.468     0.000    -0.021    -0.092     0.015     0.044
   7 0 1 0 1 1 1 1   6   0  13   0   0   0   0    19.329    21.172    53.576     0.000     0.000     0.000     0.000   0   0   0   0   0   0   0     0.000    -0.445     0.000    -0.021    -0.092    -0.058     0.052
   7 0 0 0 1 1 1 1  21  27   0   0   0   0   0    68.164     5.150    21.207     0.000     0.000     0.000     0.000   0   0   0   0   0   0   0     0.000    -0.445     0.000     0.011    -0.099     0.339     0.045
   7 0 0 0 1 1 1 1  25   5   3   0   0   0   0     5.566    23.570    22.667     0.000     0.000     0.000     0.000   0   0   0   0   0   0   0     0.000    -0.445     0.000    -0.044    -0.079     0.085     0.021
   7 0 0 0 1 1 1 1  15   0  12   0   0   0   0    53.100    21.172    53.111     0.000     0.000     0.000     0.000   0   0   0   0   0   0   0     0.000    -0.445     0.000    -0.019    -0.083     0.015     0.041
   7 0 1 0 1 1 1 1   6   0  13   0   0   0   0    19.329    21.172    53.028     0.000     0.000     0.000     0.000   0   0   0   0   0   0   0     0.000    -0.423     0.000    -0.019    -0.083    -0.056     0.046
   7 0 0 0 1 1 1 1  21  27   0   0   0   0   0    68.164     5.292    21.207     0.000     0.000     0.000     0.000   0   0   0   0   0   0   0     0.000    -0.423     0.000    -0.011    -0.098     0.322     0.041
   7 0 0 0 1 1 1 1  25   5   3   0   0   0   0     5.566    23.570    22.667     0.000     0.000     0.000     0.000   0   0   0   0   0   0   0     0.000    -0.423     0.000    -0.040    -0.073     0.081     0.019
   7 0 0 0 1 1 1 1  15  26  26   0   0   0   0    53.100     5.837     5.901     0.000     0.000     0.000     0.000   0   0   0   0   0   0   0     0.000    -0.423     0.000    -0.076    -0.018     0.024     0.043
   7 0 1 0 1 1 1 1   6  26  13   0   0   0   0    19.329     5.837    53.576     0.000     0.000     0.000     0.000   0   0   0   0   0   0   0     0.000    -0.402     0.000    -0.076    -0.018    -0.048     0.043
   7 0 0 0 1 1 1 1  25   0   3   0   0   0   0     5.566    21.298    22.667     0.000     0.000     0.000     0.000   0   0   0   0   0   0   0     0.000    -0.402     0.000    -0.029    -0.094     0.306     0.027
   7 0 0 0 1 1 1 1  25   5   3   0   0   0   0     5.566    23.570    22.667     0.000     0.000     0.000     0.000   0   0   0   0   0   0   0     0.000    -0.402     0.000    -0.036    -0.067     0.077     0.017
   7 0 0 0 1 1 1 1  15  28  26   0   0   0   0    53.100     5.577     5.901     0.000     0.000     0.000     0.000   0   0   0   0   0   0   0     0.000    -0.402     0.000    -0.085    -0.037     0.022     0.039
   7 0 1 0 1 1 1 1   6  28  13   0   0   0   0    19.329     5.577    54.430     0.000     0.000     0.000     0.000   0   0   0   0   0   0   0     0.000    -0.381     0.000    -0.085    -0.037    -0.040     0.041
   7 0 1 0 1 1 1 1   6  28  13   0   0   0   0    19.329     5.577    53.576     0.000     0.000     0.000     0.000   0   0   0   0   0   0   0     0.000     0.291     0.000    -0.085    -0.037    -0.075     0.031
   7 0 0 0 1 1 1 1  25   5   3   0   0   0   0     5.566    23.570    22.667     0.000     0.000     0.000     0.000   0   0   0   0   0   0   0     0.000     0.291     0.000    -0.033    -0.062     0.073     0.015
   7 0 0 0 1 1 1 1  15  28   0   0   0   0   0    52.941     5.577    21.193     0.000     0.000     0.000     0.000   0   0   0   0   0   0   0     0.000     0.291     0.000    -0.101    -0.034    -0.008     0.028
   7 0 1 0 1 1 1 1   6  28  13   0   0   0   0    19.329     5.577    53.028     0.000     0.000     0.000     0.000   0   0   0   0   0   0   0     0.000    -0.362     0.000    -0.101    -0.034    -0.042     0.034
   7 0 1 0 1 1 1 1   6  28  13   0   0   0   0    19.329     5.577    53.576     0.000     0.000     0.000     0.000   0   0   0   0   0   0   0     0.000     0.276     0.000    -0.101    -0.034    -0.068     0.028
   7 0 0 0 1 1 1 1  25   5   3   0   0   0   0     5.566    23.570    22.667     0.000     0.000     0.000     0.000   0   0   0   0   0   0   0     0.000     0.276     0.000    -0.030    -0.057     0.069     0.014
   7 0 0 0 1 1 1 1  15  28   0   0   0   0   0    52.941     5.577    21.222     0.000     0.000     0.000     0.000   0   0   0   0   0   0   0     0.000     0.276     0.000    -0.092    -0.031    -0.004     0.026
   7 0 1 0 1 1 1 1   6  28  13   0   0   0   0    19.329     5.577    54.858     0.000     0.000     0.000     0.000   0   0   0   0   0   0   0     0.000    -0.344     0.000    -0.092    -0.031    -0.032     0.035
   7 0 1 0 1 1 1 1   6  28  13   0   0   0   0    19.329     5.577    53.576     0.000     0.000     0.000     0.000   0   0   0   0   0   0   0     0.000     0.262     0.000    -0.092    -0.031    -0.062     0.026
   7 0 0 0 1 1 1 1  21  12   1   0   0   0   0    68.164    51.618    21.885     0.000     0.000     0.000     0.000   0   0   0   0   0   0   0     0.000     0.262     0.000    -0.040     0.014     0.043     0.013
   7 0 0 0 1 1 1 1  15  28  27   0   0   0   0    52.941     5.577     5.278     0.000     0.000     0.000     0.000   0   0   0   0   0   0   0     0.000     0.262     0.000    -0.085    -0.028     0.023    -0.007
   7 0 1 0 1 1 1 1   6  28  13   0   0   0   0    19.329     5.577    53.028     0.000     0.000     0.000     0.000   0   0   0   0   0   0   0     0.000    -0.327     0.000    -0.085    -0.028    -0.035     0.028
   7 0 1 0 1 1 1 1   6  28  13   0   0   0   0    19.329     5.577    53.576     0.000     0.000     0.000     0.000   0   0   0   0   0   0   0     0.000     0.249     0.000    -0.085    -0.028    -0.056     0.023
   7 0 0 0 1 1 1 1  18  12  14   0   0   0   0    48.715    51.618    46.735     0.000     0.000     0.000     0.000   0   0   0   0   0   0   0     0.000     0.249     0.000    -0.039     0.012     0.033     0.007
   7 0 0 0 1 1 1 1  15  28  12   0   0   0   0    52.941     5.577    53.111     0.000     0.000     0.000     0.000   0   0   0   0   0   0   0     0.000     0.249     0.000    -0.078    -0.026     0.002     0.023
   7 0 1 0 1 1 1 1   6  28  13   0   0   0   0    19.329     5.577    55.519     0.000     0.000     0.000     0.000   0   0   0   0   0   0   0     0.000    -0.311     0.000    -0.078    -0.026    -0.025     0.030
   7 0 1 0 1 1 1 1   6  28  17   0   0   0   0    19.329     5.577    61.027     0.000     0.000     0.000     0.000   0   0   0   0   0   0   0     0.000     0.237     0.000    -0.078    -0.026    -0.044     0.026
   7 0 0 0 1 1 1 1  21  12   1   0   0   0   0    68.164    51.618    21.870     0.000     0.000     0.000     0.000   0   0   0   0   0   0   0     0.000     0.237     0.000    -0.033     0.011     0.044     0.012
   7 0 0 0 1 1 1 1  15  28  26   0   0   0   0    52.941     5.577     5.903     0.000     0.000     0.000     0.000   0   0   0   0   0   0   0     0.000     0.237     0.000    -0.071    -0.023     0.010     0.027
   7 0 1 0 1 1 1 1   6  28  15   0   0   0   0    19.329     5.577    53.100     0.000     0.000     0.000     0.000   0   0   0   0   0   0   0     0.000    -0.295     0.000    -0.071    -0.023    -0.031     0.023
   7 0 1 0 1 1 1 1   6  28   0   0   0   0   0    19.329     5.577    21.394     0.000     0.000     0.000     0.000   0   0   0   0   0   0   0     0.000     0.225     0.000    -0.071    -0.023     0.015    -0.057
   7 0 0 0 1 1 1 1  18  12   6   0   0   0   0    48.715    51.618    19.329     0.000     0.000     0.000     0.000   0   0   0   0   0   0   0     0.000     0.225     0.000    -0.032     0.010     0.060     0.011
   7 0 0 0 1 1 1 1  26   0   0   0   0   0   0     5.837    21.299    21.193     0.000     0.000     0.000     0.000   0   0   0   0   0   0   0     0.000     0.225     0.000    -0.098    -0.030    -0.008     0.017
   7 0 1 0 1 1 1 1   6   0   5   0   0   0   0    19.329    21.299    21.956     0.000     0.000     0.000     0.000   0   0   0   0   0   0   0     0.000    -0.280     0.000    -0.098    -0.030     0.028    -0.018
   7 0 1 0 1 1 1 1   6   0  17   0   0   0   0    19.329    21.299    61.151     0.000     0.000     0.000     0.000   0   0   0   0   0   0   0     0.000     0.214     0.000    -0.098    -0.030    -0.035     0.024
   7 0 0 0 1 1 1 1  21  12   0   0   0   0   0    68.164    51.618    21.207     0.000     0.000     0.000     0.000   0   0   0   0   0   0   0     0.000     0.214     0.000    -0.027     0.009     0.057     0.011
   7 0 0 0 1 1 1 1  26   0  13   0   0   0   0     5.837    21.299    54.171     0.000     0.000     0.000     0.000   0   0   0   0   0   0   0     0.000     0.214     0.000    -0.093    -0.027    -0.004     0.016
   7 0 1 0 1 1 1 1   6   0  23   0   0   0   0    19.329    21.299     5.638     0.000     0.000     0.000     0.000   0   0   0   0   0   0   0     0.000    -0.266     0.000    -0.093    -0.027    -0.024     0.020
   7 0 1 0 1 1 1 1   6   0  14   0   0   0   0    19.329    21.299    43.941     0.000     0.000     0.000     0.000   0   0   0   0   0   0   0     0.000     0.203     0.000    -0.093    -0.027    -0.047     0.013
   7 0 0 0 1 1 1 1  21  12   1   0   0   0   0    68.164    51.618    21.904     0.000     0.000     0.000     0.000   0   0   0   0   0   0   0     0.000     0.203     0.000    -0.025     0.009     0.025     0.002
   7 0 0 0 1 1 1 1  15   2  26   0   0   0   0    52.941    22.059     5.903     0.000     0.000     0.000     0.000   0   0   0   0   0   0   0     0.000     0.203     0.000    -0.089    -0.023     0.007     0.021
   7 0 1 0 1 1 1 1   6   2  13   0   0   0   0    19.329    22.059    55.519     0.000     0.000     0.000     0.000   0   0   0   0   0   0   0     0.000    -0.253     0.000    -0.089    -0.023    -0.018     0.021
   7 0 1 0 1 1 1 1   6   2  17   0   0   0   0    19.329    22.059    61.305     0.000     0.000     0.000     0.000   0   0   0   0   0   0   0     0.000     0.193     0.000    -0.089    -0.023    -0.029     0.022
   7 0 0 0 1 1 1 1  18  32   6   0   0   0   0    48.715     4.297    19.329     0.000     0.000     0.000     0.000   0   0   0   0   0   0   0     0.000     0.193     0.000    -0.035    -0.006     0.053     0.008
   7 0 0 0 1 1 1 1  13   5  26   0   0   0   0    53.028    21.980     5.906     0.000     0.000     0.000     0.000   0   0   0   0   0   0   0     0.000     0.193     0.000    -0.084    -0.019     0.009     0.021
   7 0 1 0 1 1 1 1   6   5  15   0   0   0   0    19.329    21.980    53.100     0.000     0.000     0.000     0.000   0   0   0   0   0   0   0     0.000    -0.240     0.000    -0.084    -0.019    -0.022     0.016
   7 0 1 0 1 1 1 1   6   5   0   0   0   0   0    19.329    21.980    21.394     0.000     0.000     0.000     0.000   0   0   0   0   0   0   0     0.000     0.183     0.000    -0.084    -0.019     0.011    -0.042
   7 0 0 0 1 1 1 1  21  12   0   0   0   0   0    68.164    51.618    21.207     0.000     0.000     0.000     0.000   0   0   0   0   0   0   0     0.000     0.183     0.000    -0.021     0.009     0.050     0.008
   7 0 0 0 1 1 1 1  26   0  22   0   0   0   0     5.837    21.299     5.432     0.000     0.000     0.000     0.000   0   0   0   0   0   0   0     0.000     0.183     0.000    -0.080    -0.020     0.001     0.014
   7 0 1 0 1 1 1 1   6   0  29   0   0   0   0    19.329    21.299     5.810     0.000     0.000     0.000     0.000   0   0   0   0   0   0   0     0.000    -0.228     0.000    -0.080    -0.020    -0.030     0.012
   7 0 1 0 1 1 1 1   6   0  17   0   0   0   0    19.329    21.299    61.305     0.000     0.000     0.000     0.000   0   0   0   0   0   0   0     0.000     0.174     0.000    -0.080    -0.020    -0.025     0.019
   7 0 0 0 1 1 1 1  18  32   6   0   0   0   0    48.715     4.297    19.329     0.000     0.000     0.000     0.000   0   0   0   0   0   0   0     0.000     0.174     0.000    -0.030    -0.004     0.048     0.007
   7 0 0 0 1 1 1 1  26   0  26   0   0   0   0     5.837    21.299     5.901     0.000     0.000     0.000     0.000   0   0   0   0   0   0   0     0.000     0.174     0.000    -0.076    -0.018     0.004     0.016
   7 0 1 0 1 1 1 1   6   0   5   0   0   0   0    19.329    21.299    21.956     0.000     0.000     0.000     0.000   0   0   0   0   0   0   0     0.000    -0.217     0.000    -0.076    -0.018     0.019    -0.013
   7 0 1 0 1 1 1 1   6   0   0   0   0   0   0    19.329    21.299    21.394     0.000     0.000     0.000     0.000   0   0   0   0   0   0   0     0.000     0.165     0.000    -0.076    -0.018     0.009    -0.035
   7 0 0 0 1 1 1 1  26   6   2   0   0   0   0     5.895    19.329    21.703     0.000     0.000     0.000     0.000   0   0   0   0   0   0   0     0.000     0.165     0.000     0.045    -0.013     0.003     0.013
   7 0 0 0 1 1 1 1  13   5  24   0   0   0   0    53.028    21.980     5.534     0.000     0.000     0.000     0.000   0   0   0   0   0   0   0     0.000     0.165     0.000    -0.072    -0.015     0.007     0.019
   7 0 1 0 1 1 1 1   6   5  29   0   0   0   0    19.329    21.980     5.810     0.000     0.000     0.000     0.000   0   0   0   0   0   0   0     0.000    -0.206     0.000    -0.072    -0.015    -0.026     0.010
   7 0 1 0 1 1 1 1   6   5  17   0   0   0   0    19.329    21.980    61.073     0.000     0.000     0.000     0.000   0   0   0   0   0   0   0     0.000     0.157     0.000    -0.072    -0.015    -0.022     0.015
   7 0 0 0 1 1 1 1  18  12   6   0   0   0   0    48.715    51.618    19.329     0.000     0.000     0.000     0.000   0   0   0   0   0   0   0     0.000     0.157     0.000    -0.018     0.009     0.043     0.006
   7 0 0 0 1 1 1 1  26   0  26   0   0   0   0     5.837    21.468     5.908     0.000     0.000     0.000     0.000   0   0   0   0   0   0   0     0.000     0.157     0.000    -0.045    -0.008     0.005     0.016
   7 0 1 0 1 1 1 1   6   0  15   0   0   0   0    19.329    21.468    53.100     0.000     0.000     0.000     0.000   0   0   0   0   0   0   0     0.000    -0.196     0.000    -0.045    -0.008    -0.018     0.012
   7 0 1 0 1 1 1 1   6   0  12   0   0   0   0    19.329    21.468    50.508     0.000     0.000     0.000     0.000   0   0   0   0   0   0   0     0.000     0.149     0.000    -0.045    -0.008    -0.027     0.010
   7 0 0 0 1 1 1 1  21  12   0   0   0   0   0    68.164    51.618    21.207     0.000     0.000     0.000     0.000   0   0   0   0   0   0   0     0.000     0.149     0.000    -0.015     0.007     0.041     0.006
   7 0 1 0 1 1 1 1   6  12  13   0   0   0   0    19.329    51.618    53.028     0.000     0.000     0.000     0.000   0   0   0   0   0   0   0     0.000    -0.066     0.000    -0.015     0.007    -0.012     0.008
   7 0 1 0 1 1 1 1   6  12   0   0   0   0   0    19.329    51.618    21.178     0.000     0.000     0.000     0.000   0   0   0   0   0   0   0     0.000    -0.186     0.000    -0.015     0.007    -0.045     0.006
   7 0 1 0 1 1 1 1   6  12  18   0   0   0   0    19.329    51.618    48.814     0.000     0.000     0.000     0.000   0   0   0   0   0   0   0     0.000     0.142     0.000    -0.015     0.007    -0.020     0.011
   7 0 0 1 1 1 1 1   5   6  18   0   0   0   0    23.570    19.329    48.814     0.000     0.000     0.000     0.000   0   0   0   0   0   0   0     0.000     0.142    -0.026     0.039     0.002    -0.020     0.011
   7 0 1 0 1 1 1 1   6   6  13   0   0   0   0    19.329    19.329    53.028     0.000     0.000     0.000     0.000   0   0   0   0   0   0   0     0.000    -0.063    -0.026     0.039     0.002    -0.011     0.007
   7 0 1 0 1 1 1 1   6   6   5   0   0   0   0    19.329    19.329    21.980     0.000     0.000     0.000     0.000   0   0   0   0   0   0   0     0.000    -0.177    -0.026     0.039     0.002     0.014    -0.011
   7 0 1 0 1 1 1 1   6   6   0   0   0   0   0    19.329    19.329    21.394     0.000     0.000     0.000     0.000   0   0   0   0   0   0   0     0.000     0.135    -0.026     0.039     0.002     0.007    -0.026
   7 0 0 0 1 1 1 1  26   6  27   0   0   0   0     5.895    19.329     4.989     0.000     0.000     0.000     0.000   0   0   0   0   0   0   0     0.000     0.135    -0.026     0.037    -0.010     0.006     0.012
   7 0 1 0 1 1 1 1   6   6  13   0   0   0   0    19.329    19.329    53.028     0.000     0.000     0.000     0.000   0   0   0   0   0   0   0     0.000    -0.060    -0.026     0.037    -0.010    -0.010     0.007
   7 0 1 0 1 1 1 1   6   6   0   0   0   0   0    19.329    19.329    21.178     0.000     0.000     0.000     0.000   0   0   0   0   0   0   0     0.000    -0.168    -0.026     0.037    -0.010    -0.041     0.005
   7 0 1 0 1 1 1 1   6   6   5   0   0   0   0    19.329    19.329    21.933     0.000     0.000     0.000     0.000   0   0   0   0   0   0   0     0.000     0.128    -0.026     0.037    -0.010     0.013    -0.014
   7 0 1 0 1 1 1 1  15   6   6   0   0   0   0    46.507    19.329    19.329     0.000     0.000     0.000     0.000   0   0   0   0   0   0   0     0.000    -0.023    -0.026     0.037    -0.010     0.035     0.001
   7 0 1 0 1 1 1 1   6   6  13   0   0   0   0    19.329    19.329    53.028     0.000     0.000     0.000     0.000   0   0   0   0   0   0   0     0.000    -0.057    -0.026     0.037    -0.010    -0.009     0.006
   7 0 1 0 1 1 1 1   6   6  29   0   0   0   0    19.329    19.329     5.810     0.000     0.000     0.000     0.000   0   0   0   0   0   0   0     0.000    -0.159    -0.026     0.037    -0.010    -0.021     0.007
   7 0 1 0 1 1 1 1   6   6   5   0   0   0   0    19.329    19.329    23.570     0.000     0.000     0.000     0.000   0   0   0   0   0   0   0     0.000     0.122    -0.026     0.037    -0.010     0.003    -0.042
   7 0 0 0 1 1 1 1  26   6  27   0   0   0   0     5.895    19.329     4.989     0.000     0.000     0.000     0.000   0   0   0   0   0   0   0     0.000     0.122    -0.026     0.033    -0.009     0.005     0.011
   7 0 1 0 1 1 1 1   6   6   5   0   0   0   0    19.329    19.329    23.570     0.000     0.000     0.000     0.000   0   0   0   0   0   0   0     0.000    -0.054    -0.026     0.033    -0.009     0.003    -0.020
   7 0 1 0 1 1 1 1   6   6   0   0   0   0   0    19.329    19.329    21.178     0.000     0.000     0.000     0.000   0   0   0   0   0   0   0     0.000    -0.152    -0.026     0.033    -0.009    -0.036     0.004
   7 0 1 0 1 1 1 1   6   6  14   0   0   0   0    19.329    19.329    46.543     0.000     0.000     0.000     0.000   0   0   0   0   0   0   0     0.000     0.115    -0.026     0.033    -0.009    -0.013     0.012
   7 0 0 0 1 1 1 1  18  32   1   0   0   0   0    48.715     4.297    21.865     0.000     0.000     0.000     0.000   0   0   0   0   0   0   0     0.000     0.115    -0.026    -0.020    -0.001     0.022     0.003
   7 0 1 0 1 1 1 1   6  32  13   0   0   0   0    19.329     4.297    54.430     0.000     0.000     0.000     0.000   0   0   0   0   0   0   0     0.000    -0.051    -0.026    -0.020    -0.001    -0.007     0.006
   7 0 1 0 1 1 1 1   6  32   5   0   0   0   0    19.329     4.297    21.980     0.000     0.000     0.000     0.000   0   0   0   0   0   0   0     0.000    -0.144    -0.026    -0.020    -0.001     0.011    -0.010
   7 0 1 0 1 1 1 1   6  32   5   0   0   0   0    19.329     4.297    23.570     0.000     0.000     0.000     0.000   0   0   0   0   0   0   0     0.000     0.110    -0.026    -0.020    -0.001     0.003    -0.037
   7 0 0 0 1 1 1 1  21  32   8   0   0   0   0    68.164     4.297    17.198     0.000     0.000     0.000     0.000   0   0   0   0   0   0   0     0.000     0.110    -0.026    -0.015    -0.000     0.013    -0.000
   7 0 1 0 1 1 1 1   6  32  15   0   0   0   0    19.329     4.297    46.507     0.000     0.000     0.000     0.000   0   0   0   0   0   0   0     0.000    -0.049    -0.026    -0.015    -0.000    -0.018     0.003
   7 0 1 0 1 1 1 1   6  32  11   0   0   0   0    19.329     4.297    53.969     0.000     0.000     0.000     0.000   0   0   0   0   0   0   0     0.000    -0.137    -0.026    -0.015    -0.000     0.004    -0.027
   7 0 1 0 1 1 1 1   6  32  17   0   0   0   0    19.329     4.297    61.027     0.000     0.000     0.000     0.000   0   0   0   0   0   0   0     0.000     0.104    -0.026    -0.015    -0.000    -0.014     0.008
   7 0 1 0 1 1 1 1   6  32  26   0   0   0   0    19.329     4.297     5.894     0.000     0.000     0.000     0.000   0   0   0   0   0   0   0     0.000     0.030    -0.026    -0.015    -0.000    -0.008     0.005
   7 0 1 0 1 1 1 1   6  32  13   0   0   0   0    19.329     4.297    54.858     0.000     0.000     0.000     0.000   0   0   0   0   0   0   0     0.000    -0.046    -0.026    -0.015    -0.000    -0.006     0.005
   7 0 1 0 1 1 1 1   6  32   0   0   0   0   0    19.329     4.297    21.178     0.000     0.000     0.000     0.000   0   0   0   0   0   0   0     0.000    -0.130    -0.026    -0.015    -0.000    -0.032     0.003
   7 0 1 0 1 1 1 1   6  32   5   0   0   0   0    19.329     4.297    23.570     0.000     0.000     0.000     0.000   0   0   0   0   0   0   0     0.000     0.099    -0.026    -0.015    -0.000     0.002    -0.033
   7 0 0 1 1 1 1 1   5   6   5   0   0   0   0    23.570    19.329    23.570     0.000     0.000     0.000     0.000   0   0   0   0   0   0   0     0.000     0.099    -0.017     0.028     0.001     0.002    -0.033
   7 0 1 0 1 1 1 1   6   6   5   0   0   0   0    19.329    19.329    23.570     0.000     0.000     0.000     0.000   0   0   0   0   0   0   0     0.000    -0.044    -0.017     0.028     0.001     0.002    -0.016
   7 0 1 0 1 1 1 1   6   6  11   0   0   0   0    19.329    19.329    53.969     0.000     0.000     0.000     0.000   0   0   0   0   0   0   0     0.000    -0.123    -0.017     0.028     0.001     0.004    -0.024
   7 0 1 0 1 1 1 1   6   6  14   0   0   0   0    19.329    19.329    46.746     0.000     0.000     0.000     0.000   0   0   0   0   0   0   0     0.000     0.094    -0.017     0.028     0.001    -0.009     0.012
   7 0 1 0 1 1 1 1   6   6  26   0   0   0   0    19.329    19.329     5.895     0.000     0.000     0.000     0.000   0   0   0   0   0   0   0     0.000     0.027    -0.017     0.028     0.001    -0.006     0.006
   7 0 1 0 1 1 1 1   6   6  13   0   0   0   0    19.329    19.329    53.028     0.000     0.000     0.000     0.000   0   0   0   0   0   0   0     0.000    -0.042    -0.017     0.028     0.001    -0.006     0.004
   7 0 1 0 1 1 1 1   6   6  21   0   0   0   0    19.329    19.329    68.672     0.000     0.000     0.000     0.000   0   0   0   0   0   0   0     0.000    -0.117    -0.017     0.028     0.001    -0.006     0.012
   7 0 1 0 1 1 1 1   6   6   5   0   0   0   0    19.329    19.329    23.570     0.000     0.000     0.000     0.000   0   0   0   0   0   0   0     0.000     0.089    -0.017     0.028     0.001     0.002    -0.030
   7 0 0 1 1 1 1 1   5   6   5   0   0   0   0    23.570    19.329    23.570     0.000     0.000     0.000     0.000   0   0   0   0   0   0   0     0.000     0.089    -0.015     0.026     0.001     0.002    -0.030
   7 0 1 0 1 1 1 1   6   6   5   0   0   0   0    19.329    19.329    23.570     0.000     0.000     0.000     0.000   0   0   0   0   0   0   0     0.000    -0.040    -0.015     0.026     0.001     0.002    -0.014
   7 0 1 0 1 1 1 1   6   6   0   0   0   0   0    19.329    19.329    21.178     0.000     0.000     0.000     0.000   0   0   0   0   0   0   0     0.000    -0.111    -0.015     0.026     0.001    -0.029     0.003
   7 0 1 0 1 1 1 1   6   6  14   0   0   0   0    19.329    19.329    46.746     0.000     0.000     0.000     0.000   0   0   0   0   0   0   0     0.000     0.085    -0.015     0.026     0.001    -0.008     0.011
   7 0 1 0 1 1 1 1   6   6  26   0   0   0   0    19.329    19.329     5.895     0.000     0.000     0.000     0.000   0   0   0   0   0   0   0     0.000     0.024    -0.015     0.026     0.001    -0.006     0.005
   7 0 1 0 1 1 1 1   6   6  26   0   0   0   0    19.329    19.329     5.901     0.000     0.000     0.000     0.000   0   0   0   0   0   0   0     0.000    -0.038    -0.015     0.026     0.001    -0.003     0.007
   7 0 1 0 1 1 1 1   6   6  11   0   0   0   0    19.329    19.329    53.969     0.000     0.000     0.000     0.000   0   0   0   0   0   0   0     0.000    -0.106    -0.015     0.026     0.001     0.003    -0.022
   7 0 1 0 1 1 1 1   6   6   5   0   0   0   0    19.329    19.329    23.570     0.000     0.000     0.000     0.000   0   0   0   0   0   0   0     0.000     0.081    -0.015     0.026     0.001     0.002    -0.027
   7 0 1 0 1 1 1 1   6   6  26   0   0   0   0    19.329    19.329     5.894     0.000     0.000     0.000     0.000   0   0   0   0   0   0   0     0.000     0.023    -0.015     0.026     0.001    -0.006     0.004
   7 0 1 0 1 1 1 1   6   6   5   0   0   0   0    19.329    19.329    23.570     0.000     0.000     0.000     0.000   0   0   0   0   0   0   0     0.000    -0.036    -0.015     0.026     0.001     0.002    -0.013
   7 0 1 0 1 1 1 1   6   6   0   0   0   0   0    19.329    19.329    21.178     0.000     0.000     0.000     0.000   0   0   0   0   0   0   0     0.000    -0.101    -0.015     0.026     0.001    -0.026     0.003
   7 0 1 0 1 1 1 1   6   6  12   0   0   0   0    19.329    19.329    50.508     0.000     0.000     0.000     0.000   0   0   0   0   0   0   0     0.000     0.077    -0.015     0.026     0.001    -0.012     0.005
   7 0 0 1 1 1 1 1   5   6  12   0   0   0   0    23.570    19.329    50.508     0.000     0.000     0.000     0.000   0   0   0   0   0   0   0     0.000     0.077    -0.013     0.022     0.001    -0.012     0.005
   7 0 1 0 1 1 1 1   6   6  24   0   0   0   0    19.329    19.329     5.534     0.000     0.000     0.000     0.000   0   0   0   0   0   0   0     0.000    -0.034    -0.013     0.022     0.001    -0.001     0.011
   7 0 1 0 1 1 1 1   6   6  21   0   0   0   0    19.329    19.329    68.672     0.000     0.000     0.000     0.000   0   0   0   0   0   0   0     0.000    -0.095    -0.013     0.022     0.001    -0.006     0.010
   7 0 1 0 1 1 1 1   6   6  14   0   0   0   0    19.329    19.329    46.746     0.000     0.000     0.000     0.000   0   0   0   0   0   0   0     0.000     0.073    -0.013     0.022     0.001    -0.006     0.009
   7 0 1 0 1 1 1 1   6   6  26   0   0   0   0    19.329    19.329     5.895     0.000     0.000     0.000     0.000   0   0   0   0   0   0   0     0.000     0.021    -0.013     0.022     0.001    -0.005     0.004
   7 0 1 0 1 1 1 1   6   6  21   0   0   0   0    19.329    19.329    68.159     0.000     0.000     0.000     0.000   0   0   0   0   0   0   0     0.000    -0.032    -0.013     0.022     0.001    -0.004     0.004
   7 0 1 0 1 1 1 1   6   6   0   0   0   0   0    19.329    19.329    21.178     0.000     0.000     0.000     0.000   0   0   0   0   0   0   0     0.000    -0.091    -0.013     0.022     0.001    -0.024     0.002
   7 0 1 0 1 1 1 1   6   6   5   0   0   0   0    19.329    19.329    23.570     0.000     0.000     0.000     0.000   0   0   0   0   0   0   0     0.000     0.069    -0.013     0.022     0.001     0.002    -0.023
   7 0 1 0 1 1 1 1   6   6  12   0   0   0   0    19.329    19.329    51.618     0.000     0.000     0.000     0.000   0   0   0   0   0   0   0     0.000     0.020    -0.013     0.022     0.001    -0.006     0.003
   7 0 1 0 1 1 1 1   6   6   5   0   0   0   0    19.329    19.329    23.570     0.000     0.000     0.000     0.000   0   0   0   0   0   0   0     0.000    -0.031    -0.013     0.022     0.001     0.001    -0.011
   7 0 1 0 1 1 1 1   6   6  11   0   0   0   0    19.329    19.329    53.969     0.000     0.000     0.000     0.000   0   0   0   0   0   0   0     0.000    -0.086    -0.013     0.022     0.001     0.003    -0.019
   7 0 1 0 1 1 1 1   6   6   5   0   0   0   0    19.329    19.329    23.570     0.000     0.000     0.000     0.000   0   0   0   0   0   0   0     0.000     0.066    -0.013     0.022     0.001     0.002    -0.021
   7 0 0 1 1 1 1 1   5   6   5   0   0   0   0    23.570    19.329    23.570     0.000     0.000     0.000     0.000   0   0   0   0   0   0   0     0.000     0.066    -0.011     0.019     0.001     0.002    -0.021
   7 0 1 0 1 1 1 1   6   6  24   0   0   0   0    19.329    19.329     5.534     0.000     0.000     0.000     0.000   0   0   0   0   0   0   0     0.000    -0.029    -0.011     0.019     0.001    -0.001     0.009
   7 0 1 0 1 1 1 1   6   6  21   0   0   0   0    19.329    19.329    68.527     0.000     0.000     0.000     0.000   0   0   0   0   0   0   0     0.000    -0.082    -0.011     0.019     0.001    -0.005     0.008
   7 0 1 0 1 1 1 1   6   6   5   0   0   0   0    19.329    19.329    21.956     0.000     0.000     0.000     0.000   0   0   0   0   0   0   0     0.000     0.062    -0.011     0.019     0.001     0.006    -0.007
   7 0 1 0 1 1 1 1   6   6  26   0   0   0   0    19.329    19.329     5.895     0.000     0.000     0.000     0.000   0   0   0   0   0   0   0     0.000     0.018    -0.011     0.019     0.001    -0.004     0.004
   7 0 1 0 1 1 1 1   6   6   5   0   0   0   0    19.329    19.329    23.570     0.000     0.000     0.000     0.000   0   0   0   0   0   0   0     0.000    -0.028    -0.011     0.019     0.001     0.001    -0.010
   7 0 1 0 1 1 1 1   6   6   0   0   0   0   0    19.329    19.329    21.178     0.000     0.000     0.000     0.000   0   0   0   0   0   0   0     0.000    -0.078    -0.011     0.019     0.001    -0.021     0.002
   7 0 1 0 1 1 1 1   6   6  13   0   0   0   0    19.329    19.329    57.467     0.000     0.000     0.000     0.000   0   0   0   0   0   0   0     0.000     0.059    -0.011     0.019     0.001    -0.005     0.009
   7 0 0 1 1 1 1 1   5   6  13   0   0   0   0    23.570    19.329    57.467     0.000     0.000     0.000     0.000   0   0   0   0   0   0   0     0.000     0.059    -0.010     0.017     0.001    -0.005     0.009
   7 0 1 0 1 1 1 1   6   6  26   0   0   0   0    19.329    19.329     5.906     0.000     0.000     0.000     0.000   0   0   0   0   0   0   0     0.000    -0.026    -0.010     0.017     0.001    -0.001     0.007
   7 0 1 0 1 1 1 1   6   6  11   0   0   0   0    19.329    19.329    53.969     0.000     0.000     0.000     0.000   0   0   0   0   0   0   0     0.000    -0.074    -0.010     0.017     0.001     0.002    -0.017
   7 0 1 0 1 1 1 1   6   6   5   0   0   0   0    19.329    19.329    23.570     0.000     0.000     0.000     0.000   0   0   0   0   0   0   0     0.000     0.056    -0.010     0.017     0.001     0.001    -0.019
   7 0 1 0 1 1 1 1   6   6  26   0   0   0   0    19.329    19.329     5.895     0.000     0.000     0.000     0.000   0   0   0   0   0   0   0     0.000     0.016    -0.010     0.017     0.001    -0.003     0.003
   7 0 1 0 1 1 1 1   6   6  22   0   0   0   0    19.329    19.329     5.433     0.000     0.000     0.000     0.000   0   0   0   0   0   0   0     0.000    -0.025    -0.010     0.017     0.001    -0.003     0.003
   7 0 1 0 1 1 1 1   6   6  11   0   0   0   0    19.329    19.329    54.941     0.000     0.000     0.000     0.000   0   0   0   0   0   0   0     0.000    -0.070    -0.010     0.017     0.001     0.001    -0.029
   7 0 1 0 1 1 1 1   6   6  12   0   0   0   0    19.329    19.329    50.508     0.000     0.000     0.000     0.000   0   0   0   0   0   0   0     0.000     0.054    -0.010     0.017     0.001    -0.009     0.003
   7 0 0 0 1 1 1 1   0   3  29   0   0   0   0    21.178    22.623     5.810     0.000     0.000     0.000     0.000   0   0   0   0   0   0   0     0.000     0.054    -0.010     0.003     0.014    -0.010     0.001
   7 0 1 0 1 1 1 1   6   3   5   0   0   0   0    19.329    22.623    23.570     0.000     0.000     0.000     0.000   0   0   0   0   0   0   0     0.000    -0.024    -0.010     0.003     0.014     0.001    -0.009
   7 0 1 0 1 1 1 1   6   3  21   0   0   0   0    19.329    22.623    68.672     0.000     0.000     0.000     0.000   0   0   0   0   0   0   0     0.000    -0.067    -0.010     0.003     0.014    -0.004     0.007
   7 0 1 0 1 1 1 1   6   3   5   0   0   0   0    19.329    22.623    23.570     0.000     0.000     0.000     0.000   0   0   0   0   0   0   0     0.000     0.051    -0.010     0.003     0.014     0.001    -0.017
   7 0 0 0 1 1 1 1   0   3  29   0   0   0   0    21.178    22.623     5.810     0.000     0.000     0.000     0.000   0   0   0   0   0   0   0     0.000     0.051    -0.010     0.002     0.013    -0.010     0.001
   7 0 1 0 1 1 1 1   6   3  24   0   0   0   0    19.329    22.623     5.534     0.000     0.000     0.000     0.000   0   0   0   0   0   0   0     0.000    -0.023    -0.010     0.002     0.013    -0.001     0.007
   7 0 0 0 1 1 1 1   0   1   2   0   0   0   0    21.178    21.865    21.751     0.000     0.000     0.000     0.000   0   0   0   0   0   0   0     0.000    -0.023    -0.010    -0.060    -0.007     0.007    -0.002
   7 0 1 0 1 1 1 1   6   1  14   0   0   0   0    19.329    21.865    46.746     0.000     0.000     0.000     0.000   0   0   0   0   0   0   0     0.000     0.048    -0.010    -0.060    -0.007    -0.004     0.006
   7 0 1 0 1 1 1 1   6   1  25   0   0   0   0    19.329    21.865     5.923     0.000     0.000     0.000     0.000   0   0   0   0   0   0   0     0.000     0.014    -0.010    -0.060    -0.007    -0.002     0.006
   7 0 1 0 1 1 1 1   6   1  15   0   0   0   0    19.329    21.865    46.579     0.000     0.000     0.000     0.000   0   0   0   0   0   0   0     0.000    -0.021    -0.010    -0.060    -0.007    -0.005     0.002
   7 0 1 0 1 1 1 1   6   1   0   0   0   0   0    19.329    21.865    21.178     0.000     0.000     0.000     0.000   0   0   0   0   0   0   0     0.000    -0.060    -0.010    -0.060    -0.007    -0.017     0.001
   7 0 1 0 1 1 1 1   6   1   5   0   0   0   0    19.329    21.865    23.570     0.000     0.000     0.000     0.000   0   0   0   0   0   0   0     0.000     0.046    -0.010    -0.060    -0.007     0.001    -0.015
   7 0 0 0 1 1 1 1   0   1   0   0   0   0   0    21.178    21.865    21.193     0.000     0.000     0.000     0.000   0   0   0   0   0   0   0     0.000     0.046    -0.010     0.012     0.002    -0.019     0.000
   7 0 1 0 1 1 1 1   6   1  24   0   0   0   0    19.329    21.865     5.534     0.000     0.000     0.000     0.000   0   0   0   0   0   0   0     0.000    -0.020    -0.010     0.012     0.002    -0.001     0.007
   7 0 1 0 1 1 1 1   6   1   5   0   0   0   0    19.329    21.865    21.980     0.000     0.000     0.000     0.000   0   0   0   0   0   0   0     0.000    -0.057    -0.010     0.012     0.002     0.004    -0.005
   7 0 1 0 1 1 1 1   6   1  13   0   0   0   0    19.329    21.865    57.524     0.000     0.000     0.000     0.000   0   0   0   0   0   0   0     0.000     0.044    -0.010     0.012     0.002    -0.003     0.007
   7 0 1 0 1 1 1 1   6   1  26   0   0   0   0    19.329    21.865     5.894     0.000     0.000     0.000     0.000   0   0   0   0   0   0   0     0.000     0.013    -0.010     0.012     0.002    -0.003     0.002
   7 0 1 0 1 1 1 1   6   1   5   0   0   0   0    19.329    21.865    23.570     0.000     0.000     0.000     0.000   0   0   0   0   0   0   0     0.000    -0.019    -0.010     0.012     0.002     0.001    -0.008
   7 0 1 0 1 1 1 1   6   1  11   0   0   0   0    19.329    21.865    54.941     0.000     0.000     0.000     0.000   0   0   0   0   0   0   0     0.000    -0.054    -0.010     0.012     0.002     0.001    -0.023
   7 0 1 0 1 1 1 1   6   1  18   0   0   0   0    19.329    21.865    48.715     0.000     0.000     0.000     0.000   0   0   0   0   0   0   0     0.000     0.041    -0.010     0.012     0.002    -0.006     0.003
   7 0 0 0 1 1 1 1   0   1   0   0   0   0   0    21.178    21.865    21.193     0.000     0.000     0.000     0.000   0   0   0   0   0   0   0     0.000     0.041    -0.010     0.011     0.002    -0.018     0.000
   7 0 1 0 1 1 1 1   6   1  21   0   0   0   0    19.329    21.865    68.687     0.000     0.000     0.000     0.000   0   0   0   0   0   0   0     0.000    -0.018    -0.010     0.011     0.002    -0.001     0.007
   7 0 1 0 1 1 1 1   6   1  11   0   0   0   0    19.329    21.865    53.969     0.000     0.000     0.000     0.000   0   0   0   0   0   0   0     0.000    -0.052    -0.010     0.011     0.002     0.002    -0.012
   7 0 0 0 1 1 1 1   7   1   5   0   0   0   0    20.043    21.865    23.570     0.000     0.000     0.000     0.000   0   0   0   0   0   0   0     0.000    -0.052    -0.010     0.039     0.011    -0.000    -0.013
   7 0 1 0 1 1 1 1  15   1   6   0   0   0   0    46.507    21.865    19.329     0.000     0.000     0.000     0.000   0   0   0   0   0   0   0     0.000    -0.007    -0.010     0.039     0.011     0.012     0.000
   7 0 1 0 1 1 1 1   6   1   5   0   0   0   0    19.329    21.865    23.570     0.000     0.000     0.000     0.000   0   0   0   0   0   0   0     0.000    -0.018    -0.010     0.039     0.011     0.001    -0.007
   7 0 0 0 1 1 1 1   0   1   2   0   0   0   0    21.178    21.865    21.751     0.000     0.000     0.000     0.000   0   0   0   0   0   0   0     0.000    -0.018    -0.010    -0.047    -0.005     0.005    -0.002
   7 0 1 0 1 1 1 1   6   1   2   0   0   0   0    19.329    21.865    21.697     0.000     0.000     0.000     0.000   0   0   0   0   0   0   0     0.000     0.037    -0.010    -0.047    -0.005     0.010    -0.002
   7 0 0 1 1 1 1 1  25   0   2   0   0   0   0     5.926    21.178    21.697     0.000     0.000     0.000     0.000   0   0   0   0   0   0   0     0.000     0.037     0.006     0.007    -0.002     0.010    -0.002
   7 0 1 0 1 1 1 1   6   0  22   0   0   0   0    19.329    21.178     5.432     0.000     0.000     0.000     0.000   0   0   0   0   0   0   0     0.000    -0.017     0.006     0.007    -0.002    -0.002     0.002
   7 0 1 0 1 1 1 1   6   0  12   0   0   0   0    19.329    21.178    54.158     0.000     0.000     0.000     0.000   0   0   0   0   0   0   0     0.000    -0.047     0.006     0.007    -0.002    -0.003     0.004
   7 0 1 0 1 1 1 1   6   0   5   0   0   0   0    19.329    21.178    23.570     0.000     0.000     0.000     0.000   0   0   0   0   0   0   0     0.000     0.035     0.006     0.007    -0.002     0.001    -0.012
   7 0 1 0 1 1 1 1   6   0  25   0   0   0   0    19.329    21.178     5.913     0.000     0.000     0.000     0.000   0   0   0   0   0   0   0     0.000     0.011     0.006     0.007    -0.002    -0.002     0.003
   7 0 1 0 1 1 1 1   6   0  21   0   0   0   0    19.329    21.178    68.687     0.000     0.000     0.000     0.000   0   0   0   0   0   0   0     0.000    -0.016     0.006     0.007    -0.002    -0.001     0.006
   7 0 0 0 1 1 1 1   0   1   2   0   0   0   0    21.178    21.865    21.751     0.000     0.000     0.000     0.000   0   0   0   0   0   0   0     0.000    -0.016     0.006    -0.042    -0.005     0.004    -0.002
