  260
   1 1   0     0.000   0     4.961
   1 1   0     0.000   0     5.559
   1 1   0     0.000   0     5.771
   1 1   0     0.000   0     5.960
   7 0 1 0 0 0 1 1  13   0   0   0   0   0   0    48.060     0.000    21.280     0.000     0.000     0.000     0.000   0   0   0   0   0   0   0     0.000     0.564     0.000     0.000     0.000    -0.020    -0.121
   7 0 1 0 0 0 1 1  13   0  13   0   0   0   0    48.060     0.000    48.294     0.000     0.000     0.000     0.000   0   0   0   0   0   0   0     0.000     0.120     0.000     0.000     0.000    -0.008    -0.027
   7 0 1 0 0 0 1 1  13   0  15   0   0   0   0    48.060     0.000    47.448     0.000     0.000     0.000     0.000   0   0   0   0   0   0   0     0.000    -0.111     0.000     0.000     0.000    -0.002     0.025
   7 0 1 1 0 0 1 1  13   0  15   0   0   0   0    48.060     0.000    47.448     0.000     0.000     0.000     0.000   0   0   0   0   0   0   0     0.000    -0.563     0.113     0.000     0.000    -0.002     0.025
   7 0 1 0 0 0 1 1  13   0   0   0   0   0   0    48.060     0.000    21.280     0.000     0.000     0.000     0.000   0   0   0   0   0   0   0     0.000     0.536     0.113     0.000     0.000    -0.019    -0.110
   7 0 1 0 0 0 1 1  13   0  13   0   0   0   0    48.060     0.000    48.294     0.000     0.000     0.000     0.000   0   0   0   0   0   0   0     0.000     0.114     0.113     0.000     0.000    -0.008    -0.025
   7 0 1 0 0 0 1 1  13   0   2   0   0   0   0    48.060     0.000    23.249     0.000     0.000     0.000     0.000   0   0   0   0   0   0   0     0.000    -0.106     0.113     0.000     0.000     0.023    -0.002
   7 0 1 1 0 0 1 1  13   0   2   0   0   0   0    48.060     0.000    23.249     0.000     0.000     0.000     0.000   0   0   0   0   0   0   0     0.000    -0.534     0.102     0.000     0.000     0.023    -0.002
   7 0 0 1 1 1 1 1  32   0   2   0   0   0   0     4.358    21.280    23.249     0.000     0.000     0.000     0.000   0   0   0   0   0   0   0     0.000    -0.534     0.509    -0.018    -0.100     0.023    -0.002
   7 0 0 1 1 1 1 1  32  25   2   0   0   0   0     4.358     5.779    23.249     0.000     0.000     0.000     0.000   0   0   0   0   0   0   0     0.000    -0.534     0.109    -0.022    -0.007     0.023    -0.002
   7 0 1 0 1 1 1 1  13  25  15   0   0   0   0    48.060     5.779    47.448     0.000     0.000     0.000     0.000   0   0   0   0   0   0   0     0.000    -0.101     0.109    -0.022    -0.007    -0.002     0.021
   7 0 1 1 1 1 1 1  13  25  15   0   0   0   0    48.060     5.779    47.448     0.000     0.000     0.000     0.000   0   0   0   0   0   0   0     0.000    -0.508     0.093    -0.022    -0.007    -0.002     0.021
   7 0 1 0 1 1 1 1  13  25   0   0   0   0   0    48.060     5.779    21.280     0.000     0.000     0.000     0.000   0   0   0   0   0   0   0     0.000     0.484     0.093    -0.022    -0.007    -0.017    -0.091
   7 0 1 0 1 1 1 1  13  25  25   0   0   0   0    48.060     5.779     5.753     0.000     0.000     0.000     0.000   0   0   0   0   0   0   0     0.000     0.103     0.093    -0.022    -0.007    -0.023    -0.010
   7 0 1 0 1 1 1 1  13  25   2   0   0   0   0    48.060     5.779    23.249     0.000     0.000     0.000     0.000   0   0   0   0   0   0   0     0.000    -0.096     0.093    -0.022    -0.007     0.019    -0.002
   7 0 1 1 1 1 1 1  13  25   2   0   0   0   0    48.060     5.779    23.249     0.000     0.000     0.000     0.000   0   0   0   0   0   0   0     0.000    -0.482     0.085    -0.022    -0.007     0.019    -0.002
   7 0 1 0 1 1 1 1  13  25  12   0   0   0   0    48.060     5.779    50.222     0.000     0.000     0.000     0.000   0   0   0   0   0   0   0     0.000     0.459     0.085    -0.022    -0.007    -0.083    -0.016
   7 0 1 0 1 1 1 1  13  25  13   0   0   0   0    48.060     5.779    48.639     0.000     0.000     0.000     0.000   0   0   0   0   0   0   0     0.000     0.098     0.085    -0.022    -0.007    -0.012    -0.025
   7 0 1 0 1 1 1 1  13  25   2   0   0   0   0    48.060     5.779    23.249     0.000     0.000     0.000     0.000   0   0   0   0   0   0   0     0.000    -0.091     0.085    -0.022    -0.007     0.017    -0.002
   7 0 1 1 1 1 1 1  13  25   2   0   0   0   0    48.060     5.779    23.249     0.000     0.000     0.000     0.000   0   0   0   0   0   0   0     0.000    -0.458     0.077    -0.022    -0.007     0.017    -0.002
   7 0 1 0 1 1 1 1  13  25  12   0   0   0   0    48.060     5.779    50.222     0.000     0.000     0.000     0.000   0   0   0   0   0   0   0     0.000     0.436     0.077    -0.022    -0.007    -0.076    -0.015
   7 0 1 0 1 1 1 1  13  25  25   0   0   0   0    48.060     5.779     5.747     0.000     0.000     0.000     0.000   0   0   0   0   0   0   0     0.000     0.093     0.077    -0.022    -0.007    -0.022    -0.010
   7 0 1 0 1 1 1 1  13  25  12   0   0   0   0    48.060     5.779    49.395     0.000     0.000     0.000     0.000   0   0   0   0   0   0   0     0.000    -0.086     0.077    -0.022    -0.007     0.007     0.022
   7 0 1 1 1 1 1 1  13  25  12   0   0   0   0    48.060     5.779    49.395     0.000     0.000     0.000     0.000   0   0   0   0   0   0   0     0.000    -0.435     0.070    -0.022    -0.007     0.007     0.022
   7 0 1 0 1 1 1 1  13  25   0   0   0   0   0    48.060     5.779    21.280     0.000     0.000     0.000     0.000   0   0   0   0   0   0   0     0.000     0.415     0.070    -0.022    -0.007    -0.015    -0.069
   7 0 1 0 1 1 1 1  13  25  13   0   0   0   0    48.060     5.779    48.639     0.000     0.000     0.000     0.000   0   0   0   0   0   0   0     0.000     0.088     0.070    -0.022    -0.007    -0.010    -0.022
   7 0 0 1 1 1 1 1  32  12  13   0   0   0   0     4.358    49.395    48.639     0.000     0.000     0.000     0.000   0   0   0   0   0   0   0     0.000     0.088    -0.082     0.007     0.021    -0.010    -0.022
   7 0 1 1 1 1 1 1  13  12  13   0   0   0   0    48.060    49.395    48.639     0.000     0.000     0.000     0.000   0   0   0   0   0   0   0     0.000    -0.414     0.064     0.007     0.021    -0.010    -0.022
   7 0 1 0 1 1 1 1  13  12  12   0   0   0   0    48.060    49.395    50.222     0.000     0.000     0.000     0.000   0   0   0   0   0   0   0     0.000     0.394     0.064     0.007     0.021    -0.063    -0.014
   7 0 1 0 1 1 1 1  13  12  13   0   0   0   0    48.060    49.395    48.639     0.000     0.000     0.000     0.000   0   0   0   0   0   0   0     0.000     0.084     0.064     0.007     0.021    -0.009    -0.021
   7 0 1 0 1 1 1 1  13  12   0   0   0   0   0    48.060    49.395    21.280     0.000     0.000     0.000     0.000   0   0   0   0   0   0   0     0.000    -0.078     0.064     0.007     0.021     0.025     0.008
   7 0 1 1 1 1 1 1  13  12   0   0   0   0   0    48.060    49.395    21.280     0.000     0.000     0.000     0.000   0   0   0   0   0   0   0     0.000    -0.393     0.058     0.007     0.021     0.025     0.008
   7 0 1 0 1 1 1 1  13  12  12   0   0   0   0    48.060    49.395    50.222     0.000     0.000     0.000     0.000   0   0   0   0   0   0   0     0.000     0.374     0.058     0.007     0.021    -0.057    -0.013
   7 0 1 0 1 1 1 1  13  12  13   0   0   0   0    48.060    49.395    48.639     0.000     0.000     0.000     0.000   0   0   0   0   0   0   0     0.000     0.080     0.058     0.007     0.021    -0.008    -0.019
   7 0 1 0 1 1 1 1  13  12   0   0   0   0   0    48.060    49.395    21.280     0.000     0.000     0.000     0.000   0   0   0   0   0   0   0     0.000    -0.074     0.058     0.007     0.021     0.023     0.007
   7 0 1 1 1 1 1 1  13  12   0   0   0   0   0    48.060    49.395    21.280     0.000     0.000     0.000     0.000   0   0   0   0   0   0   0     0.000    -0.373     0.053     0.007     0.021     0.023     0.007
   7 0 1 0 1 1 1 1  13  12  12   0   0   0   0    48.060    49.395    50.222     0.000     0.000     0.000     0.000   0   0   0   0   0   0   0     0.000     0.356     0.053     0.007     0.021    -0.052    -0.013
   7 0 1 0 1 1 1 1  13  12  13   0   0   0   0    48.060    49.395    48.639     0.000     0.000     0.000     0.000   0   0   0   0   0   0   0     0.000     0.076     0.053     0.007     0.021    -0.007    -0.018
   7 0 1 0 1 1 1 1  13  12  12   0   0   0   0    48.060    49.395    50.222     0.000     0.000     0.000     0.000   0   0   0   0   0   0   0     0.000    -0.070     0.053     0.007     0.021     0.006     0.022
   7 0 1 1 1 1 1 1  13  12  12   0   0   0   0    48.060    49.395    50.222     0.000     0.000     0.000     0.000   0   0   0   0   0   0   0     0.000    -0.355     0.048     0.007     0.021     0.006     0.022
   7 0 1 0 1 1 1 1  13  12  12   0   0   0   0    48.060    49.395    50.222     0.000     0.000     0.000     0.000   0   0   0   0   0   0   0     0.000     0.338     0.048     0.007     0.021    -0.048    -0.012
   7 0 1 0 1 1 1 1  13  12  25   0   0   0   0    48.060    49.395     5.728     0.000     0.000     0.000     0.000   0   0   0   0   0   0   0     0.000     0.072     0.048     0.007     0.021    -0.017    -0.007
   7 0 1 0 1 1 1 1  13  12   0   0   0   0   0    48.060    49.395    21.280     0.000     0.000     0.000     0.000   0   0   0   0   0   0   0     0.000    -0.067     0.048     0.007     0.021     0.021     0.006
   7 0 1 1 1 1 1 1  13  12   0   0   0   0   0    48.060    49.395    21.280     0.000     0.000     0.000     0.000   0   0   0   0   0   0   0     0.000    -0.337     0.044     0.007     0.021     0.021     0.006
   7 0 1 0 1 1 1 1  13  12  12   0   0   0   0    48.060    49.395    50.222     0.000     0.000     0.000     0.000   0   0   0   0   0   0   0     0.000     0.321     0.044     0.007     0.021    -0.043    -0.011
   7 0 1 0 1 1 1 1  13  12  13   0   0   0   0    48.060    49.395    48.639     0.000     0.000     0.000     0.000   0   0   0   0   0   0   0     0.000     0.068     0.044     0.007     0.021    -0.006    -0.016
   7 0 1 0 1 1 1 1  13  12   2   0   0   0   0    48.060    49.395    23.241     0.000     0.000     0.000     0.000   0   0   0   0   0   0   0     0.000    -0.063     0.044     0.007     0.021     0.011    -0.001
   7 0 1 1 1 1 1 1  13  12   2   0   0   0   0    48.060    49.395    23.241     0.000     0.000     0.000     0.000   0   0   0   0   0   0   0     0.000    -0.320     0.040     0.007     0.021     0.011    -0.001
   7 0 0 1 1 1 1 1  32   0   2   0   0   0   0     4.358    21.280    23.241     0.000     0.000     0.000     0.000   0   0   0   0   0   0   0     0.000    -0.320     0.305    -0.011    -0.040     0.011    -0.001
   7 0 1 0 1 1 1 1  13   0  25   0   0   0   0    48.060    21.280     5.751     0.000     0.000     0.000     0.000   0   0   0   0   0   0   0     0.000     0.065     0.305    -0.011    -0.040    -0.013    -0.004
   7 0 1 0 1 1 1 1  13   0   0   0   0   0   0    48.060    21.280    21.280     0.000     0.000     0.000     0.000   0   0   0   0   0   0   0     0.000    -0.060     0.305    -0.011    -0.040     0.020     0.005
   7 0 1 1 1 1 1 1  13   0   0   0   0   0   0    48.060    21.280    21.280     0.000     0.000     0.000     0.000   0   0   0   0   0   0   0     0.000    -0.304     0.036    -0.011    -0.040     0.020     0.005
   7 0 1 0 1 1 1 1  13   0   0   0   0   0   0    48.060    21.280    21.280     0.000     0.000     0.000     0.000   0   0   0   0   0   0   0     0.000     0.290     0.036    -0.011    -0.040    -0.010    -0.036
   7 0 1 0 1 1 1 1  13   0  13   0   0   0   0    48.060    21.280    48.639     0.000     0.000     0.000     0.000   0   0   0   0   0   0   0     0.000     0.062     0.036    -0.011    -0.040    -0.005    -0.014
   7 0 1 0 1 1 1 1  13   0   0   0   0   0   0    48.060    21.280    21.280     0.000     0.000     0.000     0.000   0   0   0   0   0   0   0     0.000    -0.057     0.036    -0.011    -0.040     0.019     0.004
   7 0 1 1 1 1 1 1  13   0   0   0   0   0   0    48.060    21.280    21.280     0.000     0.000     0.000     0.000   0   0   0   0   0   0   0     0.000    -0.289     0.033    -0.011    -0.040     0.019     0.004
   7 0 1 1 1 1 1 1  13   0   0   0   0   0   0    48.060    21.280    21.280     0.000     0.000     0.000     0.000   0   0   0   0   0   0   0     0.000     0.275    -0.032    -0.011    -0.040     0.019     0.004
   7 0 1 0 1 1 1 1  13   0  13   0   0   0   0    48.060    21.280    48.639     0.000     0.000     0.000     0.000   0   0   0   0   0   0   0     0.000     0.059    -0.032    -0.011    -0.040    -0.005    -0.013
   7 0 1 0 1 1 1 1  13   0   0   0   0   0   0    48.060    21.280    21.280     0.000     0.000     0.000     0.000   0   0   0   0   0   0   0     0.000    -0.054    -0.032    -0.011    -0.040     0.018     0.004
   7 0 1 1 1 1 1 1  13   0   0   0   0   0   0    48.060    21.280    21.280     0.000     0.000     0.000     0.000   0   0   0   0   0   0   0     0.000    -0.274     0.030    -0.011    -0.040     0.018     0.004
   7 0 1 0 1 1 1 1  13   0   0   0   0   0   0    48.060    21.280    21.280     0.000     0.000     0.000     0.000   0   0   0   0   0   0   0     0.000     0.261     0.030    -0.011    -0.040    -0.008    -0.030
   7 0 1 0 1 1 1 1  13   0  13   0   0   0   0    48.060    21.280    48.639     0.000     0.000     0.000     0.000   0   0   0   0   0   0   0     0.000     0.056     0.030    -0.011    -0.040    -0.004    -0.012
   7 0 1 0 1 1 1 1  13   0   2   0   0   0   0    48.060    21.280    23.065     0.000     0.000     0.000     0.000   0   0   0   0   0   0   0     0.000    -0.052     0.030    -0.011    -0.040     0.014     0.003
   7 0 1 0 1 1 1 1  13   0   2   0   0   0   0    48.060    21.280    23.249     0.000     0.000     0.000     0.000   0   0   0   0   0   0   0     0.000    -0.261     0.030    -0.011    -0.040     0.029     0.008
   7 0 1 0 1 1 1 1  13   0  12   0   0   0   0    48.060    21.280    50.222     0.000     0.000     0.000     0.000   0   0   0   0   0   0   0     0.000     0.248     0.030    -0.011    -0.040    -0.027    -0.008
   7 0 1 0 1 1 1 1  13   0  25   0   0   0   0    48.060    21.280     5.757     0.000     0.000     0.000     0.000   0   0   0   0   0   0   0     0.000     0.053     0.030    -0.011    -0.040    -0.008    -0.001
   7 0 1 0 1 1 1 1  13   0   0   0   0   0   0    48.060    21.280    21.280     0.000     0.000     0.000     0.000   0   0   0   0   0   0   0     0.000    -0.049     0.030    -0.011    -0.040     0.016     0.003
   7 0 1 1 1 1 1 1  32   0   0   0   0   0   0     4.358    21.280    21.280     0.000     0.000     0.000     0.000   0   0   0   0   0   0   0     0.000     0.025    -0.248    -0.011    -0.040     0.016     0.003
   7 0 0 1 1 1 1 1  32  12   0   0   0   0   0     4.358    49.395    21.280     0.000     0.000     0.000     0.000   0   0   0   0   0   0   0     0.000     0.025     0.236    -0.027    -0.013     0.016     0.003
   7 0 1 0 1 1 1 1  13  12  25   0   0   0   0    48.060    49.395     5.728     0.000     0.000     0.000     0.000   0   0   0   0   0   0   0     0.000     0.050     0.236    -0.027    -0.013    -0.011    -0.003
   7 0 1 0 1 1 1 1  13  12   0   0   0   0   0    48.060    49.395    21.280     0.000     0.000     0.000     0.000   0   0   0   0   0   0   0     0.000    -0.047     0.236    -0.027    -0.013     0.015     0.003
   7 0 1 0 1 1 1 1  13  12  15   0   0   0   0    48.060    49.395    47.448     0.000     0.000     0.000     0.000   0   0   0   0   0   0   0     0.000    -0.235     0.236    -0.027    -0.013     0.006     0.024
   7 0 1 1 1 1 1 1  13  12  15   0   0   0   0    48.060    49.395    47.448     0.000     0.000     0.000     0.000   0   0   0   0   0   0   0     0.000     0.224    -0.022    -0.027    -0.013     0.006     0.024
   7 0 1 0 1 1 1 1  13  12  25   0   0   0   0    48.060    49.395     5.728     0.000     0.000     0.000     0.000   0   0   0   0   0   0   0     0.000     0.048    -0.022    -0.027    -0.013    -0.010    -0.003
   7 0 1 0 1 1 1 1  13  12   6   0   0   0   0    48.060    49.395    20.835     0.000     0.000     0.000     0.000   0   0   0   0   0   0   0     0.000    -0.044    -0.022    -0.027    -0.013     0.010     0.000
   7 0 1 0 1 1 1 1  13  12   0   0   0   0   0    48.060    49.395    21.400     0.000     0.000     0.000     0.000   0   0   0   0   0   0   0     0.000    -0.223    -0.022    -0.027    -0.013     0.028     0.014
   7 0 1 0 1 1 1 1  13  12  12   0   0   0   0    48.060    49.395    49.395     0.000     0.000     0.000     0.000   0   0   0   0   0   0   0     0.000     0.213    -0.022    -0.027    -0.013    -0.023    -0.010
   7 0 1 0 1 1 1 1  13  12  13   0   0   0   0    48.060    49.395    48.639     0.000     0.000     0.000     0.000   0   0   0   0   0   0   0     0.000     0.045    -0.022    -0.027    -0.013    -0.003    -0.009
   7 0 1 0 1 1 1 1  13  12   0   0   0   0   0    48.060    49.395    21.280     0.000     0.000     0.000     0.000   0   0   0   0   0   0   0     0.000    -0.042    -0.022    -0.027    -0.013     0.014     0.002
   7 0 1 0 1 1 1 1  13  12  12   0   0   0   0    48.060    49.395    49.395     0.000     0.000     0.000     0.000   0   0   0   0   0   0   0     0.000    -0.212    -0.022    -0.027    -0.013     0.013     0.025
   7 0 1 0 1 1 1 1  13  12  12   0   0   0   0    48.060    49.395    49.395     0.000     0.000     0.000     0.000   0   0   0   0   0   0   0     0.000     0.202    -0.022    -0.027    -0.013    -0.021    -0.009
   7 0 1 0 1 1 1 1  13  12  13   0   0   0   0    48.060    49.395    48.294     0.000     0.000     0.000     0.000   0   0   0   0   0   0   0     0.000     0.043    -0.022    -0.027    -0.013     0.000    -0.006
   7 0 1 0 1 1 1 1  13  12   0   0   0   0   0    48.060    49.395    21.280     0.000     0.000     0.000     0.000   0   0   0   0   0   0   0     0.000    -0.040    -0.022    -0.027    -0.013     0.013     0.002
   7 0 1 0 1 1 1 1  13  12  12   0   0   0   0    48.060    49.395    49.395     0.000     0.000     0.000     0.000   0   0   0   0   0   0   0     0.000    -0.202    -0.022    -0.027    -0.013     0.012     0.024
   7 0 0 1 1 1 1 1  32  15  12   0   0   0   0     4.358    48.044    49.395     0.000     0.000     0.000     0.000   0   0   0   0   0   0   0     0.000    -0.202     0.192    -0.018    -0.007     0.012     0.024
   7 0 1 0 1 1 1 1  13  15  13   0   0   0   0    48.060    48.044    48.639     0.000     0.000     0.000     0.000   0   0   0   0   0   0   0     0.000     0.041     0.192    -0.018    -0.007    -0.002    -0.008
   7 0 1 0 1 1 1 1  13  15   2   0   0   0   0    48.060    48.044    23.249     0.000     0.000     0.000     0.000   0   0   0   0   0   0   0     0.000    -0.038     0.192    -0.018    -0.007     0.006    -0.005
   7 0 1 0 1 1 1 1  13  15   0   0   0   0   0    48.060    48.044    21.400     0.000     0.000     0.000     0.000   0   0   0   0   0   0   0     0.000    -0.192     0.192    -0.018    -0.007     0.022     0.011
   7 0 0 1 1 1 1 1  32  12   0   0   0   0   0     4.358    49.395    21.400     0.000     0.000     0.000     0.000   0   0   0   0   0   0   0     0.000    -0.192     0.183    -0.017    -0.008     0.022     0.011
   7 0 1 0 1 1 1 1  13  12  13   0   0   0   0    48.060    49.395    48.639     0.000     0.000     0.000     0.000   0   0   0   0   0   0   0     0.000     0.039     0.183    -0.017    -0.008    -0.002    -0.008
   7 0 1 0 1 1 1 1  13  12   0   0   0   0   0    48.060    49.395    21.280     0.000     0.000     0.000     0.000   0   0   0   0   0   0   0     0.000    -0.036     0.183    -0.017    -0.008     0.012     0.001
   7 0 1 0 1 1 1 1  13  12   0   0   0   0   0    48.060    49.395    21.280     0.000     0.000     0.000     0.000   0   0   0   0   0   0   0     0.000    -0.182     0.183    -0.017    -0.008     0.025     0.011
   7 0 0 1 1 1 1 1  32  12   0   0   0   0   0     4.358    49.395    21.280     0.000     0.000     0.000     0.000   0   0   0   0   0   0   0     0.000    -0.182     0.173    -0.016    -0.007     0.025     0.011
   7 0 1 0 1 1 1 1  13  12  25   0   0   0   0    48.060    49.395     5.747     0.000     0.000     0.000     0.000   0   0   0   0   0   0   0     0.000     0.037     0.173    -0.016    -0.007    -0.007    -0.001
   7 0 1 0 1 1 1 1  13  12   0   0   0   0   0    48.060    49.395    21.280     0.000     0.000     0.000     0.000   0   0   0   0   0   0   0     0.000    -0.034     0.173    -0.016    -0.007     0.012     0.001
   7 0 1 0 1 1 1 1  13  12   0   0   0   0   0    48.060    49.395    21.280     0.000     0.000     0.000     0.000   0   0   0   0   0   0   0     0.000    -0.173     0.173    -0.016    -0.007     0.024     0.010
   7 0 0 1 1 1 1 1  32   0   0   0   0   0   0     4.358    21.400    21.280     0.000     0.000     0.000     0.000   0   0   0   0   0   0   0     0.000    -0.173     0.165    -0.007    -0.015     0.024     0.010
   7 0 1 0 1 1 1 1  13   0  25   0   0   0   0    48.060    21.400     5.728     0.000     0.000     0.000     0.000   0   0   0   0   0   0   0     0.000     0.035     0.165    -0.007    -0.015    -0.007    -0.002
   7 0 1 0 1 1 1 1  13   0  12   0   0   0   0    48.060    21.400    50.222     0.000     0.000     0.000     0.000   0   0   0   0   0   0   0     0.000    -0.033     0.165    -0.007    -0.015     0.001     0.011
   7 0 1 0 1 1 1 1  13   0   0   0   0   0   0    48.060    21.400    21.280     0.000     0.000     0.000     0.000   0   0   0   0   0   0   0     0.000    -0.164     0.165    -0.007    -0.015     0.022     0.009
   7 0 1 0 1 1 1 1  13   0   5   0   0   0   0    48.060    21.400    23.250     0.000     0.000     0.000     0.000   0   0   0   0   0   0   0     0.000     0.156     0.165    -0.007    -0.015    -0.007    -0.015
   7 0 1 0 1 1 1 1  13   0   2   0   0   0   0    48.060    21.400    23.249     0.000     0.000     0.000     0.000   0   0   0   0   0   0   0     0.000     0.033     0.165    -0.007    -0.015    -0.002    -0.008
   7 0 0 1 1 1 1 1  32   2   2   0   0   0   0     4.358    23.241    23.249     0.000     0.000     0.000     0.000   0   0   0   0   0   0   0     0.000     0.033    -0.031     0.005    -0.003    -0.002    -0.008
   7 0 0 1 1 1 1 1  32   0   2   0   0   0   0     4.358    21.280    23.249     0.000     0.000     0.000     0.000   0   0   0   0   0   0   0     0.000     0.033    -0.156     0.021     0.008    -0.002    -0.008
   7 0 1 0 1 1 1 1  13   0   2   0   0   0   0    48.060    21.280    23.239     0.000     0.000     0.000     0.000   0   0   0   0   0   0   0     0.000     0.149    -0.156     0.021     0.008    -0.007    -0.014
   7 0 0 1 1 1 1 1  32  25   2   0   0   0   0     4.358     5.779    23.239     0.000     0.000     0.000     0.000   0   0   0   0   0   0   0     0.000     0.149     0.032    -0.004     0.001    -0.007    -0.014
   7 0 1 0 1 1 1 1  13  25   0   0   0   0   0    48.060     5.779    21.280     0.000     0.000     0.000     0.000   0   0   0   0   0   0   0     0.000    -0.029     0.032    -0.004     0.001     0.010     0.001
   7 0 1 0 1 1 1 1  13  25   0   0   0   0   0    48.060     5.779    21.280     0.000     0.000     0.000     0.000   0   0   0   0   0   0   0     0.000    -0.148     0.032    -0.004     0.001     0.020     0.008
   7 0 1 0 1 1 1 1  13  25   2   0   0   0   0    48.060     5.779    23.241     0.000     0.000     0.000     0.000   0   0   0   0   0   0   0     0.000     0.141     0.032    -0.004     0.001    -0.007    -0.014
   7 0 1 0 1 1 1 1  13  25   2   0   0   0   0    48.060     5.779    23.249     0.000     0.000     0.000     0.000   0   0   0   0   0   0   0     0.000     0.030     0.032    -0.004     0.001    -0.001    -0.007
   7 0 1 0 1 1 1 1  13  25   0   0   0   0   0    48.060     5.779    21.280     0.000     0.000     0.000     0.000   0   0   0   0   0   0   0     0.000    -0.028     0.032    -0.004     0.001     0.010     0.001
   7 0 0 1 1 1 1 1  32  12   0   0   0   0   0     4.358    50.222    21.280     0.000     0.000     0.000     0.000   0   0   0   0   0   0   0     0.000    -0.028    -0.141     0.007     0.019     0.010     0.001
   7 0 1 0 1 1 1 1  13  12   2   0   0   0   0    48.060    50.222    23.241     0.000     0.000     0.000     0.000   0   0   0   0   0   0   0     0.000     0.134    -0.141     0.007     0.019    -0.006    -0.013
   7 0 1 0 1 1 1 1  13  12   2   0   0   0   0    48.060    50.222    23.249     0.000     0.000     0.000     0.000   0   0   0   0   0   0   0     0.000     0.029    -0.141     0.007     0.019    -0.001    -0.007
   7 0 1 0 1 1 1 1  13  12   2   0   0   0   0    48.060    50.222    23.249     0.000     0.000     0.000     0.000   0   0   0   0   0   0   0     0.000    -0.026    -0.141     0.007     0.019     0.004    -0.005
   7 0 1 0 1 1 1 1  13  12   0   0   0   0   0    48.060    50.222    21.280     0.000     0.000     0.000     0.000   0   0   0   0   0   0   0     0.000    -0.134    -0.141     0.007     0.019     0.018     0.006
   7 0 1 0 1 1 1 1  13  12   2   0   0   0   0    48.060    50.222    23.249     0.000     0.000     0.000     0.000   0   0   0   0   0   0   0     0.000     0.127    -0.141     0.007     0.019    -0.006    -0.014
   7 0 1 0 1 1 1 1  13  12   2   0   0   0   0    48.060    50.222    23.249     0.000     0.000     0.000     0.000   0   0   0   0   0   0   0     0.000     0.027    -0.141     0.007     0.019    -0.001    -0.006
   7 0 1 0 1 1 1 1  13  12  12   0   0   0   0    48.060    50.222    50.222     0.000     0.000     0.000     0.000   0   0   0   0   0   0   0     0.000    -0.025    -0.141     0.007     0.019     0.000     0.009
   7 0 0 1 1 1 1 1  32   0  12   0   0   0   0     4.358    21.280    50.222     0.000     0.000     0.000     0.000   0   0   0   0   0   0   0     0.000    -0.025    -0.127     0.017     0.006     0.000     0.009
   7 0 1 0 1 1 1 1  13   0   2   0   0   0   0    48.060    21.280    23.249     0.000     0.000     0.000     0.000   0   0   0   0   0   0   0     0.000     0.121    -0.127     0.017     0.006    -0.006    -0.013
   7 0 1 0 1 1 1 1  13   0  25   0   0   0   0    48.060    21.280     5.753     0.000     0.000     0.000     0.000   0   0   0   0   0   0   0     0.000     0.026    -0.127     0.017     0.006    -0.004     0.000
   7 0 1 0 1 1 1 1  13   0  23   0   0   0   0    48.060    21.280     5.405     0.000     0.000     0.000     0.000   0   0   0   0   0   0   0     0.000    -0.024    -0.127     0.017     0.006    -0.001     0.005
   7 0 1 0 1 1 1 1  13   0   0   0   0   0   0    48.060    21.280    21.280     0.000     0.000     0.000     0.000   0   0   0   0   0   0   0     0.000    -0.121    -0.127     0.017     0.006     0.016     0.005
   7 0 1 0 1 1 1 1  13   0   2   0   0   0   0    48.060    21.280    23.249     0.000     0.000     0.000     0.000   0   0   0   0   0   0   0     0.000     0.115    -0.127     0.017     0.006    -0.005    -0.013
   7 0 1 0 1 1 1 1  13   0   2   0   0   0   0    48.060    21.280    23.249     0.000     0.000     0.000     0.000   0   0   0   0   0   0   0     0.000     0.025    -0.127     0.017     0.006    -0.001    -0.006
   7 0 1 0 1 1 1 1  13   0   0   0   0   0   0    48.060    21.280    21.280     0.000     0.000     0.000     0.000   0   0   0   0   0   0   0     0.000    -0.023    -0.127     0.017     0.006     0.008     0.000
   7 0 1 0 1 1 1 1  13   0   0   0   0   0   0    48.060    21.280    21.280     0.000     0.000     0.000     0.000   0   0   0   0   0   0   0     0.000    -0.115    -0.127     0.017     0.006     0.016     0.005
   7 0 1 0 1 1 1 1  13   0   2   0   0   0   0    48.060    21.280    23.249     0.000     0.000     0.000     0.000   0   0   0   0   0   0   0     0.000     0.109    -0.127     0.017     0.006    -0.005    -0.012
   7 0 1 0 1 1 1 1  13   0   2   0   0   0   0    48.060    21.280    23.249     0.000     0.000     0.000     0.000   0   0   0   0   0   0   0     0.000     0.023    -0.127     0.017     0.006    -0.001    -0.005
   7 0 1 0 1 1 1 1  13   0   2   0   0   0   0    48.060    21.280    23.249     0.000     0.000     0.000     0.000   0   0   0   0   0   0   0     0.000    -0.022    -0.127     0.017     0.006     0.003    -0.005
   7 0 1 0 1 1 1 1  13   0   0   0   0   0   0    48.060    21.280    21.280     0.000     0.000     0.000     0.000   0   0   0   0   0   0   0     0.000    -0.109    -0.127     0.017     0.006     0.015     0.004
   7 0 1 0 1 1 1 1  13   0   2   0   0   0   0    48.060    21.280    23.249     0.000     0.000     0.000     0.000   0   0   0   0   0   0   0     0.000     0.104    -0.127     0.017     0.006    -0.004    -0.012
   7 0 1 0 1 1 1 1  13   0   2   0   0   0   0    48.060    21.280    23.249     0.000     0.000     0.000     0.000   0   0   0   0   0   0   0     0.000     0.022    -0.127     0.017     0.006    -0.001    -0.005
   7 0 1 0 1 1 1 1  13   0   0   0   0   0   0    48.060    21.280    21.280     0.000     0.000     0.000     0.000   0   0   0   0   0   0   0     0.000    -0.021    -0.127     0.017     0.006     0.008     0.000
   7 0 1 0 1 1 1 1  13   0  12   0   0   0   0    48.060    21.280    50.222     0.000     0.000     0.000     0.000   0   0   0   0   0   0   0     0.000    -0.104    -0.127     0.017     0.006     0.004     0.014
   7 0 1 0 1 1 1 1  13   0   2   0   0   0   0    48.060    21.280    23.249     0.000     0.000     0.000     0.000   0   0   0   0   0   0   0     0.000     0.099    -0.127     0.017     0.006    -0.004    -0.011
   7 0 1 0 1 1 1 1  13   0   2   0   0   0   0    48.060    21.280    23.249     0.000     0.000     0.000     0.000   0   0   0   0   0   0   0     0.000     0.021    -0.127     0.017     0.006    -0.001    -0.005
   7 0 1 0 1 1 1 1  13   0  12   0   0   0   0    48.060    21.280    50.222     0.000     0.000     0.000     0.000   0   0   0   0   0   0   0     0.000    -0.019    -0.127     0.017     0.006     0.000     0.007
   7 0 1 0 1 1 1 1  13   0   0   0   0   0   0    48.060    21.280    21.280     0.000     0.000     0.000     0.000   0   0   0   0   0   0   0     0.000    -0.098    -0.127     0.017     0.006     0.013     0.004
   7 0 1 0 1 1 1 1  13   0   2   0   0   0   0    48.060    21.280    23.249     0.000     0.000     0.000     0.000   0   0   0   0   0   0   0     0.000     0.094    -0.127     0.017     0.006    -0.004    -0.010
   7 0 1 0 1 1 1 1  13   0  13   0   0   0   0    48.060    21.280    48.294     0.000     0.000     0.000     0.000   0   0   0   0   0   0   0     0.000     0.020    -0.127     0.017     0.006     0.001    -0.002
   7 0 1 0 1 1 1 1  13   0   2   0   0   0   0    48.060    21.280    23.249     0.000     0.000     0.000     0.000   0   0   0   0   0   0   0     0.000    -0.019    -0.127     0.017     0.006     0.003    -0.004
   7 0 1 0 1 1 1 1  13   0   0   0   0   0   0    48.060    21.280    21.280     0.000     0.000     0.000     0.000   0   0   0   0   0   0   0     0.000    -0.093    -0.127     0.017     0.006     0.013     0.003
   7 0 1 0 1 1 1 1  13   0   2   0   0   0   0    48.060    21.280    23.249     0.000     0.000     0.000     0.000   0   0   0   0   0   0   0     0.000     0.089    -0.127     0.017     0.006    -0.003    -0.010
   7 0 1 0 1 1 1 1  13   0   2   0   0   0   0    48.060    21.280    23.249     0.000     0.000     0.000     0.000   0   0   0   0   0   0   0     0.000     0.019    -0.127     0.017     0.006    -0.000    -0.005
   7 0 1 0 1 1 1 1  13   0   0   0   0   0   0    48.060    21.280    21.280     0.000     0.000     0.000     0.000   0   0   0   0   0   0   0     0.000    -0.018    -0.127     0.017     0.006     0.007    -0.000
   7 0 1 0 1 1 1 1  13   0   0   0   0   0   0    48.060    21.280    21.400     0.000     0.000     0.000     0.000   0   0   0   0   0   0   0     0.000    -0.089    -0.127     0.017     0.006     0.009     0.002
   7 0 1 0 1 1 1 1  13   0   2   0   0   0   0    48.060    21.280    23.249     0.000     0.000     0.000     0.000   0   0   0   0   0   0   0     0.000     0.085    -0.127     0.017     0.006    -0.003    -0.009
   7 0 1 0 1 1 1 1  13   0  13   0   0   0   0    48.060    21.280    48.639     0.000     0.000     0.000     0.000   0   0   0   0   0   0   0     0.000     0.018    -0.127     0.017     0.006    -0.000    -0.004
   7 0 1 0 1 1 1 1  13   0   0   0   0   0   0    48.060    21.280    21.280     0.000     0.000     0.000     0.000   0   0   0   0   0   0   0     0.000    -0.017    -0.127     0.017     0.006     0.007    -0.000
   7 0 1 0 1 1 1 1  13   0   0   0   0   0   0    48.060    21.280    21.280     0.000     0.000     0.000     0.000   0   0   0   0   0   0   0     0.000    -0.084    -0.127     0.017     0.006     0.012     0.003
   7 0 1 0 1 1 1 1  13   0   2   0   0   0   0    48.060    21.280    23.249     0.000     0.000     0.000     0.000   0   0   0   0   0   0   0     0.000     0.080    -0.127     0.017     0.006    -0.003    -0.009
   7 0 1 0 1 1 1 1  13   0  15   0   0   0   0    48.060    21.280    47.448     0.000     0.000     0.000     0.000   0   0   0   0   0   0   0     0.000     0.017    -0.127     0.017     0.006    -0.004    -0.000
   7 0 1 0 1 1 1 1  13   0   5   0   0   0   0    48.060    21.280    23.250     0.000     0.000     0.000     0.000   0   0   0   0   0   0   0     0.000    -0.016    -0.127     0.017     0.006     0.003    -0.002
   7 0 1 0 1 1 1 1  13   0   0   0   0   0   0    48.060    21.280    21.280     0.000     0.000     0.000     0.000   0   0   0   0   0   0   0     0.000    -0.080    -0.127     0.017     0.006     0.011     0.002
   7 0 1 0 1 1 1 1  13   0   2   0   0   0   0    48.060    21.280    23.249     0.000     0.000     0.000     0.000   0   0   0   0   0   0   0     0.000     0.076    -0.127     0.017     0.006    -0.002    -0.008
   7 0 1 0 1 1 1 1  13   0  25   0   0   0   0    48.060    21.280     5.779     0.000     0.000     0.000     0.000   0   0   0   0   0   0   0     0.000     0.016    -0.127     0.017     0.006    -0.002     0.001
   7 0 1 0 1 1 1 1  13   0   2   0   0   0   0    48.060    21.280    23.249     0.000     0.000     0.000     0.000   0   0   0   0   0   0   0     0.000    -0.015    -0.127     0.017     0.006     0.002    -0.004
   7 0 1 0 1 1 1 1  13   0   0   0   0   0   0    48.060    21.280    21.280     0.000     0.000     0.000     0.000   0   0   0   0   0   0   0     0.000    -0.076    -0.127     0.017     0.006     0.010     0.002
   7 0 1 0 1 1 1 1  13   0   5   0   0   0   0    48.060    21.280    23.250     0.000     0.000     0.000     0.000   0   0   0   0   0   0   0     0.000     0.072    -0.127     0.017     0.006    -0.001    -0.006
   7 0 1 0 1 1 1 1  13   0   2   0   0   0   0    48.060    21.280    23.249     0.000     0.000     0.000     0.000   0   0   0   0   0   0   0     0.000     0.015    -0.127     0.017     0.006    -0.000    -0.004
   7 0 1 0 1 1 1 1  13   0  12   0   0   0   0    48.060    21.280    50.222     0.000     0.000     0.000     0.000   0   0   0   0   0   0   0     0.000    -0.014    -0.127     0.017     0.006    -0.000     0.006
   7 0 1 0 1 1 1 1  13   0   0   0   0   0   0    48.060    21.280    21.280     0.000     0.000     0.000     0.000   0   0   0   0   0   0   0     0.000    -0.072    -0.127     0.017     0.006     0.010     0.002
   7 0 1 0 1 1 1 1  13   0   2   0   0   0   0    48.060    21.280    23.249     0.000     0.000     0.000     0.000   0   0   0   0   0   0   0     0.000     0.069    -0.127     0.017     0.006    -0.002    -0.008
   7 0 1 0 1 1 1 1  13   0   2   0   0   0   0    48.060    21.280    23.249     0.000     0.000     0.000     0.000   0   0   0   0   0   0   0     0.000     0.015    -0.127     0.017     0.006    -0.000    -0.004
   7 0 1 0 1 1 1 1  13   0   0   0   0   0   0    48.060    21.280    21.280     0.000     0.000     0.000     0.000   0   0   0   0   0   0   0     0.000    -0.014    -0.127     0.017     0.006     0.006    -0.000
   7 0 1 0 1 1 1 1  13   0   0   0   0   0   0    48.060    21.280    21.280     0.000     0.000     0.000     0.000   0   0   0   0   0   0   0     0.000    -0.069    -0.127     0.017     0.006     0.009     0.002
   7 0 1 0 1 1 1 1  13   0   2   0   0   0   0    48.060    21.280    23.249     0.000     0.000     0.000     0.000   0   0   0   0   0   0   0     0.000     0.065    -0.127     0.017     0.006    -0.002    -0.007
   7 0 0 1 1 1 1 1  32   2   2   0   0   0   0     4.358    23.249    23.249     0.000     0.000     0.000     0.000   0   0   0   0   0   0   0     0.000     0.065     0.014    -0.000    -0.003    -0.002    -0.007
   7 0 1 0 1 1 1 1  13   2   2   0   0   0   0    48.060    23.249    23.249     0.000     0.000     0.000     0.000   0   0   0   0   0   0   0     0.000    -0.013     0.014    -0.000    -0.003     0.002    -0.004
   7 0 1 0 1 1 1 1  13   2   0   0   0   0   0    48.060    23.249    21.400     0.000     0.000     0.000     0.000   0   0   0   0   0   0   0     0.000    -0.065     0.014    -0.000    -0.003     0.007     0.001
   7 0 1 0 1 1 1 1  13   2   2   0   0   0   0    48.060    23.249    23.249     0.000     0.000     0.000     0.000   0   0   0   0   0   0   0     0.000     0.062     0.014    -0.000    -0.003    -0.002    -0.007
   7 0 1 0 1 1 1 1  13   2  25   0   0   0   0    48.060    23.249     5.753     0.000     0.000     0.000     0.000   0   0   0   0   0   0   0     0.000     0.013     0.014    -0.000    -0.003    -0.002     0.001
   7 0 1 0 1 1 1 1  13   2  12   0   0   0   0    48.060    23.249    50.222     0.000     0.000     0.000     0.000   0   0   0   0   0   0   0     0.000    -0.012     0.014    -0.000    -0.003    -0.000     0.005
   7 0 1 0 1 1 1 1  13   2   0   0   0   0   0    48.060    23.249    21.280     0.000     0.000     0.000     0.000   0   0   0   0   0   0   0     0.000    -0.062     0.014    -0.000    -0.003     0.009     0.001
   7 0 1 0 1 1 1 1  13   2   2   0   0   0   0    48.060    23.249    23.249     0.000     0.000     0.000     0.000   0   0   0   0   0   0   0     0.000     0.059     0.014    -0.000    -0.003    -0.002    -0.007
   7 0 0 1 1 1 1 1  32   2   2   0   0   0   0     4.358    23.249    23.249     0.000     0.000     0.000     0.000   0   0   0   0   0   0   0     0.000     0.059     0.013    -0.000    -0.003    -0.002    -0.007
   7 0 0 1 1 1 1 1  32   2   2   0   0   0   0     4.358    23.065    23.249     0.000     0.000     0.000     0.000   0   0   0   0   0   0   0     0.000     0.059    -0.012     0.004    -0.001    -0.002    -0.007
   7 0 1 0 1 1 1 1  13   2   0   0   0   0   0    48.060    23.065    21.280     0.000     0.000     0.000     0.000   0   0   0   0   0   0   0     0.000    -0.059    -0.012     0.004    -0.001     0.008     0.001
   7 0 1 0 1 1 1 1  13   2   2   0   0   0   0    48.060    23.065    23.249     0.000     0.000     0.000     0.000   0   0   0   0   0   0   0     0.000     0.056    -0.012     0.004    -0.001    -0.001    -0.006
   7 0 1 0 1 1 1 1  13   2  13   0   0   0   0    48.060    23.065    48.294     0.000     0.000     0.000     0.000   0   0   0   0   0   0   0     0.000     0.012    -0.012     0.004    -0.001     0.001    -0.001
   7 0 1 0 1 1 1 1  13   2   2   0   0   0   0    48.060    23.065    23.249     0.000     0.000     0.000     0.000   0   0   0   0   0   0   0     0.000    -0.011    -0.012     0.004    -0.001     0.002    -0.004
   7 0 1 0 1 1 1 1  13   2   0   0   0   0   0    48.060    23.065    21.280     0.000     0.000     0.000     0.000   0   0   0   0   0   0   0     0.000    -0.056    -0.012     0.004    -0.001     0.008     0.001
   7 0 1 0 1 1 1 1  13   2   2   0   0   0   0    48.060    23.065    23.249     0.000     0.000     0.000     0.000   0   0   0   0   0   0   0     0.000     0.053    -0.012     0.004    -0.001    -0.001    -0.006
   7 0 1 0 1 1 1 1  13   2   2   0   0   0   0    48.060    23.065    23.249     0.000     0.000     0.000     0.000   0   0   0   0   0   0   0     0.000     0.011    -0.012     0.004    -0.001    -0.000    -0.003
   7 0 0 1 1 1 1 1  32   0   2   0   0   0   0     4.358    21.280    23.249     0.000     0.000     0.000     0.000   0   0   0   0   0   0   0     0.000     0.011    -0.011     0.005    -0.000    -0.000    -0.003
   7 0 1 0 1 1 1 1  13   0   0   0   0   0   0    48.060    21.280    21.280     0.000     0.000     0.000     0.000   0   0   0   0   0   0   0     0.000    -0.053    -0.011     0.005    -0.000     0.007     0.001
   7 0 1 0 1 1 1 1  13   0   2   0   0   0   0    48.060    21.280    23.241     0.000     0.000     0.000     0.000   0   0   0   0   0   0   0     0.000     0.051    -0.011     0.005    -0.000    -0.001    -0.005
   7 0 1 0 1 1 1 1  13   0   2   0   0   0   0    48.060    21.280    23.249     0.000     0.000     0.000     0.000   0   0   0   0   0   0   0     0.000     0.011    -0.011     0.005    -0.000    -0.000    -0.003
   7 0 1 0 1 1 1 1  13   0   2   0   0   0   0    48.060    21.280    23.241     0.000     0.000     0.000     0.000   0   0   0   0   0   0   0     0.000    -0.010    -0.011     0.005    -0.000     0.002    -0.003
   7 0 1 0 1 1 1 1  13   0   6   0   0   0   0    48.060    21.280    20.835     0.000     0.000     0.000     0.000   0   0   0   0   0   0   0     0.000    -0.050    -0.011     0.005    -0.000     0.005    -0.000
   7 0 1 0 1 1 1 1  13   0   2   0   0   0   0    48.060    21.280    23.249     0.000     0.000     0.000     0.000   0   0   0   0   0   0   0     0.000     0.048    -0.011     0.005    -0.000    -0.001    -0.005
   7 0 1 0 1 1 1 1  13   0   2   0   0   0   0    48.060    21.280    23.249     0.000     0.000     0.000     0.000   0   0   0   0   0   0   0     0.000     0.010    -0.011     0.005    -0.000    -0.000    -0.003
   7 0 1 0 1 1 1 1  13   0   0   0   0   0   0    48.060    21.280    21.280     0.000     0.000     0.000     0.000   0   0   0   0   0   0   0     0.000    -0.009    -0.011     0.005    -0.000     0.004    -0.000
   7 0 1 0 1 1 1 1  13   0   0   0   0   0   0    48.060    21.280    21.280     0.000     0.000     0.000     0.000   0   0   0   0   0   0   0     0.000    -0.048    -0.011     0.005    -0.000     0.007     0.001
   7 0 1 0 1 1 1 1  13   0   2   0   0   0   0    48.060    21.280    23.249     0.000     0.000     0.000     0.000   0   0   0   0   0   0   0     0.000     0.046    -0.011     0.005    -0.000    -0.001    -0.005
   7 0 1 0 1 1 1 1  13   0  13   0   0   0   0    48.060    21.280    48.294     0.000     0.000     0.000     0.000   0   0   0   0   0   0   0     0.000     0.010    -0.011     0.005    -0.000     0.001    -0.001
   7 0 1 0 1 1 1 1  13   0   2   0   0   0   0    48.060    21.280    23.249     0.000     0.000     0.000     0.000   0   0   0   0   0   0   0     0.000    -0.009    -0.011     0.005    -0.000     0.001    -0.003
   7 0 1 0 1 1 1 1  13   0   0   0   0   0   0    48.060    21.280    21.280     0.000     0.000     0.000     0.000   0   0   0   0   0   0   0     0.000    -0.046    -0.011     0.005    -0.000     0.006     0.001
   7 0 1 0 1 1 1 1  13   0   5   0   0   0   0    48.060    21.280    23.250     0.000     0.000     0.000     0.000   0   0   0   0   0   0   0     0.000     0.043    -0.011     0.005    -0.000    -0.000    -0.003
   7 0 0 1 1 1 1 1  32   2   5   0   0   0   0     4.358    23.249    23.250     0.000     0.000     0.000     0.000   0   0   0   0   0   0   0     0.000     0.043     0.009     0.000    -0.003    -0.000    -0.003
   7 0 1 0 1 1 1 1  13   2   0   0   0   0   0    48.060    23.249    21.280     0.000     0.000     0.000     0.000   0   0   0   0   0   0   0     0.000    -0.009     0.009     0.000    -0.003     0.004    -0.000
   7 0 1 0 1 1 1 1  13   2   0   0   0   0   0    48.060    23.249    21.280     0.000     0.000     0.000     0.000   0   0   0   0   0   0   0     0.000    -0.043     0.009     0.000    -0.003     0.006     0.001
   7 0 1 0 1 1 1 1  13   2   2   0   0   0   0    48.060    23.249    23.249     0.000     0.000     0.000     0.000   0   0   0   0   0   0   0     0.000     0.041     0.009     0.000    -0.003    -0.001    -0.005
   7 0 1 0 1 1 1 1  13   2  25   0   0   0   0    48.060    23.249     5.747     0.000     0.000     0.000     0.000   0   0   0   0   0   0   0     0.000     0.009     0.009     0.000    -0.003    -0.002     0.000
   7 0 1 0 1 1 1 1  13   2   0   0   0   0   0    48.060    23.249    21.280     0.000     0.000     0.000     0.000   0   0   0   0   0   0   0     0.000    -0.008     0.009     0.000    -0.003     0.004    -0.000
   7 0 1 0 1 1 1 1  13   2   0   0   0   0   0    48.060    23.249    21.280     0.000     0.000     0.000     0.000   0   0   0   0   0   0   0     0.000    -0.041     0.009     0.000    -0.003     0.006     0.001
   7 0 1 0 1 1 1 1  13   2   2   0   0   0   0    48.060    23.249    23.249     0.000     0.000     0.000     0.000   0   0   0   0   0   0   0     0.000     0.039     0.009     0.000    -0.003    -0.001    -0.005
   7 0 1 0 1 1 1 1  13   2   2   0   0   0   0    48.060    23.249    23.249     0.000     0.000     0.000     0.000   0   0   0   0   0   0   0     0.000     0.008     0.009     0.000    -0.003     0.000    -0.002
   7 0 1 0 1 1 1 1  13   2   2   0   0   0   0    48.060    23.249    23.249     0.000     0.000     0.000     0.000   0   0   0   0   0   0   0     0.000    -0.008     0.009     0.000    -0.003     0.001    -0.003
   7 0 1 0 1 1 1 1  13   2   0   0   0   0   0    48.060    23.249    21.400     0.000     0.000     0.000     0.000   0   0   0   0   0   0   0     0.000    -0.039     0.009     0.000    -0.003     0.004     0.000
   7 0 1 0 1 1 1 1  13   2   2   0   0   0   0    48.060    23.249    23.249     0.000     0.000     0.000     0.000   0   0   0   0   0   0   0     0.000     0.037     0.009     0.000    -0.003    -0.001    -0.004
   7 0 0 1 1 1 1 1  32  13   2   0   0   0   0     4.358    48.530    23.249     0.000     0.000     0.000     0.000   0   0   0   0   0   0   0     0.000     0.037     0.008     0.001    -0.001    -0.001    -0.004
   7 0 0 1 1 1 1 1  32   0   2   0   0   0   0     4.358    21.280    23.249     0.000     0.000     0.000     0.000   0   0   0   0   0   0   0     0.000     0.037    -0.007     0.004    -0.000    -0.001    -0.004
   7 0 1 0 1 1 1 1  13   0   0   0   0   0   0    48.060    21.280    21.280     0.000     0.000     0.000     0.000   0   0   0   0   0   0   0     0.000    -0.037    -0.007     0.004    -0.000     0.005     0.000
   7 0 1 0 1 1 1 1  13   0   2   0   0   0   0    48.060    21.280    23.249     0.000     0.000     0.000     0.000   0   0   0   0   0   0   0     0.000     0.035    -0.007     0.004    -0.000    -0.001    -0.004
   7 0 1 0 1 1 1 1  13   0   2   0   0   0   0    48.060    21.280    23.249     0.000     0.000     0.000     0.000   0   0   0   0   0   0   0     0.000     0.008    -0.007     0.004    -0.000     0.000    -0.002
   7 0 1 0 1 1 1 1  13   0   2   0   0   0   0    48.060    21.280    23.249     0.000     0.000     0.000     0.000   0   0   0   0   0   0   0     0.000    -0.007    -0.007     0.004    -0.000     0.001    -0.003
   7 0 1 0 1 1 1 1  13   0   0   0   0   0   0    48.060    21.280    21.280     0.000     0.000     0.000     0.000   0   0   0   0   0   0   0     0.000    -0.035    -0.007     0.004    -0.000     0.005     0.000
   7 0 0 1 1 1 1 1  32   5   0   0   0   0   0     4.358    23.250    21.280     0.000     0.000     0.000     0.000   0   0   0   0   0   0   0     0.000    -0.035     0.034     0.000    -0.003     0.005     0.000
   7 0 1 0 1 1 1 1  13   5  13   0   0   0   0    48.060    23.250    48.294     0.000     0.000     0.000     0.000   0   0   0   0   0   0   0     0.000     0.007     0.034     0.000    -0.003     0.001    -0.001
   7 0 1 0 1 1 1 1  13   5   0   0   0   0   0    48.060    23.250    21.280     0.000     0.000     0.000     0.000   0   0   0   0   0   0   0     0.000    -0.007     0.034     0.000    -0.003     0.003    -0.000
   7 0 1 0 1 1 1 1  13   5   6   0   0   0   0    48.060    23.250    20.835     0.000     0.000     0.000     0.000   0   0   0   0   0   0   0     0.000    -0.033     0.034     0.000    -0.003     0.003    -0.000
   7 0 1 0 1 1 1 1  13   5   2   0   0   0   0    48.060    23.250    23.249     0.000     0.000     0.000     0.000   0   0   0   0   0   0   0     0.000     0.032     0.034     0.000    -0.003    -0.000    -0.004
   7 0 1 0 1 1 1 1  13   5  15   0   0   0   0    48.060    23.250    47.448     0.000     0.000     0.000     0.000   0   0   0   0   0   0   0     0.000     0.007     0.034     0.000    -0.003    -0.002     0.000
   7 0 1 0 1 1 1 1  13   5   5   0   0   0   0    48.060    23.250    23.250     0.000     0.000     0.000     0.000   0   0   0   0   0   0   0     0.000    -0.006     0.034     0.000    -0.003     0.002    -0.001
   7 0 1 0 1 1 1 1  13   5  12   0   0   0   0    48.060    23.250    50.222     0.000     0.000     0.000     0.000   0   0   0   0   0   0   0     0.000    -0.032     0.034     0.000    -0.003     0.000     0.005
   7 0 1 0 1 1 1 1  13   5   2   0   0   0   0    48.060    23.250    23.249     0.000     0.000     0.000     0.000   0   0   0   0   0   0   0     0.000     0.030     0.034     0.000    -0.003    -0.000    -0.004
   7 0 1 0 1 1 1 1  13   5   2   0   0   0   0    48.060    23.250    23.249     0.000     0.000     0.000     0.000   0   0   0   0   0   0   0     0.000     0.006     0.034     0.000    -0.003     0.000    -0.002
   7 0 1 0 1 1 1 1  13   5   2   0   0   0   0    48.060    23.250    23.249     0.000     0.000     0.000     0.000   0   0   0   0   0   0   0     0.000    -0.006     0.034     0.000    -0.003     0.001    -0.003
   7 0 1 0 1 1 1 1  13   5  12   0   0   0   0    48.060    23.250    50.222     0.000     0.000     0.000     0.000   0   0   0   0   0   0   0     0.000    -0.030     0.034     0.000    -0.003     0.000     0.004
   7 0 1 0 1 1 1 1  13   5   0   0   0   0   0    48.060    23.250    21.400     0.000     0.000     0.000     0.000   0   0   0   0   0   0   0     0.000     0.029     0.034     0.000    -0.003     0.001    -0.002
   7 0 0 1 1 1 1 1  32  13   0   0   0   0   0     4.358    48.294    21.400     0.000     0.000     0.000     0.000   0   0   0   0   0   0   0     0.000     0.029     0.006     0.001    -0.001     0.001    -0.002
   7 0 1 0 1 1 1 1  13  13   0   0   0   0   0    48.060    48.294    21.280     0.000     0.000     0.000     0.000   0   0   0   0   0   0   0     0.000    -0.006     0.006     0.001    -0.001     0.003    -0.000
   7 0 1 0 1 1 1 1  13  13  12   0   0   0   0    48.060    48.294    50.222     0.000     0.000     0.000     0.000   0   0   0   0   0   0   0     0.000    -0.029     0.006     0.001    -0.001     0.000     0.004
   7 0 1 0 1 1 1 1  13  13   2   0   0   0   0    48.060    48.294    23.249     0.000     0.000     0.000     0.000   0   0   0   0   0   0   0     0.000     0.027     0.006     0.001    -0.001    -0.000    -0.003
   7 0 1 0 1 1 1 1  13  13   2   0   0   0   0    48.060    48.294    23.249     0.000     0.000     0.000     0.000   0   0   0   0   0   0   0     0.000     0.006     0.006     0.001    -0.001     0.000    -0.002
   7 0 1 0 1 1 1 1  13  13   0   0   0   0   0    48.060    48.294    21.280     0.000     0.000     0.000     0.000   0   0   0   0   0   0   0     0.000    -0.005     0.006     0.001    -0.001     0.003    -0.000
   7 0 1 0 1 1 1 1  13  13   6   0   0   0   0    48.060    48.294    20.835     0.000     0.000     0.000     0.000   0   0   0   0   0   0   0     0.000    -0.027     0.006     0.001    -0.001     0.003    -0.000
   7 0 1 0 1 1 1 1  13  13   2   0   0   0   0    48.060    48.294    23.249     0.000     0.000     0.000     0.000   0   0   0   0   0   0   0     0.000     0.026     0.006     0.001    -0.001    -0.000    -0.003
   7 0 0 1 1 1 1 1  32  15   2   0   0   0   0     4.358    47.448    23.249     0.000     0.000     0.000     0.000   0   0   0   0   0   0   0     0.000     0.026     0.006    -0.002     0.000    -0.000    -0.003
   7 0 1 0 1 1 1 1  13  15   2   0   0   0   0    48.060    47.448    23.249     0.000     0.000     0.000     0.000   0   0   0   0   0   0   0     0.000    -0.005     0.006    -0.002     0.000     0.001    -0.003
   7 0 0 1 1 1 1 1  32  12   2   0   0   0   0     4.358    50.222    23.249     0.000     0.000     0.000     0.000   0   0   0   0   0   0   0     0.000    -0.005    -0.026     0.000     0.004     0.001    -0.003
   7 0 1 0 1 1 1 1  13  12   2   0   0   0   0    48.060    50.222    23.065     0.000     0.000     0.000     0.000   0   0   0   0   0   0   0     0.000     0.025    -0.026     0.000     0.004     0.001    -0.001
   7 0 0 1 1 1 1 1  25   2   2   0   0   0   0     5.802    23.249    23.065     0.000     0.000     0.000     0.000   0   0   0   0   0   0   0     0.000     0.025     0.004    -0.000    -0.002     0.001    -0.001
   7 0 1 0 1 1 1 1  13   2   0   0   0   0   0    48.060    23.249    21.280     0.000     0.000     0.000     0.000   0   0   0   0   0   0   0     0.000    -0.005     0.004    -0.000    -0.002     0.003    -0.000
   7 0 1 0 1 1 1 1  13   2   0   0   0   0   0    48.060    23.249    21.280     0.000     0.000     0.000     0.000   0   0   0   0   0   0   0     0.000    -0.025     0.004    -0.000    -0.002     0.004     0.000
   7 0 1 0 1 1 1 1  13   2   2   0   0   0   0    48.060    23.249    23.249     0.000     0.000     0.000     0.000   0   0   0   0   0   0   0     0.000     0.023     0.004    -0.000    -0.002    -0.000    -0.003
   7 0 1 0 1 1 1 1  13   2  13   0   0   0   0    48.060    23.249    48.639     0.000     0.000     0.000     0.000   0   0   0   0   0   0   0     0.000     0.005     0.004    -0.000    -0.002     0.000    -0.001
   7 0 1 0 1 1 1 1  13   2   2   0   0   0   0    48.060    23.249    23.249     0.000     0.000     0.000     0.000   0   0   0   0   0   0   0     0.000    -0.005     0.004    -0.000    -0.002     0.001    -0.002
   7 0 1 0 1 1 1 1  13   2   2   0   0   0   0    48.060    23.249    23.249     0.000     0.000     0.000     0.000   0   0   0   0   0   0   0     0.000    -0.023     0.004    -0.000    -0.002     0.001    -0.002
   7 0 1 0 1 1 1 1  13   2   2   0   0   0   0    48.060    23.249    23.249     0.000     0.000     0.000     0.000   0   0   0   0   0   0   0     0.000     0.022     0.004    -0.000    -0.002    -0.000    -0.003
   7 0 0 1 1 1 1 1  32   2   2   0   0   0   0     4.358    23.249    23.249     0.000     0.000     0.000     0.000   0   0   0   0   0   0   0     0.000     0.022     0.005     0.000    -0.001    -0.000    -0.003
   7 0 0 1 1 1 1 1  32   6   2   0   0   0   0     4.358    20.835    23.249     0.000     0.000     0.000     0.000   0   0   0   0   0   0   0     0.000     0.022    -0.004     0.001    -0.001    -0.000    -0.003
   7 0 1 0 1 1 1 1  13   6   0   0   0   0   0    48.060    20.835    21.280     0.000     0.000     0.000     0.000   0   0   0   0   0   0   0     0.000    -0.022    -0.004     0.001    -0.001     0.003     0.000
