  260
   1 1   0     0.000   0     5.028
   1 1   0     0.000   0     5.573
   1 1   0     0.000   0     5.801
   1 1   0     0.000   0     6.025
   7 0 1 0 0 0 1 1   2   0  11   0   0   0   0    21.791     0.000    51.811     0.000     0.000     0.000     0.000   0   0   0   0   0   0   0     0.000     0.304     0.000     0.000     0.000    -0.080    -0.033
   7 0 0 1 1 1 1 1   6   0  11   0   0   0   0    19.968    21.194    51.811     0.000     0.000     0.000     0.000   0   0   0   0   0   0   0     0.000     0.304    -0.033     0.005     0.031    -0.080    -0.033
   7 0 1 1 1 1 1 1   2   0  11   0   0   0   0    21.791    21.194    51.811     0.000     0.000     0.000     0.000   0   0   0   0   0   0   0     0.000    -0.276     0.061     0.005     0.031    -0.080    -0.033
   7 0 1 1 1 1 1 1   2   0  11   0   0   0   0    21.791    21.194    51.811     0.000     0.000     0.000     0.000   0   0   0   0   0   0   0     0.000    -0.674     0.150     0.005     0.031    -0.080    -0.033
   7 0 1 0 1 1 1 1   2   0   2   0   0   0   0    21.791    21.194    22.097     0.000     0.000     0.000     0.000   0   0   0   0   0   0   0     0.000     0.289     0.150     0.005     0.031    -0.030    -0.073
   7 0 0 1 1 1 1 1   6  14   2   0   0   0   0    19.968    46.672    22.097     0.000     0.000     0.000     0.000   0   0   0   0   0   0   0     0.000     0.289    -0.031     0.029     0.005    -0.030    -0.073
   7 0 1 1 1 1 1 1   2  14   2   0   0   0   0    21.791    46.672    22.097     0.000     0.000     0.000     0.000   0   0   0   0   0   0   0     0.000    -0.262     0.056     0.029     0.005    -0.030    -0.073
   7 0 1 1 1 1 1 1  14  14   2   0   0   0   0    46.672    46.672    22.097     0.000     0.000     0.000     0.000   0   0   0   0   0   0   0     0.000     0.136    -0.640     0.029     0.005    -0.030    -0.073
   7 0 1 0 1 1 1 1   2  14  11   0   0   0   0    21.791    46.672    51.811     0.000     0.000     0.000     0.000   0   0   0   0   0   0   0     0.000     0.275    -0.640     0.029     0.005    -0.067    -0.028
   7 0 0 1 1 1 1 1   6  14  11   0   0   0   0    19.968    46.672    51.811     0.000     0.000     0.000     0.000   0   0   0   0   0   0   0     0.000     0.275    -0.028     0.027     0.005    -0.067    -0.028
   7 0 1 1 1 1 1 1   2  14  11   0   0   0   0    21.791    46.672    51.811     0.000     0.000     0.000     0.000   0   0   0   0   0   0   0     0.000    -0.249     0.051     0.027     0.005    -0.067    -0.028
   7 0 1 0 1 1 1 1   2  14   0   0   0   0   0    21.791    46.672    21.319     0.000     0.000     0.000     0.000   0   0   0   0   0   0   0     0.000    -0.608     0.051     0.027     0.005     0.131     0.036
   7 0 1 0 1 1 1 1   2  14  11   0   0   0   0    21.791    46.672    51.811     0.000     0.000     0.000     0.000   0   0   0   0   0   0   0     0.000     0.261     0.051     0.027     0.005    -0.061    -0.026
   7 0 0 1 1 1 1 1   6  14  11   0   0   0   0    19.968    46.672    51.811     0.000     0.000     0.000     0.000   0   0   0   0   0   0   0     0.000     0.261    -0.026     0.024     0.005    -0.061    -0.026
   7 0 1 0 1 1 1 1   2  14   6   0   0   0   0    21.791    46.672    19.968     0.000     0.000     0.000     0.000   0   0   0   0   0   0   0     0.000    -0.237    -0.026     0.024     0.005     0.056     0.027
   7 0 1 0 1 1 1 1   2  14  14   0   0   0   0    21.791    46.672    44.089     0.000     0.000     0.000     0.000   0   0   0   0   0   0   0     0.000    -0.577    -0.026     0.024     0.005     0.034     0.119
   7 0 1 0 1 1 1 1   2  14  11   0   0   0   0    21.791    46.672    51.811     0.000     0.000     0.000     0.000   0   0   0   0   0   0   0     0.000     0.248    -0.026     0.024     0.005    -0.056    -0.024
   7 0 0 1 1 1 1 1   6  14  11   0   0   0   0    19.968    46.672    51.811     0.000     0.000     0.000     0.000   0   0   0   0   0   0   0     0.000     0.248    -0.024     0.022     0.004    -0.056    -0.024
   7 0 0 1 1 1 1 1  14   0  11   0   0   0   0    46.672    21.197    51.811     0.000     0.000     0.000     0.000   0   0   0   0   0   0   0     0.000     0.248    -0.225     0.025     0.052    -0.056    -0.024
   7 0 1 1 1 1 1 1   2   0  11   0   0   0   0    21.791    21.197    51.811     0.000     0.000     0.000     0.000   0   0   0   0   0   0   0     0.000    -0.549     0.104     0.025     0.052    -0.056    -0.024
   7 0 1 0 1 1 1 1   2   0  11   0   0   0   0    21.791    21.197    51.811     0.000     0.000     0.000     0.000   0   0   0   0   0   0   0     0.000     0.236     0.104     0.025     0.052    -0.052    -0.022
   7 0 0 1 1 1 1 1   6  14  11   0   0   0   0    19.968    46.672    51.811     0.000     0.000     0.000     0.000   0   0   0   0   0   0   0     0.000     0.236    -0.022     0.021     0.004    -0.052    -0.022
   7 0 1 0 1 1 1 1   2  14   0   0   0   0   0    21.791    46.672    21.197     0.000     0.000     0.000     0.000   0   0   0   0   0   0   0     0.000    -0.214    -0.022     0.021     0.004     0.023     0.048
   7 0 1 0 1 1 1 1   2  14  14   0   0   0   0    21.791    46.672    44.089     0.000     0.000     0.000     0.000   0   0   0   0   0   0   0     0.000    -0.521    -0.022     0.021     0.004     0.027     0.100
   7 0 1 0 1 1 1 1   2  14   2   0   0   0   0    21.791    46.672    22.097     0.000     0.000     0.000     0.000   0   0   0   0   0   0   0     0.000     0.224    -0.022     0.021     0.004    -0.020    -0.047
   7 0 0 1 1 1 1 1   6   0   2   0   0   0   0    19.968    21.194    22.097     0.000     0.000     0.000     0.000   0   0   0   0   0   0   0     0.000     0.224    -0.020     0.004     0.019    -0.020    -0.047
   7 0 1 0 1 1 1 1   2   0   6   0   0   0   0    21.791    21.194    19.968     0.000     0.000     0.000     0.000   0   0   0   0   0   0   0     0.000    -0.203    -0.020     0.004     0.019     0.044     0.021
   7 0 1 0 1 1 1 1   2   0   0   0   0   0   0    21.791    21.194    21.319     0.000     0.000     0.000     0.000   0   0   0   0   0   0   0     0.000    -0.495    -0.020     0.004     0.019     0.091     0.026
   7 0 1 0 1 1 1 1   2   0  11   0   0   0   0    21.791    21.194    51.811     0.000     0.000     0.000     0.000   0   0   0   0   0   0   0     0.000     0.213    -0.020     0.004     0.019    -0.043    -0.019
   7 0 0 1 1 1 1 1   6   0  11   0   0   0   0    19.968    21.194    51.811     0.000     0.000     0.000     0.000   0   0   0   0   0   0   0     0.000     0.213    -0.019     0.004     0.017    -0.043    -0.019
   7 0 1 0 1 1 1 1   2   0   0   0   0   0   0    21.791    21.194    21.197     0.000     0.000     0.000     0.000   0   0   0   0   0   0   0     0.000    -0.193    -0.019     0.004     0.017     0.020     0.040
   7 0 1 1 1 1 1 1   2   0   0   0   0   0   0    21.791    21.194    21.197     0.000     0.000     0.000     0.000   0   0   0   0   0   0   0     0.000    -0.470     0.079     0.004     0.017     0.020     0.040
   7 0 1 0 1 1 1 1   2   0   2   0   0   0   0    21.791    21.194    22.097     0.000     0.000     0.000     0.000   0   0   0   0   0   0   0     0.000     0.202     0.079     0.004     0.017    -0.017    -0.040
   7 0 0 1 1 1 1 1   6   0   2   0   0   0   0    19.968    21.194    22.097     0.000     0.000     0.000     0.000   0   0   0   0   0   0   0     0.000     0.202    -0.017     0.004     0.016    -0.017    -0.040
   7 0 0 1 1 1 1 1  14   0   2   0   0   0   0    46.672    21.197    22.097     0.000     0.000     0.000     0.000   0   0   0   0   0   0   0     0.000     0.202    -0.183     0.018     0.037    -0.017    -0.040
   7 0 1 0 1 1 1 1   2   0  14   0   0   0   0    21.791    21.197    44.089     0.000     0.000     0.000     0.000   0   0   0   0   0   0   0     0.000    -0.447    -0.183     0.018     0.037     0.020     0.076
   7 0 1 0 1 1 1 1   2   0   2   0   0   0   0    21.791    21.197    22.097     0.000     0.000     0.000     0.000   0   0   0   0   0   0   0     0.000     0.192    -0.183     0.018     0.037    -0.016    -0.036
   7 0 0 1 1 1 1 1   6   0   2   0   0   0   0    19.968    21.194    22.097     0.000     0.000     0.000     0.000   0   0   0   0   0   0   0     0.000     0.192    -0.016     0.003     0.015    -0.016    -0.036
   7 0 1 0 1 1 1 1   2   0   6   0   0   0   0    21.791    21.194    19.968     0.000     0.000     0.000     0.000   0   0   0   0   0   0   0     0.000    -0.174    -0.016     0.003     0.015     0.034     0.017
   7 0 1 0 1 1 1 1   2   0   6   0   0   0   0    21.791    21.194    19.968     0.000     0.000     0.000     0.000   0   0   0   0   0   0   0     0.000    -0.425    -0.016     0.003     0.015     0.039     0.080
   7 0 1 0 1 1 1 1   2   0   2   0   0   0   0    21.791    21.194    22.097     0.000     0.000     0.000     0.000   0   0   0   0   0   0   0     0.000     0.182    -0.016     0.003     0.015    -0.015    -0.033
   7 0 0 1 1 1 1 1   6   0   2   0   0   0   0    19.968    21.194    22.097     0.000     0.000     0.000     0.000   0   0   0   0   0   0   0     0.000     0.182    -0.015     0.003     0.014    -0.015    -0.033
   7 0 1 0 1 1 1 1   2   0   2   0   0   0   0    21.791    21.194    22.097     0.000     0.000     0.000     0.000   0   0   0   0   0   0   0     0.000    -0.165    -0.015     0.003     0.014     0.033     0.017
   7 0 0 1 1 1 1 1  14  14   2   0   0   0   0    46.672    44.089    22.097     0.000     0.000     0.000     0.000   0   0   0   0   0   0   0     0.000    -0.165    -0.403     0.017     0.064     0.033     0.017
   7 0 1 0 1 1 1 1   2  14   2   0   0   0   0    21.791    44.089    22.097     0.000     0.000     0.000     0.000   0   0   0   0   0   0   0     0.000     0.173    -0.403     0.017     0.064    -0.014    -0.031
   7 0 0 1 1 1 1 1   6  14   2   0   0   0   0    19.968    46.672    22.097     0.000     0.000     0.000     0.000   0   0   0   0   0   0   0     0.000     0.173    -0.013     0.013     0.003    -0.014    -0.031
   7 0 1 0 1 1 1 1   2  14   2   0   0   0   0    21.791    46.672    22.097     0.000     0.000     0.000     0.000   0   0   0   0   0   0   0     0.000    -0.157    -0.013     0.013     0.003     0.031     0.015
   7 0 1 0 1 1 1 1   2  14   0   0   0   0   0    21.791    46.672    21.197     0.000     0.000     0.000     0.000   0   0   0   0   0   0   0     0.000    -0.383    -0.013     0.013     0.003     0.068     0.032
   7 0 1 0 1 1 1 1   2  14   6   0   0   0   0    21.791    46.672    19.968     0.000     0.000     0.000     0.000   0   0   0   0   0   0   0     0.000     0.165    -0.013     0.013     0.003    -0.014    -0.030
   7 0 0 1 1 1 1 1   6   0   6   0   0   0   0    19.968    21.194    19.968     0.000     0.000     0.000     0.000   0   0   0   0   0   0   0     0.000     0.165    -0.012     0.003     0.012    -0.014    -0.030
   7 0 1 0 1 1 1 1   2   0   2   0   0   0   0    21.791    21.194    22.097     0.000     0.000     0.000     0.000   0   0   0   0   0   0   0     0.000    -0.149    -0.012     0.003     0.012     0.029     0.014
   7 0 1 0 1 1 1 1   2   0   6   0   0   0   0    21.791    21.194    19.968     0.000     0.000     0.000     0.000   0   0   0   0   0   0   0     0.000    -0.364    -0.012     0.003     0.012     0.029     0.063
   7 0 1 0 1 1 1 1   2   0   0   0   0   0   0    21.791    21.194    21.197     0.000     0.000     0.000     0.000   0   0   0   0   0   0   0     0.000     0.156    -0.012     0.003     0.012    -0.027    -0.013
   7 0 0 1 1 1 1 1   6   0   0   0   0   0   0    19.968    21.194    21.197     0.000     0.000     0.000     0.000   0   0   0   0   0   0   0     0.000     0.156    -0.011     0.003     0.011    -0.027    -0.013
   7 0 1 0 1 1 1 1   2   0   2   0   0   0   0    21.791    21.194    22.097     0.000     0.000     0.000     0.000   0   0   0   0   0   0   0     0.000    -0.142    -0.011     0.003     0.011     0.026     0.013
   7 0 1 0 1 1 1 1   2   0   6   0   0   0   0    21.791    21.194    19.968     0.000     0.000     0.000     0.000   0   0   0   0   0   0   0     0.000    -0.346    -0.011     0.003     0.011     0.027     0.058
   7 0 1 0 1 1 1 1   2   0   0   0   0   0   0    21.791    21.194    21.197     0.000     0.000     0.000     0.000   0   0   0   0   0   0   0     0.000     0.148    -0.011     0.003     0.011    -0.025    -0.012
   7 0 0 1 1 1 1 1   6  14   0   0   0   0   0    19.968    46.672    21.197     0.000     0.000     0.000     0.000   0   0   0   0   0   0   0     0.000     0.148    -0.010     0.010     0.003    -0.025    -0.012
   7 0 1 0 1 1 1 1   2  14   2   0   0   0   0    21.791    46.672    22.097     0.000     0.000     0.000     0.000   0   0   0   0   0   0   0     0.000    -0.135    -0.010     0.010     0.003     0.024     0.012
   7 0 0 1 1 1 1 1  14   0   2   0   0   0   0    46.672    21.197    22.097     0.000     0.000     0.000     0.000   0   0   0   0   0   0   0     0.000    -0.135    -0.328     0.053     0.025     0.024     0.012
   7 0 1 0 1 1 1 1   2   0   0   0   0   0   0    21.791    21.197    21.197     0.000     0.000     0.000     0.000   0   0   0   0   0   0   0     0.000     0.141    -0.328     0.053     0.025    -0.023    -0.011
   7 0 0 1 1 1 1 1   6  14   0   0   0   0   0    19.968    46.672    21.197     0.000     0.000     0.000     0.000   0   0   0   0   0   0   0     0.000     0.141    -0.010     0.009     0.003    -0.023    -0.011
   7 0 1 0 1 1 1 1   2  14   0   0   0   0   0    21.791    46.672    21.197     0.000     0.000     0.000     0.000   0   0   0   0   0   0   0     0.000    -0.128    -0.010     0.009     0.003     0.010     0.021
   7 0 1 0 1 1 1 1   2  14   6   0   0   0   0    21.791    46.672    19.968     0.000     0.000     0.000     0.000   0   0   0   0   0   0   0     0.000    -0.312    -0.010     0.009     0.003     0.023     0.049
   7 0 1 0 1 1 1 1   2  14   6   0   0   0   0    21.791    46.672    19.968     0.000     0.000     0.000     0.000   0   0   0   0   0   0   0     0.000     0.134    -0.010     0.009     0.003    -0.010    -0.021
   7 0 1 1 1 1 1 1   6  14   6   0   0   0   0    19.968    46.672    19.968     0.000     0.000     0.000     0.000   0   0   0   0   0   0   0     0.000     0.008    -0.009     0.009     0.003    -0.010    -0.021
   7 0 1 0 1 1 1 1   2  14   2   0   0   0   0    21.791    46.672    22.097     0.000     0.000     0.000     0.000   0   0   0   0   0   0   0     0.000    -0.121    -0.009     0.009     0.003     0.021     0.010
   7 0 1 0 1 1 1 1   2  14   0   0   0   0   0    21.791    46.672    21.197     0.000     0.000     0.000     0.000   0   0   0   0   0   0   0     0.000    -0.296    -0.009     0.009     0.003     0.045     0.021
   7 0 1 0 1 1 1 1   2  14  11   0   0   0   0    21.791    46.672    51.811     0.000     0.000     0.000     0.000   0   0   0   0   0   0   0     0.000     0.127    -0.009     0.009     0.003    -0.019    -0.008
   7 0 0 1 1 1 1 1   6  14  11   0   0   0   0    19.968    46.672    51.811     0.000     0.000     0.000     0.000   0   0   0   0   0   0   0     0.000     0.127    -0.008     0.008     0.002    -0.019    -0.008
   7 0 1 0 1 1 1 1   2  14   2   0   0   0   0    21.791    46.672    22.097     0.000     0.000     0.000     0.000   0   0   0   0   0   0   0     0.000    -0.115    -0.008     0.008     0.002     0.019     0.009
   7 0 1 0 1 1 1 1   2  14   0   0   0   0   0    21.791    46.672    21.197     0.000     0.000     0.000     0.000   0   0   0   0   0   0   0     0.000    -0.282    -0.008     0.008     0.002     0.041     0.019
   7 0 1 0 1 1 1 1   2  14   6   0   0   0   0    21.791    46.672    19.968     0.000     0.000     0.000     0.000   0   0   0   0   0   0   0     0.000     0.121    -0.008     0.008     0.002    -0.009    -0.018
   7 0 0 1 1 1 1 1   6  14   6   0   0   0   0    19.968    46.672    19.968     0.000     0.000     0.000     0.000   0   0   0   0   0   0   0     0.000     0.121    -0.007     0.007     0.002    -0.009    -0.018
   7 0 1 0 1 1 1 1   2  14   2   0   0   0   0    21.791    46.672    22.097     0.000     0.000     0.000     0.000   0   0   0   0   0   0   0     0.000    -0.110    -0.007     0.007     0.002     0.018     0.008
   7 0 0 1 1 1 1 1  14   0   2   0   0   0   0    46.672    21.197    22.097     0.000     0.000     0.000     0.000   0   0   0   0   0   0   0     0.000    -0.110    -0.268     0.038     0.018     0.018     0.008
   7 0 1 0 1 1 1 1   2   0   6   0   0   0   0    21.791    21.197    19.968     0.000     0.000     0.000     0.000   0   0   0   0   0   0   0     0.000     0.115    -0.268     0.038     0.018    -0.008    -0.017
   7 0 0 1 1 1 1 1   6   0   6   0   0   0   0    19.968    21.194    19.968     0.000     0.000     0.000     0.000   0   0   0   0   0   0   0     0.000     0.115    -0.007     0.002     0.006    -0.008    -0.017
   7 0 1 0 1 1 1 1   2   0   2   0   0   0   0    21.791    21.194    22.097     0.000     0.000     0.000     0.000   0   0   0   0   0   0   0     0.000    -0.104    -0.007     0.002     0.006     0.017     0.007
   7 0 1 0 1 1 1 1   2   0  14   0   0   0   0    21.791    21.194    44.089     0.000     0.000     0.000     0.000   0   0   0   0   0   0   0     0.000    -0.254    -0.007     0.002     0.006     0.007     0.030
   7 0 1 0 1 1 1 1   2   0  13   0   0   0   0    21.791    21.194    55.103     0.000     0.000     0.000     0.000   0   0   0   0   0   0   0     0.000     0.109    -0.007     0.002     0.006    -0.013    -0.003
   7 0 1 1 1 1 1 1   6   0  13   0   0   0   0    19.968    21.194    55.103     0.000     0.000     0.000     0.000   0   0   0   0   0   0   0     0.000     0.006    -0.006     0.002     0.006    -0.013    -0.003
   7 0 1 0 1 1 1 1   2   0   2   0   0   0   0    21.791    21.194    22.097     0.000     0.000     0.000     0.000   0   0   0   0   0   0   0     0.000    -0.099    -0.006     0.002     0.006     0.015     0.007
   7 0 1 0 1 1 1 1   2   0   0   0   0   0   0    21.791    21.194    21.197     0.000     0.000     0.000     0.000   0   0   0   0   0   0   0     0.000    -0.241    -0.006     0.002     0.006     0.033     0.014
   7 0 0 1 1 1 1 1  14   0   0   0   0   0   0    46.672    21.197    21.197     0.000     0.000     0.000     0.000   0   0   0   0   0   0   0     0.000    -0.241     0.104    -0.014    -0.006     0.033     0.014
   7 0 0 1 1 1 1 1   6   0   0   0   0   0   0    19.968    21.319    21.197     0.000     0.000     0.000     0.000   0   0   0   0   0   0   0     0.000    -0.241    -0.006     0.003     0.007     0.033     0.014
   7 0 1 0 1 1 1 1   2   0   6   0   0   0   0    21.791    21.319    20.149     0.000     0.000     0.000     0.000   0   0   0   0   0   0   0     0.000    -0.094    -0.006     0.003     0.007     0.013     0.005
   7 0 1 0 1 1 1 1   2   0   0   0   0   0   0    21.791    21.319    21.197     0.000     0.000     0.000     0.000   0   0   0   0   0   0   0     0.000    -0.229    -0.006     0.003     0.007     0.030     0.013
   7 0 1 0 1 1 1 1   2   0   0   0   0   0   0    21.791    21.319    21.197     0.000     0.000     0.000     0.000   0   0   0   0   0   0   0     0.000     0.098    -0.006     0.003     0.007    -0.013    -0.006
   7 0 0 1 1 1 1 1   6   0   0   0   0   0   0    19.968    21.319    21.197     0.000     0.000     0.000     0.000   0   0   0   0   0   0   0     0.000     0.098    -0.005     0.003     0.007    -0.013    -0.006
   7 0 1 0 1 1 1 1   2   0  11   0   0   0   0    21.791    21.319    51.811     0.000     0.000     0.000     0.000   0   0   0   0   0   0   0     0.000    -0.089    -0.005     0.003     0.007     0.006     0.013
   7 0 1 0 1 1 1 1   2   0   0   0   0   0   0    21.791    21.319    21.197     0.000     0.000     0.000     0.000   0   0   0   0   0   0   0     0.000    -0.218    -0.005     0.003     0.007     0.028     0.012
   7 0 1 0 1 1 1 1   2   0   6   0   0   0   0    21.791    21.319    19.968     0.000     0.000     0.000     0.000   0   0   0   0   0   0   0     0.000     0.094    -0.005     0.003     0.007    -0.005    -0.012
   7 0 0 1 1 1 1 1   6  14   6   0   0   0   0    19.968    44.146    19.968     0.000     0.000     0.000     0.000   0   0   0   0   0   0   0     0.000     0.094    -0.005     0.007     0.003    -0.005    -0.012
   7 0 1 0 1 1 1 1   2  14  11   0   0   0   0    21.791    44.146    51.811     0.000     0.000     0.000     0.000   0   0   0   0   0   0   0     0.000    -0.085    -0.005     0.007     0.003     0.005     0.012
   7 0 1 0 1 1 1 1   2  14   0   0   0   0   0    21.791    44.146    21.197     0.000     0.000     0.000     0.000   0   0   0   0   0   0   0     0.000    -0.207    -0.005     0.007     0.003     0.025     0.011
   7 0 1 0 1 1 1 1   2  14   0   0   0   0   0    21.791    44.146    21.197     0.000     0.000     0.000     0.000   0   0   0   0   0   0   0     0.000     0.089    -0.005     0.007     0.003    -0.011    -0.005
   7 0 0 1 1 1 1 1   6  14   0   0   0   0   0    19.968    44.146    21.197     0.000     0.000     0.000     0.000   0   0   0   0   0   0   0     0.000     0.089    -0.005     0.006     0.002    -0.011    -0.005
   7 0 1 0 1 1 1 1   2  14  11   0   0   0   0    21.791    44.146    51.811     0.000     0.000     0.000     0.000   0   0   0   0   0   0   0     0.000    -0.081    -0.005     0.006     0.002     0.005     0.011
   7 0 1 0 1 1 1 1   2  14   4   0   0   0   0    21.791    44.146    23.182     0.000     0.000     0.000     0.000   0   0   0   0   0   0   0     0.000    -0.197    -0.005     0.006     0.002     0.022     0.009
   7 0 0 1 1 1 1 1  14   0   4   0   0   0   0    46.672    21.197    23.182     0.000     0.000     0.000     0.000   0   0   0   0   0   0   0     0.000    -0.197     0.084    -0.010    -0.005     0.022     0.009
   7 0 0 0 1 1 1 1   6   0   2   0   0   0   0    19.968    21.319    22.137     0.000     0.000     0.000     0.000   0   0   0   0   0   0   0     0.000    -0.197     0.084     0.002     0.006    -0.001    -0.005
   7 0 1 0 1 1 1 1   2   0   0   0   0   0   0    21.791    21.319    21.197     0.000     0.000     0.000     0.000   0   0   0   0   0   0   0     0.000    -0.077     0.084     0.002     0.006     0.004     0.010
   7 0 1 0 1 1 1 1   2   0   0   0   0   0   0    21.791    21.319    21.197     0.000     0.000     0.000     0.000   0   0   0   0   0   0   0     0.000    -0.187     0.084     0.002     0.006     0.022     0.009
   7 0 1 0 1 1 1 1   2   0   2   0   0   0   0    21.791    21.319    22.054     0.000     0.000     0.000     0.000   0   0   0   0   0   0   0     0.000     0.080     0.084     0.002     0.006    -0.003    -0.009
   7 0 0 0 1 1 1 1   6   0   0   0   0   0   0    19.968    21.319    21.119     0.000     0.000     0.000     0.000   0   0   0   0   0   0   0     0.000     0.080     0.084     0.002     0.006    -0.004    -0.001
   7 0 1 0 1 1 1 1   2   0   2   0   0   0   0    21.791    21.319    22.097     0.000     0.000     0.000     0.000   0   0   0   0   0   0   0     0.000    -0.073     0.084     0.002     0.006     0.010     0.004
   7 0 1 0 1 1 1 1   2   0   0   0   0   0   0    21.791    21.319    21.197     0.000     0.000     0.000     0.000   0   0   0   0   0   0   0     0.000    -0.177     0.084     0.002     0.006     0.020     0.009
   7 0 1 0 1 1 1 1   2   0   0   0   0   0   0    21.791    21.319    21.197     0.000     0.000     0.000     0.000   0   0   0   0   0   0   0     0.000     0.076     0.084     0.002     0.006    -0.009    -0.004
   7 0 0 1 1 1 1 1   6   0   0   0   0   0   0    19.968    21.319    21.197     0.000     0.000     0.000     0.000   0   0   0   0   0   0   0     0.000     0.076    -0.004     0.002     0.005    -0.009    -0.004
   7 0 1 0 1 1 1 1   2   0  11   0   0   0   0    21.791    21.319    51.811     0.000     0.000     0.000     0.000   0   0   0   0   0   0   0     0.000    -0.069    -0.004     0.002     0.005     0.004     0.009
   7 0 1 0 1 1 1 1   2   0   0   0   0   0   0    21.791    21.319    21.319     0.000     0.000     0.000     0.000   0   0   0   0   0   0   0     0.000    -0.169    -0.004     0.002     0.005     0.016     0.003
   7 0 1 0 1 1 1 1   2   0   0   0   0   0   0    21.791    21.319    21.197     0.000     0.000     0.000     0.000   0   0   0   0   0   0   0     0.000     0.072    -0.004     0.002     0.005    -0.008    -0.003
   7 0 0 0 1 1 1 1   6   0   2   0   0   0   0    19.968    21.319    22.137     0.000     0.000     0.000     0.000   0   0   0   0   0   0   0     0.000     0.072    -0.004     0.002     0.005    -0.001    -0.004
   7 0 0 1 1 1 1 1  14   6   2   0   0   0   0    46.672    20.149    22.137     0.000     0.000     0.000     0.000   0   0   0   0   0   0   0     0.000     0.072    -0.066     0.007     0.002    -0.001    -0.004
   7 0 1 0 1 1 1 1   2   6   6   0   0   0   0    21.791    20.149    19.968     0.000     0.000     0.000     0.000   0   0   0   0   0   0   0     0.000    -0.160    -0.066     0.007     0.002     0.007     0.017
   7 0 0 1 1 1 1 1  14   6   6   0   0   0   0    46.672    19.968    19.968     0.000     0.000     0.000     0.000   0   0   0   0   0   0   0     0.000    -0.160     0.069    -0.003    -0.007     0.007     0.017
   7 0 0 0 1 1 1 1   6  14   2   0   0   0   0    19.968    44.146    22.137     0.000     0.000     0.000     0.000   0   0   0   0   0   0   0     0.000    -0.160     0.069     0.005     0.002    -0.001    -0.003
   7 0 1 0 1 1 1 1   2  14  11   0   0   0   0    21.791    44.146    51.811     0.000     0.000     0.000     0.000   0   0   0   0   0   0   0     0.000    -0.062     0.069     0.005     0.002     0.003     0.008
   7 0 0 1 1 1 1 1  14   6  11   0   0   0   0    46.672    19.968    51.811     0.000     0.000     0.000     0.000   0   0   0   0   0   0   0     0.000    -0.062    -0.152     0.006     0.016     0.003     0.008
   7 0 1 0 1 1 1 1   2   6  13   0   0   0   0    21.791    19.968    55.103     0.000     0.000     0.000     0.000   0   0   0   0   0   0   0     0.000     0.065    -0.152     0.006     0.016    -0.006    -0.001
   7 0 0 0 1 1 1 1   6  14   0   0   0   0   0    19.968    44.146    21.119     0.000     0.000     0.000     0.000   0   0   0   0   0   0   0     0.000     0.065    -0.152     0.005     0.001    -0.003    -0.001
   7 0 1 0 1 1 1 1   2  14   2   0   0   0   0    21.791    44.146    22.097     0.000     0.000     0.000     0.000   0   0   0   0   0   0   0     0.000    -0.059    -0.152     0.005     0.001     0.007     0.003
   7 0 0 1 1 1 1 1  14   6   2   0   0   0   0    46.672    19.968    22.097     0.000     0.000     0.000     0.000   0   0   0   0   0   0   0     0.000    -0.059    -0.145     0.006     0.014     0.007     0.003
   7 0 1 0 1 1 1 1   2   6   6   0   0   0   0    21.791    19.968    19.968     0.000     0.000     0.000     0.000   0   0   0   0   0   0   0     0.000     0.062    -0.145     0.006     0.014    -0.003    -0.006
   7 0 0 0 1 1 1 1   6   0   2   0   0   0   0    19.968    21.319    22.137     0.000     0.000     0.000     0.000   0   0   0   0   0   0   0     0.000     0.062    -0.145     0.001     0.004    -0.001    -0.003
   7 0 0 1 1 1 1 1  14  11   2   0   0   0   0    46.672    51.811    22.137     0.000     0.000     0.000     0.000   0   0   0   0   0   0   0     0.000     0.062    -0.056     0.002     0.007    -0.001    -0.003
   7 0 1 0 1 1 1 1   2  11   6   0   0   0   0    21.791    51.811    19.968     0.000     0.000     0.000     0.000   0   0   0   0   0   0   0     0.000    -0.137    -0.056     0.002     0.007     0.005     0.013
   7 0 1 0 1 1 1 1   2  11   6   0   0   0   0    21.791    51.811    19.968     0.000     0.000     0.000     0.000   0   0   0   0   0   0   0     0.000     0.059    -0.056     0.002     0.007    -0.002    -0.006
   7 0 0 1 1 1 1 1   6   0   6   0   0   0   0    19.968    21.319    19.968     0.000     0.000     0.000     0.000   0   0   0   0   0   0   0     0.000     0.059    -0.002     0.001     0.004    -0.002    -0.006
   7 0 1 0 1 1 1 1   2   0  11   0   0   0   0    21.791    21.319    51.811     0.000     0.000     0.000     0.000   0   0   0   0   0   0   0     0.000    -0.053    -0.002     0.001     0.004     0.002     0.006
   7 0 1 0 1 1 1 1   2   0   0   0   0   0   0    21.791    21.319    21.319     0.000     0.000     0.000     0.000   0   0   0   0   0   0   0     0.000    -0.130    -0.002     0.001     0.004     0.010     0.001
   7 0 1 0 1 1 1 1   2   0   0   0   0   0   0    21.791    21.319    21.119     0.000     0.000     0.000     0.000   0   0   0   0   0   0   0     0.000     0.056    -0.002     0.001     0.004    -0.006    -0.002
   7 0 0 0 1 1 1 1   6   0   2   0   0   0   0    19.968    21.319    22.137     0.000     0.000     0.000     0.000   0   0   0   0   0   0   0     0.000     0.056    -0.002     0.001     0.004    -0.001    -0.002
   7 0 1 0 1 1 1 1   2   0   0   0   0   0   0    21.791    21.319    21.119     0.000     0.000     0.000     0.000   0   0   0   0   0   0   0     0.000    -0.051    -0.002     0.001     0.004     0.001     0.005
   7 0 1 0 1 1 1 1   2   0   0   0   0   0   0    21.791    21.319    21.197     0.000     0.000     0.000     0.000   0   0   0   0   0   0   0     0.000    -0.124    -0.002     0.001     0.004     0.011     0.004
   7 0 0 1 1 1 1 1  14   0   0   0   0   0   0    46.672    21.119    21.197     0.000     0.000     0.000     0.000   0   0   0   0   0   0   0     0.000    -0.124     0.053    -0.005    -0.002     0.011     0.004
   7 0 0 0 1 1 1 1   6  14   0   0   0   0   0    19.968    44.146    21.119     0.000     0.000     0.000     0.000   0   0   0   0   0   0   0     0.000    -0.124     0.053     0.004     0.001    -0.002    -0.001
   7 0 1 0 1 1 1 1   2  14   2   0   0   0   0    21.791    44.146    22.097     0.000     0.000     0.000     0.000   0   0   0   0   0   0   0     0.000    -0.048     0.053     0.004     0.001     0.005     0.002
   7 0 1 0 1 1 1 1   2  14   6   0   0   0   0    21.791    44.146    19.968     0.000     0.000     0.000     0.000   0   0   0   0   0   0   0     0.000    -0.118     0.053     0.004     0.001     0.004     0.010
   7 0 0 1 1 1 1 1  14   0   6   0   0   0   0    46.672    21.119    19.968     0.000     0.000     0.000     0.000   0   0   0   0   0   0   0     0.000    -0.118     0.051    -0.005    -0.002     0.004     0.010
   7 0 0 0 1 1 1 1   0   2   0   0   0   0   0    21.197    21.834    21.319     0.000     0.000     0.000     0.000   0   0   0   0   0   0   0     0.000    -0.118     0.051     0.000    -0.002     0.001     0.004
   7 0 1 0 1 1 1 1   2   2  11   0   0   0   0    21.791    21.834    51.811     0.000     0.000     0.000     0.000   0   0   0   0   0   0   0     0.000    -0.046     0.051     0.000    -0.002     0.002     0.005
   7 0 1 0 1 1 1 1   2   2  22   0   0   0   0    21.791    21.834     5.293     0.000     0.000     0.000     0.000   0   0   0   0   0   0   0     0.000    -0.112     0.051     0.000    -0.002     0.002     0.009
   7 0 1 0 1 1 1 1   2   2   2   0   0   0   0    21.791    21.834    22.054     0.000     0.000     0.000     0.000   0   0   0   0   0   0   0     0.000     0.048     0.051     0.000    -0.002    -0.001    -0.004
   7 0 0 0 1 1 1 1   0   0   0   0   0   0   0    21.197    21.117    21.319     0.000     0.000     0.000     0.000   0   0   0   0   0   0   0     0.000     0.048     0.051    -0.002    -0.000     0.001     0.003
   7 0 1 0 1 1 1 1   2   0   2   0   0   0   0    21.791    21.117    22.097     0.000     0.000     0.000     0.000   0   0   0   0   0   0   0     0.000    -0.044     0.051    -0.002    -0.000     0.005     0.002
   7 0 1 0 1 1 1 1   2   0   0   0   0   0   0    21.791    21.117    21.197     0.000     0.000     0.000     0.000   0   0   0   0   0   0   0     0.000    -0.106     0.051    -0.002    -0.000     0.009     0.003
   7 0 1 0 1 1 1 1   2   0   6   0   0   0   0    21.791    21.117    20.149     0.000     0.000     0.000     0.000   0   0   0   0   0   0   0     0.000     0.046     0.051    -0.002    -0.000    -0.002    -0.004
   7 0 0 0 1 1 1 1   0   2   0   0   0   0   0    21.197    21.834    21.319     0.000     0.000     0.000     0.000   0   0   0   0   0   0   0     0.000     0.046     0.051     0.000    -0.002     0.001     0.003
   7 0 1 0 1 1 1 1   2   2   6   0   0   0   0    21.791    21.834    20.157     0.000     0.000     0.000     0.000   0   0   0   0   0   0   0     0.000    -0.041     0.051     0.000    -0.002     0.003     0.000
   7 0 1 0 1 1 1 1   2   2   0   0   0   0   0    21.791    21.834    21.197     0.000     0.000     0.000     0.000   0   0   0   0   0   0   0     0.000    -0.101     0.051     0.000    -0.002     0.008     0.003
   7 0 1 0 1 1 1 1   2   2   0   0   0   0   0    21.791    21.834    21.119     0.000     0.000     0.000     0.000   0   0   0   0   0   0   0     0.000     0.043     0.051     0.000    -0.002    -0.004    -0.001
   7 0 0 0 1 1 1 1   0   2   0   0   0   0   0    21.197    22.137    21.319     0.000     0.000     0.000     0.000   0   0   0   0   0   0   0     0.000     0.043     0.051    -0.000    -0.002     0.001     0.003
   7 0 1 0 1 1 1 1   2   2  11   0   0   0   0    21.791    22.137    51.811     0.000     0.000     0.000     0.000   0   0   0   0   0   0   0     0.000    -0.039     0.051    -0.000    -0.002     0.001     0.004
   7 0 1 0 1 1 1 1   2   2   0   0   0   0   0    21.791    22.137    21.197     0.000     0.000     0.000     0.000   0   0   0   0   0   0   0     0.000    -0.096     0.051    -0.000    -0.002     0.008     0.003
   7 0 1 0 1 1 1 1   2   2   0   0   0   0   0    21.791    22.137    21.119     0.000     0.000     0.000     0.000   0   0   0   0   0   0   0     0.000     0.041     0.051    -0.000    -0.002    -0.004    -0.001
   7 0 0 0 1 1 1 1   4   2  11   0   0   0   0    23.182    22.093    51.825     0.000     0.000     0.000     0.000   0   0   0   0   0   0   0     0.000     0.041     0.051     0.000    -0.001     0.003     0.001
   7 0 0 1 1 1 1 1  14   2  11   0   0   0   0    46.672    22.097    51.825     0.000     0.000     0.000     0.000   0   0   0   0   0   0   0     0.000     0.041    -0.037     0.004     0.001     0.003     0.001
   7 0 1 0 1 1 1 1   2   2   0   0   0   0   0    21.791    22.097    21.319     0.000     0.000     0.000     0.000   0   0   0   0   0   0   0     0.000    -0.091    -0.037     0.004     0.001     0.006     0.000
   7 0 1 0 1 1 1 1   2   2   2   0   0   0   0    21.791    22.097    22.097     0.000     0.000     0.000     0.000   0   0   0   0   0   0   0     0.000     0.039    -0.037     0.004     0.001    -0.001    -0.003
   7 0 0 0 1 1 1 1   4   0   0   0   0   0   0    23.182    21.117    21.318     0.000     0.000     0.000     0.000   0   0   0   0   0   0   0     0.000     0.039    -0.037    -0.001     0.000     0.001     0.003
   7 0 0 1 1 1 1 1  14   2   0   0   0   0   0    46.672    22.097    21.318     0.000     0.000     0.000     0.000   0   0   0   0   0   0   0     0.000     0.039    -0.035     0.003     0.001     0.001     0.003
   7 0 1 0 1 1 1 1   2   2   0   0   0   0   0    21.791    22.097    21.197     0.000     0.000     0.000     0.000   0   0   0   0   0   0   0     0.000    -0.087    -0.035     0.003     0.001     0.006     0.002
   7 0 1 0 1 1 1 1   2   2   6   0   0   0   0    21.791    22.097    20.149     0.000     0.000     0.000     0.000   0   0   0   0   0   0   0     0.000     0.037    -0.035     0.003     0.001    -0.001    -0.003
   7 0 0 0 1 1 1 1   0   2  11   0   0   0   0    21.197    22.137    51.811     0.000     0.000     0.000     0.000   0   0   0   0   0   0   0     0.000     0.037    -0.035    -0.000    -0.001     0.003     0.001
   7 0 1 0 1 1 1 1   2   2   0   0   0   0   0    21.791    22.137    21.119     0.000     0.000     0.000     0.000   0   0   0   0   0   0   0     0.000    -0.034    -0.035    -0.000    -0.001     0.000     0.003
   7 0 1 0 1 1 1 1   2   2   4   0   0   0   0    21.791    22.137    23.182     0.000     0.000     0.000     0.000   0   0   0   0   0   0   0     0.000    -0.082    -0.035    -0.000    -0.001     0.006     0.002
   7 0 1 0 1 1 1 1   2   2   0   0   0   0   0    21.791    22.137    21.119     0.000     0.000     0.000     0.000   0   0   0   0   0   0   0     0.000     0.035    -0.035    -0.000    -0.001    -0.003    -0.001
   7 0 0 0 1 1 1 1   4   2   0   0   0   0   0    23.182    22.093    21.318     0.000     0.000     0.000     0.000   0   0   0   0   0   0   0     0.000     0.035    -0.035     0.000    -0.001     0.001     0.002
   7 0 1 0 1 1 1 1   2   2   2   0   0   0   0    21.791    22.093    22.097     0.000     0.000     0.000     0.000   0   0   0   0   0   0   0     0.000    -0.032    -0.035     0.000    -0.001     0.003     0.001
   7 0 1 0 1 1 1 1   2   2   6   0   0   0   0    21.791    22.093    19.968     0.000     0.000     0.000     0.000   0   0   0   0   0   0   0     0.000    -0.078    -0.035     0.000    -0.001     0.002     0.006
   7 0 1 0 1 1 1 1   2   2  13   0   0   0   0    21.791    22.093    55.103     0.000     0.000     0.000     0.000   0   0   0   0   0   0   0     0.000     0.034    -0.035     0.000    -0.001    -0.002     0.000
   7 0 0 0 1 1 1 1   4   0  11   0   0   0   0    23.182    21.117    51.825     0.000     0.000     0.000     0.000   0   0   0   0   0   0   0     0.000     0.034    -0.035    -0.001     0.000     0.002     0.001
   7 0 1 0 1 1 1 1   2   0   0   0   0   0   0    21.791    21.117    21.113     0.000     0.000     0.000     0.000   0   0   0   0   0   0   0     0.000    -0.030    -0.035    -0.001     0.000     0.000     0.002
   7 0 0 1 1 1 1 1  14  14   0   0   0   0   0    46.672    44.089    21.113     0.000     0.000     0.000     0.000   0   0   0   0   0   0   0     0.000    -0.030    -0.074    -0.000     0.004     0.000     0.002
   7 0 1 0 1 1 1 1   2  14   6   0   0   0   0    21.791    44.089    20.149     0.000     0.000     0.000     0.000   0   0   0   0   0   0   0     0.000     0.032    -0.074    -0.000     0.004    -0.001    -0.003
   7 0 0 0 1 1 1 1   4   2   0   0   0   0   0    23.182    22.093    21.318     0.000     0.000     0.000     0.000   0   0   0   0   0   0   0     0.000     0.032    -0.074     0.000    -0.001     0.001     0.002
   7 0 1 0 1 1 1 1   2   2  11   0   0   0   0    21.791    22.093    51.811     0.000     0.000     0.000     0.000   0   0   0   0   0   0   0     0.000    -0.029    -0.074     0.000    -0.001     0.001     0.003
   7 0 1 0 1 1 1 1   2   2   0   0   0   0   0    21.791    22.093    21.197     0.000     0.000     0.000     0.000   0   0   0   0   0   0   0     0.000    -0.071    -0.074     0.000    -0.001     0.005     0.001
   7 0 1 0 1 1 1 1   2   2   0   0   0   0   0    21.791    22.093    21.119     0.000     0.000     0.000     0.000   0   0   0   0   0   0   0     0.000     0.030    -0.074     0.000    -0.001    -0.002    -0.001
   7 0 0 0 1 1 1 1   4   0   0   0   0   0   0    23.182    21.117    21.318     0.000     0.000     0.000     0.000   0   0   0   0   0   0   0     0.000     0.030    -0.074    -0.001     0.000     0.001     0.002
   7 0 1 0 1 1 1 1   2   0   2   0   0   0   0    21.791    21.117    22.097     0.000     0.000     0.000     0.000   0   0   0   0   0   0   0     0.000    -0.027    -0.074    -0.001     0.000     0.002     0.001
   7 0 1 0 1 1 1 1   2   0   6   0   0   0   0    21.791    21.117    19.968     0.000     0.000     0.000     0.000   0   0   0   0   0   0   0     0.000    -0.067    -0.074    -0.001     0.000     0.001     0.004
   7 0 1 0 1 1 1 1   2   0   6   0   0   0   0    21.791    21.117    20.149     0.000     0.000     0.000     0.000   0   0   0   0   0   0   0     0.000     0.029    -0.074    -0.001     0.000    -0.001    -0.002
   7 0 0 0 1 1 1 1   4   0  11   0   0   0   0    23.182    21.117    51.825     0.000     0.000     0.000     0.000   0   0   0   0   0   0   0     0.000     0.029    -0.074    -0.001     0.000     0.002     0.001
   7 0 0 1 1 1 1 1  14  11  11   0   0   0   0    46.672    51.811    51.825     0.000     0.000     0.000     0.000   0   0   0   0   0   0   0     0.000     0.029    -0.026     0.001     0.002     0.002     0.001
   7 0 1 0 1 1 1 1   2  11   6   0   0   0   0    21.791    51.811    19.968     0.000     0.000     0.000     0.000   0   0   0   0   0   0   0     0.000    -0.064    -0.026     0.001     0.002     0.001     0.004
   7 0 1 0 1 1 1 1   2  11  13   0   0   0   0    21.791    51.811    55.103     0.000     0.000     0.000     0.000   0   0   0   0   0   0   0     0.000     0.027    -0.026     0.001     0.002    -0.002     0.000
   7 0 0 0 1 1 1 1   4   2   0   0   0   0   0    23.182    22.093    21.318     0.000     0.000     0.000     0.000   0   0   0   0   0   0   0     0.000     0.027    -0.026     0.000    -0.001     0.001     0.002
   7 0 1 0 1 1 1 1   2   2   0   0   0   0   0    21.791    22.093    21.113     0.000     0.000     0.000     0.000   0   0   0   0   0   0   0     0.000    -0.025    -0.026     0.000    -0.001    -0.000     0.002
   7 0 1 0 1 1 1 1   2   2   0   0   0   0   0    21.791    22.093    21.319     0.000     0.000     0.000     0.000   0   0   0   0   0   0   0     0.000    -0.060    -0.026     0.000    -0.001     0.003    -0.000
   7 0 1 0 1 1 1 1   2   2   0   0   0   0   0    21.791    22.093    21.119     0.000     0.000     0.000     0.000   0   0   0   0   0   0   0     0.000     0.026    -0.026     0.000    -0.001    -0.002    -0.001
   7 0 0 0 1 1 1 1   4   0  11   0   0   0   0    23.182    21.113    51.825     0.000     0.000     0.000     0.000   0   0   0   0   0   0   0     0.000     0.026    -0.026    -0.001    -0.000     0.002     0.001
   7 0 1 0 1 1 1 1   2   0   2   0   0   0   0    21.791    21.113    22.097     0.000     0.000     0.000     0.000   0   0   0   0   0   0   0     0.000    -0.024    -0.026    -0.001    -0.000     0.002     0.000
   7 0 1 0 1 1 1 1   2   0   0   0   0   0   0    21.791    21.113    21.197     0.000     0.000     0.000     0.000   0   0   0   0   0   0   0     0.000    -0.057    -0.026    -0.001    -0.000     0.003     0.001
   7 0 1 0 1 1 1 1   2   0   0   0   0   0   0    21.791    21.113    21.119     0.000     0.000     0.000     0.000   0   0   0   0   0   0   0     0.000     0.025    -0.026    -0.001    -0.000    -0.002    -0.000
   7 0 0 0 1 1 1 1   4   0   0   0   0   0   0    23.182    21.117    21.318     0.000     0.000     0.000     0.000   0   0   0   0   0   0   0     0.000     0.025    -0.026    -0.001     0.000     0.001     0.002
   7 0 0 1 1 1 1 1  14   2   0   0   0   0   0    46.672    22.097    21.318     0.000     0.000     0.000     0.000   0   0   0   0   0   0   0     0.000     0.025    -0.022     0.002     0.000     0.001     0.002
   7 0 1 0 1 1 1 1   2   2   4   0   0   0   0    21.791    22.097    23.182     0.000     0.000     0.000     0.000   0   0   0   0   0   0   0     0.000    -0.055    -0.022     0.002     0.000     0.003     0.001
   7 0 1 0 1 1 1 1   2   2   0   0   0   0   0    21.791    22.097    21.197     0.000     0.000     0.000     0.000   0   0   0   0   0   0   0     0.000     0.023    -0.022     0.002     0.000    -0.001    -0.000
   7 0 0 0 1 1 1 1   0   0  11   0   0   0   0    21.197    21.113    51.811     0.000     0.000     0.000     0.000   0   0   0   0   0   0   0     0.000     0.023    -0.022    -0.001    -0.000     0.002     0.000
   7 0 0 1 1 1 1 1  14   0  11   0   0   0   0    46.672    21.197    51.811     0.000     0.000     0.000     0.000   0   0   0   0   0   0   0     0.000     0.023    -0.021     0.000     0.001     0.002     0.000
   7 0 0 1 1 1 1 1  14   0  11   0   0   0   0    46.672    21.197    51.811     0.000     0.000     0.000     0.000   0   0   0   0   0   0   0     0.000     0.023    -0.052     0.003     0.001     0.002     0.000
   7 0 1 0 1 1 1 1   2   0  27   0   0   0   0    21.791    21.197     5.100     0.000     0.000     0.000     0.000   0   0   0   0   0   0   0     0.000     0.022    -0.052     0.003     0.001     0.000    -0.001
   7 0 0 0 1 1 1 1   4   0   0   0   0   0   0    23.182    21.113    21.318     0.000     0.000     0.000     0.000   0   0   0   0   0   0   0     0.000     0.022    -0.052    -0.001    -0.000     0.000     0.002
   7 0 1 0 1 1 1 1   2   0   0   0   0   0   0    21.791    21.113    21.113     0.000     0.000     0.000     0.000   0   0   0   0   0   0   0     0.000    -0.020    -0.052    -0.001    -0.000    -0.000     0.001
   7 0 1 0 1 1 1 1   2   0   0   0   0   0   0    21.791    21.113    21.319     0.000     0.000     0.000     0.000   0   0   0   0   0   0   0     0.000    -0.049    -0.052    -0.001    -0.000     0.002    -0.000
   7 0 0 1 1 1 1 1  14   0   0   0   0   0   0    46.672    21.113    21.319     0.000     0.000     0.000     0.000   0   0   0   0   0   0   0     0.000    -0.049     0.021    -0.002    -0.000     0.002    -0.000
   7 0 0 0 1 1 1 1   4   2   0   0   0   0   0    23.182    22.093    21.318     0.000     0.000     0.000     0.000   0   0   0   0   0   0   0     0.000    -0.049     0.021     0.000    -0.001     0.000     0.001
   7 0 1 0 1 1 1 1   2   2   2   0   0   0   0    21.791    22.093    22.097     0.000     0.000     0.000     0.000   0   0   0   0   0   0   0     0.000    -0.019     0.021     0.000    -0.001     0.001     0.000
   7 0 0 1 1 1 1 1  14   0   2   0   0   0   0    46.672    21.197    22.097     0.000     0.000     0.000     0.000   0   0   0   0   0   0   0     0.000    -0.019    -0.047     0.003     0.001     0.001     0.000
   7 0 1 0 1 1 1 1   2   0   0   0   0   0   0    21.791    21.197    21.113     0.000     0.000     0.000     0.000   0   0   0   0   0   0   0     0.000     0.020    -0.047     0.003     0.001    -0.001    -0.000
   7 0 0 0 1 1 1 1   4   0   0   0   0   0   0    23.182    21.113    21.318     0.000     0.000     0.000     0.000   0   0   0   0   0   0   0     0.000     0.020    -0.047    -0.001    -0.000     0.000     0.001
   7 0 0 1 1 1 1 1  14   2   0   0   0   0   0    46.672    22.097    21.318     0.000     0.000     0.000     0.000   0   0   0   0   0   0   0     0.000     0.020    -0.018     0.001     0.000     0.000     0.001
   7 0 1 0 1 1 1 1   2   2   3   0   0   0   0    21.791    22.097    23.533     0.000     0.000     0.000     0.000   0   0   0   0   0   0   0     0.000    -0.044    -0.018     0.001     0.000     0.002     0.000
   7 0 1 0 1 1 1 1   2   2   6   0   0   0   0    21.791    22.097    20.149     0.000     0.000     0.000     0.000   0   0   0   0   0   0   0     0.000     0.019    -0.018     0.001     0.000    -0.000    -0.001
   7 0 0 0 1 1 1 1   0   5   0   0   0   0   0    21.197    22.337    21.319     0.000     0.000     0.000     0.000   0   0   0   0   0   0   0     0.000     0.019    -0.018    -0.000    -0.001     0.000     0.001
   7 0 1 0 1 1 1 1   2   5   0   0   0   0   0    21.791    22.337    21.113     0.000     0.000     0.000     0.000   0   0   0   0   0   0   0     0.000    -0.017    -0.018    -0.000    -0.001    -0.000     0.001
   7 0 1 0 1 1 1 1   2   5   6   0   0   0   0    21.791    22.337    19.968     0.000     0.000     0.000     0.000   0   0   0   0   0   0   0     0.000    -0.042    -0.018    -0.000    -0.001     0.000     0.002
   7 0 1 0 1 1 1 1   2   5   0   0   0   0   0    21.791    22.337    21.113     0.000     0.000     0.000     0.000   0   0   0   0   0   0   0     0.000     0.018    -0.018    -0.000    -0.001    -0.001    -0.000
   7 0 0 0 1 1 1 1   4   2   0   0   0   0   0    23.182    22.093    21.318     0.000     0.000     0.000     0.000   0   0   0   0   0   0   0     0.000     0.018    -0.018     0.000    -0.000     0.000     0.001
   7 0 0 1 1 1 1 1  14   2   0   0   0   0   0    46.672    22.097    21.318     0.000     0.000     0.000     0.000   0   0   0   0   0   0   0     0.000     0.018    -0.016     0.001     0.000     0.000     0.001
   7 0 1 0 1 1 1 1   2   2   0   0   0   0   0    21.791    22.097    21.319     0.000     0.000     0.000     0.000   0   0   0   0   0   0   0     0.000    -0.040    -0.016     0.001     0.000     0.002    -0.000
   7 0 1 0 1 1 1 1   2   2  27   0   0   0   0    21.791    22.097     5.100     0.000     0.000     0.000     0.000   0   0   0   0   0   0   0     0.000     0.017    -0.016     0.001     0.000     0.000    -0.001
   7 0 0 0 1 1 1 1   4   0  11   0   0   0   0    23.182    21.113    51.825     0.000     0.000     0.000     0.000   0   0   0   0   0   0   0     0.000     0.017    -0.016    -0.001    -0.000     0.001     0.000
   7 0 1 0 1 1 1 1   2   0   2   0   0   0   0    21.791    21.113    22.097     0.000     0.000     0.000     0.000   0   0   0   0   0   0   0     0.000    -0.016    -0.016    -0.001    -0.000     0.001     0.000
   7 0 1 0 1 1 1 1   2   0   0   0   0   0   0    21.791    21.113    21.197     0.000     0.000     0.000     0.000   0   0   0   0   0   0   0     0.000    -0.038    -0.016    -0.001    -0.000     0.002     0.000
   7 0 1 0 1 1 1 1   2   0   0   0   0   0   0    21.791    21.113    21.113     0.000     0.000     0.000     0.000   0   0   0   0   0   0   0     0.000     0.016    -0.016    -0.001    -0.000    -0.001    -0.000
   7 0 0 0 1 1 1 1   4   0   0   0   0   0   0    23.182    21.113    21.318     0.000     0.000     0.000     0.000   0   0   0   0   0   0   0     0.000     0.016    -0.016    -0.001    -0.000     0.000     0.001
   7 0 1 0 1 1 1 1   2   0   6   0   0   0   0    21.791    21.113    20.160     0.000     0.000     0.000     0.000   0   0   0   0   0   0   0     0.000    -0.015    -0.016    -0.001    -0.000     0.001    -0.000
   7 0 1 0 1 1 1 1   2   0   0   0   0   0   0    21.791    21.113    21.197     0.000     0.000     0.000     0.000   0   0   0   0   0   0   0     0.000    -0.036    -0.016    -0.001    -0.000     0.002     0.000
   7 0 0 1 1 1 1 1  14   0   0   0   0   0   0    46.672    21.113    21.197     0.000     0.000     0.000     0.000   0   0   0   0   0   0   0     0.000    -0.036     0.016    -0.001    -0.000     0.002     0.000
   7 0 0 0 1 1 1 1   6   0   0   0   0   0   0    19.968    21.319    21.113     0.000     0.000     0.000     0.000   0   0   0   0   0   0   0     0.000    -0.036     0.016     0.000     0.001    -0.000    -0.000
   7 0 1 0 1 1 1 1   2   0   2   0   0   0   0    21.791    21.319    22.097     0.000     0.000     0.000     0.000   0   0   0   0   0   0   0     0.000    -0.014     0.016     0.000     0.001     0.001     0.000
   7 0 1 0 1 1 1 1   2   0   0   0   0   0   0    21.791    21.319    21.319     0.000     0.000     0.000     0.000   0   0   0   0   0   0   0     0.000    -0.034     0.016     0.000     0.001     0.001    -0.000
   7 0 1 0 1 1 1 1   2   0   2   0   0   0   0    21.791    21.319    22.054     0.000     0.000     0.000     0.000   0   0   0   0   0   0   0     0.000     0.015     0.016     0.000     0.001     0.000    -0.001
   7 0 0 0 1 1 1 1   4   2   0   0   0   0   0    23.182    22.093    21.318     0.000     0.000     0.000     0.000   0   0   0   0   0   0   0     0.000     0.015     0.016     0.000    -0.000     0.000     0.001
   7 0 1 0 1 1 1 1   2   2   0   0   0   0   0    21.791    22.093    21.110     0.000     0.000     0.000     0.000   0   0   0   0   0   0   0     0.000    -0.013     0.016     0.000    -0.000    -0.000     0.001
   7 0 1 0 1 1 1 1   2   2   0   0   0   0   0    21.791    22.093    21.197     0.000     0.000     0.000     0.000   0   0   0   0   0   0   0     0.000    -0.033     0.016     0.000    -0.000     0.001     0.000
   7 0 1 0 1 1 1 1   2   2   0   0   0   0   0    21.791    22.093    21.113     0.000     0.000     0.000     0.000   0   0   0   0   0   0   0     0.000     0.014     0.016     0.000    -0.000    -0.001    -0.000
   7 0 0 0 1 1 1 1   4   0  11   0   0   0   0    23.182    21.113    51.825     0.000     0.000     0.000     0.000   0   0   0   0   0   0   0     0.000     0.014     0.016    -0.000     0.000     0.001     0.000
   7 0 1 0 1 1 1 1   2   0   2   0   0   0   0    21.791    21.113    22.097     0.000     0.000     0.000     0.000   0   0   0   0   0   0   0     0.000    -0.013     0.016    -0.000     0.000     0.001     0.000
   7 0 1 0 1 1 1 1   2   0   6   0   0   0   0    21.791    21.113    19.968     0.000     0.000     0.000     0.000   0   0   0   0   0   0   0     0.000    -0.031     0.016    -0.000     0.000     0.000     0.001
   7 0 1 0 1 1 1 1   2   0   0   0   0   0   0    21.791    21.113    21.113     0.000     0.000     0.000     0.000   0   0   0   0   0   0   0     0.000     0.013     0.016    -0.000     0.000    -0.001    -0.000
   7 0 0 0 1 1 1 1   0   0   0   0   0   0   0    21.197    21.113    21.319     0.000     0.000     0.000     0.000   0   0   0   0   0   0   0     0.000     0.013     0.016    -0.000    -0.000     0.000     0.001
   7 0 0 1 1 1 1 1  14   0   0   0   0   0   0    46.672    21.119    21.319     0.000     0.000     0.000     0.000   0   0   0   0   0   0   0     0.000     0.013    -0.012    -0.000     0.001     0.000     0.001
   7 0 1 0 1 1 1 1   2   0   0   0   0   0   0    21.791    21.119    21.319     0.000     0.000     0.000     0.000   0   0   0   0   0   0   0     0.000    -0.029    -0.012    -0.000     0.001     0.001    -0.000
   7 0 1 0 1 1 1 1   2   0  13   0   0   0   0    21.791    21.119    55.103     0.000     0.000     0.000     0.000   0   0   0   0   0   0   0     0.000     0.013    -0.012    -0.000     0.001    -0.001     0.000
   7 0 0 0 1 1 1 1   4   0   0   0   0   0   0    23.182    21.113    21.318     0.000     0.000     0.000     0.000   0   0   0   0   0   0   0     0.000     0.013    -0.012    -0.000    -0.000     0.000     0.001
   7 0 1 0 1 1 1 1   2   0   2   0   0   0   0    21.791    21.113    22.097     0.000     0.000     0.000     0.000   0   0   0   0   0   0   0     0.000    -0.011    -0.012    -0.000    -0.000     0.001     0.000
   7 0 1 0 1 1 1 1   2   0   0   0   0   0   0    21.791    21.113    21.197     0.000     0.000     0.000     0.000   0   0   0   0   0   0   0     0.000    -0.028    -0.012    -0.000    -0.000     0.001     0.000
   7 0 1 0 1 1 1 1   2   0   0   0   0   0   0    21.791    21.113    21.113     0.000     0.000     0.000     0.000   0   0   0   0   0   0   0     0.000     0.012    -0.012    -0.000    -0.000    -0.001    -0.000
   7 0 0 0 1 1 1 1   4   2   0   0   0   0   0    23.182    22.093    21.318     0.000     0.000     0.000     0.000   0   0   0   0   0   0   0     0.000     0.012    -0.012     0.000    -0.000     0.000     0.001
   7 0 1 0 1 1 1 1   2   2   0   0   0   0   0    21.791    22.093    21.110     0.000     0.000     0.000     0.000   0   0   0   0   0   0   0     0.000    -0.011    -0.012     0.000    -0.000    -0.000     0.000
   7 0 1 0 1 1 1 1   2   2   0   0   0   0   0    21.791    22.093    21.319     0.000     0.000     0.000     0.000   0   0   0   0   0   0   0     0.000    -0.027    -0.012     0.000    -0.000     0.001    -0.000
