  272
   1 1   0     0.000   0     4.883
   1 1   0     0.000   0     5.574
   1 1   0     0.000   0     5.842
   1 1   0     0.000   0     6.117
   7 0 0 0 1 1 1 1  16  31  16   0   0   0   0    59.541     5.356    62.694     0.000     0.000     0.000     0.000   0   0   0   0   0   0   0     0.000     0.000     0.000    -0.151    -0.021     0.117     0.178
   7 0 0 0 1 1 1 1  25  12  25   0   0   0   0     5.739    47.748     5.930     0.000     0.000     0.000     0.000   0   0   0   0   0   0   0     0.000     0.000     0.000    -0.449    -0.104     0.005     0.064
   7 0 0 0 1 1 1 1  24   3  31   0   0   0   0     5.322    22.040     5.509     0.000     0.000     0.000     0.000   0   0   0   0   0   0   0     0.000     0.000     0.000    -0.435    -0.127     0.001     0.074
   7 0 0 0 1 1 1 1  24  29  23   0   0   0   0     5.419     5.635     5.828     0.000     0.000     0.000     0.000   0   0   0   0   0   0   0     0.000     0.000     0.000    -0.388    -0.078     0.108     0.227
   7 0 0 0 1 1 1 1  16  24  16   0   0   0   0    59.723     5.281    63.129     0.000     0.000     0.000     0.000   0   0   0   0   0   0   0     0.000     0.000     0.000    -0.144    -0.020     0.112     0.164
   7 0 0 0 1 1 1 1  25  18  25   0   0   0   0     5.723    49.155     5.921     0.000     0.000     0.000     0.000   0   0   0   0   0   0   0     0.000     0.000     0.000    -0.099    -0.405     0.002     0.056
   7 0 0 0 1 1 1 1  26  14  23   0   0   0   0     5.814    48.359     5.649     0.000     0.000     0.000     0.000   0   0   0   0   0   0   0     0.000     0.000     0.000    -0.116    -0.393    -0.008     0.062
   7 0 0 0 1 1 1 1  24  29  23   0   0   0   0     5.431     5.620     5.834     0.000     0.000     0.000     0.000   0   0   0   0   0   0   0     0.000     0.000     0.000    -0.365    -0.072     0.100     0.209
   7 0 0 0 1 1 1 1  27  15  31   0   0   0   0     5.159    56.282     5.338     0.000     0.000     0.000     0.000   0   0   0   0   0   0   0     0.000     0.000     0.000     0.098     0.145    -0.139    -0.019
   7 0 0 0 1 1 1 1  25  11  25   0   0   0   0     5.751    43.829     5.949     0.000     0.000     0.000     0.000   0   0   0   0   0   0   0     0.000     0.000     0.000    -0.373    -0.084     0.006     0.058
   7 0 0 0 1 1 1 1  24  14  31   0   0   0   0     5.308    48.359     5.526     0.000     0.000     0.000     0.000   0   0   0   0   0   0   0     0.000     0.000     0.000    -0.116    -0.354     0.004     0.073
   7 0 0 0 1 1 1 1  24  29  23   0   0   0   0     5.412     5.662     5.822     0.000     0.000     0.000     0.000   0   0   0   0   0   0   0     0.000     0.000     0.000    -0.293    -0.056     0.083     0.181
   7 0 0 0 1 1 1 1  16  24  31   0   0   0   0    59.500     5.322     5.510     0.000     0.000     0.000     0.000   0   0   0   0   0   0   0     0.000     0.000     0.000    -0.102    -0.012     0.086     0.130
   7 0 0 0 1 1 1 1  25  22  25   0   0   0   0     5.672     5.480     5.919     0.000     0.000     0.000     0.000   0   0   0   0   0   0   0     0.000     0.000     0.000    -0.097    -0.336    -0.002     0.046
   7 0 0 0 1 1 1 1  26  24  23   0   0   0   0     5.801     4.975     5.608     0.000     0.000     0.000     0.000   0   0   0   0   0   0   0     0.000     0.000     0.000    -0.328    -0.107    -0.010     0.050
   7 0 0 0 1 1 1 1  24  29  23   0   0   0   0     5.448     5.595     5.870     0.000     0.000     0.000     0.000   0   0   0   0   0   0   0     0.000     0.000     0.000    -0.322    -0.059     0.089     0.185
   7 0 0 0 1 1 1 1  27  16  31   0   0   0   0     5.159    63.580     5.363     0.000     0.000     0.000     0.000   0   0   0   0   0   0   0     0.000     0.000     0.000     0.085     0.122    -0.102    -0.013
   7 0 0 0 1 1 1 1  25  14  25   0   0   0   0     5.767    47.762     5.962     0.000     0.000     0.000     0.000   0   0   0   0   0   0   0     0.000     0.000     0.000    -0.067    -0.299     0.007     0.052
   7 0 0 0 1 1 1 1  26  24  28   0   0   0   0     5.885     5.187     5.619     0.000     0.000     0.000     0.000   0   0   0   0   0   0   0     0.000     0.000     0.000    -0.180    -0.048     0.009     0.060
   7 0 0 0 1 1 1 1  29  11  23   0   0   0   0     5.701    43.829     5.655     0.000     0.000     0.000     0.000   0   0   0   0   0   0   0     0.000     0.000     0.000    -0.601    -0.176    -0.025     0.107
   7 0 0 0 1 1 1 1  16  31  15   0   0   0   0    59.500     5.315    55.474     0.000     0.000     0.000     0.000   0   0   0   0   0   0   0     0.000     0.000     0.000    -0.126    -0.016     0.060     0.102
   7 0 0 0 1 1 1 1  25  14  25   0   0   0   0     5.685    48.359     5.852     0.000     0.000     0.000     0.000   0   0   0   0   0   0   0     0.000     0.000     0.000    -0.077    -0.274    -0.014     0.025
   7 0 0 0 1 1 1 1  24  17  26   0   0   0   0     5.281    56.045     5.893     0.000     0.000     0.000     0.000   0   0   0   0   0   0   0     0.000     0.000     0.000    -0.289    -0.102    -0.027     0.028
   7 0 0 0 1 1 1 1  29  25  24   0   0   0   0     5.688     5.185     5.483     0.000     0.000     0.000     0.000   0   0   0   0   0   0   0     0.000     0.000     0.000    -0.542    -0.172    -0.026     0.096
   7 0 0 0 1 1 1 1  27  17  25   0   0   0   0     5.159    61.935     5.488     0.000     0.000     0.000     0.000   0   0   0   0   0   0   0     0.000     0.000     0.000     0.070     0.101    -0.229    -0.018
   7 0 0 0 1 1 1 1  25  27  25   0   0   0   0     5.642     5.194     5.836     0.000     0.000     0.000     0.000   0   0   0   0   0   0   0     0.000     0.000     0.000    -0.283    -0.087    -0.023     0.020
   7 0 0 0 1 1 1 1  24  25  26   0   0   0   0     5.324     5.563     6.022     0.000     0.000     0.000     0.000   0   0   0   0   0   0   0     0.000     0.000     0.000    -0.180    -0.065     0.008     0.077
   7 0 0 0 1 1 1 1  24  29  30   0   0   0   0     5.403     5.563     5.771     0.000     0.000     0.000     0.000   0   0   0   0   0   0   0     0.000     0.000     0.000    -0.274    -0.052     0.052     0.133
   7 0 0 0 1 1 1 1  16  24  31   0   0   0   0    59.500     5.323     5.518     0.000     0.000     0.000     0.000   0   0   0   0   0   0   0     0.000     0.000     0.000    -0.074    -0.007     0.063     0.091
   7 0 0 0 1 1 1 1  25  25  25   0   0   0   0     5.792     5.356     5.973     0.000     0.000     0.000     0.000   0   0   0   0   0   0   0     0.000     0.000     0.000    -0.223    -0.046     0.006     0.045
   7 0 0 0 1 1 1 1  26  24  23   0   0   0   0     5.870     5.169     5.693     0.000     0.000     0.000     0.000   0   0   0   0   0   0   0     0.000     0.000     0.000    -0.150    -0.042     0.000     0.044
   7 0 0 0 1 1 1 1  29  25  23   0   0   0   0     5.698     5.115     5.696     0.000     0.000     0.000     0.000   0   0   0   0   0   0   0     0.000     0.000     0.000    -0.470    -0.134    -0.014     0.084
   7 0 0 0 1 1 1 1  27  11   4   0   0   0   0     5.323    43.829    23.290     0.000     0.000     0.000     0.000   0   0   0   0   0   0   0     0.000     0.000     0.000    -0.223     0.046    -0.001    -0.042
   7 0 0 0 1 1 1 1  25  18  25   0   0   0   0     5.629    50.699     5.910     0.000     0.000     0.000     0.000   0   0   0   0   0   0   0     0.000     0.000     0.000    -0.076    -0.234    -0.005     0.028
   7 0 0 0 1 1 1 1  31   3  26   0   0   0   0     5.369    21.718     6.032     0.000     0.000     0.000     0.000   0   0   0   0   0   0   0     0.000     0.000     0.000    -0.240    -0.068     0.006     0.068
   7 0 0 0 1 1 1 1  29  11  23   0   0   0   0     5.688    42.786     5.629     0.000     0.000     0.000     0.000   0   0   0   0   0   0   0     0.000     0.000     0.000    -0.447    -0.130    -0.020     0.070
   7 0 0 0 1 1 1 1  27  16  25   0   0   0   0     5.151    63.864     5.581     0.000     0.000     0.000     0.000   0   0   0   0   0   0   0     0.000     0.000     0.000     0.054     0.079    -0.124    -0.012
   7 0 0 0 1 1 1 1  25  25  25   0   0   0   0     5.805     5.466     5.996     0.000     0.000     0.000     0.000   0   0   0   0   0   0   0     0.000     0.000     0.000    -0.181    -0.037     0.007     0.042
   7 0 0 0 1 1 1 1  26  17  23   0   0   0   0     5.801    55.905     5.599     0.000     0.000     0.000     0.000   0   0   0   0   0   0   0     0.000     0.000     0.000    -0.212    -0.064    -0.008     0.031
   7 0 0 0 1 1 1 1  29  29  23   0   0   0   0     5.701     5.497     5.733     0.000     0.000     0.000     0.000   0   0   0   0   0   0   0     0.000     0.000     0.000    -0.291    -0.096    -0.005     0.078
   7 0 0 0 1 1 1 1  27   4   4   0   0   0   0     5.328    22.328    23.290     0.000     0.000     0.000     0.000   0   0   0   0   0   0   0     0.000     0.000     0.000    -0.189     0.038     0.001    -0.036
   7 0 0 0 1 1 1 1  25   3  25   0   0   0   0     5.668    21.934     5.941     0.000     0.000     0.000     0.000   0   0   0   0   0   0   0     0.000     0.000     0.000    -0.172    -0.053    -0.001     0.029
   7 0 0 0 1 1 1 1  26  24  28   0   0   0   0     5.887     5.204     5.624     0.000     0.000     0.000     0.000   0   0   0   0   0   0   0     0.000     0.000     0.000    -0.099    -0.027     0.004     0.038
   7 0 0 0 1 1 1 1  24  29  23   0   0   0   0     5.387     5.544     5.906     0.000     0.000     0.000     0.000   0   0   0   0   0   0   0     0.000     0.000     0.000    -0.212    -0.040     0.037     0.124
   7 0 0 0 1 1 1 1  27   4  19   0   0   0   0     5.261    22.051    56.647     0.000     0.000     0.000     0.000   0   0   0   0   0   0   0     0.000     0.000     0.000    -0.219     0.039    -0.048    -0.014
   7 0 0 0 1 1 1 1  25  18  25   0   0   0   0     5.623    50.699     5.859     0.000     0.000     0.000     0.000   0   0   0   0   0   0   0     0.000     0.000     0.000    -0.061    -0.177    -0.011     0.015
   7 0 0 0 1 1 1 1  24  25  26   0   0   0   0     5.340     5.523     6.053     0.000     0.000     0.000     0.000   0   0   0   0   0   0   0     0.000     0.000     0.000    -0.140    -0.041     0.007     0.066
   7 0 0 0 1 1 1 1  29  24  24   0   0   0   0     5.671     4.936     5.505     0.000     0.000     0.000     0.000   0   0   0   0   0   0   0     0.000     0.000     0.000    -0.373    -0.108    -0.013     0.057
   7 0 0 0 1 1 1 1  16  31  16   0   0   0   0    60.790     5.364    64.195     0.000     0.000     0.000     0.000   0   0   0   0   0   0   0     0.000     0.000     0.000    -0.058    -0.004     0.046     0.065
   7 0 0 0 1 1 1 1  25  25   4   0   0   0   0     5.812     5.550    23.831     0.000     0.000     0.000     0.000   0   0   0   0   0   0   0     0.000     0.000     0.000    -0.102    -0.024     0.005     0.032
   7 0 0 0 1 1 1 1  31   3  29   0   0   0   0     5.380    21.674     6.092     0.000     0.000     0.000     0.000   0   0   0   0   0   0   0     0.000     0.000     0.000    -0.180    -0.042     0.007     0.062
   7 0 0 0 1 1 1 1  24  29  28   0   0   0   0     5.344     5.470     5.637     0.000     0.000     0.000     0.000   0   0   0   0   0   0   0     0.000     0.000     0.000    -0.260    -0.072    -0.003     0.059
   7 0 0 0 1 1 1 1  27   4   4   0   0   0   0     5.371    22.051    23.304     0.000     0.000     0.000     0.000   0   0   0   0   0   0   0     0.000     0.000     0.000    -0.192     0.026     0.001    -0.032
   7 0 0 0 1 1 1 1  25  27  11   0   0   0   0     5.712     5.194    50.367     0.000     0.000     0.000     0.000   0   0   0   0   0   0   0     0.000     0.000     0.000    -0.150    -0.036     0.023     0.000
   7 0 0 0 1 1 1 1  26  25  23   0   0   0   0     5.851     5.544     5.691     0.000     0.000     0.000     0.000   0   0   0   0   0   0   0     0.000     0.000     0.000    -0.106    -0.030    -0.001     0.027
   7 0 0 0 1 1 1 1  24  17  24   0   0   0   0     5.308    55.713     5.467     0.000     0.000     0.000     0.000   0   0   0   0   0   0   0     0.000     0.000     0.000    -0.319    -0.088    -0.014     0.043
   7 0 0 0 1 1 1 1  16  25  17   0   0   0   0    60.841     5.616    62.146     0.000     0.000     0.000     0.000   0   0   0   0   0   0   0     0.000     0.000     0.000    -0.076    -0.006     0.039     0.056
   7 0 0 0 1 1 1 1  25  25  25   0   0   0   0     5.812     5.574     6.007     0.000     0.000     0.000     0.000   0   0   0   0   0   0   0     0.000     0.000     0.000    -0.079    -0.019     0.005     0.031
   7 0 0 0 1 1 1 1  25  25  23   0   0   0   0     5.746     5.005     5.640     0.000     0.000     0.000     0.000   0   0   0   0   0   0   0     0.000     0.000     0.000    -0.152    -0.039    -0.004     0.024
   7 0 0 0 1 1 1 1  29  29  23   0   0   0   0     5.733     5.530     5.923     0.000     0.000     0.000     0.000   0   0   0   0   0   0   0     0.000     0.000     0.000    -0.162    -0.034     0.020     0.103
   7 0 0 0 1 1 1 1   0  27  19   0   0   0   0    21.208     5.194    57.245     0.000     0.000     0.000     0.000   0   0   0   0   0   0   0     0.000     0.000     0.000    -0.166    -0.022    -0.034     0.024
   7 0 0 0 1 1 1 1  25  26  25   0   0   0   0     5.629     5.745     5.913     0.000     0.000     0.000     0.000   0   0   0   0   0   0   0     0.000     0.000     0.000    -0.035    -0.103    -0.003     0.016
   7 0 0 0 1 1 1 1  31  24  29   0   0   0   0     5.386     5.019     6.106     0.000     0.000     0.000     0.000   0   0   0   0   0   0   0     0.000     0.000     0.000    -0.119    -0.031     0.006     0.055
   7 0 0 0 1 1 1 1  29   3  23   0   0   0   0     5.678    21.674     5.747     0.000     0.000     0.000     0.000   0   0   0   0   0   0   0     0.000     0.000     0.000    -0.276    -0.072    -0.004     0.049
   7 0 0 0 1 1 1 1  27  29  19   0   0   0   0     5.258     5.468    56.647     0.000     0.000     0.000     0.000   0   0   0   0   0   0   0     0.000     0.000     0.000    -0.122     0.028    -0.037    -0.008
   7 0 0 0 1 1 1 1  25  25   1   0   0   0   0     5.828     5.505    22.426     0.000     0.000     0.000     0.000   0   0   0   0   0   0   0     0.000     0.000     0.000    -0.088    -0.016     0.004     0.026
   7 0 0 0 1 1 1 1  26  25  28   0   0   0   0     5.887     5.569     5.640     0.000     0.000     0.000     0.000   0   0   0   0   0   0   0     0.000     0.000     0.000    -0.076    -0.018     0.002     0.025
   7 0 0 0 1 1 1 1  29  29  17   0   0   0   0     5.755     5.579    54.278     0.000     0.000     0.000     0.000   0   0   0   0   0   0   0     0.000     0.000     0.000    -0.109    -0.022     0.087     0.019
   7 0 0 0 1 1 1 1  16  24  18   0   0   0   0    59.302     5.340    49.407     0.000     0.000     0.000     0.000   0   0   0   0   0   0   0     0.000     0.000     0.000    -0.036    -0.001     0.022     0.041
   7 0 0 0 1 1 1 1  25  18   4   0   0   0   0     5.773    50.732    23.803     0.000     0.000     0.000     0.000   0   0   0   0   0   0   0     0.000     0.000     0.000    -0.021    -0.112     0.002     0.020
   7 0 0 0 1 1 1 1  24  25  29   0   0   0   0     5.344     5.655     6.125     0.000     0.000     0.000     0.000   0   0   0   0   0   0   0     0.000     0.000     0.000    -0.057    -0.017     0.005     0.051
   7 0 0 0 1 1 1 1  24   3  30   0   0   0   0     5.344    21.792     5.651     0.000     0.000     0.000     0.000   0   0   0   0   0   0   0     0.000     0.000     0.000    -0.228    -0.048     0.003     0.053
   7 0 0 0 1 1 1 1  27   4   4   0   0   0   0     5.393    22.051    23.305     0.000     0.000     0.000     0.000   0   0   0   0   0   0   0     0.000     0.000     0.000    -0.135     0.016     0.004    -0.025
   7 0 0 0 1 1 1 1  25  26  25   0   0   0   0     5.623     5.752     5.906     0.000     0.000     0.000     0.000   0   0   0   0   0   0   0     0.000     0.000     0.000    -0.029    -0.085    -0.003     0.012
   7 0 0 0 1 1 1 1  25  24  23   0   0   0   0     5.787     4.916     5.586     0.000     0.000     0.000     0.000   0   0   0   0   0   0   0     0.000     0.000     0.000    -0.113    -0.025    -0.004     0.018
   7 0 0 0 1 1 1 1  24  29  23   0   0   0   0     5.390     5.512     5.950     0.000     0.000     0.000     0.000   0   0   0   0   0   0   0     0.000     0.000     0.000    -0.130    -0.021     0.017     0.077
   7 0 0 0 1 1 1 1  16  24  13   0   0   0   0    60.923     5.341    57.681     0.000     0.000     0.000     0.000   0   0   0   0   0   0   0     0.000     0.000     0.000    -0.030    -0.000     0.026     0.040
   7 0 0 0 1 1 1 1   4   3  25   0   0   0   0    22.457    21.587     5.841     0.000     0.000     0.000     0.000   0   0   0   0   0   0   0     0.000     0.000     0.000    -0.094    -0.036    -0.008     0.007
   7 0 0 0 1 1 1 1  31  31  25   0   0   0   0     5.444     5.328     5.812     0.000     0.000     0.000     0.000   0   0   0   0   0   0   0     0.000     0.000     0.000    -0.043    -0.011    -0.016     0.012
   7 0 0 0 1 1 1 1  32  17  23   0   0   0   0     4.271    55.685     5.752     0.000     0.000     0.000     0.000   0   0   0   0   0   0   0     0.000     0.000     0.000    -0.205    -0.038     0.002     0.037
   7 0 0 0 1 1 1 1   0  18  18   0   0   0   0    21.208    50.699    42.859     0.000     0.000     0.000     0.000   0   0   0   0   0   0   0     0.000     0.000     0.000    -0.015    -0.119    -0.030     0.016
   7 0 0 0 1 1 1 1  25  26  11   0   0   0   0     5.585     5.766    50.449     0.000     0.000     0.000     0.000   0   0   0   0   0   0   0     0.000     0.000     0.000    -0.035    -0.082     0.013    -0.002
   7 0 0 0 1 1 1 1  31  17  29   0   0   0   0     5.354    55.685     6.121     0.000     0.000     0.000     0.000   0   0   0   0   0   0   0     0.000     0.000     0.000    -0.098    -0.027     0.002     0.042
   7 0 0 0 1 1 1 1  31  29  17   0   0   0   0     5.462     5.521    54.152     0.000     0.000     0.000     0.000   0   0   0   0   0   0   0     0.000     0.000     0.000    -0.106    -0.022     0.066     0.012
   7 0 0 0 1 1 1 1  27   4  19   0   0   0   0     5.214    22.051    56.569     0.000     0.000     0.000     0.000   0   0   0   0   0   0   0     0.000     0.000     0.000    -0.108     0.021    -0.029    -0.003
   7 0 0 0 1 1 1 1   4  25  11   0   0   0   0    22.599     5.606    50.368     0.000     0.000     0.000     0.000   0   0   0   0   0   0   0     0.000     0.000     0.000    -0.058    -0.023     0.013    -0.001
   7 0 0 0 1 1 1 1  25  12  23   0   0   0   0     5.715    49.020     5.678     0.000     0.000     0.000     0.000   0   0   0   0   0   0   0     0.000     0.000     0.000    -0.062    -0.020    -0.003     0.014
   7 0 0 0 1 1 1 1  23  29  23   0   0   0   0     5.594     5.585     5.969     0.000     0.000     0.000     0.000   0   0   0   0   0   0   0     0.000     0.000     0.000    -0.071    -0.011     0.017     0.063
   7 0 0 0 1 1 1 1  24  12  19   0   0   0   0     5.342    49.111    57.191     0.000     0.000     0.000     0.000   0   0   0   0   0   0   0     0.000     0.000     0.000    -0.070    -0.018    -0.020     0.012
   7 0 0 0 1 1 1 1  25  25  31   0   0   0   0     5.830     5.553     5.467     0.000     0.000     0.000     0.000   0   0   0   0   0   0   0     0.000     0.000     0.000    -0.044    -0.009     0.012     0.000
   7 0 0 0 1 1 1 1  31  31  22   0   0   0   0     5.444     5.300     5.040     0.000     0.000     0.000     0.000   0   0   0   0   0   0   0     0.000     0.000     0.000    -0.041    -0.010    -0.002     0.014
   7 0 0 0 1 1 1 1  24  17  28   0   0   0   0     5.292    55.685     5.643     0.000     0.000     0.000     0.000   0   0   0   0   0   0   0     0.000     0.000     0.000    -0.168    -0.043    -0.003     0.027
   7 0 0 0 1 1 1 1  16  30  16   0   0   0   0    60.923     5.100    64.341     0.000     0.000     0.000     0.000   0   0   0   0   0   0   0     0.000     0.000     0.000    -0.034    -0.002     0.019     0.032
   7 0 0 0 1 1 1 1   4   1  26   0   0   0   0    22.465    22.037     5.910     0.000     0.000     0.000     0.000   0   0   0   0   0   0   0     0.000     0.000     0.000    -0.027    -0.067    -0.003     0.009
   7 0 0 0 1 1 1 1  25  25  23   0   0   0   0     5.805     5.488     5.701     0.000     0.000     0.000     0.000   0   0   0   0   0   0   0     0.000     0.000     0.000    -0.062    -0.014    -0.001     0.015
   7 0 0 0 1 1 1 1  31  31  23   0   0   0   0     5.459     5.120     5.884     0.000     0.000     0.000     0.000   0   0   0   0   0   0   0     0.000     0.000     0.000    -0.134    -0.020     0.008     0.043
   7 0 0 0 1 1 1 1  27  24   4   0   0   0   0     5.415     5.380    23.017     0.000     0.000     0.000     0.000   0   0   0   0   0   0   0     0.000     0.000     0.000    -0.002     0.020     0.011    -0.017
   7 0 0 0 1 1 1 1  25  25   3   0   0   0   0     5.831     5.574    24.349     0.000     0.000     0.000     0.000   0   0   0   0   0   0   0     0.000     0.000     0.000    -0.035    -0.007     0.001     0.013
   7 0 0 0 1 1 1 1  31  24  26   0   0   0   0     5.396     4.916     6.101     0.000     0.000     0.000     0.000   0   0   0   0   0   0   0     0.000     0.000     0.000    -0.073    -0.014     0.003     0.036
   7 0 0 0 1 1 1 1  24  29  28   0   0   0   0     5.374     5.488     5.707     0.000     0.000     0.000     0.000   0   0   0   0   0   0   0     0.000     0.000     0.000    -0.089    -0.015     0.010     0.042
   7 0 0 0 1 1 1 1  17  23  11   0   0   0   0    56.541     5.419    52.588     0.000     0.000     0.000     0.000   0   0   0   0   0   0   0     0.000     0.000     0.000    -0.067    -0.014     0.012    -0.014
   7 0 0 0 1 1 1 1   4   1  25   0   0   0   0    22.670    22.037     5.868     0.000     0.000     0.000     0.000   0   0   0   0   0   0   0     0.000     0.000     0.000    -0.016    -0.057    -0.004     0.006
   7 0 0 0 1 1 1 1  26  25  26   0   0   0   0     5.893     5.581     6.104     0.000     0.000     0.000     0.000   0   0   0   0   0   0   0     0.000     0.000     0.000    -0.037    -0.008     0.004     0.033
   7 0 0 0 1 1 1 1  31  11  30   0   0   0   0     5.459    41.834     5.940     0.000     0.000     0.000     0.000   0   0   0   0   0   0   0     0.000     0.000     0.000    -0.130    -0.018     0.008     0.048
   7 0 0 0 1 1 1 1  30  20  18   0   0   0   0     5.079    62.316    42.707     0.000     0.000     0.000     0.000   0   0   0   0   0   0   0     0.000     0.000     0.000    -0.084    -0.026    -0.019     0.007
   7 0 0 0 1 1 1 1   4  25  25   0   0   0   0    22.696     5.617     5.868     0.000     0.000     0.000     0.000   0   0   0   0   0   0   0     0.000     0.000     0.000    -0.036    -0.011    -0.003     0.006
   7 0 0 0 1 1 1 1  31  14  25   0   0   0   0     5.444    49.003     5.836     0.000     0.000     0.000     0.000   0   0   0   0   0   0   0     0.000     0.000     0.000    -0.010    -0.062    -0.009     0.008
   7 0 0 0 1 1 1 1  24  29  28   0   0   0   0     5.363     5.552     5.672     0.000     0.000     0.000     0.000   0   0   0   0   0   0   0     0.000     0.000     0.000    -0.055    -0.012     0.006     0.030
   7 0 0 0 1 1 1 1   4  25  27   0   0   0   0    23.035     5.585     5.427     0.000     0.000     0.000     0.000   0   0   0   0   0   0   0     0.000     0.000     0.000    -0.051     0.018     0.001    -0.015
   7 0 0 0 1 1 1 1  25   3   4   0   0   0   0     5.605    21.587    23.252     0.000     0.000     0.000     0.000   0   0   0   0   0   0   0     0.000     0.000     0.000    -0.048    -0.021    -0.006     0.004
   7 0 0 0 1 1 1 1  31   2  26   0   0   0   0     5.335    21.490     6.043     0.000     0.000     0.000     0.000   0   0   0   0   0   0   0     0.000     0.000     0.000    -0.057    -0.019     0.000     0.021
   7 0 0 0 1 1 1 1  31  11  17   0   0   0   0     5.457    41.834    53.784     0.000     0.000     0.000     0.000   0   0   0   0   0   0   0     0.000     0.000     0.000    -0.112    -0.015     0.042     0.007
   7 0 0 0 1 1 1 1  24  12  16   0   0   0   0     5.344    49.111    53.538     0.000     0.000     0.000     0.000   0   0   0   0   0   0   0     0.000     0.000     0.000    -0.048    -0.012    -0.012     0.009
   7 0 0 0 1 1 1 1  25  25   1   0   0   0   0     5.814     5.537    22.441     0.000     0.000     0.000     0.000   0   0   0   0   0   0   0     0.000     0.000     0.000    -0.030    -0.007     0.001     0.014
   7 0 0 0 1 1 1 1  25  12  16   0   0   0   0     5.652    49.072    59.344     0.000     0.000     0.000     0.000   0   0   0   0   0   0   0     0.000     0.000     0.000    -0.040    -0.013    -0.001     0.012
   7 0 0 0 1 1 1 1  23  32  28   0   0   0   0     5.603     4.329     5.715     0.000     0.000     0.000     0.000   0   0   0   0   0   0   0     0.000     0.000     0.000    -0.023     0.001     0.009     0.032
   7 0 0 0 1 1 1 1   4  12   0   0   0   0   0    23.179    49.614    21.220     0.000     0.000     0.000     0.000   0   0   0   0   0   0   0     0.000     0.000     0.000    -0.023     0.016    -0.012     0.001
   7 0 0 0 1 1 1 1   4   3  25   0   0   0   0    22.712    22.645     5.871     0.000     0.000     0.000     0.000   0   0   0   0   0   0   0     0.000     0.000     0.000    -0.024    -0.007    -0.003     0.005
   7 0 0 0 1 1 1 1  30  23  26   0   0   0   0     5.127     5.604     6.016     0.000     0.000     0.000     0.000   0   0   0   0   0   0   0     0.000     0.000     0.000    -0.017     0.040     0.000     0.016
   7 0 0 0 1 1 1 1  24   2  23   0   0   0   0     5.289    21.490     5.743     0.000     0.000     0.000     0.000   0   0   0   0   0   0   0     0.000     0.000     0.000    -0.101    -0.026    -0.002     0.016
   7 0 0 0 1 1 1 1  30  20  16   0   0   0   0     5.111    62.316    52.889     0.000     0.000     0.000     0.000   0   0   0   0   0   0   0     0.000     0.000     0.000    -0.064    -0.016    -0.014     0.006
   7 0 0 0 1 1 1 1  26  25  25   0   0   0   0     5.910     5.585     5.856     0.000     0.000     0.000     0.000   0   0   0   0   0   0   0     0.000     0.000     0.000    -0.021    -0.002    -0.000     0.009
   7 0 0 0 1 1 1 1  25  16  28   0   0   0   0     5.812    58.952     5.614     0.000     0.000     0.000     0.000   0   0   0   0   0   0   0     0.000     0.000     0.000    -0.011     0.039    -0.001     0.010
   7 0 0 0 1 1 1 1  31   2  30   0   0   0   0     5.364    21.490     5.639     0.000     0.000     0.000     0.000   0   0   0   0   0   0   0     0.000     0.000     0.000    -0.091    -0.023    -0.000     0.019
   7 0 0 0 1 1 1 1  24  17   4   0   0   0   0     5.344    57.348    23.005     0.000     0.000     0.000     0.000   0   0   0   0   0   0   0     0.000     0.000     0.000    -0.034    -0.009     0.013    -0.001
   7 0 0 0 1 1 1 1   4   1  25   0   0   0   0    22.645    22.037     6.030     0.000     0.000     0.000     0.000   0   0   0   0   0   0   0     0.000     0.000     0.000    -0.011    -0.037     0.000     0.012
   7 0 0 0 1 1 1 1  17  14   8   0   0   0   0    59.949    39.474    17.212     0.000     0.000     0.000     0.000   0   0   0   0   0   0   0     0.000     0.000     0.000     0.008    -0.007     0.027     0.007
   7 0 0 0 1 1 1 1  24  24  28   0   0   0   0     5.363     5.126     5.675     0.000     0.000     0.000     0.000   0   0   0   0   0   0   0     0.000     0.000     0.000    -0.056    -0.009     0.004     0.021
   7 0 0 0 1 1 1 1  25   7   4   0   0   0   0     5.617    19.934    23.027     0.000     0.000     0.000     0.000   0   0   0   0   0   0   0     0.000     0.000     0.000     0.067    -0.029     0.013    -0.003
   7 0 0 0 1 1 1 1  25  25   4   0   0   0   0     5.661     5.523    23.678     0.000     0.000     0.000     0.000   0   0   0   0   0   0   0     0.000     0.000     0.000    -0.024    -0.008    -0.001     0.007
   7 0 0 0 1 1 1 1  30   2  29   0   0   0   0     5.127    21.490     6.147     0.000     0.000     0.000     0.000   0   0   0   0   0   0   0     0.000     0.000     0.000    -0.044    -0.011     0.001     0.024
   7 0 0 0 1 1 1 1  31  22  30   0   0   0   0     5.461     5.531     5.976     0.000     0.000     0.000     0.000   0   0   0   0   0   0   0     0.000     0.000     0.000    -0.011    -0.159     0.005     0.031
   7 0 0 0 1 1 1 1  30  22  16   0   0   0   0     5.129     5.531    52.889     0.000     0.000     0.000     0.000   0   0   0   0   0   0   0     0.000     0.000     0.000    -0.015     0.077    -0.011     0.005
   7 0 0 0 1 1 1 1   4   3  25   0   0   0   0    22.735    22.645     5.871     0.000     0.000     0.000     0.000   0   0   0   0   0   0   0     0.000     0.000     0.000    -0.017    -0.006    -0.002     0.004
   7 0 0 0 1 1 1 1  16  26   8   0   0   0   0    59.093     6.005    17.212     0.000     0.000     0.000     0.000   0   0   0   0   0   0   0     0.000     0.000     0.000    -0.005     0.011     0.024     0.006
   7 0 0 0 1 1 1 1  31  22  28   0   0   0   0     5.328     5.531     5.645     0.000     0.000     0.000     0.000   0   0   0   0   0   0   0     0.000     0.000     0.000    -0.025    -0.146    -0.002     0.012
   7 0 0 0 1 1 1 1  24  17  10   0   0   0   0     5.344    56.858    15.794     0.000     0.000     0.000     0.000   0   0   0   0   0   0   0     0.000     0.000     0.000    -0.033    -0.008     0.006    -0.007
   7 0 0 0 1 1 1 1  26   4  25   0   0   0   0     5.913    23.340     5.853     0.000     0.000     0.000     0.000   0   0   0   0   0   0   0     0.000     0.000     0.000    -0.006     0.001     0.000     0.008
   7 0 0 0 1 1 1 1  25   1  27   0   0   0   0     5.652    21.996     5.204     0.000     0.000     0.000     0.000   0   0   0   0   0   0   0     0.000     0.000     0.000    -0.009    -0.033     0.007    -0.001
   7 0 0 0 1 1 1 1  24   2  28   0   0   0   0     5.363    21.490     5.716     0.000     0.000     0.000     0.000   0   0   0   0   0   0   0     0.000     0.000     0.000    -0.072    -0.008     0.004     0.021
   7 0 0 0 1 1 1 1  31   7   4   0   0   0   0     5.302    19.934    23.030     0.000     0.000     0.000     0.000   0   0   0   0   0   0   0     0.000     0.000     0.000     0.063    -0.025     0.010    -0.002
   7 0 0 0 1 1 1 1  25   7   3   0   0   0   0     5.605    19.934    24.338     0.000     0.000     0.000     0.000   0   0   0   0   0   0   0     0.000     0.000     0.000     0.019    -0.016    -0.001     0.006
   7 0 0 0 1 1 1 1  30   0  29   0   0   0   0     5.078    21.163     6.144     0.000     0.000     0.000     0.000   0   0   0   0   0   0   0     0.000     0.000     0.000    -0.017     0.032     0.000     0.021
   7 0 0 0 1 1 1 1  31  23  17   0   0   0   0     5.457     5.607    53.588     0.000     0.000     0.000     0.000   0   0   0   0   0   0   0     0.000     0.000     0.000    -0.014     0.008     0.026     0.004
   7 0 0 0 1 1 1 1  17   9  24   0   0   0   0    56.541    17.579     5.526     0.000     0.000     0.000     0.000   0   0   0   0   0   0   0     0.000     0.000     0.000     0.029    -0.011    -0.001     0.016
   7 0 0 0 1 1 1 1  25  25  24   0   0   0   0     5.836     5.529     5.361     0.000     0.000     0.000     0.000   0   0   0   0   0   0   0     0.000     0.000     0.000    -0.018    -0.003     0.007    -0.000
   7 0 0 0 1 1 1 1  25   5  31   0   0   0   0     5.836    21.990     5.443     0.000     0.000     0.000     0.000   0   0   0   0   0   0   0     0.000     0.000     0.000     0.030    -0.007    -0.006     0.005
   7 0 0 0 1 1 1 1  31  22  30   0   0   0   0     5.328     5.531     5.640     0.000     0.000     0.000     0.000   0   0   0   0   0   0   0     0.000     0.000     0.000    -0.020    -0.129    -0.000     0.012
   7 0 0 0 1 1 1 1  31  22  10   0   0   0   0     5.376     5.531    15.794     0.000     0.000     0.000     0.000   0   0   0   0   0   0   0     0.000     0.000     0.000    -0.011     0.072     0.005    -0.006
   7 0 0 0 1 1 1 1  26  17  25   0   0   0   0     5.916    57.443     5.857     0.000     0.000     0.000     0.000   0   0   0   0   0   0   0     0.000     0.000     0.000    -0.008    -0.001     0.001     0.007
   7 0 0 0 1 1 1 1  17  30  31   0   0   0   0    59.927     5.817     5.509     0.000     0.000     0.000     0.000   0   0   0   0   0   0   0     0.000     0.000     0.000    -0.004     0.009     0.014     0.002
   7 0 0 0 1 1 1 1  31  11  30   0   0   0   0     5.462    41.834     5.994     0.000     0.000     0.000     0.000   0   0   0   0   0   0   0     0.000     0.000     0.000    -0.060    -0.007     0.004     0.026
   7 0 0 0 1 1 1 1  25   7   4   0   0   0   0     5.617    19.934    23.004     0.000     0.000     0.000     0.000   0   0   0   0   0   0   0     0.000     0.000     0.000     0.055    -0.021     0.009    -0.002
   7 0 0 0 1 1 1 1   4  10  25   0   0   0   0    23.297    15.240     5.849     0.000     0.000     0.000     0.000   0   0   0   0   0   0   0     0.000     0.000     0.000     0.008    -0.006    -0.001     0.004
   7 0 0 0 1 1 1 1  30   0   8   0   0   0   0     5.078    21.163    17.206     0.000     0.000     0.000     0.000   0   0   0   0   0   0   0     0.000     0.000     0.000    -0.015     0.027     0.019     0.000
   7 0 0 0 1 1 1 1  24   9  11   0   0   0   0     5.363    17.580    54.441     0.000     0.000     0.000     0.000   0   0   0   0   0   0   0     0.000     0.000     0.000    -0.102    -0.006     0.006    -0.012
   7 0 0 0 1 1 1 1  30  22   5   0   0   0   0     5.057     5.531    23.240     0.000     0.000     0.000     0.000   0   0   0   0   0   0   0     0.000     0.000     0.000    -0.020     0.065     0.002    -0.010
   7 0 0 0 1 1 1 1  26  17  25   0   0   0   0     5.919    58.152     5.869     0.000     0.000     0.000     0.000   0   0   0   0   0   0   0     0.000     0.000     0.000    -0.005     0.000     0.001     0.007
   7 0 0 0 1 1 1 1  25   1  29   0   0   0   0     5.652    21.996     6.153     0.000     0.000     0.000     0.000   0   0   0   0   0   0   0     0.000     0.000     0.000    -0.005    -0.027     0.000     0.018
   7 0 0 0 1 1 1 1  29  22  23   0   0   0   0     5.556     5.531     5.757     0.000     0.000     0.000     0.000   0   0   0   0   0   0   0     0.000     0.000     0.000    -0.020    -0.113    -0.001     0.008
   7 0 0 0 1 1 1 1  31  19  10   0   0   0   0     5.386    66.224    15.789     0.000     0.000     0.000     0.000   0   0   0   0   0   0   0     0.000     0.000     0.000    -0.006    -0.042     0.005    -0.005
   7 0 0 0 1 1 1 1   4  22  14   0   0   0   0    22.416     5.531    39.312     0.000     0.000     0.000     0.000   0   0   0   0   0   0   0     0.000     0.000     0.000    -0.012     0.020     0.004    -0.001
   7 0 0 0 1 1 1 1  17  30  31   0   0   0   0    59.949     5.817     5.509     0.000     0.000     0.000     0.000   0   0   0   0   0   0   0     0.000     0.000     0.000    -0.003     0.008     0.012     0.002
   7 0 0 0 1 1 1 1  31  22  23   0   0   0   0     5.457     5.531     6.005     0.000     0.000     0.000     0.000   0   0   0   0   0   0   0     0.000     0.000     0.000    -0.006    -0.103     0.003     0.020
   7 0 0 0 1 1 1 1  24  17  17   0   0   0   0     5.399    56.915    56.476     0.000     0.000     0.000     0.000   0   0   0   0   0   0   0     0.000     0.000     0.000    -0.025    -0.002    -0.005     0.007
   7 0 0 0 1 1 1 1  25   7  24   0   0   0   0     5.578    19.934     5.364     0.000     0.000     0.000     0.000   0   0   0   0   0   0   0     0.000     0.000     0.000     0.020    -0.013     0.003    -0.001
   7 0 0 0 1 1 1 1  30   0   6   0   0   0   0     5.127    21.163    19.626     0.000     0.000     0.000     0.000   0   0   0   0   0   0   0     0.000     0.000     0.000    -0.008     0.028     0.014     0.000
   7 0 0 0 1 1 1 1  24   5  28   0   0   0   0     5.246    22.056     5.662     0.000     0.000     0.000     0.000   0   0   0   0   0   0   0     0.000     0.000     0.000    -0.071    -0.013    -0.000     0.010
   7 0 0 0 1 1 1 1  32   7  20   0   0   0   0     4.276    19.934    59.927     0.000     0.000     0.000     0.000   0   0   0   0   0   0   0     0.000     0.000     0.000     0.055    -0.006    -0.003     0.005
   7 0 0 0 1 1 1 1   4  10   6   0   0   0   0    23.297    15.196    20.249     0.000     0.000     0.000     0.000   0   0   0   0   0   0   0     0.000     0.000     0.000     0.010    -0.005     0.004    -0.000
   7 0 0 0 1 1 1 1  25   0  27   0   0   0   0     5.533    21.146     5.207     0.000     0.000     0.000     0.000   0   0   0   0   0   0   0     0.000     0.000     0.000    -0.009    -0.028     0.004    -0.002
   7 0 0 0 1 1 1 1  31   2  30   0   0   0   0     5.460    21.490     6.000     0.000     0.000     0.000     0.000   0   0   0   0   0   0   0     0.000     0.000     0.000    -0.048    -0.005     0.003     0.021
   7 0 0 0 1 1 1 1  31  22   7   0   0   0   0     5.290     5.531    20.084     0.000     0.000     0.000     0.000   0   0   0   0   0   0   0     0.000     0.000     0.000    -0.019     0.061     0.011    -0.000
   7 0 0 0 1 1 1 1  25   7   2   0   0   0   0     5.585    19.934    23.128     0.000     0.000     0.000     0.000   0   0   0   0   0   0   0     0.000     0.000     0.000     0.017    -0.012    -0.001     0.003
   7 0 0 0 1 1 1 1  23  27  29   0   0   0   0     5.927     5.194     6.169     0.000     0.000     0.000     0.000   0   0   0   0   0   0   0     0.000     0.000     0.000     0.004    -0.003     0.008     0.023
   7 0 0 0 1 1 1 1  24  22  11   0   0   0   0     5.364     5.531    54.441     0.000     0.000     0.000     0.000   0   0   0   0   0   0   0     0.000     0.000     0.000    -0.005    -0.091     0.004    -0.010
   7 0 0 0 1 1 1 1  31  27  20   0   0   0   0     5.446     5.194    59.951     0.000     0.000     0.000     0.000   0   0   0   0   0   0   0     0.000     0.000     0.000    -0.031    -0.004    -0.003     0.006
   7 0 0 0 1 1 1 1   4  22   8   0   0   0   0    22.425     5.531    17.140     0.000     0.000     0.000     0.000   0   0   0   0   0   0   0     0.000     0.000     0.000    -0.009     0.018     0.018     0.000
   7 0 0 0 1 1 1 1  30  17  13   0   0   0   0     5.951    59.823    42.564     0.000     0.000     0.000     0.000   0   0   0   0   0   0   0     0.000     0.000     0.000    -0.002     0.004     0.024     0.010
   7 0 0 0 1 1 1 1  29   5   6   0   0   0   0     5.550    22.056    19.408     0.000     0.000     0.000     0.000   0   0   0   0   0   0   0     0.000     0.000     0.000    -0.063    -0.013     0.061     0.001
   7 0 0 0 1 1 1 1  25   9   4   0   0   0   0     5.657    17.583    22.910     0.000     0.000     0.000     0.000   0   0   0   0   0   0   0     0.000     0.000     0.000     0.020    -0.012     0.006    -0.001
   7 0 0 0 1 1 1 1  14  25  17   0   0   0   0    39.232     5.845    58.152     0.000     0.000     0.000     0.000   0   0   0   0   0   0   0     0.000     0.000     0.000     0.001     0.005    -0.004     0.001
   7 0 0 0 1 1 1 1   1  30   2   0   0   0   0    22.560     5.078    23.434     0.000     0.000     0.000     0.000   0   0   0   0   0   0   0     0.000     0.000     0.000    -0.009     0.001    -0.029    -0.020
   7 0 0 0 1 1 1 1  32   2  28   0   0   0   0     4.326    21.490     5.730     0.000     0.000     0.000     0.000   0   0   0   0   0   0   0     0.000     0.000     0.000    -0.041    -0.004     0.002     0.020
   7 0 0 0 1 1 1 1  17  16  24   0   0   0   0    56.541    56.030     5.530     0.000     0.000     0.000     0.000   0   0   0   0   0   0   0     0.000     0.000     0.000    -0.004    -0.054    -0.000     0.011
   7 0 0 0 1 1 1 1   4  10   6   0   0   0   0    23.297    15.196    20.243     0.000     0.000     0.000     0.000   0   0   0   0   0   0   0     0.000     0.000     0.000     0.009    -0.004     0.003    -0.000
   7 0 0 0 1 1 1 1  30  17  29   0   0   0   0     5.869    58.116     6.163     0.000     0.000     0.000     0.000   0   0   0   0   0   0   0     0.000     0.000     0.000    -0.004     0.001     0.005     0.016
   7 0 0 0 1 1 1 1  24   7  11   0   0   0   0     5.364    19.934    49.698     0.000     0.000     0.000     0.000   0   0   0   0   0   0   0     0.000     0.000     0.000    -0.070    -0.004     0.016     0.002
   7 0 0 0 1 1 1 1  31  22   5   0   0   0   0     5.446     5.531    23.240     0.000     0.000     0.000     0.000   0   0   0   0   0   0   0     0.000     0.000     0.000    -0.004     0.059     0.003    -0.007
   7 0 0 0 1 1 1 1  25   7   2   0   0   0   0     5.523    19.934    23.128     0.000     0.000     0.000     0.000   0   0   0   0   0   0   0     0.000     0.000     0.000     0.016    -0.016    -0.001     0.003
   7 0 0 0 1 1 1 1  25   0   8   0   0   0   0     5.508    21.146    17.140     0.000     0.000     0.000     0.000   0   0   0   0   0   0   0     0.000     0.000     0.000    -0.006    -0.024     0.028     0.000
   7 0 0 0 1 1 1 1  23  22  28   0   0   0   0     5.707     5.531     5.730     0.000     0.000     0.000     0.000   0   0   0   0   0   0   0     0.000     0.000     0.000    -0.002    -0.077     0.003     0.016
   7 0 0 0 1 1 1 1  25   7   4   0   0   0   0     5.550    19.934    22.910     0.000     0.000     0.000     0.000   0   0   0   0   0   0   0     0.000     0.000     0.000     0.049    -0.019     0.004    -0.001
   7 0 0 0 1 1 1 1  25  10  24   0   0   0   0     5.845    15.190     5.347     0.000     0.000     0.000     0.000   0   0   0   0   0   0   0     0.000     0.000     0.000     0.004    -0.003     0.005     0.000
   7 0 0 0 1 1 1 1  26  12  28   0   0   0   0     5.906    49.023     5.640     0.000     0.000     0.000     0.000   0   0   0   0   0   0   0     0.000     0.000     0.000    -0.014    -0.001     0.001     0.006
   7 0 0 0 1 1 1 1   3   1  11   0   0   0   0    21.674    22.007    54.130     0.000     0.000     0.000     0.000   0   0   0   0   0   0   0     0.000     0.000     0.000    -0.350    -0.011     0.002    -0.007
   7 0 0 0 1 1 1 1   3   1  14   0   0   0   0    21.645    22.037    49.003     0.000     0.000     0.000     0.000   0   0   0   0   0   0   0     0.000     0.000     0.000    -0.043    -0.024     0.000     0.347
   7 0 0 0 1 1 1 1  25   7   2   0   0   0   0     5.529    19.934    23.173     0.000     0.000     0.000     0.000   0   0   0   0   0   0   0     0.000     0.000     0.000     0.014    -0.013    -0.001     0.003
   7 0 0 0 1 1 1 1  30   0   6   0   0   0   0     5.159    21.163    19.621     0.000     0.000     0.000     0.000   0   0   0   0   0   0   0     0.000     0.000     0.000    -0.005     0.025     0.013     0.000
   7 0 0 0 1 1 1 1   3   1  11   0   0   0   0    21.674    22.007    54.130     0.000     0.000     0.000     0.000   0   0   0   0   0   0   0     0.000     0.000     0.000    -0.333    -0.010     0.001    -0.006
   7 0 0 0 1 1 1 1  30   6   5   0   0   0   0     5.079    19.369    23.252     0.000     0.000     0.000     0.000   0   0   0   0   0   0   0     0.000     0.000     0.000     0.023    -0.011     0.001    -0.006
   7 0 0 0 1 1 1 1  25   5  32   0   0   0   0     5.868    21.984     4.326     0.000     0.000     0.000     0.000   0   0   0   0   0   0   0     0.000     0.000     0.000     0.014    -0.002     0.004    -0.000
   7 0 0 0 1 1 1 1  29  27  16   0   0   0   0     6.157     5.194    47.792     0.000     0.000     0.000     0.000   0   0   0   0   0   0   0     0.000     0.000     0.000     0.003    -0.002     0.022     0.010
   7 0 0 0 1 1 1 1  28  27  23   0   0   0   0     5.662     5.299     6.026     0.000     0.000     0.000     0.000   0   0   0   0   0   0   0     0.000     0.000     0.000     0.002    -0.004     0.006     0.017
   7 0 0 0 1 1 1 1   8   7   8   0   0   0   0    16.741    19.937    16.755     0.000     0.000     0.000     0.000   0   0   0   0   0   0   0     0.000     0.000     0.000    -0.047    -0.016     0.329    -0.000
   7 0 0 0 1 1 1 1   4  10   6   0   0   0   0    23.341    15.252    20.243     0.000     0.000     0.000     0.000   0   0   0   0   0   0   0     0.000     0.000     0.000     0.004    -0.003     0.003    -0.000
   7 0 0 0 1 1 1 1   1  30   2   0   0   0   0    22.560     5.079    23.434     0.000     0.000     0.000     0.000   0   0   0   0   0   0   0     0.000     0.000     0.000    -0.007     0.001    -0.023    -0.016
   7 0 0 0 1 1 1 1   3   1  28   0   0   0   0    21.674    22.007     5.691     0.000     0.000     0.000     0.000   0   0   0   0   0   0   0     0.000     0.000     0.000    -0.316    -0.009    -0.001     0.008
   7 0 0 0 1 1 1 1  31  29  10   0   0   0   0     5.449     5.746    15.786     0.000     0.000     0.000     0.000   0   0   0   0   0   0   0     0.000     0.000     0.000    -0.005     0.004     0.004    -0.003
   7 0 0 0 1 1 1 1   2  30   5   0   0   0   0    23.128     5.312    23.546     0.000     0.000     0.000     0.000   0   0   0   0   0   0   0     0.000     0.000     0.000     0.001    -0.003     0.002    -0.010
   7 0 0 0 1 1 1 1  23  17  29   0   0   0   0     5.817    57.171     6.167     0.000     0.000     0.000     0.000   0   0   0   0   0   0   0     0.000     0.000     0.000    -0.010     0.000     0.003     0.015
   7 0 0 0 1 1 1 1  29   5   6   0   0   0   0     5.510    22.056    19.373     0.000     0.000     0.000     0.000   0   0   0   0   0   0   0     0.000     0.000     0.000    -0.045    -0.010     0.063     0.000
   7 0 0 0 1 1 1 1   8   7   8   0   0   0   0    16.741    19.937    16.755     0.000     0.000     0.000     0.000   0   0   0   0   0   0   0     0.000     0.000     0.000    -0.042    -0.014     0.312    -0.000
   7 0 0 0 1 1 1 1  25  22  24   0   0   0   0     5.605     5.531     5.364     0.000     0.000     0.000     0.000   0   0   0   0   0   0   0     0.000     0.000     0.000    -0.007     0.017     0.002    -0.001
   7 0 0 0 1 1 1 1  26  12  17   0   0   0   0     5.906    49.023    60.107     0.000     0.000     0.000     0.000   0   0   0   0   0   0   0     0.000     0.000     0.000    -0.011    -0.001     0.001     0.008
   7 0 0 0 1 1 1 1  32   7  30   0   0   0   0     4.326    20.977     5.996     0.000     0.000     0.000     0.000   0   0   0   0   0   0   0     0.000     0.000     0.000    -0.002    -0.027     0.002     0.013
   7 0 0 0 1 1 1 1  25   7   7   0   0   0   0     5.508    19.934    20.077     0.000     0.000     0.000     0.000   0   0   0   0   0   0   0     0.000     0.000     0.000     0.038    -0.022     0.008    -0.000
   7 0 0 0 1 1 1 1  26  30   2   0   0   0   0     5.919     5.309    21.836     0.000     0.000     0.000     0.000   0   0   0   0   0   0   0     0.000     0.000     0.000     0.001    -0.002     0.013     0.002
   7 0 0 0 1 1 1 1  11  16  18   0   0   0   0    50.763    58.903    46.817     0.000     0.000     0.000     0.000   0   0   0   0   0   0   0     0.000     0.000     0.000     0.002     0.019    -0.003     0.002
   7 0 0 0 1 1 1 1   3   3   8   0   0   0   0    21.674    21.645    17.136     0.000     0.000     0.000     0.000   0   0   0   0   0   0   0     0.000     0.000     0.000    -0.007    -0.298     0.021    -0.000
   7 0 0 0 1 1 1 1   9   5   5   0   0   0   0    17.923    22.056    23.252     0.000     0.000     0.000     0.000   0   0   0   0   0   0   0     0.000     0.000     0.000     0.014    -0.007     0.002    -0.005
   7 0 0 0 1 1 1 1  25  22   8   0   0   0   0     5.519     5.531    17.140     0.000     0.000     0.000     0.000   0   0   0   0   0   0   0     0.000     0.000     0.000    -0.011     0.016     0.013     0.000
   7 0 0 0 1 1 1 1  23  27  29   0   0   0   0     5.807     5.491     6.162     0.000     0.000     0.000     0.000   0   0   0   0   0   0   0     0.000     0.000     0.000     0.000    -0.008     0.003     0.011
   7 0 0 0 1 1 1 1   3   1  11   0   0   0   0    21.674    22.007    54.926     0.000     0.000     0.000     0.000   0   0   0   0   0   0   0     0.000     0.000     0.000    -0.283    -0.007     0.001    -0.006
   7 0 0 0 1 1 1 1   8   7   8   0   0   0   0    16.741    19.931    16.755     0.000     0.000     0.000     0.000   0   0   0   0   0   0   0     0.000     0.000     0.000    -0.045    -0.017     0.294    -0.000
   7 0 0 0 1 1 1 1   4  26  13   0   0   0   0    23.726     6.019    49.509     0.000     0.000     0.000     0.000   0   0   0   0   0   0   0     0.000     0.000     0.000    -0.001     0.003     0.001     0.009
   7 0 0 0 1 1 1 1  26  12  16   0   0   0   0     5.910    49.023    59.540     0.000     0.000     0.000     0.000   0   0   0   0   0   0   0     0.000     0.000     0.000    -0.010    -0.001     0.001     0.010
   7 0 0 0 1 1 1 1   6   6   6   0   0   0   0    19.363    19.324    19.369     0.000     0.000     0.000     0.000   0   0   0   0   0   0   0     0.000     0.000     0.000     0.003     0.070    -0.269    -0.000
   7 0 0 0 1 1 1 1  24  17  17   0   0   0   0     5.380    56.941    56.594     0.000     0.000     0.000     0.000   0   0   0   0   0   0   0     0.000     0.000     0.000    -0.015    -0.001    -0.002     0.003
   7 0 0 0 1 1 1 1  25   2  32   0   0   0   0     5.871    23.152     4.326     0.000     0.000     0.000     0.000   0   0   0   0   0   0   0     0.000     0.000     0.000    -0.003     0.001     0.003    -0.000
   7 0 0 0 1 1 1 1  23  27  11   0   0   0   0     5.807     5.511    50.158     0.000     0.000     0.000     0.000   0   0   0   0   0   0   0     0.000     0.000     0.000     0.000    -0.008     0.016     0.003
   7 0 0 0 1 1 1 1  23  17  28   0   0   0   0     5.761    59.208     5.732     0.000     0.000     0.000     0.000   0   0   0   0   0   0   0     0.000     0.000     0.000    -0.004     0.002     0.003     0.012
   7 0 0 0 1 1 1 1  30   6  10   0   0   0   0     5.303    19.369    15.786     0.000     0.000     0.000     0.000   0   0   0   0   0   0   0     0.000     0.000     0.000     0.022    -0.003     0.003    -0.002
   7 0 0 0 1 1 1 1  25   6   8   0   0   0   0     5.519    19.369    17.140     0.000     0.000     0.000     0.000   0   0   0   0   0   0   0     0.000     0.000     0.000     0.007    -0.011     0.012     0.000
   7 0 0 0 1 1 1 1   2   0   8   0   0   0   0    21.490    21.148    17.140     0.000     0.000     0.000     0.000   0   0   0   0   0   0   0     0.000     0.000     0.000    -0.128    -0.008     0.015    -0.000
   7 0 0 0 1 1 1 1  14  30   7   0   0   0   0    40.427     6.005    20.938     0.000     0.000     0.000     0.000   0   0   0   0   0   0   0     0.000     0.000     0.000     0.002     0.012    -0.000    -0.011
   7 0 0 0 1 1 1 1   8   7   8   0   0   0   0    16.741    19.937    16.755     0.000     0.000     0.000     0.000   0   0   0   0   0   0   0     0.000     0.000     0.000    -0.039    -0.011     0.279    -0.000
   7 0 0 0 1 1 1 1   4  26  22   0   0   0   0    23.678     6.017     4.946     0.000     0.000     0.000     0.000   0   0   0   0   0   0   0     0.000     0.000     0.000    -0.001     0.003     0.001     0.006
   7 0 0 0 1 1 1 1  30   0   6   0   0   0   0     5.159    21.163    19.621     0.000     0.000     0.000     0.000   0   0   0   0   0   0   0     0.000     0.000     0.000    -0.004     0.020     0.010     0.000
   7 0 0 0 1 1 1 1   6   6   6   0   0   0   0    19.363    19.324    19.369     0.000     0.000     0.000     0.000   0   0   0   0   0   0   0     0.000     0.000     0.000     0.003     0.064    -0.255    -0.000
   7 0 0 0 1 1 1 1  24  17  17   0   0   0   0     5.411    57.174    56.594     0.000     0.000     0.000     0.000   0   0   0   0   0   0   0     0.000     0.000     0.000    -0.013    -0.001    -0.002     0.004
   7 0 0 0 1 1 1 1  25  10  24   0   0   0   0     5.876    15.190     5.345     0.000     0.000     0.000     0.000   0   0   0   0   0   0   0     0.000     0.000     0.000     0.003    -0.002     0.005     0.000
   7 0 0 0 1 1 1 1  22  11   5   0   0   0   0     5.531    50.762    22.056     0.000     0.000     0.000     0.000   0   0   0   0   0   0   0     0.000     0.000     0.000     0.002    -0.001    -0.121     0.007
   7 0 0 0 1 1 1 1  32   7   9   0   0   0   0     4.326    20.977    18.665     0.000     0.000     0.000     0.000   0   0   0   0   0   0   0     0.000     0.000     0.000    -0.002    -0.023     0.001     0.006
   7 0 0 0 1 1 1 1   7   0   6   0   0   0   0    19.929    21.125    19.369     0.000     0.000     0.000     0.000   0   0   0   0   0   0   0     0.000     0.000     0.000    -0.016    -0.043     0.047    -0.000
   7 0 0 0 1 1 1 1   2  32   5   0   0   0   0    23.137     4.326    23.555     0.000     0.000     0.000     0.000   0   0   0   0   0   0   0     0.000     0.000     0.000     0.001    -0.002     0.002    -0.008
   7 0 0 0 1 1 1 1   2   0   8   0   0   0   0    21.490    21.148    17.140     0.000     0.000     0.000     0.000   0   0   0   0   0   0   0     0.000     0.000     0.000    -0.115    -0.007     0.013    -0.000
   7 0 0 0 1 1 1 1  24   7   6   0   0   0   0     5.148    19.930    19.412     0.000     0.000     0.000     0.000   0   0   0   0   0   0   0     0.000     0.000     0.000     0.030    -0.015     0.040     0.000
   7 0 0 0 1 1 1 1   8   2   8   0   0   0   0    16.741    21.529    16.755     0.000     0.000     0.000     0.000   0   0   0   0   0   0   0     0.000     0.000     0.000    -0.036    -0.016     0.263    -0.000
   7 0 0 0 1 1 1 1   3  22   8   0   0   0   0    22.574     5.531    17.217     0.000     0.000     0.000     0.000   0   0   0   0   0   0   0     0.000     0.000     0.000    -0.006     0.015     0.005    -0.000
   7 0 0 0 1 1 1 1  29  17  10   0   0   0   0     6.158    59.823    16.330     0.000     0.000     0.000     0.000   0   0   0   0   0   0   0     0.000     0.000     0.000    -0.001     0.002     0.006     0.017
   7 0 0 0 1 1 1 1   3   1   8   0   0   0   0    21.674    22.007    17.140     0.000     0.000     0.000     0.000   0   0   0   0   0   0   0     0.000     0.000     0.000    -0.242    -0.005     0.016    -0.000
   7 0 0 0 1 1 1 1  30   6   7   0   0   0   0     5.046    19.369    21.399     0.000     0.000     0.000     0.000   0   0   0   0   0   0   0     0.000     0.000     0.000     0.019    -0.013     0.001    -0.004
   7 0 1 0 1 1 1 1   2   6   2   0   0   0   0    21.484    19.369    21.490     0.000     0.000     0.000     0.000   0   0   0   0   0   0   0     0.000    -0.011     0.000     0.019    -0.013     0.109     0.000
   7 0 0 0 1 1 1 1  26  12  25   0   0   0   0     5.913    49.023     5.854     0.000     0.000     0.000     0.000   0   0   0   0   0   0   0     0.000    -0.011     0.000    -0.008    -0.000    -0.001     0.003
   7 0 0 0 1 1 1 1  24   5  28   0   0   0   0     5.374    21.986     5.464     0.000     0.000     0.000     0.000   0   0   0   0   0   0   0     0.000    -0.011     0.000     0.040    -0.002     0.013     0.001
   7 0 0 0 1 1 1 1   8   2   8   0   0   0   0    16.741    21.529    16.755     0.000     0.000     0.000     0.000   0   0   0   0   0   0   0     0.000    -0.011     0.000    -0.035    -0.016     0.249    -0.000
   7 0 0 0 1 1 1 1   3  30  12   0   0   0   0    24.338     5.312    50.351     0.000     0.000     0.000     0.000   0   0   0   0   0   0   0     0.000    -0.011     0.000     0.001    -0.002     0.001     0.017
   7 0 0 0 1 1 1 1  23  17  11   0   0   0   0     5.807    56.927    50.144     0.000     0.000     0.000     0.000   0   0   0   0   0   0   0     0.000    -0.011     0.000    -0.008    -0.000     0.015     0.003
   7 0 0 0 1 1 1 1  14  12   7   0   0   0   0    40.427    49.624    20.950     0.000     0.000     0.000     0.000   0   0   0   0   0   0   0     0.000    -0.011     0.000     0.003    -0.005    -0.000    -0.010
   7 0 0 0 1 1 1 1  30   5  16   0   0   0   0     5.374    21.982    55.446     0.000     0.000     0.000     0.000   0   0   0   0   0   0   0     0.000    -0.011     0.000     0.003    -0.003    -0.000     0.012
   7 0 0 0 1 1 1 1  25   6   8   0   0   0   0     5.608    19.369    17.140     0.000     0.000     0.000     0.000   0   0   0   0   0   0   0     0.000    -0.011     0.000     0.007    -0.005     0.010     0.000
   7 0 0 0 1 1 1 1  10  18  22   0   0   0   0    15.021    46.539     5.531     0.000     0.000     0.000     0.000   0   0   0   0   0   0   0     0.000    -0.011     0.000    -0.008     0.000     0.000    -0.030
   7 0 0 0 1 1 1 1  30   5  17   0   0   0   0     5.110    21.987    59.307     0.000     0.000     0.000     0.000   0   0   0   0   0   0   0     0.000    -0.011     0.000     0.029    -0.006    -0.001     0.003
   7 0 0 0 1 1 1 1   9   9   7   0   0   0   0    17.923    17.583    21.399     0.000     0.000     0.000     0.000   0   0   0   0   0   0   0     0.000    -0.011     0.000     0.013    -0.005     0.001    -0.003
   7 0 0 0 1 1 1 1  14  11   6   0   0   0   0    39.185    50.766    20.220     0.000     0.000     0.000     0.000   0   0   0   0   0   0   0     0.000    -0.011     0.000     0.002     0.000     0.001    -0.002
   7 0 0 0 1 1 1 1  30   6   8   0   0   0   0     5.069    19.363    17.140     0.000     0.000     0.000     0.000   0   0   0   0   0   0   0     0.000    -0.011     0.000     0.009    -0.006     0.017     0.000
   7 0 0 0 1 1 1 1  28  27  24   0   0   0   0     5.715     5.222     5.739     0.000     0.000     0.000     0.000   0   0   0   0   0   0   0     0.000    -0.011     0.000     0.002    -0.002     0.005     0.012
