  360
   1 1   0     0.000   0     4.835
   1 1   0     0.000   0     5.503
   1 1   0     0.000   0     5.791
   1 1   0     0.000   0     6.075
   7 0 0 0 1 1 1 1  27   0  22   0   0   0   0     5.194    21.721     5.453     0.000     0.000     0.000     0.000   0   0   0   0   0   0   0     0.000     0.000     0.000     0.175     0.618     0.002    -0.173
   7 0 0 0 1 1 1 1  25  12  11   0   0   0   0     5.641    48.014    50.603     0.000     0.000     0.000     0.000   0   0   0   0   0   0   0     0.000     0.000     0.000    -0.227    -0.078     0.137     0.050
   7 0 0 0 1 1 1 1  25  25  23   0   0   0   0     5.739     5.386     5.578     0.000     0.000     0.000     0.000   0   0   0   0   0   0   0     0.000     0.000     0.000    -0.160    -0.031     0.024     0.115
   7 0 0 0 1 1 1 1  11  23  28   0   0   0   0    48.423     5.537     5.638     0.000     0.000     0.000     0.000   0   0   0   0   0   0   0     0.000     0.000     0.000    -0.467    -0.201    -0.002     0.203
   7 0 0 0 1 1 1 1  27   0  25   0   0   0   0     5.194    21.721     5.600     0.000     0.000     0.000     0.000   0   0   0   0   0   0   0     0.000     0.000     0.000     0.160     0.587    -0.115     0.012
   7 0 0 0 1 1 1 1  25  12   4   0   0   0   0     5.641    48.373    23.838     0.000     0.000     0.000     0.000   0   0   0   0   0   0   0     0.000     0.000     0.000    -0.203    -0.068     0.048     0.137
   7 0 0 0 1 1 1 1  25  25  26   0   0   0   0     5.587     5.367     5.876     0.000     0.000     0.000     0.000   0   0   0   0   0   0   0     0.000     0.000     0.000    -0.149    -0.051     0.002     0.077
   7 0 0 0 1 1 1 1  11  23  28   0   0   0   0    48.423     5.559     5.638     0.000     0.000     0.000     0.000   0   0   0   0   0   0   0     0.000     0.000     0.000    -0.413    -0.174    -0.002     0.184
   7 0 0 0 1 1 1 1  27   0  22   0   0   0   0     5.194    21.721     5.453     0.000     0.000     0.000     0.000   0   0   0   0   0   0   0     0.000     0.000     0.000     0.146     0.558     0.002    -0.145
   7 0 0 0 1 1 1 1  25  18  11   0   0   0   0     5.682    49.158    50.603     0.000     0.000     0.000     0.000   0   0   0   0   0   0   0     0.000     0.000     0.000    -0.060    -0.187     0.114     0.043
   7 0 0 0 1 1 1 1  25  25  23   0   0   0   0     5.719     5.418     5.669     0.000     0.000     0.000     0.000   0   0   0   0   0   0   0     0.000     0.000     0.000    -0.128    -0.027     0.019     0.099
   7 0 0 0 1 1 1 1  11  23  23   0   0   0   0    48.423     5.492     5.578     0.000     0.000     0.000     0.000   0   0   0   0   0   0   0     0.000     0.000     0.000    -0.484    -0.189    -0.009     0.151
   7 0 0 0 1 1 1 1  27   0  25   0   0   0   0     5.194    21.721     5.600     0.000     0.000     0.000     0.000   0   0   0   0   0   0   0     0.000     0.000     0.000     0.133     0.530    -0.097     0.010
   7 0 0 0 1 1 1 1  25  12  25   0   0   0   0     5.641    48.373     5.787     0.000     0.000     0.000     0.000   0   0   0   0   0   0   0     0.000     0.000     0.000    -0.166    -0.056     0.009     0.066
   7 0 0 0 1 1 1 1  25  23  29   0   0   0   0     5.587     5.750     5.852     0.000     0.000     0.000     0.000   0   0   0   0   0   0   0     0.000     0.000     0.000    -0.095     0.002     0.008     0.091
   7 0 0 0 1 1 1 1  11  23  28   0   0   0   0    48.423     5.516     5.643     0.000     0.000     0.000     0.000   0   0   0   0   0   0   0     0.000     0.000     0.000    -0.379    -0.152    -0.001     0.154
   7 0 0 0 1 1 1 1  27   0  12   0   0   0   0     5.194    21.721    48.956     0.000     0.000     0.000     0.000   0   0   0   0   0   0   0     0.000     0.000     0.000     0.121     0.504    -0.077     0.013
   7 0 0 0 1 1 1 1  25  12  25   0   0   0   0     5.682    48.014     5.955     0.000     0.000     0.000     0.000   0   0   0   0   0   0   0     0.000     0.000     0.000    -0.153    -0.049     0.036     0.111
   7 0 0 0 1 1 1 1  25  25  24   0   0   0   0     5.760     5.367     5.393     0.000     0.000     0.000     0.000   0   0   0   0   0   0   0     0.000     0.000     0.000    -0.115    -0.023     0.016     0.076
   7 0 0 0 1 1 1 1  28  10  28   0   0   0   0     5.348    15.645     5.643     0.000     0.000     0.000     0.000   0   0   0   0   0   0   0     0.000     0.000     0.000    -0.183    -0.498    -0.003     0.139
   7 0 0 0 1 1 1 1  27   0  18   0   0   0   0     5.194    21.721    49.158     0.000     0.000     0.000     0.000   0   0   0   0   0   0   0     0.000     0.000     0.000     0.110     0.478     0.003    -0.116
   7 0 0 0 1 1 1 1   3  12  25   0   0   0   0    23.000    48.956     5.787     0.000     0.000     0.000     0.000   0   0   0   0   0   0   0     0.000     0.000     0.000    -0.127    -0.044     0.000     0.055
   7 0 0 0 1 1 1 1  24  17  29   0   0   0   0     5.325    57.049     5.836     0.000     0.000     0.000     0.000   0   0   0   0   0   0   0     0.000     0.000     0.000    -0.098    -0.026     0.006     0.075
   7 0 0 0 1 1 1 1  11  23  23   0   0   0   0    48.423     5.492     5.516     0.000     0.000     0.000     0.000   0   0   0   0   0   0   0     0.000     0.000     0.000    -0.398    -0.140    -0.008     0.112
   7 0 0 0 1 1 1 1  27   0  25   0   0   0   0     5.194    21.721     5.600     0.000     0.000     0.000     0.000   0   0   0   0   0   0   0     0.000     0.000     0.000     0.100     0.454    -0.075     0.009
   7 0 0 0 1 1 1 1  25  12  25   0   0   0   0     5.641    48.014     5.955     0.000     0.000     0.000     0.000   0   0   0   0   0   0   0     0.000     0.000     0.000    -0.127    -0.042     0.028     0.096
   7 0 0 0 1 1 1 1  26  25  11   0   0   0   0     5.836     5.418    48.423     0.000     0.000     0.000     0.000   0   0   0   0   0   0   0     0.000     0.000     0.000    -0.093    -0.012    -0.076     0.041
   7 0 0 0 1 1 1 1  28  10  28   0   0   0   0     5.348    15.645     5.643     0.000     0.000     0.000     0.000   0   0   0   0   0   0   0     0.000     0.000     0.000    -0.151    -0.453    -0.003     0.114
   7 0 0 0 1 1 1 1  27   0  18   0   0   0   0     5.194    21.721    49.158     0.000     0.000     0.000     0.000   0   0   0   0   0   0   0     0.000     0.000     0.000     0.091     0.432     0.003    -0.098
   7 0 0 0 1 1 1 1  25  11   4   0   0   0   0     5.700    50.212    23.888     0.000     0.000     0.000     0.000   0   0   0   0   0   0   0     0.000     0.000     0.000    -0.100    -0.025     0.029     0.090
   7 0 0 0 1 1 1 1  24  27  29   0   0   0   0     5.325     5.298     5.836     0.000     0.000     0.000     0.000   0   0   0   0   0   0   0     0.000     0.000     0.000    -0.116    -0.037     0.005     0.064
   7 0 0 0 1 1 1 1  11  23  24   0   0   0   0    48.423     5.492     5.393     0.000     0.000     0.000     0.000   0   0   0   0   0   0   0     0.000     0.000     0.000    -0.349    -0.116    -0.007     0.091
   7 0 0 0 1 1 1 1  27   0  12   0   0   0   0     5.194    21.721    48.956     0.000     0.000     0.000     0.000   0   0   0   0   0   0   0     0.000     0.000     0.000     0.083     0.410    -0.057     0.011
   7 0 0 0 1 1 1 1   3  12  25   0   0   0   0    23.000    48.014     5.811     0.000     0.000     0.000     0.000   0   0   0   0   0   0   0     0.000     0.000     0.000    -0.105    -0.039     0.003     0.046
   7 0 0 0 1 1 1 1  25   1  29   0   0   0   0     5.668    21.879     5.836     0.000     0.000     0.000     0.000   0   0   0   0   0   0   0     0.000     0.000     0.000    -0.009    -0.067     0.010     0.058
   7 0 0 0 1 1 1 1  28  10  30   0   0   0   0     5.348    15.645     5.618     0.000     0.000     0.000     0.000   0   0   0   0   0   0   0     0.000     0.000     0.000    -0.125    -0.413     0.002     0.113
   7 0 0 0 1 1 1 1  17  22  11   0   0   0   0    58.652     5.453    48.423     0.000     0.000     0.000     0.000   0   0   0   0   0   0   0     0.000     0.000     0.000    -0.003    -0.084     0.390     0.062
   7 0 0 0 1 1 1 1  25  11   4   0   0   0   0     5.711    50.212    23.888     0.000     0.000     0.000     0.000   0   0   0   0   0   0   0     0.000     0.000     0.000    -0.083    -0.020     0.024     0.077
   7 0 0 0 1 1 1 1  11  27  26   0   0   0   0    46.526     5.305     5.836     0.000     0.000     0.000     0.000   0   0   0   0   0   0   0     0.000     0.000     0.000    -0.100    -0.043    -0.009     0.029
   7 0 0 0 1 1 1 1  11   1  24   0   0   0   0    48.423    21.979     5.393     0.000     0.000     0.000     0.000   0   0   0   0   0   0   0     0.000     0.000     0.000    -0.101    -0.342    -0.007     0.076
   7 0 0 0 1 1 1 1  27   0  12   0   0   0   0     5.194    21.721    48.956     0.000     0.000     0.000     0.000   0   0   0   0   0   0   0     0.000     0.000     0.000     0.070     0.370    -0.048     0.009
   7 0 0 0 1 1 1 1  25  25  11   0   0   0   0     5.719     5.418    50.166     0.000     0.000     0.000     0.000   0   0   0   0   0   0   0     0.000     0.000     0.000    -0.094    -0.026     0.063     0.021
   7 0 0 0 1 1 1 1  24  17  26   0   0   0   0     5.325    57.049     5.876     0.000     0.000     0.000     0.000   0   0   0   0   0   0   0     0.000     0.000     0.000    -0.068    -0.017     0.001     0.037
   7 0 0 0 1 1 1 1  28  10  30   0   0   0   0     5.348    15.645     5.632     0.000     0.000     0.000     0.000   0   0   0   0   0   0   0     0.000     0.000     0.000    -0.103    -0.375     0.003     0.106
   7 0 0 0 1 1 1 1  17  22  11   0   0   0   0    58.652     5.463    48.423     0.000     0.000     0.000     0.000   0   0   0   0   0   0   0     0.000     0.000     0.000    -0.003    -0.074     0.352     0.053
   7 0 0 0 1 1 1 1   3   1  25   0   0   0   0    23.000    21.879     5.832     0.000     0.000     0.000     0.000   0   0   0   0   0   0   0     0.000     0.000     0.000    -0.031    -0.085     0.004     0.038
   7 0 0 0 1 1 1 1  28   0  26   0   0   0   0     5.348    21.761     5.876     0.000     0.000     0.000     0.000   0   0   0   0   0   0   0     0.000     0.000     0.000    -0.063     0.023    -0.002     0.039
   7 0 0 0 1 1 1 1  29  27   0   0   0   0   0     5.717     5.194    21.303     0.000     0.000     0.000     0.000   0   0   0   0   0   0   0     0.000     0.000     0.000    -0.356    -0.067     0.075     0.001
   7 0 0 0 1 1 1 1  27   0  25   0   0   0   0     5.194    21.721     5.587     0.000     0.000     0.000     0.000   0   0   0   0   0   0   0     0.000     0.000     0.000     0.059     0.334    -0.048     0.006
   7 0 0 0 1 1 1 1  25   3  25   0   0   0   0     5.616    22.328     5.787     0.000     0.000     0.000     0.000   0   0   0   0   0   0   0     0.000     0.000     0.000    -0.079    -0.034    -0.004     0.029
   7 0 0 0 1 1 1 1  24  27  31   0   0   0   0     5.325     5.298     5.521     0.000     0.000     0.000     0.000   0   0   0   0   0   0   0     0.000     0.000     0.000    -0.081    -0.024     0.004     0.046
   7 0 0 0 1 1 1 1  11   0  24   0   0   0   0    48.423    21.453     5.393     0.000     0.000     0.000     0.000   0   0   0   0   0   0   0     0.000     0.000     0.000    -0.082    -0.339    -0.005     0.059
   7 0 0 0 1 1 1 1  17  22  11   0   0   0   0    58.652     5.463    48.423     0.000     0.000     0.000     0.000   0   0   0   0   0   0   0     0.000     0.000     0.000    -0.002    -0.062     0.317     0.046
   7 0 0 0 1 1 1 1   3  12  25   0   0   0   0    22.712    48.956     5.955     0.000     0.000     0.000     0.000   0   0   0   0   0   0   0     0.000     0.000     0.000    -0.061    -0.019     0.011     0.057
   7 0 0 0 1 1 1 1  28   0  26   0   0   0   0     5.348    21.761     5.790     0.000     0.000     0.000     0.000   0   0   0   0   0   0   0     0.000     0.000     0.000    -0.054     0.021    -0.015     0.017
   7 0 0 0 1 1 1 1  28  10  30   0   0   0   0     5.348    15.645     5.632     0.000     0.000     0.000     0.000   0   0   0   0   0   0   0     0.000     0.000     0.000    -0.080    -0.322     0.002     0.083
   7 0 0 0 1 1 1 1  27   0  12   0   0   0   0     5.194    21.721    48.956     0.000     0.000     0.000     0.000   0   0   0   0   0   0   0     0.000     0.000     0.000     0.050     0.302    -0.035     0.007
   7 0 0 0 1 1 1 1  25  11  11   0   0   0   0     5.739    51.084    48.423     0.000     0.000     0.000     0.000   0   0   0   0   0   0   0     0.000     0.000     0.000    -0.051    -0.011     0.120     0.018
   7 0 0 0 1 1 1 1  24  27  25   0   0   0   0     5.309     5.298     5.787     0.000     0.000     0.000     0.000   0   0   0   0   0   0   0     0.000     0.000     0.000    -0.069    -0.025    -0.006     0.018
   7 0 0 0 1 1 1 1  29  27   4   0   0   0   0     5.717     5.194    23.570     0.000     0.000     0.000     0.000   0   0   0   0   0   0   0     0.000     0.000     0.000    -0.306    -0.053     0.058     0.001
   7 0 0 0 1 1 1 1  27   6  18   0   0   0   0     5.208    20.227    49.677     0.000     0.000     0.000     0.000   0   0   0   0   0   0   0     0.000     0.000     0.000     0.043     0.286    -0.002    -0.071
   7 0 0 0 1 1 1 1  25  25  11   0   0   0   0     5.769     5.418    48.423     0.000     0.000     0.000     0.000   0   0   0   0   0   0   0     0.000     0.000     0.000    -0.060    -0.013     0.114     0.019
   7 0 0 0 1 1 1 1  28   0  26   0   0   0   0     5.348    21.761     5.886     0.000     0.000     0.000     0.000   0   0   0   0   0   0   0     0.000     0.000     0.000    -0.046     0.018    -0.002     0.030
   7 0 0 0 1 1 1 1  11  23  30   0   0   0   0    48.423     5.559     5.632     0.000     0.000     0.000     0.000   0   0   0   0   0   0   0     0.000     0.000     0.000    -0.168    -0.033     0.003     0.070
   7 0 0 0 1 1 1 1  25  22  11   0   0   0   0     5.891     5.505    48.423     0.000     0.000     0.000     0.000   0   0   0   0   0   0   0     0.000     0.000     0.000    -0.003    -0.062     0.272     0.037
   7 0 0 0 1 1 1 1  25  12  25   0   0   0   0     5.616    47.149     5.841     0.000     0.000     0.000     0.000   0   0   0   0   0   0   0     0.000     0.000     0.000    -0.074    -0.026     0.003     0.030
   7 0 0 0 1 1 1 1  24  17  23   0   0   0   0     5.309    57.049     5.859     0.000     0.000     0.000     0.000   0   0   0   0   0   0   0     0.000     0.000     0.000    -0.048    -0.011     0.002     0.045
   7 0 0 0 1 1 1 1  29  27   4   0   0   0   0     5.717     5.194    23.472     0.000     0.000     0.000     0.000   0   0   0   0   0   0   0     0.000     0.000     0.000    -0.282    -0.044     0.051     0.001
   7 0 0 0 1 1 1 1  27   0  25   0   0   0   0     5.194    21.721     5.618     0.000     0.000     0.000     0.000   0   0   0   0   0   0   0     0.000     0.000     0.000     0.039     0.259    -0.029     0.006
   7 0 0 0 1 1 1 1  25  12  11   0   0   0   0     5.739    47.251    48.423     0.000     0.000     0.000     0.000   0   0   0   0   0   0   0     0.000     0.000     0.000    -0.064    -0.015     0.106     0.014
   7 0 0 0 1 1 1 1  25  25  11   0   0   0   0     5.787     5.386    48.423     0.000     0.000     0.000     0.000   0   0   0   0   0   0   0     0.000     0.000     0.000    -0.042    -0.007    -0.070     0.016
   7 0 0 0 1 1 1 1  28  10  24   0   0   0   0     5.348    15.645     5.363     0.000     0.000     0.000     0.000   0   0   0   0   0   0   0     0.000     0.000     0.000    -0.055    -0.268    -0.013     0.031
   7 0 0 0 1 1 1 1  25  18  11   0   0   0   0     5.891    49.677    48.423     0.000     0.000     0.000     0.000   0   0   0   0   0   0   0     0.000     0.000     0.000    -0.003    -0.057     0.246     0.032
   7 0 0 0 1 1 1 1  31  12  11   0   0   0   0     5.367    47.019    48.423     0.000     0.000     0.000     0.000   0   0   0   0   0   0   0     0.000     0.000     0.000    -0.068    -0.029     0.101     0.006
   7 0 0 0 1 1 1 1  24  17   6   0   0   0   0     5.325    57.049    21.136     0.000     0.000     0.000     0.000   0   0   0   0   0   0   0     0.000     0.000     0.000    -0.040    -0.006     0.004     0.060
   7 0 0 0 1 1 1 1  11  23  26   0   0   0   0    48.423     5.505     5.922     0.000     0.000     0.000     0.000   0   0   0   0   0   0   0     0.000     0.000     0.000    -0.165    -0.033     0.003     0.072
   7 0 0 0 1 1 1 1  27   0  24   0   0   0   0     5.194    21.721     5.345     0.000     0.000     0.000     0.000   0   0   0   0   0   0   0     0.000     0.000     0.000     0.034     0.233    -0.024     0.007
   7 0 0 0 1 1 1 1  25  22  11   0   0   0   0     5.769     5.354    48.423     0.000     0.000     0.000     0.000   0   0   0   0   0   0   0     0.000     0.000     0.000    -0.006    -0.033     0.096     0.013
   7 0 0 0 1 1 1 1  28   3  13   0   0   0   0     5.348    22.048    48.016     0.000     0.000     0.000     0.000   0   0   0   0   0   0   0     0.000     0.000     0.000    -0.073    -0.021     0.030    -0.000
   7 0 0 0 1 1 1 1  29  27  17   0   0   0   0     5.717     5.194    54.741     0.000     0.000     0.000     0.000   0   0   0   0   0   0   0     0.000     0.000     0.000    -0.246    -0.034     0.086     0.008
   7 0 0 0 1 1 1 1  25  22  11   0   0   0   0     5.891     5.505    48.423     0.000     0.000     0.000     0.000   0   0   0   0   0   0   0     0.000     0.000     0.000    -0.002    -0.050     0.222     0.028
   7 0 0 0 1 1 1 1   4  12   0   0   0   0   0    22.582    47.149    21.721     0.000     0.000     0.000     0.000   0   0   0   0   0   0   0     0.000     0.000     0.000    -0.054    -0.017     0.006     0.045
   7 0 0 0 1 1 1 1  25   3  11   0   0   0   0     5.787    22.048    48.423     0.000     0.000     0.000     0.000   0   0   0   0   0   0   0     0.000     0.000     0.000    -0.068    -0.008    -0.065     0.013
   7 0 0 0 1 1 1 1  24  27  17   0   0   0   0     5.363     5.194    54.741     0.000     0.000     0.000     0.000   0   0   0   0   0   0   0     0.000     0.000     0.000    -0.234    -0.019     0.079     0.017
   7 0 0 0 1 1 1 1  26  15  11   0   0   0   0     5.836    51.530    48.423     0.000     0.000     0.000     0.000   0   0   0   0   0   0   0     0.000     0.000     0.000    -0.022     0.018     0.211     0.017
   7 0 0 0 1 1 1 1  25  12  11   0   0   0   0     5.769    47.149    48.423     0.000     0.000     0.000     0.000   0   0   0   0   0   0   0     0.000     0.000     0.000    -0.050    -0.010     0.089     0.011
   7 0 0 0 1 1 1 1  26   3  11   0   0   0   0     5.836    22.048    48.423     0.000     0.000     0.000     0.000   0   0   0   0   0   0   0     0.000     0.000     0.000    -0.064    -0.006    -0.062     0.014
   7 0 0 0 1 1 1 1  30  23   4   0   0   0   0     5.261     5.559    23.641     0.000     0.000     0.000     0.000   0   0   0   0   0   0   0     0.000     0.000     0.000    -0.089    -0.028     0.028    -0.006
   7 0 0 0 1 1 1 1  27   0  12   0   0   0   0     5.194    21.721    48.956     0.000     0.000     0.000     0.000   0   0   0   0   0   0   0     0.000     0.000     0.000     0.027     0.200    -0.022     0.005
   7 0 0 0 1 1 1 1  25  12  11   0   0   0   0     5.614    46.881    48.423     0.000     0.000     0.000     0.000   0   0   0   0   0   0   0     0.000     0.000     0.000    -0.057    -0.018     0.084     0.005
   7 0 0 0 1 1 1 1  23  12   0   0   0   0   0     5.859    49.093    20.995     0.000     0.000     0.000     0.000   0   0   0   0   0   0   0     0.000     0.000     0.000    -0.021     0.003     0.003     0.047
   7 0 0 0 1 1 1 1  30  23  26   0   0   0   0     5.261     5.559     5.922     0.000     0.000     0.000     0.000   0   0   0   0   0   0   0     0.000     0.000     0.000    -0.081    -0.026     0.002     0.055
   7 0 0 0 1 1 1 1  26  12  11   0   0   0   0     5.876    48.956    48.423     0.000     0.000     0.000     0.000   0   0   0   0   0   0   0     0.000     0.000     0.000    -0.028     0.001     0.190     0.020
   7 0 0 0 1 1 1 1  25  22  11   0   0   0   0     5.798     5.453    48.423     0.000     0.000     0.000     0.000   0   0   0   0   0   0   0     0.000     0.000     0.000    -0.006    -0.029     0.080     0.011
   7 0 0 0 1 1 1 1  23  12   0   0   0   0   0     5.859    49.084    20.995     0.000     0.000     0.000     0.000   0   0   0   0   0   0   0     0.000     0.000     0.000    -0.020     0.003     0.003     0.043
   7 0 0 0 1 1 1 1  28  10  24   0   0   0   0     5.348    15.645     5.358     0.000     0.000     0.000     0.000   0   0   0   0   0   0   0     0.000     0.000     0.000    -0.033    -0.222    -0.010     0.019
   7 0 0 0 1 1 1 1  27   0   9   0   0   0   0     5.194    21.721    18.682     0.000     0.000     0.000     0.000   0   0   0   0   0   0   0     0.000     0.000     0.000     0.023     0.181     0.003    -0.026
   7 0 0 0 1 1 1 1   4  12  25   0   0   0   0    22.582    46.881     5.900     0.000     0.000     0.000     0.000   0   0   0   0   0   0   0     0.000     0.000     0.000    -0.050    -0.014     0.003     0.027
   7 0 0 0 1 1 1 1  31  12   1   0   0   0   0     5.524    49.093    22.426     0.000     0.000     0.000     0.000   0   0   0   0   0   0   0     0.000     0.000     0.000    -0.016     0.002     0.017     0.055
   7 0 0 0 1 1 1 1  29  27  23   0   0   0   0     5.717     5.194     5.916     0.000     0.000     0.000     0.000   0   0   0   0   0   0   0     0.000     0.000     0.000    -0.211    -0.023     0.006     0.068
   7 0 0 0 1 1 1 1  26  12  11   0   0   0   0     5.876    47.601    48.423     0.000     0.000     0.000     0.000   0   0   0   0   0   0   0     0.000     0.000     0.000    -0.037    -0.001     0.172     0.018
   7 0 0 0 1 1 1 1  25  12  11   0   0   0   0     5.803    47.149    48.423     0.000     0.000     0.000     0.000   0   0   0   0   0   0   0     0.000     0.000     0.000    -0.037    -0.006     0.075     0.009
   7 0 0 0 1 1 1 1   3   3  11   0   0   0   0    22.340    22.048    52.590     0.000     0.000     0.000     0.000   0   0   0   0   0   0   0     0.000     0.000     0.000    -0.056    -0.014     0.005    -0.019
   7 0 0 0 1 1 1 1  30  20  26   0   0   0   0     5.303    62.409     5.922     0.000     0.000     0.000     0.000   0   0   0   0   0   0   0     0.000     0.000     0.000    -0.087    -0.026     0.001     0.046
   7 0 0 0 1 1 1 1  17  28  13   0   0   0   0    57.664     5.678    47.335     0.000     0.000     0.000     0.000   0   0   0   0   0   0   0     0.000     0.000     0.000    -0.016     0.016     0.091     0.012
   7 0 0 0 1 1 1 1  25  22  11   0   0   0   0     5.835     5.340    48.423     0.000     0.000     0.000     0.000   0   0   0   0   0   0   0     0.000     0.000     0.000    -0.001    -0.018     0.071     0.012
   7 0 0 0 1 1 1 1  31   3   1   0   0   0   0     5.530    22.048    22.426     0.000     0.000     0.000     0.000   0   0   0   0   0   0   0     0.000     0.000     0.000    -0.052    -0.001     0.017     0.051
   7 0 0 0 1 1 1 1  24  27  23   0   0   0   0     5.363     5.194     5.916     0.000     0.000     0.000     0.000   0   0   0   0   0   0   0     0.000     0.000     0.000    -0.200    -0.012     0.011     0.058
   7 0 0 0 1 1 1 1  27   0   9   0   0   0   0     5.194    21.721    18.688     0.000     0.000     0.000     0.000   0   0   0   0   0   0   0     0.000     0.000     0.000     0.018     0.158     0.002    -0.025
   7 0 0 0 1 1 1 1   4  12   0   0   0   0   0    22.582    46.881    21.721     0.000     0.000     0.000     0.000   0   0   0   0   0   0   0     0.000     0.000     0.000    -0.042    -0.010     0.003     0.031
   7 0 0 0 1 1 1 1  14   1  28   0   0   0   0    39.552    22.445     5.348     0.000     0.000     0.000     0.000   0   0   0   0   0   0   0     0.000     0.000     0.000     0.015     0.047    -0.022     0.000
   7 0 0 0 1 1 1 1  30  23  11   0   0   0   0     5.303     5.559    48.423     0.000     0.000     0.000     0.000   0   0   0   0   0   0   0     0.000     0.000     0.000    -0.064    -0.015    -0.065     0.007
   7 0 0 0 1 1 1 1  16  26  10   0   0   0   0    55.198     5.800    15.647     0.000     0.000     0.000     0.000   0   0   0   0   0   0   0     0.000     0.000     0.000    -0.020     0.004     0.011     0.072
   7 0 0 0 1 1 1 1  25   3  11   0   0   0   0     5.611    22.048    48.423     0.000     0.000     0.000     0.000   0   0   0   0   0   0   0     0.000     0.000     0.000    -0.044    -0.011     0.066     0.003
   7 0 0 0 1 1 1 1  23  12  11   0   0   0   0     5.859    49.093    50.878     0.000     0.000     0.000     0.000   0   0   0   0   0   0   0     0.000     0.000     0.000    -0.014     0.002     0.034     0.000
   7 0 0 0 1 1 1 1  24  27  23   0   0   0   0     5.363     5.194     5.859     0.000     0.000     0.000     0.000   0   0   0   0   0   0   0     0.000     0.000     0.000    -0.187    -0.010     0.009     0.045
   7 0 0 0 1 1 1 1  27   0  18   0   0   0   0     5.194    21.721    49.677     0.000     0.000     0.000     0.000   0   0   0   0   0   0   0     0.000     0.000     0.000     0.016     0.147     0.001    -0.037
   7 0 0 0 1 1 1 1  25  25  11   0   0   0   0     5.836     5.418    48.423     0.000     0.000     0.000     0.000   0   0   0   0   0   0   0     0.000     0.000     0.000    -0.020    -0.002     0.063     0.010
   7 0 0 0 1 1 1 1  31  18  25   0   0   0   0     5.524    50.036     5.809     0.000     0.000     0.000     0.000   0   0   0   0   0   0   0     0.000     0.000     0.000    -0.001    -0.046     0.003     0.027
   7 0 1 0 1 1 1 1  11  18  11   0   0   0   0    46.019    50.036    54.868     0.000     0.000     0.000     0.000   0   0   0   0   0   0   0     0.000    -0.050     0.000    -0.001    -0.046     0.004    -0.075
   7 0 0 0 1 1 1 1  20   0  13   0   0   0   0    63.037    21.721    50.602     0.000     0.000     0.000     0.000   0   0   0   0   0   0   0     0.000    -0.050     0.000    -0.005     0.042     0.018     0.041
   7 0 0 0 1 1 1 1  25   3  11   0   0   0   0     5.832    22.048    48.423     0.000     0.000     0.000     0.000   0   0   0   0   0   0   0     0.000    -0.050     0.000    -0.039    -0.004     0.060     0.008
   7 0 0 0 1 1 1 1  25  11  11   0   0   0   0     5.787    43.374    48.423     0.000     0.000     0.000     0.000   0   0   0   0   0   0   0     0.000    -0.050     0.000    -0.052    -0.005    -0.055     0.008
   7 0 0 0 1 1 1 1  29  32   4   0   0   0   0     5.746     4.358    23.465     0.000     0.000     0.000     0.000   0   0   0   0   0   0   0     0.000    -0.050     0.000    -0.014    -0.178     0.025    -0.001
   7 0 0 0 1 1 1 1  27   0  18   0   0   0   0     5.194    21.721    49.677     0.000     0.000     0.000     0.000   0   0   0   0   0   0   0     0.000    -0.050     0.000     0.013     0.137     0.001    -0.033
   7 0 0 0 1 1 1 1  25  22  11   0   0   0   0     5.844     5.340    48.423     0.000     0.000     0.000     0.000   0   0   0   0   0   0   0     0.000    -0.050     0.000     0.000    -0.013     0.057     0.009
   7 0 0 0 1 1 1 1  23  12  11   0   0   0   0     5.859    49.093    50.427     0.000     0.000     0.000     0.000   0   0   0   0   0   0   0     0.000    -0.050     0.000    -0.012     0.002     0.035     0.005
   7 0 0 0 1 1 1 1  11   3  26   0   0   0   0    46.019    22.263     5.922     0.000     0.000     0.000     0.000   0   0   0   0   0   0   0     0.000    -0.050     0.000    -0.049    -0.023    -0.001     0.035
   7 0 0 0 1 1 1 1  25  15  11   0   0   0   0     5.832    51.530    48.423     0.000     0.000     0.000     0.000   0   0   0   0   0   0   0     0.000    -0.050     0.000    -0.011     0.015     0.131     0.010
   7 0 0 0 1 1 1 1   0  25  11   0   0   0   0    21.557     5.621    48.423     0.000     0.000     0.000     0.000   0   0   0   0   0   0   0     0.000    -0.050     0.000    -0.010     0.002     0.054     0.012
   7 0 0 0 1 1 1 1  14  12  14   0   0   0   0    39.552    45.645    39.572     0.000     0.000     0.000     0.000   0   0   0   0   0   0   0     0.000    -0.050     0.000     0.037     0.012    -0.051    -0.001
   7 0 0 0 1 1 1 1  24  15  23   0   0   0   0     5.309    52.270     5.859     0.000     0.000     0.000     0.000   0   0   0   0   0   0   0     0.000    -0.050     0.000    -0.039     0.010     0.001     0.037
   7 0 0 0 1 1 1 1  24   5  16   0   0   0   0     5.345    21.969    55.376     0.000     0.000     0.000     0.000   0   0   0   0   0   0   0     0.000    -0.050     0.000     0.018    -0.018     0.002     0.028
   7 0 0 0 1 1 1 1  25   3  11   0   0   0   0     5.900    22.048    48.423     0.000     0.000     0.000     0.000   0   0   0   0   0   0   0     0.000    -0.050     0.000    -0.035    -0.001     0.051     0.010
   7 0 1 0 1 1 1 1   3   3  11   0   0   0   0    22.048    22.048    52.573     0.000     0.000     0.000     0.000   0   0   0   0   0   0   0     0.000    -0.040     0.000    -0.035    -0.001     0.003    -0.015
   7 0 0 0 1 1 1 1  29  32  22   0   0   0   0     5.757     4.358     5.079     0.000     0.000     0.000     0.000   0   0   0   0   0   0   0     0.000    -0.040     0.000    -0.011    -0.169    -0.001     0.023
   7 0 0 0 1 1 1 1  20  32   2   0   0   0   0    63.037     4.341    21.717     0.000     0.000     0.000     0.000   0   0   0   0   0   0   0     0.000    -0.040     0.000    -0.012     0.007     0.033     0.014
   7 0 0 0 1 1 1 1  25  12  11   0   0   0   0     5.769    46.881    48.423     0.000     0.000     0.000     0.000   0   0   0   0   0   0   0     0.000    -0.040     0.000    -0.030    -0.004     0.049     0.004
   7 0 0 0 1 1 1 1  26  11  11   0   0   0   0     5.849    43.374    48.423     0.000     0.000     0.000     0.000   0   0   0   0   0   0   0     0.000    -0.040     0.000    -0.046    -0.003    -0.049     0.011
   7 0 0 0 1 1 1 1  24  15  11   0   0   0   0     5.300    52.270    48.423     0.000     0.000     0.000     0.000   0   0   0   0   0   0   0     0.000    -0.040     0.000    -0.040     0.010    -0.027     0.006
   7 0 0 0 1 1 1 1   0  20   6   0   0   0   0    21.721    63.037    20.227     0.000     0.000     0.000     0.000   0   0   0   0   0   0   0     0.000    -0.040     0.000    -0.004     0.023     0.006     0.122
   7 0 0 0 1 1 1 1   0  25  11   0   0   0   0    21.557     5.580    48.423     0.000     0.000     0.000     0.000   0   0   0   0   0   0   0     0.000    -0.040     0.000    -0.010     0.001     0.046     0.010
   7 0 0 0 1 1 1 1   3   1  11   0   0   0   0    22.177    21.956    52.590     0.000     0.000     0.000     0.000   0   0   0   0   0   0   0     0.000    -0.040     0.000    -0.012    -0.044     0.003    -0.013
   7 0 0 0 1 1 1 1  24  27  16   0   0   0   0     5.366     5.194    49.596     0.000     0.000     0.000     0.000   0   0   0   0   0   0   0     0.000    -0.040     0.000    -0.159    -0.006     0.050     0.008
   7 0 0 0 1 1 1 1  17   0  11   0   0   0   0    57.664    20.963    48.423     0.000     0.000     0.000     0.000   0   0   0   0   0   0   0     0.000    -0.040     0.000     0.012    -0.010     0.059     0.006
   7 0 0 0 1 1 1 1   4   3  11   0   0   0   0    22.582    22.048    50.166     0.000     0.000     0.000     0.000   0   0   0   0   0   0   0     0.000    -0.040     0.000    -0.030    -0.006     0.013     0.001
   7 0 0 0 1 1 1 1  23   3  11   0   0   0   0     5.859    22.419    50.427     0.000     0.000     0.000     0.000   0   0   0   0   0   0   0     0.000    -0.040     0.000    -0.010     0.001     0.030     0.003
   7 0 0 0 1 1 1 1  24   0   1   0   0   0   0     5.325    21.139    22.420     0.000     0.000     0.000     0.000   0   0   0   0   0   0   0     0.000    -0.040     0.000    -0.043    -0.008     0.002     0.051
   7 0 0 0 1 1 1 1  32  13  11   0   0   0   0     4.337    49.693    48.423     0.000     0.000     0.000     0.000   0   0   0   0   0   0   0     0.000    -0.040     0.000    -0.019     0.006     0.113     0.005
   7 0 0 0 1 1 1 1  25   3  11   0   0   0   0     5.844    22.048    48.423     0.000     0.000     0.000     0.000   0   0   0   0   0   0   0     0.000    -0.040     0.000    -0.028    -0.001     0.043     0.006
   7 0 0 0 1 1 1 1  31  11  25   0   0   0   0     5.524    43.374     5.816     0.000     0.000     0.000     0.000   0   0   0   0   0   0   0     0.000    -0.040     0.000    -0.041    -0.001     0.002     0.021
   7 0 0 0 1 1 1 1  29  32  22   0   0   0   0     5.761     4.358     5.079     0.000     0.000     0.000     0.000   0   0   0   0   0   0   0     0.000    -0.040     0.000    -0.008    -0.151    -0.001     0.020
   7 0 0 0 1 1 1 1  26  12  11   0   0   0   0     5.876    47.810    48.423     0.000     0.000     0.000     0.000   0   0   0   0   0   0   0     0.000    -0.040     0.000    -0.021     0.000     0.108     0.008
   7 0 0 0 1 1 1 1   4   3  11   0   0   0   0    23.757    22.048    48.423     0.000     0.000     0.000     0.000   0   0   0   0   0   0   0     0.000    -0.040     0.000    -0.026    -0.002     0.041     0.004
   7 0 0 0 1 1 1 1  14   1  14   0   0   0   0    39.552    22.445    39.572     0.000     0.000     0.000     0.000   0   0   0   0   0   0   0     0.000    -0.040     0.000     0.009     0.030    -0.047    -0.001
   7 0 0 0 1 1 1 1  24   0   1   0   0   0   0     5.345    21.139    22.420     0.000     0.000     0.000     0.000   0   0   0   0   0   0   0     0.000    -0.040     0.000    -0.037    -0.006     0.003     0.047
   7 0 0 1 1 1 1 1  21  17   1   0   0   0   0    68.251    59.312    22.420     0.000     0.000     0.000     0.000   0   0   0   0   0   0   0     0.000    -0.040     0.028     0.001    -0.039     0.003     0.047
   7 0 0 0 1 1 1 1  25  12  11   0   0   0   0     5.608    46.881    48.423     0.000     0.000     0.000     0.000   0   0   0   0   0   0   0     0.000    -0.040     0.028    -0.022    -0.005     0.039     0.002
   7 0 1 0 1 1 1 1  11  12  26   0   0   0   0    43.374    46.881     5.752     0.000     0.000     0.000     0.000   0   0   0   0   0   0   0     0.000    -0.039     0.028    -0.022    -0.005    -0.008     0.003
   7 0 0 0 1 1 1 1  11   1  11   0   0   0   0    45.721    21.905    54.868     0.000     0.000     0.000     0.000   0   0   0   0   0   0   0     0.000    -0.039     0.028    -0.013    -0.033     0.003    -0.056
   7 0 0 0 1 1 1 1   2  29  11   0   0   0   0    23.226     5.695    52.590     0.000     0.000     0.000     0.000   0   0   0   0   0   0   0     0.000    -0.039     0.028    -0.011     0.008    -0.008    -0.020
   7 0 0 0 1 1 1 1   0  11  11   0   0   0   0    21.557    45.484    48.423     0.000     0.000     0.000     0.000   0   0   0   0   0   0   0     0.000    -0.039     0.028    -0.014    -0.000     0.037     0.007
   7 0 1 0 1 1 1 1  11  11  26   0   0   0   0    43.374    45.484     5.792     0.000     0.000     0.000     0.000   0   0   0   0   0   0   0     0.000    -0.037     0.028    -0.014    -0.000    -0.005     0.003
   7 0 0 0 1 1 1 1  23  12   1   0   0   0   0     5.859    49.084    21.853     0.000     0.000     0.000     0.000   0   0   0   0   0   0   0     0.000    -0.037     0.028    -0.019     0.003    -0.019     0.034
   7 0 0 0 1 1 1 1  21  32   4   0   0   0   0    68.231     4.239    22.426     0.000     0.000     0.000     0.000   0   0   0   0   0   0   0     0.000    -0.037     0.028    -0.019     0.002     0.004     0.024
   7 0 0 0 1 1 1 1  14  11  12   0   0   0   0    40.268    48.423    46.881     0.000     0.000     0.000     0.000   0   0   0   0   0   0   0     0.000    -0.037     0.028     0.035     0.004    -0.020    -0.002
   7 0 0 0 1 1 1 1  23  12  11   0   0   0   0     5.859    49.093    50.427     0.000     0.000     0.000     0.000   0   0   0   0   0   0   0     0.000    -0.037     0.028    -0.008     0.001     0.025     0.002
   7 0 0 1 1 1 1 1  11  11  11   0   0   0   0    54.868    45.721    50.427     0.000     0.000     0.000     0.000   0   0   0   0   0   0   0     0.000    -0.037    -0.053    -0.025     0.002     0.025     0.002
   7 0 0 0 1 1 1 1   4  22   6   0   0   0   0    23.921     4.884    20.227     0.000     0.000     0.000     0.000   0   0   0   0   0   0   0     0.000    -0.037    -0.053    -0.020     0.002     0.005     0.102
   7 0 0 0 1 1 1 1  25   3  11   0   0   0   0     5.846    22.048    48.423     0.000     0.000     0.000     0.000   0   0   0   0   0   0   0     0.000    -0.037    -0.053    -0.021    -0.001     0.033     0.005
   7 0 1 0 1 1 1 1  11   3  11   0   0   0   0    43.374    22.048    52.573     0.000     0.000     0.000     0.000   0   0   0   0   0   0   0     0.000    -0.035    -0.053    -0.021    -0.001     0.002    -0.010
   7 0 0 0 1 1 1 1  26  13   1   0   0   0   0     5.921    47.389    22.407     0.000     0.000     0.000     0.000   0   0   0   0   0   0   0     0.000    -0.035    -0.053    -0.143    -0.001     0.008     0.045
   7 0 0 0 1 1 1 1   4  23   6   0   0   0   0    23.921     5.392    20.227     0.000     0.000     0.000     0.000   0   0   0   0   0   0   0     0.000    -0.035    -0.053    -0.016     0.002     0.005     0.097
   7 0 0 0 1 1 1 1   4  20   0   0   0   0   0    22.527    62.710    21.721     0.000     0.000     0.000     0.000   0   0   0   0   0   0   0     0.000    -0.035    -0.053    -0.010    -0.001     0.001     0.012
   7 0 0 0 1 1 1 1  14  12  14   0   0   0   0    39.552    45.645    39.572     0.000     0.000     0.000     0.000   0   0   0   0   0   0   0     0.000    -0.035    -0.053     0.026     0.008    -0.044    -0.001
   7 0 0 1 1 1 1 1  11  23  14   0   0   0   0    54.868     5.859    39.572     0.000     0.000     0.000     0.000   0   0   0   0   0   0   0     0.000    -0.035    -0.049    -0.001     0.023    -0.044    -0.001
   7 0 0 0 1 1 1 1  21   6   4   0   0   0   0    68.231    20.217    22.426     0.000     0.000     0.000     0.000   0   0   0   0   0   0   0     0.000    -0.035    -0.049    -0.020     0.002     0.004     0.022
   7 0 0 0 1 1 1 1   4   3  11   0   0   0   0    23.757    22.048    48.423     0.000     0.000     0.000     0.000   0   0   0   0   0   0   0     0.000    -0.035    -0.049    -0.019    -0.002     0.031     0.003
   7 0 1 0 1 1 1 1   3   3  11   0   0   0   0    22.048    22.048    52.573     0.000     0.000     0.000     0.000   0   0   0   0   0   0   0     0.000    -0.027    -0.049    -0.019    -0.002     0.002    -0.009
   7 0 0 0 1 1 1 1  24  27  26   0   0   0   0     5.393     5.194     5.798     0.000     0.000     0.000     0.000   0   0   0   0   0   0   0     0.000    -0.027    -0.049    -0.092    -0.002    -0.002     0.019
   7 0 0 0 1 1 1 1   4   0  11   0   0   0   0    23.921    21.660    48.423     0.000     0.000     0.000     0.000   0   0   0   0   0   0   0     0.000    -0.027    -0.049    -0.000    -0.055     0.092     0.004
   7 0 0 0 1 1 1 1  25  11  11   0   0   0   0     5.846    43.374    48.423     0.000     0.000     0.000     0.000   0   0   0   0   0   0   0     0.000    -0.027    -0.049    -0.022    -0.001     0.030     0.004
   7 0 0 0 1 1 1 1  25  27  11   0   0   0   0     5.835     5.277    48.423     0.000     0.000     0.000     0.000   0   0   0   0   0   0   0     0.000    -0.027    -0.049    -0.021    -0.002    -0.042     0.008
   7 0 0 1 1 1 1 1  11  11  11   0   0   0   0    54.868    45.721    48.423     0.000     0.000     0.000     0.000   0   0   0   0   0   0   0     0.000    -0.027    -0.046    -0.022     0.002    -0.042     0.008
   7 0 0 0 1 1 1 1  10  17  25   0   0   0   0    15.830    56.373     5.694     0.000     0.000     0.000     0.000   0   0   0   0   0   0   0     0.000    -0.027    -0.046    -0.020     0.007    -0.015    -0.003
   7 0 0 0 1 1 1 1  22  11  17   0   0   0   0     5.336    48.423    56.465     0.000     0.000     0.000     0.000   0   0   0   0   0   0   0     0.000    -0.027    -0.046     0.028     0.001    -0.008    -0.000
   7 0 0 0 1 1 1 1  24  27   3   0   0   0   0     5.367     5.194    22.436     0.000     0.000     0.000     0.000   0   0   0   0   0   0   0     0.000    -0.027    -0.046    -0.040    -0.002    -0.003     0.009
   7 0 0 0 1 1 1 1  15  27   6   0   0   0   0    52.014     5.194    19.880     0.000     0.000     0.000     0.000   0   0   0   0   0   0   0     0.000    -0.027    -0.046    -0.086    -0.001     0.008     0.032
   7 0 0 0 1 1 1 1  20  32  12   0   0   0   0    63.037     4.358    50.997     0.000     0.000     0.000     0.000   0   0   0   0   0   0   0     0.000    -0.027    -0.046    -0.004     0.009     0.008     0.023
   7 0 0 0 1 1 1 1  14  11  17   0   0   0   0    39.859    48.423    56.451     0.000     0.000     0.000     0.000   0   0   0   0   0   0   0     0.000    -0.027    -0.046     0.027     0.004    -0.006     0.000
   7 0 1 0 1 1 1 1  11  11  23   0   0   0   0    43.374    48.423     5.859     0.000     0.000     0.000     0.000   0   0   0   0   0   0   0     0.000    -0.031    -0.046     0.027     0.004    -0.001     0.012
   7 0 0 0 1 1 1 1  24  11  11   0   0   0   0     5.345    54.868    48.423     0.000     0.000     0.000     0.000   0   0   0   0   0   0   0     0.000    -0.031    -0.046    -0.007    -0.043    -0.017     0.005
   7 0 0 0 1 1 1 1   4   0   6   0   0   0   0    23.921    21.660    20.227     0.000     0.000     0.000     0.000   0   0   0   0   0   0   0     0.000    -0.031    -0.046    -0.000    -0.052     0.004     0.086
   7 0 0 0 1 1 1 1   4  11  11   0   0   0   0    23.757    43.374    48.423     0.000     0.000     0.000     0.000   0   0   0   0   0   0   0     0.000    -0.031    -0.046    -0.020    -0.001     0.025     0.002
   7 0 1 0 1 1 1 1  11  11   2   0   0   0   0    43.374    43.374    23.520     0.000     0.000     0.000     0.000   0   0   0   0   0   0   0     0.000    -0.029    -0.046    -0.020    -0.001    -0.000     0.022
   7 0 0 0 1 1 1 1  15  27  10   0   0   0   0    52.014     5.194    15.405     0.000     0.000     0.000     0.000   0   0   0   0   0   0   0     0.000    -0.029    -0.046    -0.080    -0.001     0.009     0.034
   7 0 0 0 1 1 1 1   5  11  32   0   0   0   0    22.116    44.700     4.239     0.000     0.000     0.000     0.000   0   0   0   0   0   0   0     0.000    -0.029    -0.046    -0.000     0.018    -0.019     0.001
   7 0 0 0 1 1 1 1  25  11  11   0   0   0   0     5.844    43.374    48.423     0.000     0.000     0.000     0.000   0   0   0   0   0   0   0     0.000    -0.029    -0.046    -0.019    -0.001     0.024     0.003
   7 0 1 0 1 1 1 1  11  11  14   0   0   0   0    43.374    43.374    39.552     0.000     0.000     0.000     0.000   0   0   0   0   0   0   0     0.000    -0.028    -0.046    -0.019    -0.001     0.010    -0.001
   7 0 0 0 1 1 1 1  23  12  12   0   0   0   0     5.859    49.084    47.574     0.000     0.000     0.000     0.000   0   0   0   0   0   0   0     0.000    -0.028    -0.046    -0.015     0.002     0.030    -0.007
   7 0 0 0 1 1 1 1   4  22   6   0   0   0   0    23.921     4.884    20.227     0.000     0.000     0.000     0.000   0   0   0   0   0   0   0     0.000    -0.028    -0.046    -0.016     0.001     0.003     0.082
   7 0 0 0 1 1 1 1  25   4  11   0   0   0   0     5.580    22.260    48.423     0.000     0.000     0.000     0.000   0   0   0   0   0   0   0     0.000    -0.028    -0.046    -0.019    -0.003     0.023     0.001
   7 0 0 0 1 1 1 1  11   2  11   0   0   0   0    44.932    21.587    52.573     0.000     0.000     0.000     0.000   0   0   0   0   0   0   0     0.000    -0.028    -0.046    -0.005    -0.024     0.002    -0.008
   7 0 0 1 1 1 1 1  11  13  11   0   0   0   0    54.868    50.540    52.573     0.000     0.000     0.000     0.000   0   0   0   0   0   0   0     0.000    -0.028    -0.040    -0.002     0.014     0.002    -0.008
   7 0 0 0 1 1 1 1  12  18  13   0   0   0   0    47.555    49.653    47.335     0.000     0.000     0.000     0.000   0   0   0   0   0   0   0     0.000    -0.028    -0.040    -0.005    -0.020     0.030     0.001
   7 0 0 0 1 1 1 1  14   2  17   0   0   0   0    39.572    23.074    56.451     0.000     0.000     0.000     0.000   0   0   0   0   0   0   0     0.000    -0.028    -0.040     0.022     0.004    -0.005     0.000
   7 0 0 0 1 1 1 1  15  19   0   0   0   0   0    52.270    61.233    21.087     0.000     0.000     0.000     0.000   0   0   0   0   0   0   0     0.000    -0.028    -0.040     0.001    -0.008    -0.008     0.011
   7 0 0 0 1 1 1 1  26  13   1   0   0   0   0     5.921    47.389    22.407     0.000     0.000     0.000     0.000   0   0   0   0   0   0   0     0.000    -0.028    -0.040    -0.122    -0.001     0.005     0.039
   7 0 0 0 1 1 1 1  10  32  25   0   0   0   0    15.830     4.261     5.694     0.000     0.000     0.000     0.000   0   0   0   0   0   0   0     0.000    -0.028    -0.040    -0.006     0.008    -0.012    -0.003
   7 0 0 0 1 1 1 1   4  11  11   0   0   0   0    23.757    43.374    48.423     0.000     0.000     0.000     0.000   0   0   0   0   0   0   0     0.000    -0.028    -0.040    -0.017    -0.001     0.021     0.002
   7 0 0 0 1 1 1 1  24  27  26   0   0   0   0     5.367     5.194     5.770     0.000     0.000     0.000     0.000   0   0   0   0   0   0   0     0.000    -0.028    -0.040    -0.038    -0.002    -0.003     0.007
   7 0 0 0 1 1 1 1  11  13   0   0   0   0   0    53.964    50.540    21.070     0.000     0.000     0.000     0.000   0   0   0   0   0   0   0     0.000    -0.028    -0.040    -0.001     0.015    -0.010    -0.037
   7 0 0 0 1 1 1 1   5  11   6   0   0   0   0    22.116    44.700    20.217     0.000     0.000     0.000     0.000   0   0   0   0   0   0   0     0.000    -0.028    -0.040     0.001     0.016    -0.019     0.001
   7 0 0 0 1 1 1 1  25  11  11   0   0   0   0     5.900    43.374    48.423     0.000     0.000     0.000     0.000   0   0   0   0   0   0   0     0.000    -0.028    -0.040    -0.016    -0.000     0.020     0.003
   7 0 1 0 1 1 1 1  11  11   2   0   0   0   0    43.374    43.374    23.520     0.000     0.000     0.000     0.000   0   0   0   0   0   0   0     0.000    -0.025    -0.040    -0.016    -0.000    -0.000     0.020
   7 0 0 1 1 1 1 1  22  11   2   0   0   0   0     5.590    48.423    23.520     0.000     0.000     0.000     0.000   0   0   0   0   0   0   0     0.000    -0.025     0.036    -0.016     0.001    -0.000     0.020
   7 0 0 0 1 1 1 1  10  32  26   0   0   0   0    15.822     4.358     5.838     0.000     0.000     0.000     0.000   0   0   0   0   0   0   0     0.000    -0.025     0.036     0.001     0.028    -0.008     0.000
   7 0 0 0 1 1 1 1  22  11   4   0   0   0   0     5.413    48.423    22.260     0.000     0.000     0.000     0.000   0   0   0   0   0   0   0     0.000    -0.025     0.036     0.019     0.001    -0.016    -0.002
   7 0 1 0 1 1 1 1  11  11  11   0   0   0   0    43.374    48.423    52.972     0.000     0.000     0.000     0.000   0   0   0   0   0   0   0     0.000    -0.023     0.036     0.019     0.001     0.001    -0.010
   7 0 0 0 1 1 1 1  11  13  12   0   0   0   0    53.964    50.540    53.776     0.000     0.000     0.000     0.000   0   0   0   0   0   0   0     0.000    -0.023     0.036    -0.001     0.014    -0.035    -0.009
   7 0 0 0 1 1 1 1   4  22   6   0   0   0   0    23.921     4.864    20.227     0.000     0.000     0.000     0.000   0   0   0   0   0   0   0     0.000    -0.023     0.036    -0.048    -0.000     0.002     0.074
   7 0 0 0 1 1 1 1  14   2   3   0   0   0   0    39.572    23.074    22.048     0.000     0.000     0.000     0.000   0   0   0   0   0   0   0     0.000    -0.023     0.036     0.018     0.003    -0.012    -0.000
   7 0 0 0 1 1 1 1  25  11  11   0   0   0   0     5.839    43.374    48.423     0.000     0.000     0.000     0.000   0   0   0   0   0   0   0     0.000    -0.023     0.036    -0.022    -0.001    -0.036     0.006
   7 0 0 0 1 1 1 1  26  13   1   0   0   0   0     5.921    47.389    22.407     0.000     0.000     0.000     0.000   0   0   0   0   0   0   0     0.000    -0.023     0.036    -0.115    -0.000     0.004     0.036
   7 0 0 0 1 1 1 1   5  11  17   0   0   0   0    22.116    44.700    59.312     0.000     0.000     0.000     0.000   0   0   0   0   0   0   0     0.000    -0.023     0.036     0.001     0.014    -0.000    -0.029
   7 0 0 0 1 1 1 1  25  11  12   0   0   0   0     5.846    43.374    49.086     0.000     0.000     0.000     0.000   0   0   0   0   0   0   0     0.000    -0.023     0.036    -0.014    -0.001     0.012     0.002
   7 0 0 0 1 1 1 1  23  12   4   0   0   0   0     5.559    49.086    22.280     0.000     0.000     0.000     0.000   0   0   0   0   0   0   0     0.000    -0.023     0.036    -0.012     0.000    -0.004     0.007
   7 0 0 1 1 1 1 1  22  29   4   0   0   0   0     5.590     5.761    22.280     0.000     0.000     0.000     0.000   0   0   0   0   0   0   0     0.000    -0.023     0.033    -0.009     0.002    -0.004     0.007
   7 0 0 0 1 1 1 1   4   0  11   0   0   0   0    23.921    21.660    48.423     0.000     0.000     0.000     0.000   0   0   0   0   0   0   0     0.000    -0.023     0.033    -0.000    -0.044     0.071     0.002
   7 0 0 0 1 1 1 1   4  15  11   0   0   0   0    23.757    51.925    48.423     0.000     0.000     0.000     0.000   0   0   0   0   0   0   0     0.000    -0.023     0.033    -0.002     0.003     0.016     0.002
   7 0 0 1 1 1 1 1   2  15  11   0   0   0   0    23.520    52.270    48.423     0.000     0.000     0.000     0.000   0   0   0   0   0   0   0     0.000    -0.023     0.017    -0.001     0.007     0.016     0.002
   7 0 0 0 1 1 1 1  24  15   1   0   0   0   0     5.342    52.270    22.420     0.000     0.000     0.000     0.000   0   0   0   0   0   0   0     0.000    -0.023     0.017    -0.011     0.012     0.001     0.028
   7 0 0 0 1 1 1 1   2  29   6   0   0   0   0    23.230     5.695    21.146     0.000     0.000     0.000     0.000   0   0   0   0   0   0   0     0.000    -0.023     0.017    -0.007     0.004    -0.012    -0.004
   7 0 0 0 1 1 1 1  22  11   4   0   0   0   0     5.413    48.423    22.260     0.000     0.000     0.000     0.000   0   0   0   0   0   0   0     0.000    -0.023     0.017     0.015     0.001    -0.014    -0.002
   7 0 0 0 1 1 1 1  23  15  11   0   0   0   0     5.842    52.270    50.427     0.000     0.000     0.000     0.000   0   0   0   0   0   0   0     0.000    -0.023     0.017    -0.002     0.007     0.017    -0.000
   7 0 0 0 1 1 1 1  11  11  12   0   0   0   0    53.964    45.721    53.776     0.000     0.000     0.000     0.000   0   0   0   0   0   0   0     0.000    -0.023     0.017    -0.015     0.002    -0.031    -0.008
   7 0 0 0 1 1 1 1   5   3  32   0   0   0   0    22.116    22.019     4.239     0.000     0.000     0.000     0.000   0   0   0   0   0   0   0     0.000    -0.023     0.017    -0.004     0.012    -0.014     0.001
   7 0 0 0 1 1 1 1  22  16   1   0   0   0   0     5.457    55.427    21.980     0.000     0.000     0.000     0.000   0   0   0   0   0   0   0     0.000    -0.023     0.017    -0.000     0.004    -0.003    -0.012
   7 0 1 0 1 1 1 1  11  16  11   0   0   0   0    43.374    55.427    52.972     0.000     0.000     0.000     0.000   0   0   0   0   0   0   0     0.000    -0.020     0.017    -0.000     0.004     0.001    -0.008
   7 0 0 1 1 1 1 1  22  11  11   0   0   0   0     5.590    48.423    52.972     0.000     0.000     0.000     0.000   0   0   0   0   0   0   0     0.000    -0.020     0.031    -0.012     0.001     0.001    -0.008
   7 0 0 0 1 1 1 1  10  32   6   0   0   0   0    15.822     4.358    20.708     0.000     0.000     0.000     0.000   0   0   0   0   0   0   0     0.000    -0.020     0.031     0.001     0.024    -0.013    -0.003
   7 0 0 0 1 1 1 1   4  15  11   0   0   0   0    23.757    51.937    48.423     0.000     0.000     0.000     0.000   0   0   0   0   0   0   0     0.000    -0.020     0.031    -0.002     0.002     0.014     0.001
   7 0 1 0 1 1 1 1  11  15   2   0   0   0   0    43.374    51.937    23.520     0.000     0.000     0.000     0.000   0   0   0   0   0   0   0     0.000    -0.019     0.031    -0.002     0.002    -0.000     0.015
   7 0 1 0 1 1 1 1  22  15   0   0   0   0   0     4.821    51.937    21.721     0.000     0.000     0.000     0.000   0   0   0   0   0   0   0     0.000     0.030     0.031    -0.002     0.002     0.000    -0.024
   7 0 0 0 1 1 1 1   4   0   6   0   0   0   0    23.921    21.660    20.227     0.000     0.000     0.000     0.000   0   0   0   0   0   0   0     0.000     0.030     0.031    -0.000    -0.042     0.001     0.066
   7 0 0 0 1 1 1 1  14   2  11   0   0   0   0    39.572    23.074    43.374     0.000     0.000     0.000     0.000   0   0   0   0   0   0   0     0.000     0.030     0.031     0.014     0.003    -0.012    -0.000
   7 0 0 0 1 1 1 1  14   1  14   0   0   0   0    39.552    22.407    39.572     0.000     0.000     0.000     0.000   0   0   0   0   0   0   0     0.000     0.030     0.031     0.003     0.013    -0.034    -0.000
   7 0 0 0 1 1 1 1  26  13  11   0   0   0   0     5.921    47.389    50.699     0.000     0.000     0.000     0.000   0   0   0   0   0   0   0     0.000     0.030     0.031    -0.107    -0.000     0.022    -0.001
   7 0 0 0 1 1 1 1  20  17  12   0   0   0   0    63.037    59.312    50.830     0.000     0.000     0.000     0.000   0   0   0   0   0   0   0     0.000     0.030     0.031    -0.000    -0.019     0.003     0.014
   7 0 0 0 1 1 1 1  22  11  10   0   0   0   0     5.413    48.423    15.034     0.000     0.000     0.000     0.000   0   0   0   0   0   0   0     0.000     0.030     0.031     0.013     0.000     0.003    -0.004
   7 0 1 0 1 1 1 1  11  11  22   0   0   0   0    43.374    48.423     4.904     0.000     0.000     0.000     0.000   0   0   0   0   0   0   0     0.000    -0.018     0.031     0.013     0.000    -0.004     0.001
   7 0 0 1 1 1 1 1  11  13  22   0   0   0   0    53.964    50.540     4.904     0.000     0.000     0.000     0.000   0   0   0   0   0   0   0     0.000    -0.018    -0.026    -0.001     0.013    -0.004     0.001
   7 0 0 0 1 1 1 1   2  13   6   0   0   0   0    23.232    47.335    21.146     0.000     0.000     0.000     0.000   0   0   0   0   0   0   0     0.000    -0.018    -0.026     0.019     0.000    -0.011    -0.004
   7 0 0 0 1 1 1 1  14   1  11   0   0   0   0    39.572    22.405    43.374     0.000     0.000     0.000     0.000   0   0   0   0   0   0   0     0.000    -0.018    -0.026     0.001     0.008    -0.011    -0.000
   7 0 0 0 1 1 1 1   3  19  22   0   0   0   0    22.310    62.719     5.425     0.000     0.000     0.000     0.000   0   0   0   0   0   0   0     0.000    -0.018    -0.026    -0.001    -0.011    -0.000     0.008
   7 0 0 1 1 1 1 1  22  26  22   0   0   0   0     5.590     5.921     5.425     0.000     0.000     0.000     0.000   0   0   0   0   0   0   0     0.000    -0.018     0.029    -0.002     0.011    -0.000     0.008
   7 0 0 0 1 1 1 1  21  17   1   0   0   0   0    68.231    59.312    21.867     0.000     0.000     0.000     0.000   0   0   0   0   0   0   0     0.000    -0.018     0.029    -0.000    -0.024     0.002     0.013
   7 0 0 0 1 1 1 1   4  15  12   0   0   0   0    23.757    51.925    49.086     0.000     0.000     0.000     0.000   0   0   0   0   0   0   0     0.000    -0.018     0.029    -0.002     0.002     0.007     0.001
   7 0 0 0 1 1 1 1  14   1  14   0   0   0   0    39.552    22.407    39.572     0.000     0.000     0.000     0.000   0   0   0   0   0   0   0     0.000    -0.018     0.029     0.003     0.012    -0.032    -0.000
   7 0 0 0 1 1 1 1  11  13  12   0   0   0   0    53.964    50.540    53.776     0.000     0.000     0.000     0.000   0   0   0   0   0   0   0     0.000    -0.018     0.029    -0.001     0.012    -0.027    -0.007
   7 0 0 0 1 1 1 1  12   4  13   0   0   0   0    47.555    22.374    47.335     0.000     0.000     0.000     0.000   0   0   0   0   0   0   0     0.000    -0.018     0.029    -0.015    -0.004     0.021     0.000
   7 0 1 0 1 1 1 1  11   4  14   0   0   0   0    43.374    22.374    39.572     0.000     0.000     0.000     0.000   0   0   0   0   0   0   0     0.000    -0.010     0.029    -0.015    -0.004     0.004    -0.000
   7 0 0 0 1 1 1 1   4  13  23   0   0   0   0    22.293    49.561     5.559     0.000     0.000     0.000     0.000   0   0   0   0   0   0   0     0.000    -0.010     0.029    -0.017    -0.001    -0.001     0.005
   7 0 0 1 1 1 1 1  22  11  23   0   0   0   0     5.590    48.423     5.559     0.000     0.000     0.000     0.000   0   0   0   0   0   0   0     0.000    -0.010     0.027    -0.011     0.001    -0.001     0.005
   7 0 0 0 1 1 1 1  13  25   4   0   0   0   0    49.693     5.769    23.340     0.000     0.000     0.000     0.000   0   0   0   0   0   0   0     0.000    -0.010     0.027    -0.007     0.002     0.007    -0.013
   7 0 0 0 1 1 1 1  22  11   4   0   0   0   0     5.413    48.423    22.260     0.000     0.000     0.000     0.000   0   0   0   0   0   0   0     0.000    -0.010     0.027     0.011     0.000    -0.011    -0.001
   7 0 0 0 1 1 1 1  25  22  11   0   0   0   0     5.835     4.892    48.423     0.000     0.000     0.000     0.000   0   0   0   0   0   0   0     0.000    -0.010     0.027    -0.006    -0.000    -0.030     0.004
   7 0 0 1 1 1 1 1   0   0  11   0   0   0   0    21.773    21.721    48.423     0.000     0.000     0.000     0.000   0   0   0   0   0   0   0     0.000    -0.010     0.026     0.000    -0.022    -0.030     0.004
   7 0 0 0 1 1 1 1  27   0  12   0   0   0   0     5.194    21.721    49.470     0.000     0.000     0.000     0.000   0   0   0   0   0   0   0     0.000    -0.010     0.026    -0.000     0.060    -0.003     0.002
   7 0 0 0 1 1 1 1  25   4  12   0   0   0   0     5.858    23.732    49.086     0.000     0.000     0.000     0.000   0   0   0   0   0   0   0     0.000    -0.010     0.026    -0.001     0.001     0.009     0.001
   7 0 1 0 1 1 1 1  11   4  11   0   0   0   0    43.374    23.732    52.972     0.000     0.000     0.000     0.000   0   0   0   0   0   0   0     0.000    -0.016     0.026    -0.001     0.001     0.001    -0.007
   7 0 0 0 1 1 1 1   0   0   0   0   0   0   0    21.745    21.721    21.773     0.000     0.000     0.000     0.000   0   0   0   0   0   0   0     0.000    -0.016     0.026     0.000    -0.099     0.009     0.024
   7 0 0 0 1 1 1 1  21  17   1   0   0   0   0    68.231    59.312    21.867     0.000     0.000     0.000     0.000   0   0   0   0   0   0   0     0.000    -0.016     0.026    -0.000    -0.022     0.002     0.011
   7 0 1 0 1 1 1 1  11  17  25   0   0   0   0    43.374    59.312     5.900     0.000     0.000     0.000     0.000   0   0   0   0   0   0   0     0.000    -0.009     0.026    -0.000    -0.022    -0.000     0.003
   7 0 0 0 1 1 1 1   3   8  22   0   0   0   0    22.340    17.661     5.424     0.000     0.000     0.000     0.000   0   0   0   0   0   0   0     0.000    -0.009     0.026    -0.008    -0.001    -0.000     0.007
   7 0 0 0 1 1 1 1  11  13  12   0   0   0   0    53.964    50.540    53.776     0.000     0.000     0.000     0.000   0   0   0   0   0   0   0     0.000    -0.009     0.026    -0.001     0.011    -0.026    -0.006
   7 0 0 0 1 1 1 1  27   0  18   0   0   0   0     5.194    21.721    49.722     0.000     0.000     0.000     0.000   0   0   0   0   0   0   0     0.000    -0.009     0.026    -0.000     0.057    -0.000    -0.013
   7 0 1 0 1 1 1 1  11   0  13   0   0   0   0    43.374    21.721    47.335     0.000     0.000     0.000     0.000   0   0   0   0   0   0   0     0.000    -0.009     0.026    -0.000     0.057     0.003    -0.000
   7 0 0 0 1 1 1 1  14  11  23   0   0   0   0    40.287    48.423     5.525     0.000     0.000     0.000     0.000   0   0   0   0   0   0   0     0.000    -0.009     0.026    -0.029     0.004    -0.003     0.001
   7 0 0 1 1 1 1 1  22  12  23   0   0   0   0     5.590    49.084     5.525     0.000     0.000     0.000     0.000   0   0   0   0   0   0   0     0.000    -0.009     0.025    -0.007     0.002    -0.003     0.001
   7 0 0 0 1 1 1 1  23   0   4   0   0   0   0     5.361    21.548    23.921     0.000     0.000     0.000     0.000   0   0   0   0   0   0   0     0.000    -0.009     0.025    -0.005    -0.014     0.000     0.015
   7 0 0 0 1 1 1 1  14  16   1   0   0   0   0    47.326    55.427    21.980     0.000     0.000     0.000     0.000   0   0   0   0   0   0   0     0.000    -0.009     0.025    -0.000     0.003    -0.002    -0.008
   7 0 0 0 1 1 1 1   4  13  23   0   0   0   0    22.293    49.561     5.559     0.000     0.000     0.000     0.000   0   0   0   0   0   0   0     0.000    -0.009     0.025    -0.015    -0.001    -0.001     0.004
   7 0 0 0 1 1 1 1  26  13  11   0   0   0   0     5.921    47.389    50.699     0.000     0.000     0.000     0.000   0   0   0   0   0   0   0     0.000    -0.009     0.025    -0.094    -0.000     0.019    -0.001
   7 0 0 0 1 1 1 1  13  17  29   0   0   0   0    49.693    59.312     5.773     0.000     0.000     0.000     0.000   0   0   0   0   0   0   0     0.000    -0.009     0.025    -0.001    -0.037     0.000     0.012
   7 0 0 0 1 1 1 1   0  15  11   0   0   0   0    21.473    51.580    48.423     0.000     0.000     0.000     0.000   0   0   0   0   0   0   0     0.000    -0.009     0.025    -0.002     0.001     0.010     0.001
   7 0 1 0 1 1 1 1  11  15   2   0   0   0   0    43.374    51.580    23.520     0.000     0.000     0.000     0.000   0   0   0   0   0   0   0     0.000    -0.014     0.025    -0.002     0.001    -0.000     0.011
   7 0 0 0 1 1 1 1  11  13  12   0   0   0   0    53.964    50.540    53.776     0.000     0.000     0.000     0.000   0   0   0   0   0   0   0     0.000    -0.014     0.025    -0.001     0.010    -0.024    -0.006
   7 0 0 0 1 1 1 1  12   4  13   0   0   0   0    47.555    22.374    47.335     0.000     0.000     0.000     0.000   0   0   0   0   0   0   0     0.000    -0.014     0.025    -0.012    -0.003     0.018     0.000
   7 0 0 0 1 1 1 1  18  17   0   0   0   0   0    50.036    59.275    21.118     0.000     0.000     0.000     0.000   0   0   0   0   0   0   0     0.000    -0.014     0.025    -0.000     0.005    -0.008    -0.002
   7 0 0 0 1 1 1 1   3   6  14   0   0   0   0    22.419    20.419    44.240     0.000     0.000     0.000     0.000   0   0   0   0   0   0   0     0.000    -0.014     0.025    -0.005     0.003    -0.000     0.007
   7 0 0 0 1 1 1 1  24  10  30   0   0   0   0     5.342    15.032     5.387     0.000     0.000     0.000     0.000   0   0   0   0   0   0   0     0.000    -0.014     0.025     0.010    -0.008     0.009    -0.000
   7 0 0 0 1 1 1 1  23   0   4   0   0   0   0     5.361    21.548    23.921     0.000     0.000     0.000     0.000   0   0   0   0   0   0   0     0.000    -0.014     0.025    -0.004    -0.013     0.000     0.013
   7 0 0 0 1 1 1 1  25  13  11   0   0   0   0     5.580    51.422    48.423     0.000     0.000     0.000     0.000   0   0   0   0   0   0   0     0.000    -0.014     0.025    -0.003     0.005     0.009     0.000
   7 0 0 0 1 1 1 1  14  11  23   0   0   0   0    40.294    48.423     5.516     0.000     0.000     0.000     0.000   0   0   0   0   0   0   0     0.000    -0.014     0.025    -0.027     0.003    -0.003     0.001
   7 0 0 1 1 1 1 1  22  29  23   0   0   0   0     5.590     5.761     5.516     0.000     0.000     0.000     0.000   0   0   0   0   0   0   0     0.000    -0.014     0.024    -0.006     0.002    -0.003     0.001
   7 0 0 0 1 1 1 1   5  11  30   0   0   0   0    22.116    44.700     5.387     0.000     0.000     0.000     0.000   0   0   0   0   0   0   0     0.000    -0.014     0.024     0.000     0.009    -0.009     0.001
   7 0 0 0 1 1 1 1   0  22  12   0   0   0   0    21.534     4.902    49.086     0.000     0.000     0.000     0.000   0   0   0   0   0   0   0     0.000    -0.014     0.024    -0.003     0.000     0.007     0.001
   7 0 0 0 1 1 1 1   3   0  13   0   0   0   0    24.423    21.721    47.304     0.000     0.000     0.000     0.000   0   0   0   0   0   0   0     0.000    -0.014     0.024    -0.001    -0.026     0.010     0.001
   7 0 0 0 1 1 1 1  26  13   1   0   0   0   0     5.921    47.389    22.407     0.000     0.000     0.000     0.000   0   0   0   0   0   0   0     0.000    -0.014     0.024    -0.089     0.000     0.003     0.024
   7 0 0 0 1 1 1 1  10  32   6   0   0   0   0    15.822     4.358    20.708     0.000     0.000     0.000     0.000   0   0   0   0   0   0   0     0.000    -0.014     0.024     0.000     0.018    -0.011    -0.002
   7 0 0 0 1 1 1 1  18  15   0   0   0   0   0    50.036    52.365    21.118     0.000     0.000     0.000     0.000   0   0   0   0   0   0   0     0.000    -0.014     0.024    -0.000     0.004    -0.007    -0.002
   7 0 0 0 1 1 1 1   4  13  23   0   0   0   0    22.293    49.561     5.802     0.000     0.000     0.000     0.000   0   0   0   0   0   0   0     0.000    -0.014     0.024    -0.013    -0.001    -0.000     0.006
   7 0 0 1 1 1 1 1  22  29  23   0   0   0   0     5.590     5.761     5.802     0.000     0.000     0.000     0.000   0   0   0   0   0   0   0     0.000    -0.014     0.022    -0.006     0.002    -0.000     0.006
   7 0 0 0 1 1 1 1  12  17  24   0   0   0   0    49.544    59.312     5.345     0.000     0.000     0.000     0.000   0   0   0   0   0   0   0     0.000    -0.014     0.022    -0.001    -0.035    -0.002     0.005
   7 0 0 0 1 1 1 1  13  25   0   0   0   0   0    47.335     5.831    21.473     0.000     0.000     0.000     0.000   0   0   0   0   0   0   0     0.000    -0.014     0.022     0.000     0.005    -0.001     0.001
   7 0 0 0 1 1 1 1  11   4   0   0   0   0   0    53.028    22.293    21.520     0.000     0.000     0.000     0.000   0   0   0   0   0   0   0     0.000    -0.014     0.022    -0.003     0.001    -0.008    -0.003
   7 0 0 0 1 1 1 1   0   0   6   0   0   0   0    21.745    21.721    20.226     0.000     0.000     0.000     0.000   0   0   0   0   0   0   0     0.000    -0.014     0.022     0.000    -0.084     0.019     0.006
   7 0 0 0 1 1 1 1  27   0   9   0   0   0   0     5.194    21.721    17.658     0.000     0.000     0.000     0.000   0   0   0   0   0   0   0     0.000    -0.014     0.022    -0.001     0.051     0.006    -0.001
   7 0 1 0 1 1 1 1  11   0  13   0   0   0   0    43.374    21.721    47.335     0.000     0.000     0.000     0.000   0   0   0   0   0   0   0     0.000    -0.007     0.022    -0.001     0.051     0.002    -0.000
   7 0 1 0 1 1 1 1  11   0  11   0   0   0   0    43.374    21.721    52.972     0.000     0.000     0.000     0.000   0   0   0   0   0   0   0     0.000    -0.012     0.022    -0.001     0.051     0.000    -0.005
   7 0 0 0 1 1 1 1  11  13   0   0   0   0   0    53.964    50.513    21.070     0.000     0.000     0.000     0.000   0   0   0   0   0   0   0     0.000    -0.012     0.022    -0.001     0.008    -0.006    -0.021
   7 0 0 0 1 1 1 1  27   0  18   0   0   0   0     5.194    21.721    49.797     0.000     0.000     0.000     0.000   0   0   0   0   0   0   0     0.000    -0.012     0.022    -0.001     0.049    -0.000    -0.011
   7 0 1 0 1 1 1 1  11   0  16   0   0   0   0    43.374    21.721    55.393     0.000     0.000     0.000     0.000   0   0   0   0   0   0   0     0.000    -0.006     0.022    -0.001     0.049    -0.000     0.001
   7 0 0 0 1 1 1 1  25  28  11   0   0   0   0     5.848     5.527    48.423     0.000     0.000     0.000     0.000   0   0   0   0   0   0   0     0.000    -0.006     0.022    -0.003     0.000    -0.024     0.004
   7 0 1 0 1 1 1 1  16  28  12   0   0   0   0    49.596     5.527    47.019     0.000     0.000     0.000     0.000   0   0   0   0   0   0   0     0.000     0.018     0.022    -0.003     0.000    -0.015     0.000
   7 0 0 0 1 1 1 1  12  17  11   0   0   0   0    49.470    59.312    52.707     0.000     0.000     0.000     0.000   0   0   0   0   0   0   0     0.000     0.018     0.022    -0.001    -0.033     0.003    -0.009
   7 0 0 0 1 1 1 1  22  11   4   0   0   0   0     5.413    48.423    22.260     0.000     0.000     0.000     0.000   0   0   0   0   0   0   0     0.000     0.018     0.022     0.008     0.000    -0.008    -0.001
   7 0 1 0 1 1 1 1  11  11  11   0   0   0   0    43.374    48.423    53.028     0.000     0.000     0.000     0.000   0   0   0   0   0   0   0     0.000    -0.011     0.022     0.008     0.000     0.000    -0.005
   7 0 0 0 1 1 1 1  26  13   1   0   0   0   0     5.921    47.389    22.407     0.000     0.000     0.000     0.000   0   0   0   0   0   0   0     0.000    -0.011     0.022    -0.080    -0.000     0.003     0.021
   7 0 0 0 1 1 1 1  32  12   6   0   0   0   0     4.358    49.466    20.395     0.000     0.000     0.000     0.000   0   0   0   0   0   0   0     0.000    -0.011     0.022    -0.006     0.002     0.041     0.001
   7 0 0 0 1 1 1 1   0  23  11   0   0   0   0    21.473     5.492    48.423     0.000     0.000     0.000     0.000   0   0   0   0   0   0   0     0.000    -0.011     0.022    -0.003     0.000     0.008     0.001
   7 0 0 1 1 1 1 1   2  13  11   0   0   0   0    23.520    47.335    48.423     0.000     0.000     0.000     0.000   0   0   0   0   0   0   0     0.000    -0.011     0.009    -0.005     0.000     0.008     0.001
   7 0 0 1 1 1 1 1  22  29  11   0   0   0   0     5.590     5.769    48.423     0.000     0.000     0.000     0.000   0   0   0   0   0   0   0     0.000    -0.011     0.021    -0.005     0.001     0.008     0.001
   7 0 0 0 1 1 1 1   5   2  17   0   0   0   0    22.116    21.587    59.312     0.000     0.000     0.000     0.000   0   0   0   0   0   0   0     0.000    -0.011     0.021     0.002     0.008    -0.000    -0.018
   7 0 0 0 1 1 1 1  18  15   1   0   0   0   0    50.036    52.365    21.980     0.000     0.000     0.000     0.000   0   0   0   0   0   0   0     0.000    -0.011     0.021    -0.000     0.004    -0.002    -0.006
   7 0 0 0 1 1 1 1  23   4  11   0   0   0   0     5.838    22.293    50.427     0.000     0.000     0.000     0.000   0   0   0   0   0   0   0     0.000    -0.011     0.021    -0.005     0.000     0.010    -0.000
   7 0 0 0 1 1 1 1   0   0  17   0   0   0   0    21.745    21.721    59.241     0.000     0.000     0.000     0.000   0   0   0   0   0   0   0     0.000    -0.011     0.021     0.000    -0.076     0.006     0.016
   7 0 0 0 1 1 1 1   2  29   6   0   0   0   0    23.226     5.794    21.146     0.000     0.000     0.000     0.000   0   0   0   0   0   0   0     0.000    -0.011     0.021    -0.002     0.004    -0.007    -0.001
   7 0 0 0 1 1 1 1  25  13   2   0   0   0   0     5.580    51.422    23.355     0.000     0.000     0.000     0.000   0   0   0   0   0   0   0     0.000    -0.011     0.021    -0.002     0.004     0.000     0.004
   7 0 1 0 1 1 1 1  11  13  22   0   0   0   0    43.374    51.422     4.904     0.000     0.000     0.000     0.000   0   0   0   0   0   0   0     0.000    -0.010     0.021    -0.002     0.004    -0.002     0.001
   7 0 0 0 1 1 1 1  11  13  12   0   0   0   0    53.964    51.197    53.776     0.000     0.000     0.000     0.000   0   0   0   0   0   0   0     0.000    -0.010     0.021    -0.001     0.009    -0.019    -0.005
   7 0 0 0 1 1 1 1   4   0   6   0   0   0   0    23.921    21.660    20.227     0.000     0.000     0.000     0.000   0   0   0   0   0   0   0     0.000    -0.010     0.021    -0.000    -0.030    -0.000     0.044
   7 0 0 0 1 1 1 1   0  15  11   0   0   0   0    21.473    51.580    48.423     0.000     0.000     0.000     0.000   0   0   0   0   0   0   0     0.000    -0.010     0.021    -0.001     0.001     0.007     0.000
   7 0 0 0 1 1 1 1  27   2  17   0   0   0   0     5.191    21.668    59.275     0.000     0.000     0.000     0.000   0   0   0   0   0   0   0     0.000    -0.010     0.021     0.002     0.006     0.000    -0.019
   7 0 0 0 1 1 1 1  24  15  30   0   0   0   0     5.342    51.767     5.387     0.000     0.000     0.000     0.000   0   0   0   0   0   0   0     0.000    -0.010     0.021    -0.008     0.006     0.008    -0.000
   7 0 0 0 1 1 1 1   5  11  30   0   0   0   0    22.116    44.506     5.121     0.000     0.000     0.000     0.000   0   0   0   0   0   0   0     0.000    -0.010     0.021    -0.000     0.007    -0.015    -0.000
   7 0 0 0 1 1 1 1  18  16   0   0   0   0   0    50.036    55.427    21.118     0.000     0.000     0.000     0.000   0   0   0   0   0   0   0     0.000    -0.010     0.021    -0.000     0.002    -0.005    -0.002
   7 0 0 0 1 1 1 1   3  19  11   0   0   0   0    24.423    58.538    50.786     0.000     0.000     0.000     0.000   0   0   0   0   0   0   0     0.000    -0.010     0.021    -0.007     0.001     0.005     0.000
   7 0 0 1 1 1 1 1  22  18  11   0   0   0   0     5.590    49.722    50.786     0.000     0.000     0.000     0.000   0   0   0   0   0   0   0     0.000    -0.010     0.019     0.000    -0.011     0.005     0.000
   7 0 0 0 1 1 1 1   4   0   6   0   0   0   0    23.921    21.660    20.227     0.000     0.000     0.000     0.000   0   0   0   0   0   0   0     0.000    -0.010     0.019    -0.000    -0.029    -0.000     0.042
   7 0 0 0 1 1 1 1  13  25  22   0   0   0   0    47.335     5.831     4.902     0.000     0.000     0.000     0.000   0   0   0   0   0   0   0     0.000    -0.010     0.019    -0.000     0.004    -0.002     0.000
   7 0 0 0 1 1 1 1  23   4  11   0   0   0   0     5.830    22.277    50.427     0.000     0.000     0.000     0.000   0   0   0   0   0   0   0     0.000    -0.010     0.019    -0.007     0.000     0.010    -0.000
   7 0 0 1 1 1 1 1  11  11  11   0   0   0   0    53.964    45.579    50.427     0.000     0.000     0.000     0.000   0   0   0   0   0   0   0     0.000    -0.010    -0.016    -0.010     0.001     0.010    -0.000
   7 0 0 0 1 1 1 1  20   0  29   0   0   0   0    59.674    21.548     5.794     0.000     0.000     0.000     0.000   0   0   0   0   0   0   0     0.000    -0.010    -0.016    -0.003    -0.011    -0.002     0.004
   7 0 0 0 1 1 1 1  14  16   1   0   0   0   0    47.313    55.427    21.980     0.000     0.000     0.000     0.000   0   0   0   0   0   0   0     0.000    -0.010    -0.016    -0.000     0.002    -0.001    -0.005
   7 0 0 0 1 1 1 1  11   1  11   0   0   0   0    48.423    21.979    50.341     0.000     0.000     0.000     0.000   0   0   0   0   0   0   0     0.000    -0.010    -0.016    -0.000    -0.021     0.005    -0.000
   7 0 0 1 1 1 1 1  22  22  11   0   0   0   0     5.590     5.531    50.341     0.000     0.000     0.000     0.000   0   0   0   0   0   0   0     0.000    -0.010     0.018     0.000    -0.013     0.005    -0.000
   7 0 0 0 1 1 1 1   4   0   6   0   0   0   0    23.921    21.660    20.227     0.000     0.000     0.000     0.000   0   0   0   0   0   0   0     0.000    -0.010     0.018    -0.000    -0.027    -0.000     0.040
   7 0 0 0 1 1 1 1  22  11   0   0   0   0   0     5.413    48.423    21.019     0.000     0.000     0.000     0.000   0   0   0   0   0   0   0     0.000    -0.010     0.018     0.006     0.000    -0.006    -0.000
   7 0 0 0 1 1 1 1  28   6  11   0   0   0   0     5.526    20.227    50.427     0.000     0.000     0.000     0.000   0   0   0   0   0   0   0     0.000    -0.010     0.018     0.001    -0.005     0.009     0.000
   7 0 1 0 1 1 1 1  16   6  12   0   0   0   0    49.596    20.227    46.936     0.000     0.000     0.000     0.000   0   0   0   0   0   0   0     0.000     0.015     0.018     0.001    -0.005    -0.013     0.000
   7 0 0 0 1 1 1 1  13  17  10   0   0   0   0    49.693    59.312    15.541     0.000     0.000     0.000     0.000   0   0   0   0   0   0   0     0.000     0.015     0.018    -0.001    -0.026     0.002     0.017
   7 0 0 0 1 1 1 1  10   0   2   0   0   0   0    16.111    21.473    23.371     0.000     0.000     0.000     0.000   0   0   0   0   0   0   0     0.000     0.015     0.018    -0.001     0.001     0.001     0.003
   7 0 0 0 1 1 1 1  11  13   0   0   0   0   0    53.040    51.197    21.315     0.000     0.000     0.000     0.000   0   0   0   0   0   0   0     0.000     0.015     0.018    -0.000     0.004    -0.006    -0.002
   7 0 0 0 1 1 1 1  26  13   1   0   0   0   0     5.921    47.389    22.407     0.000     0.000     0.000     0.000   0   0   0   0   0   0   0     0.000     0.015     0.018    -0.072     0.000     0.002     0.018
