  232
   1 1   0     0.000   0     4.763
   1 1   0     0.000   0     5.325
   1 1   0     0.000   0     5.647
   1 1   0     0.000   0     5.921
   7 0 0 0 1 1 1 1   4   0   2   0   0   0   0    22.012    20.900    21.861     0.000     0.000     0.000     0.000   0   0   0   0   0   0   0     0.000     0.000     0.000     0.104     0.330    -0.157    -0.046
   7 0 1 0 1 1 1 1   0   0   1   0   0   0   0    20.886    20.900    21.927     0.000     0.000     0.000     0.000   0   0   0   0   0   0   0     0.000     0.103     0.000     0.104     0.330    -0.025    -0.114
   7 0 0 0 1 1 1 1   1   0   2   0   0   0   0    21.927    20.886    21.651     0.000     0.000     0.000     0.000   0   0   0   0   0   0   0     0.000     0.103     0.000     0.116     0.004    -0.239    -0.078
   7 0 1 0 1 1 1 1   0   0   0   0   0   0   0    20.886    20.886    21.127     0.000     0.000     0.000     0.000   0   0   0   0   0   0   0     0.000     0.341     0.000     0.116     0.004    -0.113    -0.573
   7 0 0 0 1 1 1 1   4   0   2   0   0   0   0    22.012    20.900    21.861     0.000     0.000     0.000     0.000   0   0   0   0   0   0   0     0.000     0.341     0.000     0.094     0.314    -0.143    -0.041
   7 0 1 0 1 1 1 1   4   0   1   0   0   0   0    22.012    20.900    21.927     0.000     0.000     0.000     0.000   0   0   0   0   0   0   0     0.000     0.094     0.000     0.094     0.314    -0.014    -0.127
   7 0 0 0 1 1 1 1   1   0   0   0   0   0   0    21.927    20.886    21.127     0.000     0.000     0.000     0.000   0   0   0   0   0   0   0     0.000     0.094     0.000     0.105     0.003    -0.071    -0.220
   7 0 1 0 1 1 1 1   0   0   0   0   0   0   0    20.886    20.886    21.127     0.000     0.000     0.000     0.000   0   0   0   0   0   0   0     0.000     0.310     0.000     0.105     0.003    -0.102    -0.527
   7 0 0 0 1 1 1 1   4   0   3   0   0   0   0    22.012    20.900    22.303     0.000     0.000     0.000     0.000   0   0   0   0   0   0   0     0.000     0.310     0.000     0.085     0.298    -0.118    -0.025
   7 0 1 0 1 1 1 1   4   0   1   0   0   0   0    22.012    20.900    21.927     0.000     0.000     0.000     0.000   0   0   0   0   0   0   0     0.000     0.085     0.000     0.085     0.298    -0.012    -0.116
   7 0 0 0 1 1 1 1   1   0   0   0   0   0   0    21.927    20.886    21.127     0.000     0.000     0.000     0.000   0   0   0   0   0   0   0     0.000     0.085     0.000     0.095     0.003    -0.065    -0.202
   7 0 0 1 1 1 1 1   6   2   0   0   0   0   0    20.271    21.767    21.127     0.000     0.000     0.000     0.000   0   0   0   0   0   0   0     0.000     0.085     0.281    -0.423    -0.069    -0.065    -0.202
   7 0 0 0 1 1 1 1   4   0   1   0   0   0   0    22.012    20.900    21.927     0.000     0.000     0.000     0.000   0   0   0   0   0   0   0     0.000     0.085     0.281     0.078     0.283    -0.033    -0.120
   7 0 1 0 1 1 1 1   0   0   1   0   0   0   0    20.886    20.900    21.915     0.000     0.000     0.000     0.000   0   0   0   0   0   0   0     0.000     0.078     0.281     0.078     0.283    -0.017    -0.083
   7 0 0 0 1 1 1 1   3   0   0   0   0   0   0    22.161    21.127    20.886     0.000     0.000     0.000     0.000   0   0   0   0   0   0   0     0.000     0.078     0.281    -0.060    -0.186     0.086     0.003
   7 0 0 0 1 1 1 1   0   6   0   0   0   0   0    21.074    20.271    21.133     0.000     0.000     0.000     0.000   0   0   0   0   0   0   0     0.000     0.078     0.281    -0.005     0.255    -0.197    -0.621
   7 0 0 0 1 1 1 1   4   0   3   0   0   0   0    22.012    20.900    22.275     0.000     0.000     0.000     0.000   0   0   0   0   0   0   0     0.000     0.078     0.281     0.070     0.269    -0.105    -0.027
   7 0 1 0 1 1 1 1   4   0   1   0   0   0   0    22.012    20.900    21.927     0.000     0.000     0.000     0.000   0   0   0   0   0   0   0     0.000     0.071     0.281     0.070     0.269    -0.010    -0.098
   7 0 0 0 1 1 1 1   1   0   0   0   0   0   0    21.927    20.886    21.127     0.000     0.000     0.000     0.000   0   0   0   0   0   0   0     0.000     0.071     0.281     0.078     0.002    -0.055    -0.171
   7 0 0 0 1 1 1 1   1   0   2   0   0   0   0    21.927    20.886    21.588     0.000     0.000     0.000     0.000   0   0   0   0   0   0   0     0.000     0.071     0.281     0.231    -0.020    -0.590    -0.216
   7 0 0 0 1 1 1 1   4   2   0   0   0   0   0    22.012    21.628    21.074     0.000     0.000     0.000     0.000   0   0   0   0   0   0   0     0.000     0.071     0.281     0.255     0.064    -0.017    -0.090
   7 0 1 0 1 1 1 1   4   2   2   0   0   0   0    22.012    21.628    21.767     0.000     0.000     0.000     0.000   0   0   0   0   0   0   0     0.000     0.065     0.281     0.255     0.064    -0.108    -0.017
   7 0 0 0 1 1 1 1   1   0   0   0   0   0   0    21.927    20.886    21.133     0.000     0.000     0.000     0.000   0   0   0   0   0   0   0     0.000     0.065     0.281     0.071     0.002    -0.072    -0.221
   7 0 0 0 1 1 1 1   1   0   0   0   0   0   0    21.927    20.886    21.133     0.000     0.000     0.000     0.000   0   0   0   0   0   0   0     0.000     0.065     0.281     0.210    -0.018    -0.197    -0.560
   7 0 0 0 1 1 1 1   4   0   1   0   0   0   0    22.012    20.900    21.927     0.000     0.000     0.000     0.000   0   0   0   0   0   0   0     0.000     0.065     0.281     0.058     0.243    -0.024    -0.092
   7 0 1 0 1 1 1 1   0   0   2   0   0   0   0    20.886    20.900    21.906     0.000     0.000     0.000     0.000   0   0   0   0   0   0   0     0.000     0.059     0.281     0.058     0.243    -0.060    -0.007
   7 0 0 0 1 1 1 1   1   0   0   0   0   0   0    21.915    20.886    21.133     0.000     0.000     0.000     0.000   0   0   0   0   0   0   0     0.000     0.059     0.281     0.064     0.005    -0.062    -0.210
   7 0 0 0 1 1 1 1   1   0   0   0   0   0   0    21.927    20.886    21.133     0.000     0.000     0.000     0.000   0   0   0   0   0   0   0     0.000     0.059     0.281     0.190    -0.017    -0.179    -0.532
   7 0 0 0 1 1 1 1   4   0   0   0   0   0   0    22.012    20.900    20.886     0.000     0.000     0.000     0.000   0   0   0   0   0   0   0     0.000     0.059     0.281     0.053     0.231     0.056    -0.057
   7 0 1 0 1 1 1 1   4   0   2   0   0   0   0    22.012    20.900    21.832     0.000     0.000     0.000     0.000   0   0   0   0   0   0   0     0.000     0.054     0.281     0.053     0.231    -0.088    -0.011
   7 0 0 0 1 1 1 1   3   0   0   0   0   0   0    22.136    21.133    20.886     0.000     0.000     0.000     0.000   0   0   0   0   0   0   0     0.000     0.054     0.281    -0.067    -0.199     0.058    -0.003
   7 0 0 0 1 1 1 1   1   0   0   0   0   0   0    21.927    20.886    21.133     0.000     0.000     0.000     0.000   0   0   0   0   0   0   0     0.000     0.054     0.281     0.173    -0.015    -0.163    -0.506
   7 0 0 0 1 1 1 1   4   0  14   0   0   0   0    22.012    20.900    47.919     0.000     0.000     0.000     0.000   0   0   0   0   0   0   0     0.000     0.054     0.281     0.048     0.219    -0.023    -0.093
   7 0 1 0 1 1 1 1   4   0   0   0   0   0   0    22.012    20.900    21.127     0.000     0.000     0.000     0.000   0   0   0   0   0   0   0     0.000     0.049     0.281     0.048     0.219    -0.016    -0.104
   7 0 0 0 1 1 1 1   0   6   2   0   0   0   0    21.074    20.271    21.588     0.000     0.000     0.000     0.000   0   0   0   0   0   0   0     0.000     0.049     0.281     0.011     0.053    -0.189    -0.047
   7 0 0 0 1 1 1 1   0   0   0   0   0   0   0    21.074    20.886    21.133     0.000     0.000     0.000     0.000   0   0   0   0   0   0   0     0.000     0.049     0.281     0.157     0.002    -0.127    -0.480
   7 0 0 0 1 1 1 1   4   0   0   0   0   0   0    22.012    20.900    21.127     0.000     0.000     0.000     0.000   0   0   0   0   0   0   0     0.000     0.049     0.281     0.043     0.208    -0.025    -0.101
   7 0 1 0 1 1 1 1   0   0   0   0   0   0   0    20.886    20.900    21.133     0.000     0.000     0.000     0.000   0   0   0   0   0   0   0     0.000     0.045     0.281     0.043     0.208    -0.037     0.042
   7 0 0 0 1 1 1 1  14   6   2   0   0   0   0    47.919    20.271    21.588     0.000     0.000     0.000     0.000   0   0   0   0   0   0   0     0.000     0.045     0.281    -0.004     0.048    -0.180    -0.061
   7 0 0 0 1 1 1 1   1   0   0   0   0   0   0    21.927    20.886    21.133     0.000     0.000     0.000     0.000   0   0   0   0   0   0   0     0.000     0.045     0.281     0.142    -0.011    -0.138    -0.456
   7 0 0 0 1 1 1 1   4   0   0   0   0   0   0    22.012    20.900    20.886     0.000     0.000     0.000     0.000   0   0   0   0   0   0   0     0.000     0.045     0.281     0.039     0.198     0.055    -0.044
   7 0 0 0 1 1 1 1   6   0   6   0   0   0   0    20.113    21.133    20.271     0.000     0.000     0.000     0.000   0   0   0   0   0   0   0     0.000     0.045     0.281    -0.052     0.040     0.001     0.041
   7 0 0 0 1 1 1 1   0   0   0   0   0   0   0    21.127    21.064    21.133     0.000     0.000     0.000     0.000   0   0   0   0   0   0   0     0.000     0.045     0.281     0.035    -0.020    -0.063    -0.171
   7 0 0 0 1 1 1 1   1   0   0   0   0   0   0    21.927    20.886    21.133     0.000     0.000     0.000     0.000   0   0   0   0   0   0   0     0.000     0.045     0.281     0.129    -0.010    -0.125    -0.434
   7 0 0 0 1 1 1 1   4   0   0   0   0   0   0    22.012    20.900    21.127     0.000     0.000     0.000     0.000   0   0   0   0   0   0   0     0.000     0.045     0.281     0.036     0.188    -0.019    -0.091
   7 0 0 0 1 1 1 1   6  16   0   0   0   0   0    20.113    55.611    20.886     0.000     0.000     0.000     0.000   0   0   0   0   0   0   0     0.000     0.045     0.281    -0.011    -0.074     0.037     0.001
   7 0 0 0 1 1 1 1   0   0   2   0   0   0   0    21.127    21.060    21.588     0.000     0.000     0.000     0.000   0   0   0   0   0   0   0     0.000     0.045     0.281     0.036    -0.013    -0.162    -0.059
   7 0 0 0 1 1 1 1   0   0   0   0   0   0   0    21.127    20.886    21.133     0.000     0.000     0.000     0.000   0   0   0   0   0   0   0     0.000     0.045     0.281     0.117    -0.031    -0.153    -0.412
   7 0 0 1 1 1 1 1   0   0   0   0   0   0   0    21.133    20.886    21.133     0.000     0.000     0.000     0.000   0   0   0   0   0   0   0     0.000     0.045     0.178     0.038    -0.037    -0.153    -0.412
   7 0 0 0 1 1 1 1   6  16   0   0   0   0   0    20.113    55.611    20.886     0.000     0.000     0.000     0.000   0   0   0   0   0   0   0     0.000     0.045     0.178    -0.010    -0.067     0.034     0.001
   7 0 0 0 1 1 1 1   2   2   6   0   0   0   0    21.632    21.588    20.113     0.000     0.000     0.000     0.000   0   0   0   0   0   0   0     0.000     0.045     0.178    -0.154    -0.054    -0.020     0.028
   7 0 0 0 1 1 1 1   0   0   0   0   0   0   0    21.127    20.886    21.133     0.000     0.000     0.000     0.000   0   0   0   0   0   0   0     0.000     0.045     0.178     0.106    -0.028    -0.141    -0.391
   7 0 0 1 1 1 1 1   0   6   0   0   0   0   0    21.133    20.271    21.133     0.000     0.000     0.000     0.000   0   0   0   0   0   0   0     0.000     0.045     0.169    -0.034     0.034    -0.141    -0.391
   7 0 0 0 1 1 1 1   8   0   6   0   0   0   0    17.627    21.133    20.271     0.000     0.000     0.000     0.000   0   0   0   0   0   0   0     0.000     0.045     0.169    -0.036     0.039     0.002     0.030
   7 0 0 0 1 1 1 1   0   6   0   0   0   0   0    21.127    20.271    21.133     0.000     0.000     0.000     0.000   0   0   0   0   0   0   0     0.000     0.045     0.169    -0.008     0.034    -0.050    -0.146
   7 0 0 0 1 1 1 1   0   0   2   0   0   0   0    21.127    20.886    21.588     0.000     0.000     0.000     0.000   0   0   0   0   0   0   0     0.000     0.045     0.169     0.096    -0.025    -0.372    -0.131
   7 0 0 1 1 1 1 1   0   8   2   0   0   0   0    21.133    17.627    21.588     0.000     0.000     0.000     0.000   0   0   0   0   0   0   0     0.000     0.045     0.161    -0.040     0.022    -0.372    -0.131
   7 0 0 0 1 1 1 1   0   0   0   0   0   0   0    21.074    20.886    21.133     0.000     0.000     0.000     0.000   0   0   0   0   0   0   0     0.000     0.045     0.161     0.028     0.001    -0.040     0.037
   7 0 0 0 1 1 1 1   0   0   0   0   0   0   0    21.127    21.074    21.133     0.000     0.000     0.000     0.000   0   0   0   0   0   0   0     0.000     0.045     0.161     0.023    -0.020    -0.046    -0.139
   7 0 0 0 1 1 1 1   2   0   0   0   0   0   0    21.632    21.133    20.886     0.000     0.000     0.000     0.000   0   0   0   0   0   0   0     0.000     0.045     0.161    -0.121    -0.353     0.087    -0.023
   7 0 0 1 1 1 1 1   0   6   0   0   0   0   0    21.133    20.113    20.886     0.000     0.000     0.000     0.000   0   0   0   0   0   0   0     0.000     0.045     0.153    -0.041     0.018     0.087    -0.023
   7 0 0 0 1 1 1 1  16   4   0   0   0   0   0    55.611    22.127    21.107     0.000     0.000     0.000     0.000   0   0   0   0   0   0   0     0.000     0.045     0.153     0.028    -0.008    -0.007    -0.073
   7 0 0 0 1 1 1 1   2   0   6   0   0   0   0    21.632    21.133    20.271     0.000     0.000     0.000     0.000   0   0   0   0   0   0   0     0.000     0.045     0.153    -0.043    -0.132    -0.007     0.029
   7 0 0 0 1 1 1 1   3   0   0   0   0   0   0    22.161    21.133    20.886     0.000     0.000     0.000     0.000   0   0   0   0   0   0   0     0.000     0.045     0.153    -0.090    -0.336     0.079     0.001
   7 0 0 1 1 1 1 1   0   0   0   0   0   0   0    21.133    20.886    20.886     0.000     0.000     0.000     0.000   0   0   0   0   0   0   0     0.000     0.045     0.145     0.027    -0.027     0.079     0.001
   7 0 0 0 1 1 1 1   0   0   0   0   0   0   0    21.074    20.886    21.133     0.000     0.000     0.000     0.000   0   0   0   0   0   0   0     0.000     0.045     0.145     0.022     0.001    -0.034     0.034
   7 0 0 0 1 1 1 1   3   0   0   0   0   0   0    22.057    21.133    20.886     0.000     0.000     0.000     0.000   0   0   0   0   0   0   0     0.000     0.045     0.145    -0.037    -0.126     0.026    -0.003
   7 0 0 0 1 1 1 1   0   8   0   0   0   0   0    21.127    17.627    21.133     0.000     0.000     0.000     0.000   0   0   0   0   0   0   0     0.000     0.045     0.145    -0.035     0.059    -0.105    -0.319
   7 0 1 0 1 1 1 1   2   8   3   0   0   0   0    21.588    17.627    22.136     0.000     0.000     0.000     0.000   0   0   0   0   0   0   0     0.000     0.138     0.145    -0.035     0.059    -0.052     0.009
   7 0 0 0 1 1 1 1  16   4   0   0   0   0   0    55.611    22.127    21.107     0.000     0.000     0.000     0.000   0   0   0   0   0   0   0     0.000     0.138     0.145     0.023    -0.006    -0.005    -0.065
   7 0 0 0 1 1 1 1   0   0   2   0   0   0   0    21.127    21.074    21.588     0.000     0.000     0.000     0.000   0   0   0   0   0   0   0     0.000     0.138     0.145     0.018    -0.017    -0.119    -0.037
   7 0 0 0 1 1 1 1   0  18   0   0   0   0   0    21.127    49.120    21.133     0.000     0.000     0.000     0.000   0   0   0   0   0   0   0     0.000     0.138     0.145     0.049    -0.041    -0.097    -0.303
   7 0 0 1 1 1 1 1   0   0   0   0   0   0   0    21.133    20.886    21.133     0.000     0.000     0.000     0.000   0   0   0   0   0   0   0     0.000     0.138     0.131     0.024    -0.023    -0.097    -0.303
   7 0 0 0 1 1 1 1  16   4   0   0   0   0   0    55.611    22.127    21.107     0.000     0.000     0.000     0.000   0   0   0   0   0   0   0     0.000     0.138     0.131     0.021    -0.005    -0.005    -0.060
   7 0 0 0 1 1 1 1   0   0   0   0   0   0   0    21.127    21.074    21.133     0.000     0.000     0.000     0.000   0   0   0   0   0   0   0     0.000     0.138     0.131     0.016    -0.015    -0.034    -0.113
   7 0 0 0 1 1 1 1   0   0   0   0   0   0   0    21.127    21.055    21.133     0.000     0.000     0.000     0.000   0   0   0   0   0   0   0     0.000     0.138     0.131     0.059    -0.020    -0.090    -0.288
   7 0 0 1 1 1 1 1   0   0   0   0   0   0   0    21.133    21.127    21.133     0.000     0.000     0.000     0.000   0   0   0   0   0   0   0     0.000     0.138     0.125     0.005    -0.065    -0.090    -0.288
   7 0 0 0 1 1 1 1  16   4   0   0   0   0   0    55.611    22.127    21.107     0.000     0.000     0.000     0.000   0   0   0   0   0   0   0     0.000     0.138     0.125     0.019    -0.005    -0.004    -0.056
   7 0 0 0 1 1 1 1   0   0   0   0   0   0   0    21.127    20.886    21.133     0.000     0.000     0.000     0.000   0   0   0   0   0   0   0     0.000     0.138     0.125     0.021    -0.006    -0.032    -0.108
   7 0 0 0 1 1 1 1   0   0   0   0   0   0   0    21.127    20.886    21.133     0.000     0.000     0.000     0.000   0   0   0   0   0   0   0     0.000     0.138     0.125     0.056    -0.016    -0.083    -0.273
   7 0 0 1 1 1 1 1   0   0   0   0   0   0   0    21.133    21.127    21.133     0.000     0.000     0.000     0.000   0   0   0   0   0   0   0     0.000     0.138     0.118     0.004    -0.060    -0.083    -0.273
   7 0 0 0 1 1 1 1  16   4   0   0   0   0   0    55.611    22.127    21.107     0.000     0.000     0.000     0.000   0   0   0   0   0   0   0     0.000     0.138     0.118     0.017    -0.004    -0.004    -0.052
   7 0 0 0 1 1 1 1   3   0   0   0   0   0   0    22.136    21.133    20.886     0.000     0.000     0.000     0.000   0   0   0   0   0   0   0     0.000     0.138     0.118    -0.027    -0.102     0.019    -0.001
   7 0 0 0 1 1 1 1   0   6   0   0   0   0   0    21.127    20.113    21.133     0.000     0.000     0.000     0.000   0   0   0   0   0   0   0     0.000     0.138     0.118    -0.034     0.038    -0.077    -0.260
   7 0 0 1 1 1 1 1   0   0   0   0   0   0   0    21.133    20.886    21.133     0.000     0.000     0.000     0.000   0   0   0   0   0   0   0     0.000     0.138     0.112     0.021    -0.020    -0.077    -0.260
   7 0 0 0 1 1 1 1  16  26   0   0   0   0   0    55.611     5.791    21.107     0.000     0.000     0.000     0.000   0   0   0   0   0   0   0     0.000     0.138     0.112     0.013    -0.010    -0.004    -0.048
   7 0 0 0 1 1 1 1   0   0   0   0   0   0   0    21.127    21.074    21.133     0.000     0.000     0.000     0.000   0   0   0   0   0   0   0     0.000     0.138     0.112     0.012    -0.012    -0.027    -0.097
   7 0 0 0 1 1 1 1   0   0   2   0   0   0   0    21.127    21.060    21.588     0.000     0.000     0.000     0.000   0   0   0   0   0   0   0     0.000     0.138     0.112     0.042    -0.020    -0.247    -0.071
   7 0 0 1 1 1 1 1   0   0   2   0   0   0   0    21.133    21.127    21.588     0.000     0.000     0.000     0.000   0   0   0   0   0   0   0     0.000     0.138     0.107     0.004    -0.054    -0.247    -0.071
   7 0 0 0 1 1 1 1  16   4   0   0   0   0   0    55.611    22.127    21.107     0.000     0.000     0.000     0.000   0   0   0   0   0   0   0     0.000     0.138     0.107     0.015    -0.004    -0.003    -0.044
   7 0 0 1 1 1 1 1   0   1   0   0   0   0   0    21.133    21.927    21.107     0.000     0.000     0.000     0.000   0   0   0   0   0   0   0     0.000     0.138    -0.092     0.009    -0.021    -0.003    -0.044
   7 0 0 0 1 1 1 1   3   0   0   0   0   0   0    22.136    21.133    20.886     0.000     0.000     0.000     0.000   0   0   0   0   0   0   0     0.000     0.138    -0.092    -0.062    -0.234     0.044    -0.004
   7 0 0 1 1 1 1 1   0   6   0   0   0   0   0    21.133    20.113    20.886     0.000     0.000     0.000     0.000   0   0   0   0   0   0   0     0.000     0.138     0.101    -0.025     0.012     0.044    -0.004
   7 0 0 0 1 1 1 1  16  26   0   0   0   0   0    55.611     5.791    21.107     0.000     0.000     0.000     0.000   0   0   0   0   0   0   0     0.000     0.138     0.101     0.011    -0.009    -0.003    -0.041
   7 0 0 1 1 1 1 1   0   0   0   0   0   0   0    21.133    21.074    21.107     0.000     0.000     0.000     0.000   0   0   0   0   0   0   0     0.000     0.138    -0.088     0.010    -0.016    -0.003    -0.041
   7 0 0 1 1 1 1 1   0   0   0   0   0   0   0    21.133    21.074    21.107     0.000     0.000     0.000     0.000   0   0   0   0   0   0   0     0.000     0.138    -0.223     0.028    -0.043    -0.003    -0.041
   7 0 1 0 1 1 1 1   2   0   0   0   0   0   0    21.588    21.074    21.127     0.000     0.000     0.000     0.000   0   0   0   0   0   0   0     0.000     0.096    -0.223     0.028    -0.043     0.004    -0.048
   7 0 0 0 1 1 1 1  16   4   0   0   0   0   0    55.611    22.127    21.107     0.000     0.000     0.000     0.000   0   0   0   0   0   0   0     0.000     0.096    -0.223     0.012    -0.004    -0.003    -0.038
   7 0 0 1 1 1 1 1   0   1   0   0   0   0   0    21.133    21.927    21.107     0.000     0.000     0.000     0.000   0   0   0   0   0   0   0     0.000     0.096    -0.083     0.008    -0.018    -0.003    -0.038
   7 0 0 1 1 1 1 1   0   1   0   0   0   0   0    21.133    21.910    21.107     0.000     0.000     0.000     0.000   0   0   0   0   0   0   0     0.000     0.096    -0.211     0.024    -0.042    -0.003    -0.038
   7 0 0 1 1 1 1 1   0   0   0   0   0   0   0    21.133    20.886    21.107     0.000     0.000     0.000     0.000   0   0   0   0   0   0   0     0.000     0.096     0.092     0.017    -0.016    -0.003    -0.038
   7 0 0 0 1 1 1 1  16  26   0   0   0   0   0    55.611     5.791    21.107     0.000     0.000     0.000     0.000   0   0   0   0   0   0   0     0.000     0.096     0.092     0.009    -0.008    -0.003    -0.035
   7 0 1 0 1 1 1 1   2  26   0   0   0   0   0    21.588     5.791    20.886     0.000     0.000     0.000     0.000   0   0   0   0   0   0   0     0.000    -0.079     0.092     0.009    -0.008     0.014    -0.008
   7 0 1 0 1 1 1 1   2  26   1   0   0   0   0    21.588     5.791    21.915     0.000     0.000     0.000     0.000   0   0   0   0   0   0   0     0.000    -0.201     0.092     0.009    -0.008     0.021    -0.041
   7 0 0 1 1 1 1 1   0   0   1   0   0   0   0    21.133    21.127    21.915     0.000     0.000     0.000     0.000   0   0   0   0   0   0   0     0.000    -0.201     0.087     0.003    -0.043     0.021    -0.041
   7 0 0 0 1 1 1 1  16   4   2   0   0   0   0    55.611    22.127    21.651     0.000     0.000     0.000     0.000   0   0   0   0   0   0   0     0.000    -0.201     0.087     0.010    -0.003    -0.032    -0.002
   7 0 0 1 1 1 1 1   0   1   2   0   0   0   0    21.133    21.927    21.651     0.000     0.000     0.000     0.000   0   0   0   0   0   0   0     0.000    -0.201    -0.075     0.007    -0.016    -0.032    -0.002
   7 0 0 1 1 1 1 1   0   0   2   0   0   0   0    21.133    21.074    21.651     0.000     0.000     0.000     0.000   0   0   0   0   0   0   0     0.000    -0.201    -0.191     0.021    -0.033    -0.032    -0.002
   7 0 0 1 1 1 1 1   0   0   2   0   0   0   0    21.133    21.055    21.651     0.000     0.000     0.000     0.000   0   0   0   0   0   0   0     0.000    -0.201     0.083     0.014    -0.015    -0.032    -0.002
   7 0 0 0 1 1 1 1  16  26   0   0   0   0   0    55.611     5.791    21.107     0.000     0.000     0.000     0.000   0   0   0   0   0   0   0     0.000    -0.201     0.083     0.007    -0.007    -0.002    -0.030
   7 0 0 1 1 1 1 1   0   0   0   0   0   0   0    21.133    21.055    21.107     0.000     0.000     0.000     0.000   0   0   0   0   0   0   0     0.000    -0.201    -0.071     0.011    -0.008    -0.002    -0.030
   7 0 1 0 1 1 1 1   2   0   0   0   0   0   0    21.588    21.055    20.886     0.000     0.000     0.000     0.000   0   0   0   0   0   0   0     0.000    -0.181    -0.071     0.011    -0.008     0.031    -0.018
   7 0 0 1 1 1 1 1   0   1   0   0   0   0   0    21.133    21.927    20.886     0.000     0.000     0.000     0.000   0   0   0   0   0   0   0     0.000    -0.181     0.079     0.006    -0.024     0.031    -0.018
   7 0 0 0 1 1 1 1  16   0   0   0   0   0   0    55.611    21.129    21.107     0.000     0.000     0.000     0.000   0   0   0   0   0   0   0     0.000    -0.181     0.079     0.002     0.024    -0.002    -0.028
   7 0 0 1 1 1 1 1   0  13   0   0   0   0   0    21.133    49.422    21.107     0.000     0.000     0.000     0.000   0   0   0   0   0   0   0     0.000    -0.181    -0.068    -0.010     0.008    -0.002    -0.028
   7 0 1 0 1 1 1 1   2  13   1   0   0   0   0    21.588    49.422    21.915     0.000     0.000     0.000     0.000   0   0   0   0   0   0   0     0.000    -0.172    -0.068    -0.010     0.008     0.016    -0.033
   7 0 0 1 1 1 1 1   0   0   1   0   0   0   0    21.133    21.127    21.915     0.000     0.000     0.000     0.000   0   0   0   0   0   0   0     0.000    -0.172     0.075     0.003    -0.037     0.016    -0.033
   7 0 0 0 1 1 1 1  16   3   0   0   0   0   0    55.611    22.380    21.074     0.000     0.000     0.000     0.000   0   0   0   0   0   0   0     0.000    -0.172     0.075     0.002     0.024     0.003    -0.021
   7 0 0 0 1 1 1 1   0   6   0   0   0   0   0    21.127    20.428    21.133     0.000     0.000     0.000     0.000   0   0   0   0   0   0   0     0.000    -0.172     0.075    -0.001     0.014    -0.018    -0.064
   7 0 1 0 1 1 1 1   2   6   0   0   0   0   0    21.588    20.428    20.691     0.000     0.000     0.000     0.000   0   0   0   0   0   0   0     0.000    -0.164     0.075    -0.001     0.014     0.028    -0.015
   7 0 0 1 1 1 1 1   0   0   0   0   0   0   0    21.133    20.886    20.691     0.000     0.000     0.000     0.000   0   0   0   0   0   0   0     0.000    -0.164     0.071     0.013    -0.012     0.028    -0.015
   7 0 0 0 1 1 1 1   6   0   3   0   0   0   0    20.113    21.133    22.380     0.000     0.000     0.000     0.000   0   0   0   0   0   0   0     0.000    -0.164     0.071    -0.013     0.023     0.003     0.022
   7 0 0 1 1 1 1 1   0   3   3   0   0   0   0    21.133    22.161    22.380     0.000     0.000     0.000     0.000   0   0   0   0   0   0   0     0.000    -0.164    -0.061    -0.012     0.005     0.003     0.022
   7 0 0 0 1 1 1 1   0   0   2   0   0   0   0    21.127    20.691    21.588     0.000     0.000     0.000     0.000   0   0   0   0   0   0   0     0.000    -0.164    -0.061     0.026    -0.006    -0.155    -0.044
   7 0 0 1 1 1 1 1   0   0   2   0   0   0   0    21.133    21.127    21.588     0.000     0.000     0.000     0.000   0   0   0   0   0   0   0     0.000    -0.164     0.067     0.003    -0.033    -0.155    -0.044
   7 0 0 0 1 1 1 1  16   0   0   0   0   0   0    55.611    21.129    21.107     0.000     0.000     0.000     0.000   0   0   0   0   0   0   0     0.000    -0.164     0.067     0.001     0.022    -0.001    -0.023
   7 0 0 1 1 1 1 1   0   0   0   0   0   0   0    21.133    20.886    21.107     0.000     0.000     0.000     0.000   0   0   0   0   0   0   0     0.000    -0.164    -0.058     0.009    -0.005    -0.001    -0.023
   7 0 0 1 1 1 1 1   0   3   0   0   0   0   0    21.133    22.151    21.107     0.000     0.000     0.000     0.000   0   0   0   0   0   0   0     0.000    -0.164    -0.148    -0.032     0.011    -0.001    -0.023
   7 0 0 1 1 1 1 1   0   0   0   0   0   0   0    21.133    21.060    21.107     0.000     0.000     0.000     0.000   0   0   0   0   0   0   0     0.000    -0.164     0.064     0.010    -0.012    -0.001    -0.023
   7 0 0 0 1 1 1 1  16   3   0   0   0   0   0    55.611    22.380    21.107     0.000     0.000     0.000     0.000   0   0   0   0   0   0   0     0.000    -0.164     0.064     0.001     0.021    -0.001    -0.021
   7 0 0 1 1 1 1 1   0   3   0   0   0   0   0    21.133    22.136    21.107     0.000     0.000     0.000     0.000   0   0   0   0   0   0   0     0.000    -0.164    -0.055    -0.013     0.004    -0.001    -0.021
   7 0 0 1 1 1 1 1   0   0   0   0   0   0   0    21.133    21.062    21.107     0.000     0.000     0.000     0.000   0   0   0   0   0   0   0     0.000    -0.164    -0.140     0.016    -0.018    -0.001    -0.021
   7 0 0 1 1 1 1 1   0   0   0   0   0   0   0    21.133    21.127    21.107     0.000     0.000     0.000     0.000   0   0   0   0   0   0   0     0.000    -0.164     0.061     0.003    -0.030    -0.001    -0.021
   7 0 0 0 1 1 1 1  13   0   3   0   0   0   0    49.422    21.133    22.380     0.000     0.000     0.000     0.000   0   0   0   0   0   0   0     0.000    -0.164     0.061    -0.010     0.020     0.002     0.020
   7 0 0 1 1 1 1 1   0   6   3   0   0   0   0    21.133    20.428    22.380     0.000     0.000     0.000     0.000   0   0   0   0   0   0   0     0.000    -0.164    -0.052    -0.003     0.012     0.002     0.020
   7 0 1 0 1 1 1 1   2   6  14   0   0   0   0    21.588    20.428    47.649     0.000     0.000     0.000     0.000   0   0   0   0   0   0   0     0.000    -0.133    -0.052    -0.003     0.012     0.009    -0.031
   7 0 0 1 1 1 1 1   0   3  14   0   0   0   0    21.133    22.380    47.649     0.000     0.000     0.000     0.000   0   0   0   0   0   0   0     0.000    -0.133     0.058    -0.004     0.039     0.009    -0.031
   7 0 0 0 1 1 1 1  16   0   0   0   0   0   0    55.611    21.129    21.107     0.000     0.000     0.000     0.000   0   0   0   0   0   0   0     0.000    -0.133     0.058     0.001     0.019    -0.001    -0.019
   7 0 0 0 1 1 1 1   0   6   0   0   0   0   0    21.127    20.428    21.133     0.000     0.000     0.000     0.000   0   0   0   0   0   0   0     0.000    -0.133     0.058    -0.001     0.011    -0.014    -0.050
   7 0 0 1 1 1 1 1   0  11   0   0   0   0   0    21.133    51.954    21.133     0.000     0.000     0.000     0.000   0   0   0   0   0   0   0     0.000    -0.133    -0.127    -0.011     0.020    -0.014    -0.050
   7 0 0 1 1 1 1 1   0   0   0   0   0   0   0    21.133    21.127    21.133     0.000     0.000     0.000     0.000   0   0   0   0   0   0   0     0.000    -0.133     0.055     0.003    -0.027    -0.014    -0.050
   7 0 0 1 1 1 1 1   3   2   0   0   0   0   0    22.380    21.588    21.133     0.000     0.000     0.000     0.000   0   0   0   0   0   0   0     0.000    -0.133     0.019     0.018    -0.003    -0.014    -0.050
   7 0 1 0 1 1 1 1   2   2   1   0   0   0   0    21.588    21.588    21.910     0.000     0.000     0.000     0.000   0   0   0   0   0   0   0     0.000    -0.047     0.019     0.018    -0.003     0.004    -0.008
   7 0 0 0 1 1 1 1   0   0   2   0   0   0   0    21.127    20.691    21.588     0.000     0.000     0.000     0.000   0   0   0   0   0   0   0     0.000    -0.047     0.019     0.018    -0.004    -0.120    -0.034
   7 0 0 1 1 1 1 1   0   3   2   0   0   0   0    21.133    22.380    21.588     0.000     0.000     0.000     0.000   0   0   0   0   0   0   0     0.000    -0.047     0.052    -0.003     0.037    -0.120    -0.034
   7 0 0 0 1 1 1 1   6   0   3   0   0   0   0    20.113    21.133    22.380     0.000     0.000     0.000     0.000   0   0   0   0   0   0   0     0.000    -0.047     0.052    -0.009     0.017     0.002     0.018
   7 0 0 1 1 1 1 1   0   3   3   0   0   0   0    21.133    22.136    22.380     0.000     0.000     0.000     0.000   0   0   0   0   0   0   0     0.000    -0.047    -0.045    -0.010     0.003     0.002     0.018
   7 0 1 0 1 1 1 1   2   3   3   0   0   0   0    21.588    22.136    22.136     0.000     0.000     0.000     0.000   0   0   0   0   0   0   0     0.000    -0.114    -0.045    -0.010     0.003    -0.025     0.007
   7 0 0 0 1 1 1 1   5   2   3   0   0   0   0    22.161    21.628    22.380     0.000     0.000     0.000     0.000   0   0   0   0   0   0   0     0.000    -0.114    -0.045     0.049     0.013    -0.007     0.035
   7 0 0 0 1 1 1 1  16   3   0   0   0   0   0    55.611    22.380    21.107     0.000     0.000     0.000     0.000   0   0   0   0   0   0   0     0.000    -0.114    -0.045     0.001     0.017    -0.000    -0.017
   7 0 0 1 1 1 1 1   0  14   0   0   0   0   0    21.133    46.739    21.107     0.000     0.000     0.000     0.000   0   0   0   0   0   0   0     0.000    -0.114    -0.043     0.009    -0.003    -0.000    -0.017
   7 0 0 1 1 1 1 1   0  11   0   0   0   0   0    21.133    51.954    21.107     0.000     0.000     0.000     0.000   0   0   0   0   0   0   0     0.000    -0.114    -0.109    -0.009     0.016    -0.000    -0.017
   7 0 0 1 1 1 1 1   0   3   0   0   0   0   0    21.133    22.136    21.107     0.000     0.000     0.000     0.000   0   0   0   0   0   0   0     0.000    -0.114     0.047    -0.018     0.004    -0.000    -0.017
   7 0 0 0 1 1 1 1   1   3   0   0   0   0   0    21.927    22.380    21.133     0.000     0.000     0.000     0.000   0   0   0   0   0   0   0     0.000    -0.114     0.047     0.001     0.016    -0.011     0.017
   7 0 0 0 1 1 1 1   0   6   0   0   0   0   0    21.127    20.428    21.133     0.000     0.000     0.000     0.000   0   0   0   0   0   0   0     0.000    -0.114     0.047    -0.001     0.008    -0.012    -0.041
   7 0 0 1 1 1 1 1   0   3   0   0   0   0   0    21.133    22.136    21.133     0.000     0.000     0.000     0.000   0   0   0   0   0   0   0     0.000    -0.114    -0.103    -0.022     0.006    -0.012    -0.041
   7 0 0 1 1 1 1 1   0   3   0   0   0   0   0    21.133    22.380    21.133     0.000     0.000     0.000     0.000   0   0   0   0   0   0   0     0.000    -0.114     0.045    -0.003     0.033    -0.012    -0.041
   7 0 0 1 1 1 1 1   0   1   0   0   0   0   0    21.133    21.927    21.133     0.000     0.000     0.000     0.000   0   0   0   0   0   0   0     0.000    -0.114     0.016     0.002    -0.010    -0.012    -0.041
   7 0 1 0 1 1 1 1   2   1   6   0   0   0   0    21.592    21.927    20.271     0.000     0.000     0.000     0.000   0   0   0   0   0   0   0     0.000    -0.031     0.016     0.002    -0.010    -0.003     0.005
   7 0 0 1 1 1 1 1   0  13   6   0   0   0   0    21.133    49.269    20.271     0.000     0.000     0.000     0.000   0   0   0   0   0   0   0     0.000    -0.031    -0.098    -0.015     0.008    -0.003     0.005
   7 0 0 0 1 1 1 1   5   0   3   0   0   0   0    22.161    20.841    22.380     0.000     0.000     0.000     0.000   0   0   0   0   0   0   0     0.000    -0.031    -0.098     0.012     0.042    -0.006     0.031
   7 0 0 1 1 1 1 1   3   0   3   0   0   0   0    22.380    21.133    22.380     0.000     0.000     0.000     0.000   0   0   0   0   0   0   0     0.000    -0.031     0.015    -0.002     0.015    -0.006     0.031
   7 0 0 1 1 1 1 1   0   3   3   0   0   0   0    21.133    22.057    22.380     0.000     0.000     0.000     0.000   0   0   0   0   0   0   0     0.000    -0.031    -0.037    -0.009     0.002    -0.006     0.031
   7 0 1 0 1 1 1 1   2   3   0   0   0   0   0    21.588    22.057    20.601     0.000     0.000     0.000     0.000   0   0   0   0   0   0   0     0.000    -0.093    -0.037    -0.009     0.002     0.020    -0.005
   7 0 0 0 1 1 1 1   5   0   3   0   0   0   0    22.161    20.841    22.380     0.000     0.000     0.000     0.000   0   0   0   0   0   0   0     0.000    -0.093    -0.037     0.011     0.040    -0.006     0.030
   7 0 0 1 1 1 1 1   3   0   3   0   0   0   0    22.380    21.133    22.380     0.000     0.000     0.000     0.000   0   0   0   0   0   0   0     0.000    -0.093     0.015    -0.002     0.014    -0.006     0.030
   7 0 0 1 1 1 1 1   0  14   3   0   0   0   0    21.133    46.739    22.380     0.000     0.000     0.000     0.000   0   0   0   0   0   0   0     0.000    -0.093    -0.035     0.007    -0.002    -0.006     0.030
   7 0 0 0 1 1 1 1   0   0   0   0   0   0   0    21.127    20.601    21.133     0.000     0.000     0.000     0.000   0   0   0   0   0   0   0     0.000    -0.093    -0.035     0.019    -0.001    -0.026    -0.088
   7 0 0 1 1 1 1 1   0   0   0   0   0   0   0    21.133    21.127    21.133     0.000     0.000     0.000     0.000   0   0   0   0   0   0   0     0.000    -0.093     0.038     0.003    -0.022    -0.026    -0.088
   7 0 0 0 1 1 1 1  13   0   3   0   0   0   0    49.422    21.133    22.380     0.000     0.000     0.000     0.000   0   0   0   0   0   0   0     0.000    -0.093     0.038    -0.006     0.013     0.002     0.014
   7 0 0 1 1 1 1 1   0  14   3   0   0   0   0    21.133    47.597    22.380     0.000     0.000     0.000     0.000   0   0   0   0   0   0   0     0.000    -0.093    -0.033     0.002    -0.006     0.002     0.014
   7 0 0 0 1 1 1 1   0   0   0   0   0   0   0    21.127    20.601    21.133     0.000     0.000     0.000     0.000   0   0   0   0   0   0   0     0.000    -0.093    -0.033     0.017    -0.001    -0.024    -0.084
   7 0 0 1 1 1 1 1   0   0   0   0   0   0   0    21.133    21.127    21.133     0.000     0.000     0.000     0.000   0   0   0   0   0   0   0     0.000    -0.093     0.036     0.003    -0.021    -0.024    -0.084
   7 0 0 0 1 1 1 1  16   3   0   0   0   0   0    55.611    22.380    21.107     0.000     0.000     0.000     0.000   0   0   0   0   0   0   0     0.000    -0.093     0.036     0.001     0.013     0.001    -0.013
   7 0 0 1 1 1 1 1   0  15   0   0   0   0   0    21.133    51.142    21.107     0.000     0.000     0.000     0.000   0   0   0   0   0   0   0     0.000    -0.093    -0.032    -0.003     0.003     0.001    -0.013
   7 0 0 1 1 1 1 1   0   3   0   0   0   0   0    21.133    22.136    21.107     0.000     0.000     0.000     0.000   0   0   0   0   0   0   0     0.000    -0.093    -0.080    -0.017     0.005     0.001    -0.013
   7 0 0 0 1 1 1 1   5   0   3   0   0   0   0    22.161    20.841    22.380     0.000     0.000     0.000     0.000   0   0   0   0   0   0   0     0.000    -0.093    -0.080     0.009     0.035    -0.005     0.028
   7 0 0 1 1 1 1 1   0   0   3   0   0   0   0    21.133    21.118    22.380     0.000     0.000     0.000     0.000   0   0   0   0   0   0   0     0.000    -0.093     0.013     0.002    -0.010    -0.005     0.028
   7 0 0 1 1 1 1 1   0   3   3   0   0   0   0    21.133    22.057    22.380     0.000     0.000     0.000     0.000   0   0   0   0   0   0   0     0.000    -0.093    -0.030    -0.007     0.002    -0.005     0.028
   7 0 1 0 1 1 1 1   2   3  13   0   0   0   0    21.588    22.057    49.466     0.000     0.000     0.000     0.000   0   0   0   0   0   0   0     0.000    -0.076    -0.030    -0.007     0.002    -0.007     0.009
   7 0 0 1 1 1 1 1   0   0  13   0   0   0   0    21.133    21.127    49.466     0.000     0.000     0.000     0.000   0   0   0   0   0   0   0     0.000    -0.076     0.033     0.002    -0.019    -0.007     0.009
   7 0 0 1 1 1 1 1   3   0  13   0   0   0   0    22.380    21.133    49.466     0.000     0.000     0.000     0.000   0   0   0   0   0   0   0     0.000    -0.076     0.013    -0.001     0.012    -0.007     0.009
   7 0 0 1 1 1 1 1   0   6  13   0   0   0   0    21.133    20.428    49.466     0.000     0.000     0.000     0.000   0   0   0   0   0   0   0     0.000    -0.076    -0.029    -0.002     0.006    -0.007     0.009
   7 0 1 0 1 1 1 1   2   6   0   0   0   0   0    21.592    20.428    20.601     0.000     0.000     0.000     0.000   0   0   0   0   0   0   0     0.000    -0.059    -0.029    -0.002     0.006     0.014    -0.002
   7 0 0 0 1 1 1 1   5   0   3   0   0   0   0    22.161    20.841    22.380     0.000     0.000     0.000     0.000   0   0   0   0   0   0   0     0.000    -0.059    -0.029     0.008     0.031    -0.004     0.027
   7 0 0 1 1 1 1 1   3   0   3   0   0   0   0    22.380    21.133    22.380     0.000     0.000     0.000     0.000   0   0   0   0   0   0   0     0.000    -0.059     0.012    -0.001     0.012    -0.004     0.027
   7 0 0 1 1 1 1 1   0   3   3   0   0   0   0    21.133    22.057    22.380     0.000     0.000     0.000     0.000   0   0   0   0   0   0   0     0.000    -0.059    -0.027    -0.006     0.001    -0.004     0.027
   7 0 1 0 1 1 1 1   2   3   1   0   0   0   0    21.588    22.057    21.927     0.000     0.000     0.000     0.000   0   0   0   0   0   0   0     0.000    -0.069    -0.027    -0.006     0.001     0.004    -0.012
   7 0 0 1 1 1 1 1   0   3   1   0   0   0   0    21.133    22.380    21.927     0.000     0.000     0.000     0.000   0   0   0   0   0   0   0     0.000    -0.069     0.030    -0.002     0.025     0.004    -0.012
   7 0 0 0 1 1 1 1   1   3   0   0   0   0   0    21.927    22.380    21.133     0.000     0.000     0.000     0.000   0   0   0   0   0   0   0     0.000    -0.069     0.030     0.001     0.011    -0.007     0.011
   7 0 0 1 1 1 1 1   0   6   0   0   0   0   0    21.133    20.428    21.133     0.000     0.000     0.000     0.000   0   0   0   0   0   0   0     0.000    -0.069    -0.026    -0.001     0.005    -0.007     0.011
   7 0 0 1 1 1 1 1   0   0   0   0   0   0   0    21.133    21.121    21.133     0.000     0.000     0.000     0.000   0   0   0   0   0   0   0     0.000    -0.069    -0.066     0.003    -0.016    -0.007     0.011
   7 0 0 0 1 1 1 1   5   2   3   0   0   0   0    22.161    21.628    22.380     0.000     0.000     0.000     0.000   0   0   0   0   0   0   0     0.000    -0.069    -0.066     0.028     0.008    -0.004     0.024
   7 0 0 0 1 1 1 1  16   3   0   0   0   0   0    55.611    22.380    21.107     0.000     0.000     0.000     0.000   0   0   0   0   0   0   0     0.000    -0.069    -0.066     0.001     0.011     0.001    -0.011
   7 0 0 0 1 1 1 1   0   6   0   0   0   0   0    21.127    20.428    21.133     0.000     0.000     0.000     0.000   0   0   0   0   0   0   0     0.000    -0.069    -0.066    -0.000     0.005    -0.007    -0.025
   7 0 0 1 1 1 1 1   0   0   0   0   0   0   0    21.133    20.664    21.133     0.000     0.000     0.000     0.000   0   0   0   0   0   0   0     0.000    -0.069    -0.062     0.009    -0.004    -0.007    -0.025
   7 0 0 1 1 1 1 1   0   0   0   0   0   0   0    21.133    21.127    21.133     0.000     0.000     0.000     0.000   0   0   0   0   0   0   0     0.000    -0.069     0.027     0.002    -0.016    -0.007    -0.025
   7 0 0 1 1 1 1 1   0   0   0   0   0   0   0    21.133    21.121    21.133     0.000     0.000     0.000     0.000   0   0   0   0   0   0   0     0.000    -0.069     0.010     0.001    -0.009    -0.007    -0.025
   7 0 0 1 1 1 1 1   0  13   0   0   0   0   0    21.133    49.422    21.133     0.000     0.000     0.000     0.000   0   0   0   0   0   0   0     0.000    -0.069    -0.023    -0.003     0.002    -0.007    -0.025
   7 0 1 0 1 1 1 1   2  13   0   0   0   0   0    21.588    49.422    21.127     0.000     0.000     0.000     0.000   0   0   0   0   0   0   0     0.000    -0.059    -0.023    -0.003     0.002     0.002    -0.016
   7 0 0 0 1 1 1 1   5   2   3   0   0   0   0    22.161    21.628    22.380     0.000     0.000     0.000     0.000   0   0   0   0   0   0   0     0.000    -0.059    -0.023     0.025     0.007    -0.004     0.023
   7 0 0 1 1 1 1 1   3   2   3   0   0   0   0    22.380    21.588    22.380     0.000     0.000     0.000     0.000   0   0   0   0   0   0   0     0.000    -0.059     0.010     0.010    -0.001    -0.004     0.023
   7 0 0 0 1 1 1 1   2   0   6   0   0   0   0    21.632    21.133    20.428     0.000     0.000     0.000     0.000   0   0   0   0   0   0   0     0.000    -0.059     0.010    -0.006    -0.022    -0.000     0.004
   7 0 1 0 1 1 1 1   2   0   0   0   0   0   0    21.588    21.133    20.601     0.000     0.000     0.000     0.000   0   0   0   0   0   0   0     0.000    -0.056     0.010    -0.006    -0.022     0.012    -0.003
   7 0 0 1 1 1 1 1   0   1   0   0   0   0   0    21.133    21.910    20.601     0.000     0.000     0.000     0.000   0   0   0   0   0   0   0     0.000    -0.056     0.024     0.004    -0.008     0.012    -0.003
   7 0 0 0 1 1 1 1  13   0   3   0   0   0   0    49.422    21.133    22.380     0.000     0.000     0.000     0.000   0   0   0   0   0   0   0     0.000    -0.056     0.024    -0.004     0.009     0.001     0.010
   7 0 1 0 1 1 1 1   2   0   3   0   0   0   0    21.588    21.133    21.992     0.000     0.000     0.000     0.000   0   0   0   0   0   0   0     0.000    -0.021     0.024    -0.004     0.009    -0.005     0.001
   7 0 0 1 1 1 1 1   0   0   3   0   0   0   0    21.133    21.064    21.992     0.000     0.000     0.000     0.000   0   0   0   0   0   0   0     0.000    -0.021    -0.053     0.005    -0.007    -0.005     0.001
   7 0 0 1 1 1 1 1   0   3   3   0   0   0   0    21.133    22.380    21.992     0.000     0.000     0.000     0.000   0   0   0   0   0   0   0     0.000    -0.021     0.023    -0.001     0.021    -0.005     0.001
   7 0 0 1 1 1 1 1   3   0   3   0   0   0   0    22.380    21.133    21.992     0.000     0.000     0.000     0.000   0   0   0   0   0   0   0     0.000    -0.021     0.009    -0.001     0.009    -0.005     0.001
   7 0 0 1 1 1 1 1   0   6   3   0   0   0   0    21.133    20.136    21.992     0.000     0.000     0.000     0.000   0   0   0   0   0   0   0     0.000    -0.021    -0.020    -0.002     0.002    -0.005     0.001
   7 0 0 0 1 1 1 1   0   0   0   0   0   0   0    21.127    20.601    21.133     0.000     0.000     0.000     0.000   0   0   0   0   0   0   0     0.000    -0.021    -0.020     0.010    -0.000    -0.014    -0.051
   7 0 0 0 1 1 1 1   5   0   3   0   0   0   0    22.161    20.841    22.380     0.000     0.000     0.000     0.000   0   0   0   0   0   0   0     0.000    -0.021    -0.020     0.006     0.022    -0.003     0.020
   7 0 0 0 1 1 1 1   1   3   0   0   0   0   0    21.927    22.380    21.133     0.000     0.000     0.000     0.000   0   0   0   0   0   0   0     0.000    -0.021    -0.020     0.001     0.009    -0.005     0.008
   7 0 0 1 1 1 1 1   0   0   0   0   0   0   0    21.133    21.127    21.133     0.000     0.000     0.000     0.000   0   0   0   0   0   0   0     0.000    -0.021    -0.019     0.001    -0.005    -0.005     0.008
   7 0 0 1 1 1 1 1   0   0   0   0   0   0   0    21.133    21.127    21.133     0.000     0.000     0.000     0.000   0   0   0   0   0   0   0     0.000    -0.021    -0.048     0.002    -0.013    -0.005     0.008
   7 0 0 0 1 1 1 1  16   0   0   0   0   0   0    55.611    21.129    21.107     0.000     0.000     0.000     0.000   0   0   0   0   0   0   0     0.000    -0.021    -0.048     0.003     0.021    -0.001    -0.014
   7 0 0 0 1 1 1 1  13   0   3   0   0   0   0    49.422    21.133    22.380     0.000     0.000     0.000     0.000   0   0   0   0   0   0   0     0.000    -0.021    -0.048    -0.003     0.008     0.001     0.008
   7 0 0 1 1 1 1 1   0   6   3   0   0   0   0    21.133    20.428    22.380     0.000     0.000     0.000     0.000   0   0   0   0   0   0   0     0.000    -0.021    -0.018    -0.001     0.003     0.001     0.008
   7 0 1 0 1 1 1 1   2   6   0   0   0   0   0    21.588    20.428    20.655     0.000     0.000     0.000     0.000   0   0   0   0   0   0   0     0.000    -0.046    -0.018    -0.001     0.003     0.008    -0.003
   7 0 0 1 1 1 1 1   0   0   0   0   0   0   0    21.133    21.127    20.655     0.000     0.000     0.000     0.000   0   0   0   0   0   0   0     0.000    -0.046     0.020     0.002    -0.013     0.008    -0.003
   7 0 0 0 1 1 1 1  16   3   2   0   0   0   0    55.611    22.380    21.651     0.000     0.000     0.000     0.000   0   0   0   0   0   0   0     0.000    -0.046     0.020     0.001     0.008    -0.008     0.001
   7 0 1 0 1 1 1 1   2   3   2   0   0   0   0    21.588    22.380    21.632     0.000     0.000     0.000     0.000   0   0   0   0   0   0   0     0.000    -0.017     0.020     0.001     0.008    -0.005     0.001
   7 0 0 1 1 1 1 1   0   0   2   0   0   0   0    21.133    21.121    21.632     0.000     0.000     0.000     0.000   0   0   0   0   0   0   0     0.000    -0.017    -0.044     0.002    -0.011    -0.005     0.001
   7 0 0 1 1 1 1 1   3   5   2   0   0   0   0    22.380    22.161    21.632     0.000     0.000     0.000     0.000   0   0   0   0   0   0   0     0.000    -0.017     0.019     0.009    -0.003    -0.005     0.001
   7 0 0 0 1 1 1 1   3  16   3   0   0   0   0    22.355    55.611    22.380     0.000     0.000     0.000     0.000   0   0   0   0   0   0   0     0.000    -0.017     0.019     0.001    -0.005     0.002     0.007
   7 0 0 1 1 1 1 1   0   1   3   0   0   0   0    21.133    21.910    22.380     0.000     0.000     0.000     0.000   0   0   0   0   0   0   0     0.000    -0.017    -0.016     0.001    -0.002     0.002     0.007
   7 0 0 1 1 1 1 1   0   0   3   0   0   0   0    21.133    20.691    22.380     0.000     0.000     0.000     0.000   0   0   0   0   0   0   0     0.000    -0.017    -0.041     0.005    -0.003     0.002     0.007
