  212
   1 1   0     0.000   0     5.624
   1 1   0     0.000   0     5.745
   1 1   0     0.000   0     5.421
   1 1   0     0.000   0     5.551
   7 0 1 0 0 0 1 1   1   0   0   0   0   0   0    19.310     0.000    16.779     0.000     0.000     0.000     0.000   0   0   0   0   0   0   0     0.000     0.016     0.000     0.000     0.000    -0.048     0.016
   7 0 1 0 0 0 1 1   1   0   0   0   0   0   0    19.310     0.000    16.779     0.000     0.000     0.000     0.000   0   0   0   0   0   0   0     0.000     0.072     0.000     0.000     0.000    -0.216     0.072
   7 0 0 1 1 1 1 1   0   1   0   0   0   0   0    16.779    19.310    16.779     0.000     0.000     0.000     0.000   0   0   0   0   0   0   0     0.000     0.072    -0.072    -0.072     0.216    -0.216     0.072
   7 0 0 1 1 1 1 1   0  11   0   0   0   0   0    16.779    73.334    16.779     0.000     0.000     0.000     0.000   0   0   0   0   0   0   0     0.000     0.072    -0.017     0.049    -0.016    -0.216     0.072
   7 0 1 0 1 1 1 1   1  11   0   0   0   0   0    19.310    73.334    16.779     0.000     0.000     0.000     0.000   0   0   0   0   0   0   0     0.000     0.015    -0.017     0.049    -0.016    -0.046     0.015
   7 0 1 0 1 1 1 1   1  11   0   0   0   0   0    19.310    73.334    16.779     0.000     0.000     0.000     0.000   0   0   0   0   0   0   0     0.000     0.068    -0.017     0.049    -0.016    -0.205     0.067
   7 0 0 1 1 1 1 1   0   1   0   0   0   0   0    16.779    19.310    16.779     0.000     0.000     0.000     0.000   0   0   0   0   0   0   0     0.000     0.068    -0.067    -0.067     0.206    -0.205     0.067
   7 0 0 1 1 1 1 1   0   1   0   0   0   0   0    16.779    19.310    16.779     0.000     0.000     0.000     0.000   0   0   0   0   0   0   0     0.000     0.068    -0.015    -0.015     0.046    -0.205     0.067
   7 0 1 0 1 1 1 1   1   1   0   0   0   0   0    19.310    19.310    16.779     0.000     0.000     0.000     0.000   0   0   0   0   0   0   0     0.000     0.014    -0.015    -0.015     0.046    -0.044     0.014
   7 0 1 0 1 1 1 1   1   1   4   0   0   0   0    19.310    19.310    21.904     0.000     0.000     0.000     0.000   0   0   0   0   0   0   0     0.000     0.063    -0.015    -0.015     0.046     0.062    -0.195
   7 0 0 1 1 1 1 1   0  11   4   0   0   0   0    16.779    73.334    21.904     0.000     0.000     0.000     0.000   0   0   0   0   0   0   0     0.000     0.063    -0.063     0.195    -0.063     0.062    -0.195
   7 0 0 1 1 1 1 1   0   1   4   0   0   0   0    16.779    19.310    21.904     0.000     0.000     0.000     0.000   0   0   0   0   0   0   0     0.000     0.063    -0.014    -0.014     0.044     0.062    -0.195
   7 0 1 0 1 1 1 1   1   1   0   0   0   0   0    19.310    19.310    16.779     0.000     0.000     0.000     0.000   0   0   0   0   0   0   0     0.000     0.013    -0.014    -0.014     0.044    -0.041     0.013
   7 0 1 0 1 1 1 1   1   1   0   0   0   0   0    19.310    19.310    16.779     0.000     0.000     0.000     0.000   0   0   0   0   0   0   0     0.000     0.059    -0.014    -0.014     0.044    -0.185     0.058
   7 0 0 1 1 1 1 1   0   1   0   0   0   0   0    16.779    19.310    16.779     0.000     0.000     0.000     0.000   0   0   0   0   0   0   0     0.000     0.059    -0.059    -0.059     0.186    -0.185     0.058
   7 0 0 1 1 1 1 1   0   1   0   0   0   0   0    16.779    19.310    16.779     0.000     0.000     0.000     0.000   0   0   0   0   0   0   0     0.000     0.059    -0.013    -0.013     0.042    -0.185     0.058
   7 0 1 0 1 1 1 1   1   1   4   0   0   0   0    19.310    19.310    21.904     0.000     0.000     0.000     0.000   0   0   0   0   0   0   0     0.000     0.012    -0.013    -0.013     0.042     0.012    -0.039
   7 0 1 0 1 1 1 1   1   1   0   0   0   0   0    19.310    19.310    16.779     0.000     0.000     0.000     0.000   0   0   0   0   0   0   0     0.000     0.055    -0.013    -0.013     0.042    -0.176     0.054
   7 0 0 1 1 1 1 1   0  11   0   0   0   0   0    16.779    73.334    16.779     0.000     0.000     0.000     0.000   0   0   0   0   0   0   0     0.000     0.055    -0.055     0.176    -0.055    -0.176     0.054
   7 0 0 1 1 1 1 1   0  11   0   0   0   0   0    16.779    73.334    16.779     0.000     0.000     0.000     0.000   0   0   0   0   0   0   0     0.000     0.055    -0.013     0.040    -0.012    -0.176     0.054
   7 0 1 0 1 1 1 1   1  11   0   0   0   0   0    19.310    73.334    16.779     0.000     0.000     0.000     0.000   0   0   0   0   0   0   0     0.000     0.012    -0.013     0.040    -0.012    -0.037     0.011
   7 0 1 0 1 1 1 1   1  11   4   0   0   0   0    19.310    73.334    21.904     0.000     0.000     0.000     0.000   0   0   0   0   0   0   0     0.000     0.051    -0.013     0.040    -0.012     0.051    -0.167
   7 0 0 1 1 1 1 1   0   1   4   0   0   0   0    16.779    19.310    21.904     0.000     0.000     0.000     0.000   0   0   0   0   0   0   0     0.000     0.051    -0.051    -0.051     0.167     0.051    -0.167
   7 0 0 1 1 1 1 1   0   1   4   0   0   0   0    16.779    19.310    21.904     0.000     0.000     0.000     0.000   0   0   0   0   0   0   0     0.000     0.051    -0.012    -0.011     0.038     0.051    -0.167
   7 0 1 0 1 1 1 1   1   1   0   0   0   0   0    19.310    19.310    16.779     0.000     0.000     0.000     0.000   0   0   0   0   0   0   0     0.000     0.011    -0.012    -0.011     0.038    -0.036     0.010
   7 0 1 0 1 1 1 1   1   1   0   0   0   0   0    19.310    19.310    16.779     0.000     0.000     0.000     0.000   0   0   0   0   0   0   0     0.000     0.048    -0.012    -0.011     0.038    -0.159     0.047
   7 0 0 1 1 1 1 1   0   1   0   0   0   0   0    16.779    19.310    16.779     0.000     0.000     0.000     0.000   0   0   0   0   0   0   0     0.000     0.048    -0.048    -0.048     0.159    -0.159     0.047
   7 0 0 1 1 1 1 1   0   1   0   0   0   0   0    16.779    19.310    16.779     0.000     0.000     0.000     0.000   0   0   0   0   0   0   0     0.000     0.048    -0.011    -0.010     0.036    -0.159     0.047
   7 0 1 0 1 1 1 1   1   1   0   0   0   0   0    19.310    19.310    16.779     0.000     0.000     0.000     0.000   0   0   0   0   0   0   0     0.000     0.010    -0.011    -0.010     0.036    -0.034     0.010
   7 0 1 0 1 1 1 1   1   1   0   0   0   0   0    19.310    19.310    16.779     0.000     0.000     0.000     0.000   0   0   0   0   0   0   0     0.000     0.045    -0.011    -0.010     0.036    -0.151     0.044
   7 0 0 1 1 1 1 1   0   1   0   0   0   0   0    16.779    19.310    16.779     0.000     0.000     0.000     0.000   0   0   0   0   0   0   0     0.000     0.045    -0.045    -0.045     0.151    -0.151     0.044
   7 0 0 1 1 1 1 1   0   1   0   0   0   0   0    16.779    19.310    16.779     0.000     0.000     0.000     0.000   0   0   0   0   0   0   0     0.000     0.045    -0.010    -0.010     0.034    -0.151     0.044
   7 0 1 0 1 1 1 1   1   1   0   0   0   0   0    19.310    19.310    16.779     0.000     0.000     0.000     0.000   0   0   0   0   0   0   0     0.000     0.009    -0.010    -0.010     0.034    -0.032     0.009
   7 0 1 0 1 1 1 1   1   1   4   0   0   0   0    19.310    19.310    21.904     0.000     0.000     0.000     0.000   0   0   0   0   0   0   0     0.000     0.042    -0.010    -0.010     0.034     0.041    -0.143
   7 0 0 1 1 1 1 1   0   1   4   0   0   0   0    16.779    19.310    21.904     0.000     0.000     0.000     0.000   0   0   0   0   0   0   0     0.000     0.042    -0.042    -0.042     0.144     0.041    -0.143
   7 0 0 1 1 1 1 1   0   1   4   0   0   0   0    16.779    19.310    21.904     0.000     0.000     0.000     0.000   0   0   0   0   0   0   0     0.000     0.042    -0.010    -0.009     0.032     0.041    -0.143
   7 0 1 0 1 1 1 1   1   1   4   0   0   0   0    19.310    19.310    21.904     0.000     0.000     0.000     0.000   0   0   0   0   0   0   0     0.000     0.009    -0.010    -0.009     0.032     0.008    -0.031
   7 0 1 0 1 1 1 1   1   1   4   0   0   0   0    19.310    19.310    21.904     0.000     0.000     0.000     0.000   0   0   0   0   0   0   0     0.000     0.039    -0.010    -0.009     0.032     0.039    -0.136
   7 0 0 1 1 1 1 1   0   1   4   0   0   0   0    16.779    19.310    21.904     0.000     0.000     0.000     0.000   0   0   0   0   0   0   0     0.000     0.039    -0.039    -0.039     0.136     0.039    -0.136
   7 0 1 0 1 1 1 1   4   1   1   0   0   0   0    21.904    19.310    19.310     0.000     0.000     0.000     0.000   0   0   0   0   0   0   0     0.000    -0.009    -0.039    -0.039     0.136    -0.009     0.031
   7 0 1 0 1 1 1 1   1   1   0   0   0   0   0    19.310    19.310    16.779     0.000     0.000     0.000     0.000   0   0   0   0   0   0   0     0.000     0.008    -0.039    -0.039     0.136    -0.029     0.008
   7 0 1 0 1 1 1 1   1   1   0   0   0   0   0    19.310    19.310    16.779     0.000     0.000     0.000     0.000   0   0   0   0   0   0   0     0.000     0.036    -0.039    -0.039     0.136    -0.129     0.036
   7 0 0 1 1 1 1 1   0   1   0   0   0   0   0    16.779    19.310    16.779     0.000     0.000     0.000     0.000   0   0   0   0   0   0   0     0.000     0.036    -0.036    -0.036     0.130    -0.129     0.036
   7 0 0 1 1 1 1 1   0   1   0   0   0   0   0    16.779    19.310    16.779     0.000     0.000     0.000     0.000   0   0   0   0   0   0   0     0.000     0.036    -0.008    -0.008     0.029    -0.129     0.036
   7 0 1 0 1 1 1 1   1   1   0   0   0   0   0    19.310    19.310    16.779     0.000     0.000     0.000     0.000   0   0   0   0   0   0   0     0.000     0.008    -0.008    -0.008     0.029    -0.028     0.007
   7 0 1 0 1 1 1 1   1   1   0   0   0   0   0    19.310    19.310    16.779     0.000     0.000     0.000     0.000   0   0   0   0   0   0   0     0.000     0.034    -0.008    -0.008     0.029    -0.123     0.034
   7 0 0 1 1 1 1 1   0   1   0   0   0   0   0    16.779    19.310    16.779     0.000     0.000     0.000     0.000   0   0   0   0   0   0   0     0.000     0.034    -0.034    -0.034     0.123    -0.123     0.034
   7 0 0 1 1 1 1 1   0   1   0   0   0   0   0    16.779    19.310    16.779     0.000     0.000     0.000     0.000   0   0   0   0   0   0   0     0.000     0.034    -0.008    -0.007     0.028    -0.123     0.034
   7 0 1 0 1 1 1 1   1   1   0   0   0   0   0    19.310    19.310    16.779     0.000     0.000     0.000     0.000   0   0   0   0   0   0   0     0.000     0.007    -0.008    -0.007     0.028    -0.026     0.007
   7 0 1 0 1 1 1 1   1   1   0   0   0   0   0    19.310    19.310    16.779     0.000     0.000     0.000     0.000   0   0   0   0   0   0   0     0.000     0.032    -0.008    -0.007     0.028    -0.117     0.031
   7 0 0 1 1 1 1 1   0   1   0   0   0   0   0    16.779    19.310    16.779     0.000     0.000     0.000     0.000   0   0   0   0   0   0   0     0.000     0.032    -0.032    -0.032     0.117    -0.117     0.031
   7 0 0 1 1 1 1 1   0   1   0   0   0   0   0    16.779    19.310    16.779     0.000     0.000     0.000     0.000   0   0   0   0   0   0   0     0.000     0.032    -0.007    -0.007     0.026    -0.117     0.031
   7 0 1 0 1 1 1 1   1   1   0   0   0   0   0    19.310    19.310    16.779     0.000     0.000     0.000     0.000   0   0   0   0   0   0   0     0.000     0.007    -0.007    -0.007     0.026    -0.025     0.006
   7 0 1 0 1 1 1 1   1   1   0   0   0   0   0    19.310    19.310    16.779     0.000     0.000     0.000     0.000   0   0   0   0   0   0   0     0.000     0.030    -0.007    -0.007     0.026    -0.111     0.029
   7 0 0 1 1 1 1 1   0   1   0   0   0   0   0    16.779    19.310    16.779     0.000     0.000     0.000     0.000   0   0   0   0   0   0   0     0.000     0.030    -0.029    -0.029     0.111    -0.111     0.029
   7 0 0 1 1 1 1 1   0   1   0   0   0   0   0    16.779    19.310    16.779     0.000     0.000     0.000     0.000   0   0   0   0   0   0   0     0.000     0.030    -0.007    -0.006     0.025    -0.111     0.029
   7 0 1 0 1 1 1 1   1   1   0   0   0   0   0    19.310    19.310    16.779     0.000     0.000     0.000     0.000   0   0   0   0   0   0   0     0.000     0.006    -0.007    -0.006     0.025    -0.024     0.006
   7 0 1 0 1 1 1 1   1   1   0   0   0   0   0    19.310    19.310    16.779     0.000     0.000     0.000     0.000   0   0   0   0   0   0   0     0.000     0.028    -0.007    -0.006     0.025    -0.105     0.027
   7 0 0 1 1 1 1 1   0   1   0   0   0   0   0    16.779    19.310    16.779     0.000     0.000     0.000     0.000   0   0   0   0   0   0   0     0.000     0.028    -0.027    -0.027     0.106    -0.105     0.027
   7 0 0 1 1 1 1 1   0   1   0   0   0   0   0    16.779    19.310    16.779     0.000     0.000     0.000     0.000   0   0   0   0   0   0   0     0.000     0.028    -0.006    -0.006     0.024    -0.105     0.027
   7 0 1 0 1 1 1 1   1   1   0   0   0   0   0    19.310    19.310    16.779     0.000     0.000     0.000     0.000   0   0   0   0   0   0   0     0.000     0.006    -0.006    -0.006     0.024    -0.022     0.006
   7 0 1 0 1 1 1 1   1   1   4   0   0   0   0    19.310    19.310    21.904     0.000     0.000     0.000     0.000   0   0   0   0   0   0   0     0.000     0.026    -0.006    -0.006     0.024     0.025    -0.100
   7 0 1 0 1 1 1 1   1   1   0   0   0   0   0    19.310    19.310    16.779     0.000     0.000     0.000     0.000   0   0   0   0   0   0   0     0.000    -0.026    -0.006    -0.006     0.024     0.100    -0.026
   7 0 0 1 1 1 1 1   0   1   0   0   0   0   0    16.779    19.310    16.779     0.000     0.000     0.000     0.000   0   0   0   0   0   0   0     0.000    -0.026    -0.006    -0.006     0.023     0.100    -0.026
   7 0 1 0 1 1 1 1   1   1   0   0   0   0   0    19.310    19.310    16.779     0.000     0.000     0.000     0.000   0   0   0   0   0   0   0     0.000     0.005    -0.006    -0.006     0.023    -0.021     0.005
   7 0 1 0 1 1 1 1   1   1   0   0   0   0   0    19.310    19.310    16.779     0.000     0.000     0.000     0.000   0   0   0   0   0   0   0     0.000     0.024    -0.006    -0.006     0.023    -0.095     0.024
   7 0 0 1 1 1 1 1   0   1   0   0   0   0   0    16.779    19.310    16.779     0.000     0.000     0.000     0.000   0   0   0   0   0   0   0     0.000     0.024    -0.024    -0.024     0.095    -0.095     0.024
   7 0 0 1 1 1 1 1   0   1   0   0   0   0   0    16.779    19.310    16.779     0.000     0.000     0.000     0.000   0   0   0   0   0   0   0     0.000     0.024    -0.005    -0.005     0.021    -0.095     0.024
   7 0 1 0 1 1 1 1   1   1   0   0   0   0   0    19.310    19.310    16.779     0.000     0.000     0.000     0.000   0   0   0   0   0   0   0     0.000     0.005    -0.005    -0.005     0.021    -0.020     0.005
   7 0 1 0 1 1 1 1   1   1   0   0   0   0   0    19.310    19.310    16.779     0.000     0.000     0.000     0.000   0   0   0   0   0   0   0     0.000     0.022    -0.005    -0.005     0.021    -0.090     0.022
   7 0 1 0 1 1 1 1   1   1   4   0   0   0   0    19.310    19.310    21.904     0.000     0.000     0.000     0.000   0   0   0   0   0   0   0     0.000    -0.022    -0.005    -0.005     0.021    -0.022     0.090
   7 0 0 1 1 1 1 1   0   1   4   0   0   0   0    16.779    19.310    21.904     0.000     0.000     0.000     0.000   0   0   0   0   0   0   0     0.000    -0.022    -0.005    -0.005     0.020    -0.022     0.090
   7 0 1 0 1 1 1 1   1   1   0   0   0   0   0    19.310    19.310    16.779     0.000     0.000     0.000     0.000   0   0   0   0   0   0   0     0.000     0.005    -0.005    -0.005     0.020    -0.019     0.005
   7 0 1 0 1 1 1 1   1   1   0   0   0   0   0    19.310    19.310    16.779     0.000     0.000     0.000     0.000   0   0   0   0   0   0   0     0.000     0.021    -0.005    -0.005     0.020    -0.086     0.021
   7 0 0 1 1 1 1 1   0   1   0   0   0   0   0    16.779    19.310    16.779     0.000     0.000     0.000     0.000   0   0   0   0   0   0   0     0.000     0.021    -0.021    -0.021     0.086    -0.086     0.021
   7 0 0 1 1 1 1 1   0   1   0   0   0   0   0    16.779    19.310    16.779     0.000     0.000     0.000     0.000   0   0   0   0   0   0   0     0.000     0.021    -0.005    -0.005     0.019    -0.086     0.021
   7 0 1 0 1 1 1 1   1   1   0   0   0   0   0    19.310    19.310    16.779     0.000     0.000     0.000     0.000   0   0   0   0   0   0   0     0.000     0.004    -0.005    -0.005     0.019    -0.018     0.004
   7 0 1 0 1 1 1 1   1   1   0   0   0   0   0    19.310    19.310    16.779     0.000     0.000     0.000     0.000   0   0   0   0   0   0   0     0.000     0.020    -0.005    -0.005     0.019    -0.082     0.019
   7 0 0 1 1 1 1 1   0   1   0   0   0   0   0    16.779    19.310    16.779     0.000     0.000     0.000     0.000   0   0   0   0   0   0   0     0.000     0.020    -0.019    -0.019     0.082    -0.082     0.019
   7 0 0 1 1 1 1 1   0   1   0   0   0   0   0    16.779    19.310    16.779     0.000     0.000     0.000     0.000   0   0   0   0   0   0   0     0.000     0.020    -0.004    -0.004     0.018    -0.082     0.019
   7 0 1 0 1 1 1 1   1   1   4   0   0   0   0    19.310    19.310    21.904     0.000     0.000     0.000     0.000   0   0   0   0   0   0   0     0.000     0.004    -0.004    -0.004     0.018     0.004    -0.017
   7 0 1 0 1 1 1 1   1   1   0   0   0   0   0    19.310    19.310    16.779     0.000     0.000     0.000     0.000   0   0   0   0   0   0   0     0.000     0.018    -0.004    -0.004     0.018    -0.078     0.018
   7 0 0 1 1 1 1 1   0  11   0   0   0   0   0    16.779    73.334    16.779     0.000     0.000     0.000     0.000   0   0   0   0   0   0   0     0.000     0.018    -0.018     0.078    -0.018    -0.078     0.018
   7 0 0 1 1 1 1 1   0   1   0   0   0   0   0    16.779    19.310    16.779     0.000     0.000     0.000     0.000   0   0   0   0   0   0   0     0.000     0.018    -0.004    -0.004     0.017    -0.078     0.018
   7 0 1 0 1 1 1 1   1   1   0   0   0   0   0    19.310    19.310    16.779     0.000     0.000     0.000     0.000   0   0   0   0   0   0   0     0.000     0.004    -0.004    -0.004     0.017    -0.016     0.004
   7 0 1 0 1 1 1 1   1   1   0   0   0   0   0    19.310    19.310    16.779     0.000     0.000     0.000     0.000   0   0   0   0   0   0   0     0.000     0.017    -0.004    -0.004     0.017    -0.074     0.017
   7 0 1 0 1 1 1 1   1   1   0   0   0   0   0    19.310    19.310    16.779     0.000     0.000     0.000     0.000   0   0   0   0   0   0   0     0.000    -0.017    -0.004    -0.004     0.017     0.074    -0.017
   7 0 0 1 1 1 1 1   0   1   0   0   0   0   0    16.779    19.310    16.779     0.000     0.000     0.000     0.000   0   0   0   0   0   0   0     0.000    -0.017    -0.004    -0.004     0.017     0.074    -0.017
   7 0 0 1 1 1 1 1  11   0   0   0   0   0   0    73.334    16.779    16.779     0.000     0.000     0.000     0.000   0   0   0   0   0   0   0     0.000    -0.017     0.004    -0.016     0.003     0.074    -0.017
   7 0 1 0 1 1 1 1   1   0   0   0   0   0   0    19.310    16.779    16.779     0.000     0.000     0.000     0.000   0   0   0   0   0   0   0     0.000     0.016     0.004    -0.016     0.003    -0.070     0.016
   7 0 0 1 1 1 1 1   0   1   0   0   0   0   0    16.779    19.310    16.779     0.000     0.000     0.000     0.000   0   0   0   0   0   0   0     0.000     0.016    -0.016    -0.016     0.070    -0.070     0.016
   7 0 0 1 1 1 1 1   0   1   0   0   0   0   0    16.779    19.310    16.779     0.000     0.000     0.000     0.000   0   0   0   0   0   0   0     0.000     0.016    -0.004    -0.003     0.016    -0.070     0.016
   7 0 1 0 1 1 1 1   1   1   4   0   0   0   0    19.310    19.310    21.904     0.000     0.000     0.000     0.000   0   0   0   0   0   0   0     0.000     0.003    -0.004    -0.003     0.016     0.003    -0.015
   7 0 1 0 1 1 1 1   1   1   0   0   0   0   0    19.310    19.310    16.779     0.000     0.000     0.000     0.000   0   0   0   0   0   0   0     0.000     0.015    -0.004    -0.003     0.016    -0.066     0.015
   7 0 1 0 1 1 1 1   1   1   0   0   0   0   0    19.310    19.310    16.779     0.000     0.000     0.000     0.000   0   0   0   0   0   0   0     0.000    -0.015    -0.004    -0.003     0.016     0.067    -0.015
   7 0 0 1 1 1 1 1   0   1   0   0   0   0   0    16.779    19.310    16.779     0.000     0.000     0.000     0.000   0   0   0   0   0   0   0     0.000    -0.015    -0.003    -0.003     0.015     0.067    -0.015
   7 0 1 0 1 1 1 1   1   1   0   0   0   0   0    19.310    19.310    16.779     0.000     0.000     0.000     0.000   0   0   0   0   0   0   0     0.000     0.003    -0.003    -0.003     0.015    -0.014     0.003
   7 0 1 0 1 1 1 1   1   1   0   0   0   0   0    19.310    19.310    16.779     0.000     0.000     0.000     0.000   0   0   0   0   0   0   0     0.000     0.014    -0.003    -0.003     0.015    -0.063     0.014
   7 0 0 1 1 1 1 1   0   1   0   0   0   0   0    16.779    19.310    16.779     0.000     0.000     0.000     0.000   0   0   0   0   0   0   0     0.000     0.014    -0.014    -0.014     0.063    -0.063     0.014
   7 0 0 1 1 1 1 1   0   1   0   0   0   0   0    16.779    19.310    16.779     0.000     0.000     0.000     0.000   0   0   0   0   0   0   0     0.000     0.014    -0.003    -0.003     0.014    -0.063     0.014
   7 0 1 0 1 1 1 1   1   1   0   0   0   0   0    19.310    19.310    16.779     0.000     0.000     0.000     0.000   0   0   0   0   0   0   0     0.000     0.003    -0.003    -0.003     0.014    -0.013     0.003
   7 0 1 0 1 1 1 1   1   1   4   0   0   0   0    19.310    19.310    21.904     0.000     0.000     0.000     0.000   0   0   0   0   0   0   0     0.000     0.013    -0.003    -0.003     0.014     0.013    -0.060
   7 0 1 0 1 1 1 1   1   1   0   0   0   0   0    19.310    19.310    16.779     0.000     0.000     0.000     0.000   0   0   0   0   0   0   0     0.000    -0.013    -0.003    -0.003     0.014     0.060    -0.013
   7 0 0 1 1 1 1 1   0   1   0   0   0   0   0    16.779    19.310    16.779     0.000     0.000     0.000     0.000   0   0   0   0   0   0   0     0.000    -0.013    -0.003    -0.003     0.013     0.060    -0.013
   7 0 1 0 1 1 1 1   1   1   0   0   0   0   0    19.310    19.310    16.779     0.000     0.000     0.000     0.000   0   0   0   0   0   0   0     0.000     0.003    -0.003    -0.003     0.013    -0.013     0.003
   7 0 1 0 1 1 1 1   1   1   0   0   0   0   0    19.310    19.310    16.779     0.000     0.000     0.000     0.000   0   0   0   0   0   0   0     0.000     0.012    -0.003    -0.003     0.013    -0.057     0.012
   7 0 0 1 1 1 1 1   0  11   0   0   0   0   0    16.779    73.334    16.779     0.000     0.000     0.000     0.000   0   0   0   0   0   0   0     0.000     0.012    -0.012     0.057    -0.012    -0.057     0.012
   7 0 0 1 1 1 1 1   0   1   0   0   0   0   0    16.779    19.310    16.779     0.000     0.000     0.000     0.000   0   0   0   0   0   0   0     0.000     0.012    -0.003    -0.003     0.013    -0.057     0.012
   7 0 1 0 1 1 1 1   1   1   0   0   0   0   0    19.310    19.310    16.779     0.000     0.000     0.000     0.000   0   0   0   0   0   0   0     0.000     0.003    -0.003    -0.003     0.013    -0.012     0.002
   7 0 1 0 1 1 1 1   1   1   0   0   0   0   0    19.310    19.310    16.779     0.000     0.000     0.000     0.000   0   0   0   0   0   0   0     0.000     0.011    -0.003    -0.003     0.013    -0.054     0.011
   7 0 0 1 1 1 1 1   0   1   0   0   0   0   0    16.779    19.310    16.779     0.000     0.000     0.000     0.000   0   0   0   0   0   0   0     0.000     0.011    -0.011    -0.011     0.054    -0.054     0.011
   7 0 0 1 1 1 1 1   0   1   0   0   0   0   0    16.779    19.310    16.779     0.000     0.000     0.000     0.000   0   0   0   0   0   0   0     0.000     0.011    -0.003    -0.002     0.012    -0.054     0.011
   7 0 1 0 1 1 1 1   1   1   4   0   0   0   0    19.310    19.310    21.904     0.000     0.000     0.000     0.000   0   0   0   0   0   0   0     0.000     0.002    -0.003    -0.002     0.012     0.002    -0.012
   7 0 1 0 1 1 1 1   1   1   4   0   0   0   0    19.310    19.310    21.904     0.000     0.000     0.000     0.000   0   0   0   0   0   0   0     0.000     0.010    -0.003    -0.002     0.012     0.010    -0.051
   7 0 0 1 1 1 1 1   0   1   4   0   0   0   0    16.779    19.310    21.904     0.000     0.000     0.000     0.000   0   0   0   0   0   0   0     0.000     0.010    -0.010    -0.010     0.051     0.010    -0.051
   7 0 0 1 1 1 1 1   0   1   4   0   0   0   0    16.779    19.310    21.904     0.000     0.000     0.000     0.000   0   0   0   0   0   0   0     0.000     0.010    -0.002    -0.002     0.012     0.010    -0.051
   7 0 1 0 1 1 1 1   1   1   0   0   0   0   0    19.310    19.310    16.779     0.000     0.000     0.000     0.000   0   0   0   0   0   0   0     0.000     0.002    -0.002    -0.002     0.012    -0.011     0.002
   7 0 1 0 1 1 1 1   1   1   0   0   0   0   0    19.310    19.310    16.779     0.000     0.000     0.000     0.000   0   0   0   0   0   0   0     0.000     0.010    -0.002    -0.002     0.012    -0.049     0.010
   7 0 0 1 1 1 1 1   0  11   0   0   0   0   0    16.779    73.334    16.779     0.000     0.000     0.000     0.000   0   0   0   0   0   0   0     0.000     0.010    -0.010     0.049    -0.010    -0.049     0.010
   7 0 0 1 1 1 1 1   0   1   0   0   0   0   0    16.779    19.310    16.779     0.000     0.000     0.000     0.000   0   0   0   0   0   0   0     0.000     0.010    -0.002    -0.002     0.011    -0.049     0.010
   7 0 1 0 1 1 1 1   1   1   0   0   0   0   0    19.310    19.310    16.779     0.000     0.000     0.000     0.000   0   0   0   0   0   0   0     0.000     0.002    -0.002    -0.002     0.011    -0.010     0.002
   7 0 1 0 1 1 1 1   1   1   0   0   0   0   0    19.310    19.310    16.779     0.000     0.000     0.000     0.000   0   0   0   0   0   0   0     0.000     0.009    -0.002    -0.002     0.011    -0.046     0.009
   7 0 0 1 1 1 1 1   0   1   0   0   0   0   0    16.779    19.310    16.779     0.000     0.000     0.000     0.000   0   0   0   0   0   0   0     0.000     0.009    -0.009    -0.009     0.046    -0.046     0.009
   7 0 1 0 1 1 1 1   4   1  11   0   0   0   0    21.904    19.310    73.334     0.000     0.000     0.000     0.000   0   0   0   0   0   0   0     0.000    -0.002    -0.009    -0.009     0.046     0.010    -0.002
   7 0 1 0 1 1 1 1   1   1   4   0   0   0   0    19.310    19.310    21.904     0.000     0.000     0.000     0.000   0   0   0   0   0   0   0     0.000     0.002    -0.009    -0.009     0.046     0.002    -0.010
   7 0 1 0 1 1 1 1   1   1   0   0   0   0   0    19.310    19.310    16.779     0.000     0.000     0.000     0.000   0   0   0   0   0   0   0     0.000     0.009    -0.009    -0.009     0.046    -0.044     0.008
   7 0 0 1 1 1 1 1   0   1   0   0   0   0   0    16.779    19.310    16.779     0.000     0.000     0.000     0.000   0   0   0   0   0   0   0     0.000     0.009    -0.008    -0.008     0.044    -0.044     0.008
   7 0 0 1 1 1 1 1   0   1   0   0   0   0   0    16.779    19.310    16.779     0.000     0.000     0.000     0.000   0   0   0   0   0   0   0     0.000     0.009    -0.002    -0.002     0.010    -0.044     0.008
   7 0 1 0 1 1 1 1   1   1   0   0   0   0   0    19.310    19.310    16.779     0.000     0.000     0.000     0.000   0   0   0   0   0   0   0     0.000     0.002    -0.002    -0.002     0.010    -0.009     0.002
   7 0 1 0 1 1 1 1   1   1   0   0   0   0   0    19.310    19.310    16.779     0.000     0.000     0.000     0.000   0   0   0   0   0   0   0     0.000     0.008    -0.002    -0.002     0.010    -0.042     0.008
   7 0 0 1 1 1 1 1   0   1   0   0   0   0   0    16.779    19.310    16.779     0.000     0.000     0.000     0.000   0   0   0   0   0   0   0     0.000     0.008    -0.008    -0.008     0.042    -0.042     0.008
   7 0 0 1 1 1 1 1   0   1   0   0   0   0   0    16.779    19.310    16.779     0.000     0.000     0.000     0.000   0   0   0   0   0   0   0     0.000     0.008    -0.002    -0.002     0.009    -0.042     0.008
   7 0 1 0 1 1 1 1   1   1   0   0   0   0   0    19.310    19.310    16.779     0.000     0.000     0.000     0.000   0   0   0   0   0   0   0     0.000     0.002    -0.002    -0.002     0.009    -0.009     0.002
   7 0 1 0 1 1 1 1   1   1   0   0   0   0   0    19.310    19.310    16.779     0.000     0.000     0.000     0.000   0   0   0   0   0   0   0     0.000     0.007    -0.002    -0.002     0.009    -0.040     0.007
   7 0 0 1 1 1 1 1   0   1   0   0   0   0   0    16.779    19.310    16.779     0.000     0.000     0.000     0.000   0   0   0   0   0   0   0     0.000     0.007    -0.007    -0.007     0.040    -0.040     0.007
   7 0 0 1 1 1 1 1   0  11   0   0   0   0   0    16.779    73.334    16.779     0.000     0.000     0.000     0.000   0   0   0   0   0   0   0     0.000     0.007    -0.002     0.009    -0.002    -0.040     0.007
   7 0 1 0 1 1 1 1   1  11   0   0   0   0   0    19.310    73.334    16.779     0.000     0.000     0.000     0.000   0   0   0   0   0   0   0     0.000     0.002    -0.002     0.009    -0.002    -0.008     0.002
   7 0 1 0 1 1 1 1   1  11   4   0   0   0   0    19.310    73.334    21.904     0.000     0.000     0.000     0.000   0   0   0   0   0   0   0     0.000     0.007    -0.002     0.009    -0.002     0.007    -0.038
   7 0 0 1 1 1 1 1   0   1   4   0   0   0   0    16.779    19.310    21.904     0.000     0.000     0.000     0.000   0   0   0   0   0   0   0     0.000     0.007    -0.007    -0.007     0.038     0.007    -0.038
   7 0 0 1 1 1 1 1   0  11   4   0   0   0   0    16.779    73.334    21.904     0.000     0.000     0.000     0.000   0   0   0   0   0   0   0     0.000     0.007    -0.002     0.008    -0.002     0.007    -0.038
   7 0 1 0 1 1 1 1   1  11   4   0   0   0   0    19.310    73.334    21.904     0.000     0.000     0.000     0.000   0   0   0   0   0   0   0     0.000     0.001    -0.002     0.008    -0.002     0.001    -0.008
   7 0 1 0 1 1 1 1   1  11   0   0   0   0   0    19.310    73.334    16.779     0.000     0.000     0.000     0.000   0   0   0   0   0   0   0     0.000     0.006    -0.002     0.008    -0.002    -0.036     0.006
   7 0 0 1 1 1 1 1   0   1   0   0   0   0   0    16.779    19.310    16.779     0.000     0.000     0.000     0.000   0   0   0   0   0   0   0     0.000     0.006    -0.006    -0.006     0.036    -0.036     0.006
   7 0 0 1 1 1 1 1   0   1   0   0   0   0   0    16.779    19.310    16.779     0.000     0.000     0.000     0.000   0   0   0   0   0   0   0     0.000     0.006    -0.001    -0.001     0.008    -0.036     0.006
   7 0 1 0 1 1 1 1   1   1   0   0   0   0   0    19.310    19.310    16.779     0.000     0.000     0.000     0.000   0   0   0   0   0   0   0     0.000     0.001    -0.001    -0.001     0.008    -0.008     0.001
   7 0 1 0 1 1 1 1   1   1   0   0   0   0   0    19.310    19.310    16.779     0.000     0.000     0.000     0.000   0   0   0   0   0   0   0     0.000     0.006    -0.001    -0.001     0.008    -0.034     0.006
   7 0 0 1 1 1 1 1   0   1   0   0   0   0   0    16.779    19.310    16.779     0.000     0.000     0.000     0.000   0   0   0   0   0   0   0     0.000     0.006    -0.006    -0.006     0.034    -0.034     0.006
   7 0 1 0 1 1 1 1   4   1   1   0   0   0   0    21.904    19.310    19.310     0.000     0.000     0.000     0.000   0   0   0   0   0   0   0     0.000    -0.001    -0.006    -0.006     0.034    -0.001     0.008
   7 0 1 0 1 1 1 1   1   1   0   0   0   0   0    19.310    19.310    16.779     0.000     0.000     0.000     0.000   0   0   0   0   0   0   0     0.000     0.001    -0.006    -0.006     0.034    -0.007     0.001
   7 0 0 1 1 1 1 1  11   0   0   0   0   0   0    73.334    16.779    16.779     0.000     0.000     0.000     0.000   0   0   0   0   0   0   0     0.000     0.001     0.006    -0.032     0.006    -0.007     0.001
   7 0 0 1 1 1 1 1   0   1   0   0   0   0   0    16.779    19.310    16.779     0.000     0.000     0.000     0.000   0   0   0   0   0   0   0     0.000     0.001    -0.006    -0.006     0.032    -0.007     0.001
   7 0 0 1 1 1 1 1   0   1   0   0   0   0   0    16.779    19.310    16.779     0.000     0.000     0.000     0.000   0   0   0   0   0   0   0     0.000     0.001    -0.001    -0.001     0.007    -0.007     0.001
   7 0 1 0 1 1 1 1   1   1   0   0   0   0   0    19.310    19.310    16.779     0.000     0.000     0.000     0.000   0   0   0   0   0   0   0     0.000     0.001    -0.001    -0.001     0.007    -0.007     0.001
   7 0 1 0 1 1 1 1   1   1   0   0   0   0   0    19.310    19.310    16.779     0.000     0.000     0.000     0.000   0   0   0   0   0   0   0     0.000     0.005    -0.001    -0.001     0.007    -0.031     0.005
   7 0 0 1 1 1 1 1   0  11   0   0   0   0   0    16.779    73.334    16.779     0.000     0.000     0.000     0.000   0   0   0   0   0   0   0     0.000     0.005    -0.005     0.031    -0.005    -0.031     0.005
   7 0 0 1 1 1 1 1   0   1   0   0   0   0   0    16.779    19.310    16.779     0.000     0.000     0.000     0.000   0   0   0   0   0   0   0     0.000     0.005    -0.001    -0.001     0.007    -0.031     0.005
   7 0 1 0 1 1 1 1   1   1   0   0   0   0   0    19.310    19.310    16.779     0.000     0.000     0.000     0.000   0   0   0   0   0   0   0     0.000     0.001    -0.001    -0.001     0.007    -0.007     0.001
   7 0 1 0 1 1 1 1   1   1   0   0   0   0   0    19.310    19.310    16.779     0.000     0.000     0.000     0.000   0   0   0   0   0   0   0     0.000     0.005    -0.001    -0.001     0.007    -0.029     0.005
   7 0 0 1 1 1 1 1   0   1   0   0   0   0   0    16.779    19.310    16.779     0.000     0.000     0.000     0.000   0   0   0   0   0   0   0     0.000     0.005    -0.005    -0.005     0.029    -0.029     0.005
   7 0 0 1 1 1 1 1   0   1   0   0   0   0   0    16.779    19.310    16.779     0.000     0.000     0.000     0.000   0   0   0   0   0   0   0     0.000     0.005    -0.001    -0.001     0.007    -0.029     0.005
   7 0 1 0 1 1 1 1   1   1   4   0   0   0   0    19.310    19.310    21.904     0.000     0.000     0.000     0.000   0   0   0   0   0   0   0     0.000     0.001    -0.001    -0.001     0.007     0.001    -0.006
   7 0 1 0 1 1 1 1   1   1   0   0   0   0   0    19.310    19.310    16.779     0.000     0.000     0.000     0.000   0   0   0   0   0   0   0     0.000     0.005    -0.001    -0.001     0.007    -0.028     0.005
   7 0 1 0 1 1 1 1   1   1   0   0   0   0   0    19.310    19.310    16.779     0.000     0.000     0.000     0.000   0   0   0   0   0   0   0     0.000    -0.005    -0.001    -0.001     0.007     0.028    -0.005
   7 0 0 1 1 1 1 1   0   1   0   0   0   0   0    16.779    19.310    16.779     0.000     0.000     0.000     0.000   0   0   0   0   0   0   0     0.000    -0.005    -0.001    -0.001     0.006     0.028    -0.005
   7 0 1 0 1 1 1 1   1   1   4   0   0   0   0    19.310    19.310    21.904     0.000     0.000     0.000     0.000   0   0   0   0   0   0   0     0.000     0.001    -0.001    -0.001     0.006     0.001    -0.006
   7 0 1 0 1 1 1 1   1   1   0   0   0   0   0    19.310    19.310    16.779     0.000     0.000     0.000     0.000   0   0   0   0   0   0   0     0.000     0.004    -0.001    -0.001     0.006    -0.026     0.004
   7 0 1 0 1 1 1 1   1   1   0   0   0   0   0    19.310    19.310    16.779     0.000     0.000     0.000     0.000   0   0   0   0   0   0   0     0.000    -0.004    -0.001    -0.001     0.006     0.026    -0.004
   7 0 0 1 1 1 1 1   0   1   0   0   0   0   0    16.779    19.310    16.779     0.000     0.000     0.000     0.000   0   0   0   0   0   0   0     0.000    -0.004    -0.001    -0.001     0.006     0.026    -0.004
   7 0 1 0 1 1 1 1   1   1   0   0   0   0   0    19.310    19.310    16.779     0.000     0.000     0.000     0.000   0   0   0   0   0   0   0     0.000     0.001    -0.001    -0.001     0.006    -0.006     0.001
   7 0 1 0 1 1 1 1   1   1   4   0   0   0   0    19.310    19.310    21.904     0.000     0.000     0.000     0.000   0   0   0   0   0   0   0     0.000     0.004    -0.001    -0.001     0.006     0.004    -0.025
   7 0 0 1 1 1 1 1   0   1   4   0   0   0   0    16.779    19.310    21.904     0.000     0.000     0.000     0.000   0   0   0   0   0   0   0     0.000     0.004    -0.004    -0.004     0.025     0.004    -0.025
   7 0 0 1 1 1 1 1   0   1   4   0   0   0   0    16.779    19.310    21.904     0.000     0.000     0.000     0.000   0   0   0   0   0   0   0     0.000     0.004    -0.001    -0.001     0.006     0.004    -0.025
   7 0 0 1 1 1 1 1  11   0   4   0   0   0   0    73.334    16.779    21.904     0.000     0.000     0.000     0.000   0   0   0   0   0   0   0     0.000     0.004     0.001    -0.005     0.001     0.004    -0.025
   7 0 1 0 1 1 1 1   1   0   0   0   0   0   0    19.310    16.779    16.779     0.000     0.000     0.000     0.000   0   0   0   0   0   0   0     0.000     0.004     0.001    -0.005     0.001    -0.024     0.004
   7 0 0 1 1 1 1 1   0   1   0   0   0   0   0    16.779    19.310    16.779     0.000     0.000     0.000     0.000   0   0   0   0   0   0   0     0.000     0.004    -0.004    -0.004     0.024    -0.024     0.004
   7 0 0 1 1 1 1 1   0   1   0   0   0   0   0    16.779    19.310    16.779     0.000     0.000     0.000     0.000   0   0   0   0   0   0   0     0.000     0.004    -0.001    -0.001     0.005    -0.024     0.004
   7 0 1 0 1 1 1 1   1   1   0   0   0   0   0    19.310    19.310    16.779     0.000     0.000     0.000     0.000   0   0   0   0   0   0   0     0.000     0.001    -0.001    -0.001     0.005    -0.005     0.001
   7 0 1 0 1 1 1 1   1   1   0   0   0   0   0    19.310    19.310    16.779     0.000     0.000     0.000     0.000   0   0   0   0   0   0   0     0.000     0.003    -0.001    -0.001     0.005    -0.023     0.003
   7 0 1 0 1 1 1 1   1   1   0   0   0   0   0    19.310    19.310    16.779     0.000     0.000     0.000     0.000   0   0   0   0   0   0   0     0.000    -0.003    -0.001    -0.001     0.005     0.023    -0.003
   7 0 0 1 1 1 1 1   0   1   0   0   0   0   0    16.779    19.310    16.779     0.000     0.000     0.000     0.000   0   0   0   0   0   0   0     0.000    -0.003    -0.001    -0.001     0.005     0.023    -0.003
   7 0 1 0 1 1 1 1   1   1   0   0   0   0   0    19.310    19.310    16.779     0.000     0.000     0.000     0.000   0   0   0   0   0   0   0     0.000     0.001    -0.001    -0.001     0.005    -0.005     0.001
   7 0 1 0 1 1 1 1   1   1   0   0   0   0   0    19.310    19.310    16.779     0.000     0.000     0.000     0.000   0   0   0   0   0   0   0     0.000     0.003    -0.001    -0.001     0.005    -0.021     0.003
   7 0 0 1 1 1 1 1   0   1   0   0   0   0   0    16.779    19.310    16.779     0.000     0.000     0.000     0.000   0   0   0   0   0   0   0     0.000     0.003    -0.003    -0.003     0.022    -0.021     0.003
   7 0 0 1 1 1 1 1   0   1   0   0   0   0   0    16.779    19.310    16.779     0.000     0.000     0.000     0.000   0   0   0   0   0   0   0     0.000     0.003    -0.001    -0.001     0.005    -0.021     0.003
   7 0 1 0 1 1 1 1   1   1   0   0   0   0   0    19.310    19.310    16.779     0.000     0.000     0.000     0.000   0   0   0   0   0   0   0     0.000     0.001    -0.001    -0.001     0.005    -0.005     0.001
   7 0 1 0 1 1 1 1   1   1   0   0   0   0   0    19.310    19.310    16.779     0.000     0.000     0.000     0.000   0   0   0   0   0   0   0     0.000     0.003    -0.001    -0.001     0.005    -0.020     0.003
   7 0 0 1 1 1 1 1   0   1   0   0   0   0   0    16.779    19.310    16.779     0.000     0.000     0.000     0.000   0   0   0   0   0   0   0     0.000     0.003    -0.003    -0.003     0.020    -0.020     0.003
   7 0 0 1 1 1 1 1   0   1   0   0   0   0   0    16.779    19.310    16.779     0.000     0.000     0.000     0.000   0   0   0   0   0   0   0     0.000     0.003    -0.001    -0.001     0.005    -0.020     0.003
   7 0 0 1 1 1 1 1  11   0   0   0   0   0   0    73.334    16.779    16.779     0.000     0.000     0.000     0.000   0   0   0   0   0   0   0     0.000     0.003     0.001    -0.004     0.001    -0.020     0.003
   7 0 0 1 1 1 1 1  11   0   0   0   0   0   0    73.334    16.779    16.779     0.000     0.000     0.000     0.000   0   0   0   0   0   0   0     0.000     0.003     0.003    -0.019     0.003    -0.020     0.003
   7 0 0 1 1 1 1 1   0   1   0   0   0   0   0    16.779    19.310    16.779     0.000     0.000     0.000     0.000   0   0   0   0   0   0   0     0.000     0.003    -0.003    -0.003     0.019    -0.020     0.003
   7 0 1 0 1 1 1 1   4   1   1   0   0   0   0    21.904    19.310    19.310     0.000     0.000     0.000     0.000   0   0   0   0   0   0   0     0.000    -0.001    -0.003    -0.003     0.019    -0.001     0.004
   7 0 1 0 1 1 1 1   1   1   0   0   0   0   0    19.310    19.310    16.779     0.000     0.000     0.000     0.000   0   0   0   0   0   0   0     0.000     0.001    -0.003    -0.003     0.019    -0.004     0.001
   7 0 1 0 1 1 1 1   1   1   0   0   0   0   0    19.310    19.310    16.779     0.000     0.000     0.000     0.000   0   0   0   0   0   0   0     0.000     0.003    -0.003    -0.003     0.019    -0.018     0.003
   7 0 0 1 1 1 1 1   0   1   0   0   0   0   0    16.779    19.310    16.779     0.000     0.000     0.000     0.000   0   0   0   0   0   0   0     0.000     0.003    -0.003    -0.003     0.018    -0.018     0.003
   7 0 0 1 1 1 1 1   0   1   0   0   0   0   0    16.779    19.310    16.779     0.000     0.000     0.000     0.000   0   0   0   0   0   0   0     0.000     0.003    -0.001    -0.001     0.004    -0.018     0.003
   7 0 1 0 1 1 1 1   1   1   0   0   0   0   0    19.310    19.310    16.779     0.000     0.000     0.000     0.000   0   0   0   0   0   0   0     0.000     0.001    -0.001    -0.001     0.004    -0.004     0.001
   7 0 1 0 1 1 1 1   1   1   0   0   0   0   0    19.310    19.310    16.779     0.000     0.000     0.000     0.000   0   0   0   0   0   0   0     0.000     0.002    -0.001    -0.001     0.004    -0.018     0.002
   7 0 1 0 1 1 1 1   1   1   0   0   0   0   0    19.310    19.310    16.779     0.000     0.000     0.000     0.000   0   0   0   0   0   0   0     0.000    -0.002    -0.001    -0.001     0.004     0.018    -0.002
   7 0 0 1 1 1 1 1   0   1   0   0   0   0   0    16.779    19.310    16.779     0.000     0.000     0.000     0.000   0   0   0   0   0   0   0     0.000    -0.002    -0.001    -0.001     0.004     0.018    -0.002
   7 0 1 0 1 1 1 1   1   1   0   0   0   0   0    19.310    19.310    16.779     0.000     0.000     0.000     0.000   0   0   0   0   0   0   0     0.000     0.001    -0.001    -0.001     0.004    -0.004     0.001
   7 0 1 0 1 1 1 1   1   1   0   0   0   0   0    19.310    19.310    16.779     0.000     0.000     0.000     0.000   0   0   0   0   0   0   0     0.000     0.002    -0.001    -0.001     0.004    -0.017     0.002
   7 0 0 1 1 1 1 1   0   1   0   0   0   0   0    16.779    19.310    16.779     0.000     0.000     0.000     0.000   0   0   0   0   0   0   0     0.000     0.002    -0.002    -0.002     0.017    -0.017     0.002
   7 0 0 1 1 1 1 1   0   1   0   0   0   0   0    16.779    19.310    16.779     0.000     0.000     0.000     0.000   0   0   0   0   0   0   0     0.000     0.002    -0.001    -0.001     0.004    -0.017     0.002
   7 0 1 0 1 1 1 1   1   1   0   0   0   0   0    19.310    19.310    16.779     0.000     0.000     0.000     0.000   0   0   0   0   0   0   0     0.000     0.000    -0.001    -0.001     0.004    -0.004     0.000
   7 0 1 0 1 1 1 1   1   1   4   0   0   0   0    19.310    19.310    21.904     0.000     0.000     0.000     0.000   0   0   0   0   0   0   0     0.000     0.002    -0.001    -0.001     0.004     0.002    -0.016
   7 0 0 1 1 1 1 1   0   1   4   0   0   0   0    16.779    19.310    21.904     0.000     0.000     0.000     0.000   0   0   0   0   0   0   0     0.000     0.002    -0.002    -0.002     0.016     0.002    -0.016
   7 0 1 0 1 1 1 1   4   1   1   0   0   0   0    21.904    19.310    19.310     0.000     0.000     0.000     0.000   0   0   0   0   0   0   0     0.000    -0.000    -0.002    -0.002     0.016    -0.000     0.004
