  256
   1 1   0     0.000   0     5.014
   1 1   0     0.000   0     5.552
   1 1   0     0.000   0     5.824
   1 1   0     0.000   0     6.114
   7 0 0 1 1 1 0 0  28   6   0   0   0   0   0     5.643    20.201     0.000     0.000     0.000     0.000     0.000   0   0   0   0   0   0   0     0.000     0.000     0.613    -0.034    -0.137     0.000     0.000
   7 0 0 1 1 1 0 0  28  23   0   0   0   0   0     5.643     5.755     0.000     0.000     0.000     0.000     0.000   0   0   0   0   0   0   0     0.000     0.000     0.135     0.004    -0.062     0.000     0.000
   7 0 0 1 1 1 0 0  28   0   0   0   0   0   0     5.643    21.115     0.000     0.000     0.000     0.000     0.000   0   0   0   0   0   0   0     0.000     0.000    -0.162    -0.017     0.041     0.000     0.000
   7 0 1 1 1 1 0 0  28   0   0   0   0   0   0     5.643    21.115     0.000     0.000     0.000     0.000     0.000   0   0   0   0   0   0   0     0.000     0.087    -0.612    -0.017     0.041     0.000     0.000
   7 0 0 1 1 1 0 0  28   6   0   0   0   0   0     5.643    20.201     0.000     0.000     0.000     0.000     0.000   0   0   0   0   0   0   0     0.000     0.087     0.583    -0.031    -0.125     0.000     0.000
   7 0 0 1 1 1 0 0  28  23   0   0   0   0   0     5.643     5.755     0.000     0.000     0.000     0.000     0.000   0   0   0   0   0   0   0     0.000     0.087     0.128     0.003    -0.057     0.000     0.000
   7 0 0 1 1 1 0 0  28   0   0   0   0   0   0     5.643    21.115     0.000     0.000     0.000     0.000     0.000   0   0   0   0   0   0   0     0.000     0.087    -0.154    -0.016     0.037     0.000     0.000
   7 0 1 1 1 1 0 0  28   0   0   0   0   0   0     5.643    21.115     0.000     0.000     0.000     0.000     0.000   0   0   0   0   0   0   0     0.000     0.079    -0.581    -0.016     0.037     0.000     0.000
   7 0 0 1 1 1 0 0  28  12   0   0   0   0   0     5.643    50.905     0.000     0.000     0.000     0.000     0.000   0   0   0   0   0   0   0     0.000     0.079     0.553    -0.114    -0.028     0.000     0.000
   7 0 0 1 1 1 0 0  28   0   0   0   0   0   0     5.643    21.115     0.000     0.000     0.000     0.000     0.000   0   0   0   0   0   0   0     0.000     0.079     0.122    -0.052     0.003     0.000     0.000
   7 0 0 1 1 1 0 0  28   0   0   0   0   0   0     5.643    21.115     0.000     0.000     0.000     0.000     0.000   0   0   0   0   0   0   0     0.000     0.079    -0.146    -0.015     0.034     0.000     0.000
   7 0 1 1 1 1 0 0  28   0   0   0   0   0   0     5.643    21.115     0.000     0.000     0.000     0.000     0.000   0   0   0   0   0   0   0     0.000     0.072    -0.552    -0.015     0.034     0.000     0.000
   7 0 0 1 1 1 0 0  28   6   0   0   0   0   0     5.643    20.201     0.000     0.000     0.000     0.000     0.000   0   0   0   0   0   0   0     0.000     0.072     0.526    -0.026    -0.105     0.000     0.000
   7 0 0 1 1 1 0 0  28   0   0   0   0   0   0     5.643    21.115     0.000     0.000     0.000     0.000     0.000   0   0   0   0   0   0   0     0.000     0.072     0.116    -0.048     0.003     0.000     0.000
   7 0 0 1 1 1 0 0  28   0   0   0   0   0   0     5.643    21.115     0.000     0.000     0.000     0.000     0.000   0   0   0   0   0   0   0     0.000     0.072    -0.139    -0.014     0.031     0.000     0.000
   7 0 0 1 1 1 0 0  28  23   0   0   0   0   0     5.643     5.778     0.000     0.000     0.000     0.000     0.000   0   0   0   0   0   0   0     0.000     0.072    -0.525     0.068     0.018     0.000     0.000
   7 0 0 1 1 1 0 0  28   6   0   0   0   0   0     5.643    20.201     0.000     0.000     0.000     0.000     0.000   0   0   0   0   0   0   0     0.000     0.072     0.499    -0.023    -0.096     0.000     0.000
   7 0 0 1 1 1 0 0  28   0   0   0   0   0   0     5.643    21.115     0.000     0.000     0.000     0.000     0.000   0   0   0   0   0   0   0     0.000     0.072     0.110    -0.044     0.003     0.000     0.000
   7 0 0 1 1 1 0 0  28   0   0   0   0   0   0     5.643    20.992     0.000     0.000     0.000     0.000     0.000   0   0   0   0   0   0   0     0.000     0.072    -0.132    -0.017     0.026     0.000     0.000
   7 0 0 1 1 1 0 0  28  23   0   0   0   0   0     5.643     5.778     0.000     0.000     0.000     0.000     0.000   0   0   0   0   0   0   0     0.000     0.072    -0.499     0.061     0.017     0.000     0.000
   7 0 0 1 1 1 0 0  28  12   0   0   0   0   0     5.643    50.905     0.000     0.000     0.000     0.000     0.000   0   0   0   0   0   0   0     0.000     0.072     0.474    -0.087    -0.021     0.000     0.000
   7 0 0 1 1 1 0 0  28   0   0   0   0   0   0     5.643    21.115     0.000     0.000     0.000     0.000     0.000   0   0   0   0   0   0   0     0.000     0.072     0.105    -0.041     0.002     0.000     0.000
   7 0 0 1 1 1 0 0  28   0   0   0   0   0   0     5.643    21.115     0.000     0.000     0.000     0.000     0.000   0   0   0   0   0   0   0     0.000     0.072    -0.125    -0.012     0.026     0.000     0.000
   7 0 0 1 1 1 0 0  28  28   0   0   0   0   0     5.643     5.614     0.000     0.000     0.000     0.000     0.000   0   0   0   0   0   0   0     0.000     0.072    -0.474     0.038     0.065     0.000     0.000
   7 0 0 1 1 1 0 0  28   0   0   0   0   0   0     5.643    21.239     0.000     0.000     0.000     0.000     0.000   0   0   0   0   0   0   0     0.000     0.072     0.451    -0.063     0.015     0.000     0.000
   7 0 0 1 1 1 0 0  28   0   0   0   0   0   0     5.643    20.992     0.000     0.000     0.000     0.000     0.000   0   0   0   0   0   0   0     0.000     0.072     0.099    -0.042     0.000     0.000     0.000
   7 0 0 1 1 1 0 0  28   0   0   0   0   0   0     5.643    20.992     0.000     0.000     0.000     0.000     0.000   0   0   0   0   0   0   0     0.000     0.072    -0.119    -0.015     0.022     0.000     0.000
   7 0 0 1 1 1 0 0  28  11   0   0   0   0   0     5.643    51.126     0.000     0.000     0.000     0.000     0.000   0   0   0   0   0   0   0     0.000     0.072    -0.450     0.036     0.062     0.000     0.000
   7 0 0 1 1 1 0 0  28   6   0   0   0   0   0     5.643    20.201     0.000     0.000     0.000     0.000     0.000   0   0   0   0   0   0   0     0.000     0.072     0.428    -0.016    -0.074     0.000     0.000
   7 0 0 1 1 1 0 0  28   0   0   0   0   0   0     5.643    21.115     0.000     0.000     0.000     0.000     0.000   0   0   0   0   0   0   0     0.000     0.072     0.094    -0.035     0.002     0.000     0.000
   7 0 0 1 1 1 0 0  28  25   0   0   0   0   0     5.643     5.783     0.000     0.000     0.000     0.000     0.000   0   0   0   0   0   0   0     0.000     0.072    -0.113    -0.008     0.023     0.000     0.000
   7 0 0 1 1 1 0 0  28  28   0   0   0   0   0     5.643     5.614     0.000     0.000     0.000     0.000     0.000   0   0   0   0   0   0   0     0.000     0.072    -0.427     0.031     0.055     0.000     0.000
   7 0 0 1 1 1 0 0  28   2   0   0   0   0   0     5.643    21.973     0.000     0.000     0.000     0.000     0.000   0   0   0   0   0   0   0     0.000     0.072     0.407     0.015    -0.053     0.000     0.000
   7 0 0 1 1 1 0 0  28   0   0   0   0   0   0     5.643    20.992     0.000     0.000     0.000     0.000     0.000   0   0   0   0   0   0   0     0.000     0.072     0.090    -0.036     0.000     0.000     0.000
   7 0 0 1 1 1 0 0  28   0   0   0   0   0   0     5.643    20.992     0.000     0.000     0.000     0.000     0.000   0   0   0   0   0   0   0     0.000     0.072    -0.108    -0.013     0.018     0.000     0.000
   7 0 0 1 1 1 0 0  28  11   0   0   0   0   0     5.643    51.126     0.000     0.000     0.000     0.000     0.000   0   0   0   0   0   0   0     0.000     0.072    -0.406     0.029     0.052     0.000     0.000
   7 0 0 1 1 1 0 0  28  17   0   0   0   0   0     5.643    57.232     0.000     0.000     0.000     0.000     0.000   0   0   0   0   0   0   0     0.000     0.072     0.386    -0.068    -0.014     0.000     0.000
   7 0 0 1 1 1 0 0  28   0   0   0   0   0   0     5.643    20.992     0.000     0.000     0.000     0.000     0.000   0   0   0   0   0   0   0     0.000     0.072     0.085    -0.034     0.000     0.000     0.000
   7 0 0 1 1 1 0 0  28  25   0   0   0   0   0     5.643     5.783     0.000     0.000     0.000     0.000     0.000   0   0   0   0   0   0   0     0.000     0.072    -0.102    -0.007     0.020     0.000     0.000
   7 0 0 1 1 1 0 0  28  11   0   0   0   0   0     5.643    51.126     0.000     0.000     0.000     0.000     0.000   0   0   0   0   0   0   0     0.000     0.072    -0.386     0.027     0.048     0.000     0.000
   7 0 0 1 1 1 0 0  28  12   0   0   0   0   0     5.643    49.981     0.000     0.000     0.000     0.000     0.000   0   0   0   0   0   0   0     0.000     0.072     0.367    -0.074    -0.018     0.000     0.000
   7 0 0 1 1 1 0 0  28   0   0   0   0   0   0     5.643    21.115     0.000     0.000     0.000     0.000     0.000   0   0   0   0   0   0   0     0.000     0.072     0.081    -0.028     0.002     0.000     0.000
   7 0 0 1 1 1 0 0  28   0   0   0   0   0   0     5.643    20.992     0.000     0.000     0.000     0.000     0.000   0   0   0   0   0   0   0     0.000     0.072    -0.097    -0.012     0.015     0.000     0.000
   7 0 0 1 1 1 0 0  28  28   0   0   0   0   0     5.643     5.614     0.000     0.000     0.000     0.000     0.000   0   0   0   0   0   0   0     0.000     0.072    -0.366     0.023     0.043     0.000     0.000
   7 0 0 1 1 1 0 0  28   0   0   0   0   0   0     5.643    21.239     0.000     0.000     0.000     0.000     0.000   0   0   0   0   0   0   0     0.000     0.072     0.349    -0.042     0.016     0.000     0.000
   7 0 0 1 1 1 0 0  28  25   0   0   0   0   0     5.643     5.783     0.000     0.000     0.000     0.000     0.000   0   0   0   0   0   0   0     0.000     0.072     0.077    -0.023     0.003     0.000     0.000
   7 0 0 1 1 1 0 0  28  25   0   0   0   0   0     5.643     5.783     0.000     0.000     0.000     0.000     0.000   0   0   0   0   0   0   0     0.000     0.072    -0.092    -0.006     0.017     0.000     0.000
   7 0 0 1 1 1 0 0  28  11   0   0   0   0   0     5.643    51.126     0.000     0.000     0.000     0.000     0.000   0   0   0   0   0   0   0     0.000     0.072    -0.348     0.022     0.041     0.000     0.000
   7 0 0 1 1 1 0 0  28  12   0   0   0   0   0     5.643    49.981     0.000     0.000     0.000     0.000     0.000   0   0   0   0   0   0   0     0.000     0.072     0.331    -0.065    -0.014     0.000     0.000
   7 0 0 1 1 1 0 0  28   0   0   0   0   0   0     5.643    20.992     0.000     0.000     0.000     0.000     0.000   0   0   0   0   0   0   0     0.000     0.072     0.073    -0.027     0.001     0.000     0.000
   7 0 0 1 1 1 0 0  28   0   0   0   0   0   0     5.643    21.239     0.000     0.000     0.000     0.000     0.000   0   0   0   0   0   0   0     0.000     0.072    -0.088     0.001     0.029     0.000     0.000
   7 0 0 1 1 1 0 0  28  28   0   0   0   0   0     5.643     5.614     0.000     0.000     0.000     0.000     0.000   0   0   0   0   0   0   0     0.000     0.072    -0.331     0.019     0.036     0.000     0.000
   7 0 0 1 1 1 0 0  28   6   0   0   0   0   0     5.643    20.201     0.000     0.000     0.000     0.000     0.000   0   0   0   0   0   0   0     0.000     0.072     0.315    -0.005    -0.048     0.000     0.000
   7 0 0 1 1 1 0 0  28   0   0   0   0   0   0     5.643    20.992     0.000     0.000     0.000     0.000     0.000   0   0   0   0   0   0   0     0.000     0.072     0.069    -0.025     0.001     0.000     0.000
   7 0 0 1 1 1 0 0  28  26   0   0   0   0   0     5.643     5.901     0.000     0.000     0.000     0.000     0.000   0   0   0   0   0   0   0     0.000     0.072    -0.083    -0.001     0.021     0.000     0.000
   7 0 0 1 1 1 0 0  28  11   0   0   0   0   0     5.643    51.126     0.000     0.000     0.000     0.000     0.000   0   0   0   0   0   0   0     0.000     0.072    -0.314     0.018     0.035     0.000     0.000
   7 0 0 1 1 1 0 0  28  12   0   0   0   0   0     5.643    49.981     0.000     0.000     0.000     0.000     0.000   0   0   0   0   0   0   0     0.000     0.072     0.299    -0.056    -0.011     0.000     0.000
   7 0 0 1 1 1 0 0  28  25   0   0   0   0   0     5.643     5.783     0.000     0.000     0.000     0.000     0.000   0   0   0   0   0   0   0     0.000     0.072     0.066    -0.019     0.003     0.000     0.000
   7 0 0 1 1 1 0 0  28   0   0   0   0   0   0     5.643    21.239     0.000     0.000     0.000     0.000     0.000   0   0   0   0   0   0   0     0.000     0.072    -0.079     0.001     0.025     0.000     0.000
   7 0 0 1 1 1 0 0  28  11   0   0   0   0   0     5.643    51.126     0.000     0.000     0.000     0.000     0.000   0   0   0   0   0   0   0     0.000     0.072    -0.298     0.016     0.032     0.000     0.000
   7 0 0 1 1 1 0 0  28   0   0   0   0   0   0     5.643    21.239     0.000     0.000     0.000     0.000     0.000   0   0   0   0   0   0   0     0.000     0.072     0.284    -0.031     0.017     0.000     0.000
   7 0 0 1 1 1 0 0  28   0   0   0   0   0   0     5.643    20.992     0.000     0.000     0.000     0.000     0.000   0   0   0   0   0   0   0     0.000     0.072     0.063    -0.022     0.001     0.000     0.000
   7 0 0 1 1 1 0 0  28   0   0   0   0   0   0     5.643    20.992     0.000     0.000     0.000     0.000     0.000   0   0   0   0   0   0   0     0.000     0.072    -0.075    -0.011     0.011     0.000     0.000
   7 0 0 1 1 1 0 0  28  28   0   0   0   0   0     5.643     5.614     0.000     0.000     0.000     0.000     0.000   0   0   0   0   0   0   0     0.000     0.072    -0.284     0.014     0.028     0.000     0.000
   7 0 0 1 1 1 0 0  28  12   0   0   0   0   0     5.643    49.981     0.000     0.000     0.000     0.000     0.000   0   0   0   0   0   0   0     0.000     0.072     0.270    -0.050    -0.008     0.000     0.000
   7 0 0 1 1 1 0 0  28   0   0   0   0   0   0     5.643    20.992     0.000     0.000     0.000     0.000     0.000   0   0   0   0   0   0   0     0.000     0.072     0.059    -0.020     0.001     0.000     0.000
   7 0 0 1 1 1 0 0  28   0   0   0   0   0   0     5.643    21.239     0.000     0.000     0.000     0.000     0.000   0   0   0   0   0   0   0     0.000     0.072    -0.071     0.000     0.023     0.000     0.000
   7 0 0 1 1 1 0 0  28  11   0   0   0   0   0     5.643    51.126     0.000     0.000     0.000     0.000     0.000   0   0   0   0   0   0   0     0.000     0.072    -0.269     0.013     0.027     0.000     0.000
   7 0 0 1 1 1 0 0  28  12   0   0   0   0   0     5.643    49.981     0.000     0.000     0.000     0.000     0.000   0   0   0   0   0   0   0     0.000     0.072     0.256    -0.046    -0.007     0.000     0.000
   7 0 0 1 1 1 0 0  28  25   0   0   0   0   0     5.643     5.783     0.000     0.000     0.000     0.000     0.000   0   0   0   0   0   0   0     0.000     0.072     0.057    -0.015     0.002     0.000     0.000
   7 0 0 1 1 1 0 0  28  25   0   0   0   0   0     5.643     5.783     0.000     0.000     0.000     0.000     0.000   0   0   0   0   0   0   0     0.000     0.072    -0.068    -0.006     0.012     0.000     0.000
   7 0 0 1 1 1 0 0  28  28   0   0   0   0   0     5.643     5.614     0.000     0.000     0.000     0.000     0.000   0   0   0   0   0   0   0     0.000     0.072    -0.256     0.011     0.024     0.000     0.000
   7 0 0 1 1 1 0 0  28   0   0   0   0   0   0     5.643    21.239     0.000     0.000     0.000     0.000     0.000   0   0   0   0   0   0   0     0.000     0.072     0.244    -0.024     0.017     0.000     0.000
   7 0 0 1 1 1 0 0  28   0   0   0   0   0   0     5.643    20.956     0.000     0.000     0.000     0.000     0.000   0   0   0   0   0   0   0     0.000     0.072     0.054    -0.026    -0.001     0.000     0.000
   7 0 0 1 1 1 0 0  28   0   0   0   0   0   0     5.643    21.239     0.000     0.000     0.000     0.000     0.000   0   0   0   0   0   0   0     0.000     0.072    -0.064    -0.000     0.021     0.000     0.000
   7 0 0 1 1 1 0 0  28  11   0   0   0   0   0     5.643    51.126     0.000     0.000     0.000     0.000     0.000   0   0   0   0   0   0   0     0.000     0.072    -0.243     0.011     0.023     0.000     0.000
   7 0 0 1 1 1 0 0  28  12   0   0   0   0   0     5.643    49.981     0.000     0.000     0.000     0.000     0.000   0   0   0   0   0   0   0     0.000     0.072     0.231    -0.041    -0.005     0.000     0.000
   7 0 0 1 1 1 0 0  28   0   0   0   0   0   0     5.643    20.956     0.000     0.000     0.000     0.000     0.000   0   0   0   0   0   0   0     0.000     0.072     0.051    -0.025    -0.001     0.000     0.000
   7 0 0 1 1 1 0 0  28   0   0   0   0   0   0     5.643    20.992     0.000     0.000     0.000     0.000     0.000   0   0   0   0   0   0   0     0.000     0.072    -0.061    -0.009     0.009     0.000     0.000
   7 0 0 1 1 1 0 0  28  28   0   0   0   0   0     5.643     5.614     0.000     0.000     0.000     0.000     0.000   0   0   0   0   0   0   0     0.000     0.072    -0.231     0.009     0.020     0.000     0.000
   7 0 0 1 1 1 0 0  28   6   0   0   0   0   0     5.643    20.201     0.000     0.000     0.000     0.000     0.000   0   0   0   0   0   0   0     0.000     0.072     0.220     0.000    -0.029     0.000     0.000
   7 0 0 1 1 1 0 0  28   0   0   0   0   0   0     5.643    20.956     0.000     0.000     0.000     0.000     0.000   0   0   0   0   0   0   0     0.000     0.072     0.048    -0.023    -0.001     0.000     0.000
   7 0 0 1 1 1 0 0  28  26   0   0   0   0   0     5.643     5.901     0.000     0.000     0.000     0.000     0.000   0   0   0   0   0   0   0     0.000     0.072    -0.058    -0.002     0.014     0.000     0.000
   7 0 0 1 1 1 0 0  28  11   0   0   0   0   0     5.643    51.126     0.000     0.000     0.000     0.000     0.000   0   0   0   0   0   0   0     0.000     0.072    -0.219     0.009     0.020     0.000     0.000
   7 0 0 1 1 1 0 0  28   0   0   0   0   0   0     5.643    21.239     0.000     0.000     0.000     0.000     0.000   0   0   0   0   0   0   0     0.000     0.072     0.209    -0.019     0.016     0.000     0.000
   7 0 0 1 1 1 0 0  28   0   0   0   0   0   0     5.643    20.960     0.000     0.000     0.000     0.000     0.000   0   0   0   0   0   0   0     0.000     0.072     0.046    -0.018     0.000     0.000     0.000
   7 0 0 1 1 1 0 0  28   0   0   0   0   0   0     5.643    21.239     0.000     0.000     0.000     0.000     0.000   0   0   0   0   0   0   0     0.000     0.072    -0.055    -0.001     0.018     0.000     0.000
   7 0 0 1 1 1 0 0  28  11   0   0   0   0   0     5.643    51.126     0.000     0.000     0.000     0.000     0.000   0   0   0   0   0   0   0     0.000     0.072    -0.208     0.008     0.018     0.000     0.000
   7 0 0 1 1 1 0 0  28  12   0   0   0   0   0     5.643    49.981     0.000     0.000     0.000     0.000     0.000   0   0   0   0   0   0   0     0.000     0.072     0.198    -0.034    -0.003     0.000     0.000
   7 0 0 1 1 1 0 0  28   0   0   0   0   0   0     5.643    20.956     0.000     0.000     0.000     0.000     0.000   0   0   0   0   0   0   0     0.000     0.072     0.044    -0.021    -0.001     0.000     0.000
   7 0 0 1 1 1 0 0  28  25   0   0   0   0   0     5.643     5.783     0.000     0.000     0.000     0.000     0.000   0   0   0   0   0   0   0     0.000     0.072    -0.052    -0.006     0.009     0.000     0.000
   7 0 0 1 1 1 0 0  28  28   0   0   0   0   0     5.643     5.614     0.000     0.000     0.000     0.000     0.000   0   0   0   0   0   0   0     0.000     0.072    -0.198     0.007     0.016     0.000     0.000
   7 0 0 1 1 1 0 0  28  12   0   0   0   0   0     5.643    49.981     0.000     0.000     0.000     0.000     0.000   0   0   0   0   0   0   0     0.000     0.072     0.188    -0.032    -0.002     0.000     0.000
   7 0 0 1 1 1 0 0  28  25   0   0   0   0   0     5.643     5.783     0.000     0.000     0.000     0.000     0.000   0   0   0   0   0   0   0     0.000     0.072     0.042    -0.012     0.002     0.000     0.000
   7 0 0 1 1 1 0 0  28   0   0   0   0   0   0     5.643    21.239     0.000     0.000     0.000     0.000     0.000   0   0   0   0   0   0   0     0.000     0.072    -0.050    -0.001     0.016     0.000     0.000
   7 0 0 1 1 1 0 0  28  11   0   0   0   0   0     5.643    51.126     0.000     0.000     0.000     0.000     0.000   0   0   0   0   0   0   0     0.000     0.072    -0.188     0.006     0.015     0.000     0.000
   7 0 0 1 1 1 0 0  28   0   0   0   0   0   0     5.643    21.239     0.000     0.000     0.000     0.000     0.000   0   0   0   0   0   0   0     0.000     0.072     0.179    -0.016     0.015     0.000     0.000
   7 0 0 1 1 1 0 0  28   0   0   0   0   0   0     5.643    21.239     0.000     0.000     0.000     0.000     0.000   0   0   0   0   0   0   0     0.000     0.072     0.039    -0.006     0.010     0.000     0.000
   7 0 0 1 1 1 0 0  28   0   0   0   0   0   0     5.643    20.992     0.000     0.000     0.000     0.000     0.000   0   0   0   0   0   0   0     0.000     0.072    -0.047    -0.008     0.006     0.000     0.000
   7 0 0 1 1 1 0 0  28  28   0   0   0   0   0     5.643     5.614     0.000     0.000     0.000     0.000     0.000   0   0   0   0   0   0   0     0.000     0.072    -0.179     0.005     0.013     0.000     0.000
   7 0 0 1 1 1 0 0  28   1   0   0   0   0   0     5.643    22.179     0.000     0.000     0.000     0.000     0.000   0   0   0   0   0   0   0     0.000     0.072     0.170    -0.002    -0.033     0.000     0.000
   7 0 0 1 1 1 0 0  28   0   0   0   0   0   0     5.643    20.956     0.000     0.000     0.000     0.000     0.000   0   0   0   0   0   0   0     0.000     0.072     0.037    -0.019     0.000     0.000     0.000
   7 0 0 1 1 1 0 0  28   0   0   0   0   0   0     5.643    21.239     0.000     0.000     0.000     0.000     0.000   0   0   0   0   0   0   0     0.000     0.072    -0.045    -0.001     0.015     0.000     0.000
   7 0 0 1 1 1 0 0  28  11   0   0   0   0   0     5.643    51.126     0.000     0.000     0.000     0.000     0.000   0   0   0   0   0   0   0     0.000     0.072    -0.170     0.005     0.013     0.000     0.000
   7 0 0 1 1 1 0 0  28   1   0   0   0   0   0     5.643    22.179     0.000     0.000     0.000     0.000     0.000   0   0   0   0   0   0   0     0.000     0.072     0.162    -0.002    -0.030     0.000     0.000
   7 0 0 1 1 1 0 0  28   0   0   0   0   0   0     5.643    20.956     0.000     0.000     0.000     0.000     0.000   0   0   0   0   0   0   0     0.000     0.072     0.036    -0.018     0.000     0.000     0.000
   7 0 0 1 1 1 0 0  28  26   0   0   0   0   0     5.643     5.901     0.000     0.000     0.000     0.000     0.000   0   0   0   0   0   0   0     0.000     0.072    -0.043    -0.002     0.010     0.000     0.000
   7 0 0 1 1 1 0 0  28   0   0   0   0   0   0     5.643    20.956     0.000     0.000     0.000     0.000     0.000   0   0   0   0   0   0   0     0.000     0.072    -0.161    -0.001     0.009     0.000     0.000
   7 0 0 1 1 1 0 0  28   0   0   0   0   0   0     5.643    21.239     0.000     0.000     0.000     0.000     0.000   0   0   0   0   0   0   0     0.000     0.072     0.154    -0.013     0.015     0.000     0.000
   7 0 0 1 1 1 0 0  28   0   0   0   0   0   0     5.643    21.239     0.000     0.000     0.000     0.000     0.000   0   0   0   0   0   0   0     0.000     0.072     0.034    -0.005     0.010     0.000     0.000
   7 0 0 1 1 1 0 0  28  25   0   0   0   0   0     5.643     5.783     0.000     0.000     0.000     0.000     0.000   0   0   0   0   0   0   0     0.000     0.072    -0.041    -0.005     0.006     0.000     0.000
   7 0 0 1 1 1 0 0  28  29   0   0   0   0   0     5.643     5.835     0.000     0.000     0.000     0.000     0.000   0   0   0   0   0   0   0     0.000     0.072    -0.153     0.004     0.012     0.000     0.000
   7 0 0 1 1 1 0 0  28   1   0   0   0   0   0     5.643    22.179     0.000     0.000     0.000     0.000     0.000   0   0   0   0   0   0   0     0.000     0.072     0.146    -0.001    -0.027     0.000     0.000
   7 0 0 1 1 1 0 0  28   0   0   0   0   0   0     5.643    20.956     0.000     0.000     0.000     0.000     0.000   0   0   0   0   0   0   0     0.000     0.072     0.032    -0.017     0.000     0.000     0.000
   7 0 0 1 1 1 0 0  28   0   0   0   0   0   0     5.643    21.239     0.000     0.000     0.000     0.000     0.000   0   0   0   0   0   0   0     0.000     0.072    -0.039    -0.001     0.012     0.000     0.000
   7 0 0 1 1 1 0 0  28  28   0   0   0   0   0     5.643     5.614     0.000     0.000     0.000     0.000     0.000   0   0   0   0   0   0   0     0.000     0.072    -0.146     0.003     0.010     0.000     0.000
   7 0 0 1 1 1 0 0  28  17   0   0   0   0   0     5.643    57.232     0.000     0.000     0.000     0.000     0.000   0   0   0   0   0   0   0     0.000     0.072     0.139    -0.018     0.002     0.000     0.000
   7 0 0 1 1 1 0 0  28   0   0   0   0   0   0     5.643    20.956     0.000     0.000     0.000     0.000     0.000   0   0   0   0   0   0   0     0.000     0.072     0.031    -0.016     0.000     0.000     0.000
   7 0 0 1 1 1 0 0  28   0   0   0   0   0   0     5.643    20.960     0.000     0.000     0.000     0.000     0.000   0   0   0   0   0   0   0     0.000     0.072    -0.037    -0.009     0.004     0.000     0.000
   7 0 0 1 1 1 0 0  28  13   0   0   0   0   0     5.643    50.156     0.000     0.000     0.000     0.000     0.000   0   0   0   0   0   0   0     0.000     0.072    -0.138     0.011     0.004     0.000     0.000
   7 0 0 1 1 1 0 0  28   0   0   0   0   0   0     5.643    21.239     0.000     0.000     0.000     0.000     0.000   0   0   0   0   0   0   0     0.000     0.072     0.132    -0.010     0.014     0.000     0.000
   7 0 0 1 1 1 0 0  28  25   0   0   0   0   0     5.643     5.783     0.000     0.000     0.000     0.000     0.000   0   0   0   0   0   0   0     0.000     0.072     0.029    -0.008     0.003     0.000     0.000
   7 0 0 1 1 1 0 0  28   0   0   0   0   0   0     5.643    21.239     0.000     0.000     0.000     0.000     0.000   0   0   0   0   0   0   0     0.000     0.072    -0.035    -0.001     0.011     0.000     0.000
   7 0 0 1 1 1 0 0  28  28   0   0   0   0   0     5.643     5.614     0.000     0.000     0.000     0.000     0.000   0   0   0   0   0   0   0     0.000     0.072    -0.131     0.002     0.009     0.000     0.000
   7 0 0 1 1 1 0 0  28   1   0   0   0   0   0     5.643    22.179     0.000     0.000     0.000     0.000     0.000   0   0   0   0   0   0   0     0.000     0.072     0.125    -0.000    -0.024     0.000     0.000
   7 0 0 1 1 1 0 0  28   0   0   0   0   0   0     5.643    20.956     0.000     0.000     0.000     0.000     0.000   0   0   0   0   0   0   0     0.000     0.072     0.028    -0.015     0.000     0.000     0.000
   7 0 0 1 1 1 0 0  28   0   0   0   0   0   0     5.643    20.960     0.000     0.000     0.000     0.000     0.000   0   0   0   0   0   0   0     0.000     0.072    -0.033    -0.008     0.004     0.000     0.000
   7 0 0 1 1 1 0 0  28   2   0   0   0   0   0     5.643    22.297     0.000     0.000     0.000     0.000     0.000   0   0   0   0   0   0   0     0.000     0.072    -0.125     0.003     0.010     0.000     0.000
   7 0 0 1 1 1 0 0  28   1   0   0   0   0   0     5.643    22.179     0.000     0.000     0.000     0.000     0.000   0   0   0   0   0   0   0     0.000     0.072     0.119    -0.000    -0.022     0.000     0.000
   7 0 0 1 1 1 0 0  28   0   0   0   0   0   0     5.643    21.239     0.000     0.000     0.000     0.000     0.000   0   0   0   0   0   0   0     0.000     0.072     0.026    -0.004     0.009     0.000     0.000
   7 0 0 1 1 1 0 0  28  26   0   0   0   0   0     5.643     5.901     0.000     0.000     0.000     0.000     0.000   0   0   0   0   0   0   0     0.000     0.072    -0.031    -0.002     0.008     0.000     0.000
   7 0 0 1 1 1 0 0  28   2   0   0   0   0   0     5.643    22.297     0.000     0.000     0.000     0.000     0.000   0   0   0   0   0   0   0     0.000     0.072    -0.119     0.003     0.009     0.000     0.000
   7 0 0 1 1 1 0 0  28   0   0   0   0   0   0     5.643    21.239     0.000     0.000     0.000     0.000     0.000   0   0   0   0   0   0   0     0.000     0.072     0.113    -0.009     0.013     0.000     0.000
   7 0 0 1 1 1 0 0  28   0   0   0   0   0   0     5.643    20.956     0.000     0.000     0.000     0.000     0.000   0   0   0   0   0   0   0     0.000     0.072     0.025    -0.014     0.000     0.000     0.000
   7 0 0 1 1 1 0 0  28   0   0   0   0   0   0     5.643    20.956     0.000     0.000     0.000     0.000     0.000   0   0   0   0   0   0   0     0.000     0.072    -0.030    -0.010     0.003     0.000     0.000
   7 0 0 1 1 1 0 0  28  28   0   0   0   0   0     5.643     5.614     0.000     0.000     0.000     0.000     0.000   0   0   0   0   0   0   0     0.000     0.072    -0.113     0.002     0.007     0.000     0.000
   7 0 0 1 1 1 0 0  28  12   0   0   0   0   0     5.643    49.981     0.000     0.000     0.000     0.000     0.000   0   0   0   0   0   0   0     0.000     0.072     0.107    -0.017     0.001     0.000     0.000
   7 0 0 1 1 1 0 0  28   0   0   0   0   0   0     5.643    21.239     0.000     0.000     0.000     0.000     0.000   0   0   0   0   0   0   0     0.000     0.072     0.024    -0.004     0.008     0.000     0.000
   7 0 0 1 1 1 0 0  28   0   0   0   0   0   0     5.643    21.239     0.000     0.000     0.000     0.000     0.000   0   0   0   0   0   0   0     0.000     0.072    -0.028    -0.001     0.010     0.000     0.000
   7 0 0 1 1 1 0 0  28   2   0   0   0   0   0     5.643    22.297     0.000     0.000     0.000     0.000     0.000   0   0   0   0   0   0   0     0.000     0.072    -0.107     0.002     0.008     0.000     0.000
   7 0 0 1 1 1 0 0  28   0   0   0   0   0   0     5.643    21.239     0.000     0.000     0.000     0.000     0.000   0   0   0   0   0   0   0     0.000     0.072     0.102    -0.007     0.012     0.000     0.000
   7 0 0 1 1 1 0 0  28   0   0   0   0   0   0     5.643    20.956     0.000     0.000     0.000     0.000     0.000   0   0   0   0   0   0   0     0.000     0.072     0.022    -0.013     0.001     0.000     0.000
   7 0 0 1 1 1 0 0  28   0   0   0   0   0   0     5.643    20.956     0.000     0.000     0.000     0.000     0.000   0   0   0   0   0   0   0     0.000     0.072    -0.027    -0.009     0.003     0.000     0.000
   7 0 0 1 1 1 0 0  28   2   0   0   0   0   0     5.643    22.297     0.000     0.000     0.000     0.000     0.000   0   0   0   0   0   0   0     0.000     0.072    -0.102     0.002     0.007     0.000     0.000
   7 0 0 1 1 1 0 0  28   1   0   0   0   0   0     5.643    22.179     0.000     0.000     0.000     0.000     0.000   0   0   0   0   0   0   0     0.000     0.072     0.097     0.001    -0.018     0.000     0.000
   7 0 0 1 1 1 0 0  28   0   0   0   0   0   0     5.643    20.956     0.000     0.000     0.000     0.000     0.000   0   0   0   0   0   0   0     0.000     0.072     0.021    -0.013     0.001     0.000     0.000
   7 0 0 1 1 1 0 0  28   0   0   0   0   0   0     5.643    21.239     0.000     0.000     0.000     0.000     0.000   0   0   0   0   0   0   0     0.000     0.072    -0.026    -0.001     0.009     0.000     0.000
   7 0 0 1 1 1 0 0  28  28   0   0   0   0   0     5.643     5.614     0.000     0.000     0.000     0.000     0.000   0   0   0   0   0   0   0     0.000     0.072    -0.097     0.001     0.006     0.000     0.000
   7 0 0 1 1 1 0 0  28   6   0   0   0   0   0     5.643    20.201     0.000     0.000     0.000     0.000     0.000   0   0   0   0   0   0   0     0.000     0.072     0.092     0.004    -0.011     0.000     0.000
   7 0 0 1 1 1 0 0  28   0   0   0   0   0   0     5.643    21.239     0.000     0.000     0.000     0.000     0.000   0   0   0   0   0   0   0     0.000     0.072     0.020    -0.003     0.007     0.000     0.000
   7 0 0 1 1 1 0 0  28  25   0   0   0   0   0     5.643     5.783     0.000     0.000     0.000     0.000     0.000   0   0   0   0   0   0   0     0.000     0.072    -0.024    -0.004     0.004     0.000     0.000
   7 0 0 1 1 1 0 0  28   2   0   0   0   0   0     5.643    22.297     0.000     0.000     0.000     0.000     0.000   0   0   0   0   0   0   0     0.000     0.072    -0.092     0.002     0.007     0.000     0.000
   7 0 0 1 1 1 0 0  28   1   0   0   0   0   0     5.643    22.179     0.000     0.000     0.000     0.000     0.000   0   0   0   0   0   0   0     0.000     0.072     0.087     0.001    -0.017     0.000     0.000
   7 0 0 1 1 1 0 0  28   0   0   0   0   0   0     5.643    20.956     0.000     0.000     0.000     0.000     0.000   0   0   0   0   0   0   0     0.000     0.072     0.019    -0.012     0.001     0.000     0.000
   7 0 0 1 1 1 0 0  28   0   0   0   0   0   0     5.643    20.956     0.000     0.000     0.000     0.000     0.000   0   0   0   0   0   0   0     0.000     0.072    -0.023    -0.009     0.002     0.000     0.000
   7 0 0 1 1 1 0 0  28   0   0   0   0   0   0     5.643    20.956     0.000     0.000     0.000     0.000     0.000   0   0   0   0   0   0   0     0.000     0.072    -0.087    -0.003     0.003     0.000     0.000
   7 0 0 1 1 1 0 0  28   0   0   0   0   0   0     5.643    21.239     0.000     0.000     0.000     0.000     0.000   0   0   0   0   0   0   0     0.000     0.072     0.083    -0.006     0.011     0.000     0.000
   7 0 0 1 1 1 0 0  28   0   0   0   0   0   0     5.643    20.992     0.000     0.000     0.000     0.000     0.000   0   0   0   0   0   0   0     0.000     0.072     0.018    -0.008     0.001     0.000     0.000
   7 0 0 1 1 1 0 0  28  26   0   0   0   0   0     5.643     5.901     0.000     0.000     0.000     0.000     0.000   0   0   0   0   0   0   0     0.000     0.072    -0.022    -0.002     0.006     0.000     0.000
   7 0 0 1 1 1 0 0  28  28   0   0   0   0   0     5.643     5.614     0.000     0.000     0.000     0.000     0.000   0   0   0   0   0   0   0     0.000     0.072    -0.083     0.000     0.005     0.000     0.000
   7 0 0 1 1 1 0 0  28   1   0   0   0   0   0     5.643    22.179     0.000     0.000     0.000     0.000     0.000   0   0   0   0   0   0   0     0.000     0.072     0.079     0.001    -0.015     0.000     0.000
   7 0 0 1 1 1 0 0  28   0   0   0   0   0   0     5.643    21.239     0.000     0.000     0.000     0.000     0.000   0   0   0   0   0   0   0     0.000     0.072     0.017    -0.003     0.007     0.000     0.000
   7 0 0 1 1 1 0 0  28   0   0   0   0   0   0     5.643    21.239     0.000     0.000     0.000     0.000     0.000   0   0   0   0   0   0   0     0.000     0.072    -0.021    -0.001     0.007     0.000     0.000
   7 0 0 1 1 1 0 0  28   2   0   0   0   0   0     5.643    22.297     0.000     0.000     0.000     0.000     0.000   0   0   0   0   0   0   0     0.000     0.072    -0.079     0.001     0.006     0.000     0.000
   7 0 0 1 1 1 0 0  28   0   0   0   0   0   0     5.643    21.239     0.000     0.000     0.000     0.000     0.000   0   0   0   0   0   0   0     0.000     0.072     0.075    -0.005     0.010     0.000     0.000
   7 0 0 1 1 1 0 0  28   0   0   0   0   0   0     5.643    20.956     0.000     0.000     0.000     0.000     0.000   0   0   0   0   0   0   0     0.000     0.072     0.016    -0.011     0.001     0.000     0.000
   7 0 0 1 1 1 0 0  28  23   0   0   0   0   0     5.643     5.778     0.000     0.000     0.000     0.000     0.000   0   0   0   0   0   0   0     0.000     0.072    -0.020     0.002    -0.008     0.000     0.000
   7 0 0 1 1 1 0 0  28   2   0   0   0   0   0     5.643    22.297     0.000     0.000     0.000     0.000     0.000   0   0   0   0   0   0   0     0.000     0.072    -0.075     0.001     0.005     0.000     0.000
   7 0 0 1 1 1 0 0  28   1   0   0   0   0   0     5.643    22.179     0.000     0.000     0.000     0.000     0.000   0   0   0   0   0   0   0     0.000     0.072     0.071     0.001    -0.014     0.000     0.000
   7 0 0 1 1 1 0 0  28   0   0   0   0   0   0     5.643    20.956     0.000     0.000     0.000     0.000     0.000   0   0   0   0   0   0   0     0.000     0.072     0.016    -0.010     0.001     0.000     0.000
   7 0 0 1 1 1 0 0  28  23   0   0   0   0   0     5.643     5.778     0.000     0.000     0.000     0.000     0.000   0   0   0   0   0   0   0     0.000     0.072    -0.019     0.002    -0.008     0.000     0.000
   7 0 0 1 1 1 0 0  28  28   0   0   0   0   0     5.643     5.614     0.000     0.000     0.000     0.000     0.000   0   0   0   0   0   0   0     0.000     0.072    -0.071     0.000     0.004     0.000     0.000
   7 0 0 1 1 1 0 0  28   0   0   0   0   0   0     5.643    21.239     0.000     0.000     0.000     0.000     0.000   0   0   0   0   0   0   0     0.000     0.072     0.068    -0.005     0.009     0.000     0.000
   7 0 0 1 1 1 0 0  28   0   0   0   0   0   0     5.643    21.239     0.000     0.000     0.000     0.000     0.000   0   0   0   0   0   0   0     0.000     0.072     0.015    -0.003     0.006     0.000     0.000
   7 0 0 1 1 1 0 0  28   0   0   0   0   0   0     5.643    21.239     0.000     0.000     0.000     0.000     0.000   0   0   0   0   0   0   0     0.000     0.072    -0.018    -0.001     0.007     0.000     0.000
   7 0 0 1 1 1 0 0  28   0   0   0   0   0   0     5.643    20.960     0.000     0.000     0.000     0.000     0.000   0   0   0   0   0   0   0     0.000     0.072    -0.067    -0.002     0.003     0.000     0.000
   7 0 0 1 1 1 0 0  28   1   0   0   0   0   0     5.643    22.179     0.000     0.000     0.000     0.000     0.000   0   0   0   0   0   0   0     0.000     0.072     0.064     0.001    -0.012     0.000     0.000
   7 0 0 1 1 1 0 0  28   0   0   0   0   0   0     5.643    20.956     0.000     0.000     0.000     0.000     0.000   0   0   0   0   0   0   0     0.000     0.072     0.014    -0.009     0.001     0.000     0.000
   7 0 0 0 1 1 1 1   0  12  23   0   0   0   0    21.016    50.165     5.711     0.000     0.000     0.000     0.000   0   0   0   0   0   0   0     0.000     0.072     0.014    -0.016    -0.001    -0.000     0.005
   7 0 0 1 1 1 1 1  28   2  23   0   0   0   0     5.643    22.297     5.711     0.000     0.000     0.000     0.000   0   0   0   0   0   0   0     0.000     0.072    -0.064     0.000     0.004    -0.000     0.005
   7 0 0 1 1 1 1 1  28  17  23   0   0   0   0     5.643    57.166     5.711     0.000     0.000     0.000     0.000   0   0   0   0   0   0   0     0.000     0.072     0.061    -0.009     0.002    -0.000     0.005
   7 0 0 1 1 1 1 1  28  25  23   0   0   0   0     5.643     5.783     5.711     0.000     0.000     0.000     0.000   0   0   0   0   0   0   0     0.000     0.072     0.013    -0.005     0.002    -0.000     0.005
   7 0 0 1 1 1 1 1  28  25  23   0   0   0   0     5.643     5.783     5.711     0.000     0.000     0.000     0.000   0   0   0   0   0   0   0     0.000     0.072    -0.016    -0.003     0.003    -0.000     0.005
   7 0 0 1 1 1 1 1  28  28  23   0   0   0   0     5.643     5.614     5.711     0.000     0.000     0.000     0.000   0   0   0   0   0   0   0     0.000     0.072    -0.061    -0.000     0.003    -0.000     0.005
   7 0 0 1 1 1 1 1  28   0  23   0   0   0   0     5.643    21.239     5.711     0.000     0.000     0.000     0.000   0   0   0   0   0   0   0     0.000     0.072     0.058    -0.004     0.008    -0.000     0.005
   7 0 0 1 1 1 1 1  28   0  23   0   0   0   0     5.643    20.956     5.711     0.000     0.000     0.000     0.000   0   0   0   0   0   0   0     0.000     0.072     0.013    -0.009     0.001    -0.000     0.005
   7 0 0 1 1 1 1 1  28   0  23   0   0   0   0     5.643    21.239     5.711     0.000     0.000     0.000     0.000   0   0   0   0   0   0   0     0.000     0.072    -0.015    -0.001     0.006    -0.000     0.005
   7 0 0 1 1 1 1 1  28   0  23   0   0   0   0     5.643    20.992     5.711     0.000     0.000     0.000     0.000   0   0   0   0   0   0   0     0.000     0.072    -0.058    -0.001     0.002    -0.000     0.005
   7 0 0 1 1 1 1 1  28   1  23   0   0   0   0     5.643    22.179     5.711     0.000     0.000     0.000     0.000   0   0   0   0   0   0   0     0.000     0.072     0.055     0.001    -0.011    -0.000     0.005
   7 0 0 1 1 1 1 1  28   0  23   0   0   0   0     5.643    21.239     5.711     0.000     0.000     0.000     0.000   0   0   0   0   0   0   0     0.000     0.072     0.012    -0.002     0.006    -0.000     0.005
   7 0 0 0 1 1 1 1  24   0   0   0   0   0   0     5.598    21.239    21.016     0.000     0.000     0.000     0.000   0   0   0   0   0   0   0     0.000     0.072     0.012     0.000     0.005    -0.014     0.001
   7 0 0 1 1 1 1 1  28  13   0   0   0   0   0     5.643    50.156    21.016     0.000     0.000     0.000     0.000   0   0   0   0   0   0   0     0.000     0.072    -0.055     0.004     0.000    -0.014     0.001
   7 0 0 1 1 1 1 1  28   6   0   0   0   0   0     5.643    20.201    21.016     0.000     0.000     0.000     0.000   0   0   0   0   0   0   0     0.000     0.072     0.052     0.003    -0.006    -0.014     0.001
   7 0 0 1 1 1 1 1  28  23   0   0   0   0   0     5.643     5.778    21.016     0.000     0.000     0.000     0.000   0   0   0   0   0   0   0     0.000     0.072     0.012     0.001    -0.008    -0.014     0.001
   7 0 0 1 1 1 1 1  28  26   0   0   0   0   0     5.643     5.901    21.016     0.000     0.000     0.000     0.000   0   0   0   0   0   0   0     0.000     0.072    -0.014    -0.001     0.004    -0.014     0.001
   7 0 0 1 1 1 1 1  28  28   0   0   0   0   0     5.643     5.614    21.016     0.000     0.000     0.000     0.000   0   0   0   0   0   0   0     0.000     0.072    -0.052    -0.000     0.003    -0.014     0.001
   7 0 0 1 1 1 1 1  28   1   0   0   0   0   0     5.643    22.179    21.016     0.000     0.000     0.000     0.000   0   0   0   0   0   0   0     0.000     0.072     0.050     0.001    -0.010    -0.014     0.001
   7 0 0 0 1 1 1 1  17   0   1   0   0   0   0    57.288    20.956    22.005     0.000     0.000     0.000     0.000   0   0   0   0   0   0   0     0.000     0.072     0.050    -0.008    -0.001     0.009     0.000
   7 0 0 1 1 1 1 1  28  25   1   0   0   0   0     5.643     5.783    22.005     0.000     0.000     0.000     0.000   0   0   0   0   0   0   0     0.000     0.072    -0.013    -0.003     0.002     0.009     0.000
   7 0 0 1 1 1 1 1  28   2   1   0   0   0   0     5.643    22.152    22.005     0.000     0.000     0.000     0.000   0   0   0   0   0   0   0     0.000     0.072    -0.050    -0.001     0.002     0.009     0.000
   7 0 0 1 1 1 1 1  28   0   1   0   0   0   0     5.643    21.239    22.005     0.000     0.000     0.000     0.000   0   0   0   0   0   0   0     0.000     0.072     0.047    -0.003     0.007     0.009     0.000
   7 0 0 1 1 1 1 1  28   0   1   0   0   0   0     5.643    20.956    22.005     0.000     0.000     0.000     0.000   0   0   0   0   0   0   0     0.000     0.072     0.010    -0.007     0.001     0.009     0.000
   7 0 0 1 1 1 1 1  28  28   1   0   0   0   0     5.643     5.614    22.005     0.000     0.000     0.000     0.000   0   0   0   0   0   0   0     0.000     0.072    -0.013    -0.002     0.003     0.009     0.000
   7 0 0 1 1 1 1 1  28  28   1   0   0   0   0     5.643     5.614    22.005     0.000     0.000     0.000     0.000   0   0   0   0   0   0   0     0.000     0.072    -0.047    -0.000     0.002     0.009     0.000
   7 0 0 1 1 1 1 1  28   1   1   0   0   0   0     5.643    22.179    22.005     0.000     0.000     0.000     0.000   0   0   0   0   0   0   0     0.000     0.072     0.045     0.001    -0.009     0.009     0.000
   7 0 0 1 1 1 1 1  28  25   1   0   0   0   0     5.643     5.841    22.005     0.000     0.000     0.000     0.000   0   0   0   0   0   0   0     0.000     0.072     0.010    -0.003     0.003     0.009     0.000
   7 0 0 0 1 1 1 1   0  12  23   0   0   0   0    21.016    50.165     5.711     0.000     0.000     0.000     0.000   0   0   0   0   0   0   0     0.000     0.072     0.010    -0.011    -0.001    -0.000     0.004
   7 0 0 1 1 1 1 1  28   2  23   0   0   0   0     5.643    22.152     5.711     0.000     0.000     0.000     0.000   0   0   0   0   0   0   0     0.000     0.072    -0.045    -0.001     0.002    -0.000     0.004
   7 0 0 1 1 1 1 1  28   2  23   0   0   0   0     5.643    21.973     5.711     0.000     0.000     0.000     0.000   0   0   0   0   0   0   0     0.000     0.072     0.043     0.007    -0.003    -0.000     0.004
   7 0 0 1 1 1 1 1  28   0  23   0   0   0   0     5.643    20.956     5.711     0.000     0.000     0.000     0.000   0   0   0   0   0   0   0     0.000     0.072     0.009    -0.007     0.001    -0.000     0.004
   7 0 0 0 1 1 1 1  24   0   0   0   0   0   0     5.598    21.239    21.016     0.000     0.000     0.000     0.000   0   0   0   0   0   0   0     0.000     0.072     0.009     0.000     0.004    -0.011     0.000
   7 0 0 1 1 1 1 1  28  28   0   0   0   0   0     5.643     5.614    21.016     0.000     0.000     0.000     0.000   0   0   0   0   0   0   0     0.000     0.072    -0.043    -0.001     0.002    -0.011     0.000
   7 0 0 1 1 1 1 1  28   1   0   0   0   0   0     5.643    22.179    21.016     0.000     0.000     0.000     0.000   0   0   0   0   0   0   0     0.000     0.072     0.040     0.001    -0.008    -0.011     0.000
   7 0 0 1 1 1 1 1  28   0   0   0   0   0   0     5.643    21.239    21.016     0.000     0.000     0.000     0.000   0   0   0   0   0   0   0     0.000     0.072     0.009    -0.002     0.004    -0.011     0.000
   7 0 0 1 1 1 1 1  28  25   0   0   0   0   0     5.643     5.783    21.016     0.000     0.000     0.000     0.000   0   0   0   0   0   0   0     0.000     0.072    -0.011    -0.002     0.002    -0.011     0.000
   7 0 0 1 1 1 1 1  28   2   0   0   0   0   0     5.643    22.152    21.016     0.000     0.000     0.000     0.000   0   0   0   0   0   0   0     0.000     0.072    -0.040    -0.001     0.002    -0.011     0.000
   7 0 0 1 1 1 1 1  28   0   0   0   0   0   0     5.643    21.239    21.016     0.000     0.000     0.000     0.000   0   0   0   0   0   0   0     0.000     0.072     0.038    -0.002     0.006    -0.011     0.000
   7 0 0 0 1 1 1 1  17   0   1   0   0   0   0    57.288    20.956    22.005     0.000     0.000     0.000     0.000   0   0   0   0   0   0   0     0.000     0.072     0.038    -0.006    -0.001     0.007     0.000
   7 0 0 1 1 1 1 1  28  28   1   0   0   0   0     5.643     5.614    22.005     0.000     0.000     0.000     0.000   0   0   0   0   0   0   0     0.000     0.072    -0.010    -0.001     0.002     0.007     0.000
   7 0 0 1 1 1 1 1  28  28   1   0   0   0   0     5.643     5.614    22.005     0.000     0.000     0.000     0.000   0   0   0   0   0   0   0     0.000     0.072    -0.038    -0.001     0.002     0.007     0.000
   7 0 0 1 1 1 1 1  28   1   1   0   0   0   0     5.643    22.179    22.005     0.000     0.000     0.000     0.000   0   0   0   0   0   0   0     0.000     0.072     0.037     0.001    -0.007     0.007     0.000
   7 0 0 1 1 1 1 1  28   0   1   0   0   0   0     5.643    20.956    22.005     0.000     0.000     0.000     0.000   0   0   0   0   0   0   0     0.000     0.072     0.008    -0.006     0.000     0.007     0.000
   7 0 0 0 1 1 1 1   0  12  23   0   0   0   0    21.016    50.165     5.711     0.000     0.000     0.000     0.000   0   0   0   0   0   0   0     0.000     0.072     0.008    -0.009    -0.001    -0.000     0.003
   7 0 0 1 1 1 1 1  28  14  23   0   0   0   0     5.643    44.971     5.711     0.000     0.000     0.000     0.000   0   0   0   0   0   0   0     0.000     0.072    -0.036     0.002    -0.001    -0.000     0.003
   7 0 0 1 1 1 1 1  28   0  23   0   0   0   0     5.643    21.239     5.711     0.000     0.000     0.000     0.000   0   0   0   0   0   0   0     0.000     0.072     0.035    -0.002     0.006    -0.000     0.003
   7 0 0 1 1 1 1 1  28   0  23   0   0   0   0     5.643    20.960     5.711     0.000     0.000     0.000     0.000   0   0   0   0   0   0   0     0.000     0.072     0.008    -0.005     0.001    -0.000     0.003
   7 0 0 1 1 1 1 1  28  25  23   0   0   0   0     5.643     5.783     5.711     0.000     0.000     0.000     0.000   0   0   0   0   0   0   0     0.000     0.072    -0.009    -0.002     0.002    -0.000     0.003
   7 0 0 1 1 1 1 1  28   1  23   0   0   0   0     5.643    22.332     5.711     0.000     0.000     0.000     0.000   0   0   0   0   0   0   0     0.000     0.072    -0.035     0.000     0.004    -0.000     0.003
   7 0 0 1 1 1 1 1  28   1  23   0   0   0   0     5.643    22.179     5.711     0.000     0.000     0.000     0.000   0   0   0   0   0   0   0     0.000     0.072     0.033     0.001    -0.007    -0.000     0.003
   7 0 0 0 1 1 1 1  17   0   1   0   0   0   0    57.288    20.956    22.005     0.000     0.000     0.000     0.000   0   0   0   0   0   0   0     0.000     0.072     0.033    -0.006    -0.001     0.006    -0.000
   7 0 0 1 1 1 1 1  28   0   1   0   0   0   0     5.643    21.239    22.005     0.000     0.000     0.000     0.000   0   0   0   0   0   0   0     0.000     0.072    -0.009    -0.001     0.003     0.006    -0.000
   7 0 0 1 1 1 1 1  28  28   1   0   0   0   0     5.643     5.614    22.005     0.000     0.000     0.000     0.000   0   0   0   0   0   0   0     0.000     0.072    -0.033    -0.001     0.002     0.006    -0.000
   7 0 0 1 1 1 1 1  28   6   1   0   0   0   0     5.643    20.201    22.005     0.000     0.000     0.000     0.000   0   0   0   0   0   0   0     0.000     0.072     0.031     0.002    -0.004     0.006    -0.000
   7 0 0 1 1 1 1 1  28  23   1   0   0   0   0     5.643     5.778    22.005     0.000     0.000     0.000     0.000   0   0   0   0   0   0   0     0.000     0.072     0.007     0.000    -0.005     0.006    -0.000
   7 0 0 1 1 1 1 1  28  25   1   0   0   0   0     5.643     5.783    22.005     0.000     0.000     0.000     0.000   0   0   0   0   0   0   0     0.000     0.072    -0.008    -0.002     0.001     0.006    -0.000
   7 0 0 1 1 1 1 1  28   2   1   0   0   0   0     5.643    22.152    22.005     0.000     0.000     0.000     0.000   0   0   0   0   0   0   0     0.000     0.072    -0.031    -0.001     0.001     0.006    -0.000
   7 0 0 1 1 1 1 1  28   0   1   0   0   0   0     5.643    21.239    22.005     0.000     0.000     0.000     0.000   0   0   0   0   0   0   0     0.000     0.072     0.030    -0.002     0.005     0.006    -0.000
   7 0 0 1 1 1 1 1  28   0   1   0   0   0   0     5.643    20.956    22.005     0.000     0.000     0.000     0.000   0   0   0   0   0   0   0     0.000     0.072     0.007    -0.005     0.000     0.006    -0.000
   7 0 0 1 1 1 1 1  28  28   1   0   0   0   0     5.643     5.614    22.005     0.000     0.000     0.000     0.000   0   0   0   0   0   0   0     0.000     0.072    -0.008    -0.001     0.002     0.006    -0.000
   7 0 0 1 1 1 1 1  28  28   1   0   0   0   0     5.643     5.614    22.005     0.000     0.000     0.000     0.000   0   0   0   0   0   0   0     0.000     0.072    -0.030    -0.001     0.002     0.006    -0.000
   7 0 0 1 1 1 1 1  28   1   1   0   0   0   0     5.643    22.179    22.005     0.000     0.000     0.000     0.000   0   0   0   0   0   0   0     0.000     0.072     0.028     0.001    -0.006     0.006    -0.000
   7 0 0 0 1 1 1 1  17   0   1   0   0   0   0    57.288    20.956    22.005     0.000     0.000     0.000     0.000   0   0   0   0   0   0   0     0.000     0.072     0.028    -0.005    -0.001     0.005    -0.000
   7 0 0 0 1 1 1 1   0   5  23   0   0   0   0    21.016    22.339     5.711     0.000     0.000     0.000     0.000   0   0   0   0   0   0   0     0.000     0.072     0.028    -0.001    -0.007    -0.000     0.003
   7 0 0 1 1 1 1 1  28   2  23   0   0   0   0     5.643    22.152     5.711     0.000     0.000     0.000     0.000   0   0   0   0   0   0   0     0.000     0.072    -0.028    -0.001     0.001    -0.000     0.003
   7 0 0 1 1 1 1 1  28   0  23   0   0   0   0     5.643    21.239     5.711     0.000     0.000     0.000     0.000   0   0   0   0   0   0   0     0.000     0.072     0.027    -0.002     0.005    -0.000     0.003
   7 0 0 1 1 1 1 1  28   0  23   0   0   0   0     5.643    21.213     5.711     0.000     0.000     0.000     0.000   0   0   0   0   0   0   0     0.000     0.072     0.006    -0.002     0.001    -0.000     0.003
   7 0 0 0 1 1 1 1  24   0   0   0   0   0   0     5.598    21.239    21.016     0.000     0.000     0.000     0.000   0   0   0   0   0   0   0     0.000     0.072     0.006    -0.000     0.003    -0.007     0.000
   7 0 0 1 1 1 1 1  28   1   0   0   0   0   0     5.643    22.332    21.016     0.000     0.000     0.000     0.000   0   0   0   0   0   0   0     0.000     0.072    -0.027    -0.000     0.003    -0.007     0.000
   7 0 0 1 1 1 1 1  28   1   0   0   0   0   0     5.643    22.179    21.016     0.000     0.000     0.000     0.000   0   0   0   0   0   0   0     0.000     0.072     0.025     0.001    -0.005    -0.007     0.000
   7 0 0 1 1 1 1 1  28  23   0   0   0   0   0     5.643     5.778    21.016     0.000     0.000     0.000     0.000   0   0   0   0   0   0   0     0.000     0.072     0.006     0.000    -0.004    -0.007     0.000
   7 0 0 1 1 1 1 1  28  31   0   0   0   0   0     5.643     5.486    21.016     0.000     0.000     0.000     0.000   0   0   0   0   0   0   0     0.000     0.072    -0.007    -0.001     0.001    -0.007     0.000
   7 0 0 1 1 1 1 1  28  28   0   0   0   0   0     5.643     5.614    21.016     0.000     0.000     0.000     0.000   0   0   0   0   0   0   0     0.000     0.072    -0.025    -0.001     0.002    -0.007     0.000
