  212
   1 1   0     0.000   0     5.635
   1 1   0     0.000   0     5.595
   1 1   0     0.000   0     5.655
   1 1   0     0.000   0     5.435
   7 0 1 1 0 0 0 0   0   0   0   0   0   0   0    16.359     0.000     0.000     0.000     0.000     0.000     0.000   0   0   0   0   0   0   0     0.000     0.086    -0.129     0.000     0.000     0.000     0.000
   7 0 1 1 0 0 0 0   0   0   0   0   0   0   0    16.359     0.000     0.000     0.000     0.000     0.000     0.000   0   0   0   0   0   0   0     0.000     0.123    -0.184     0.000     0.000     0.000     0.000
   7 0 1 1 0 0 0 0   0   0   0   0   0   0   0    16.359     0.000     0.000     0.000     0.000     0.000     0.000   0   0   0   0   0   0   0     0.000     0.003    -0.005     0.000     0.000     0.000     0.000
   7 0 1 1 0 0 0 0   0   0   0   0   0   0   0    16.359     0.000     0.000     0.000     0.000     0.000     0.000   0   0   0   0   0   0   0     0.000    -0.044     0.067     0.000     0.000     0.000     0.000
   7 0 1 1 0 0 0 0   0   0   0   0   0   0   0    16.359     0.000     0.000     0.000     0.000     0.000     0.000   0   0   0   0   0   0   0     0.000     0.080    -0.122     0.000     0.000     0.000     0.000
   7 0 1 1 0 0 0 0   0   0   0   0   0   0   0    16.359     0.000     0.000     0.000     0.000     0.000     0.000   0   0   0   0   0   0   0     0.000     0.115    -0.175     0.000     0.000     0.000     0.000
   7 0 1 1 0 0 0 0   0   0   0   0   0   0   0    16.359     0.000     0.000     0.000     0.000     0.000     0.000   0   0   0   0   0   0   0     0.000     0.003    -0.004     0.000     0.000     0.000     0.000
   7 0 1 1 0 0 0 0   0   0   0   0   0   0   0    16.359     0.000     0.000     0.000     0.000     0.000     0.000   0   0   0   0   0   0   0     0.000    -0.041     0.063     0.000     0.000     0.000     0.000
   7 0 1 1 0 0 0 0   0   0   0   0   0   0   0    16.359     0.000     0.000     0.000     0.000     0.000     0.000   0   0   0   0   0   0   0     0.000     0.075    -0.116     0.000     0.000     0.000     0.000
   7 0 1 1 0 0 0 0   0   0   0   0   0   0   0    16.359     0.000     0.000     0.000     0.000     0.000     0.000   0   0   0   0   0   0   0     0.000     0.107    -0.166     0.000     0.000     0.000     0.000
   7 0 1 1 0 0 0 0   0   0   0   0   0   0   0    16.359     0.000     0.000     0.000     0.000     0.000     0.000   0   0   0   0   0   0   0     0.000     0.003    -0.004     0.000     0.000     0.000     0.000
   7 0 1 1 0 0 0 0   0   0   0   0   0   0   0    16.359     0.000     0.000     0.000     0.000     0.000     0.000   0   0   0   0   0   0   0     0.000    -0.039     0.060     0.000     0.000     0.000     0.000
   7 0 1 1 0 0 0 0   0   0   0   0   0   0   0    16.359     0.000     0.000     0.000     0.000     0.000     0.000   0   0   0   0   0   0   0     0.000     0.070    -0.110     0.000     0.000     0.000     0.000
   7 0 1 1 0 0 0 0   0   0   0   0   0   0   0    16.359     0.000     0.000     0.000     0.000     0.000     0.000   0   0   0   0   0   0   0     0.000     0.100    -0.158     0.000     0.000     0.000     0.000
   7 0 1 1 0 0 0 0   0   0   0   0   0   0   0    16.359     0.000     0.000     0.000     0.000     0.000     0.000   0   0   0   0   0   0   0     0.000     0.003    -0.004     0.000     0.000     0.000     0.000
   7 0 1 1 0 0 0 0   0   0   0   0   0   0   0    16.359     0.000     0.000     0.000     0.000     0.000     0.000   0   0   0   0   0   0   0     0.000    -0.036     0.057     0.000     0.000     0.000     0.000
   7 0 1 1 0 0 0 0   0   0   0   0   0   0   0    16.359     0.000     0.000     0.000     0.000     0.000     0.000   0   0   0   0   0   0   0     0.000     0.065    -0.105     0.000     0.000     0.000     0.000
   7 0 1 1 0 0 0 0   0   0   0   0   0   0   0    16.359     0.000     0.000     0.000     0.000     0.000     0.000   0   0   0   0   0   0   0     0.000     0.093    -0.150     0.000     0.000     0.000     0.000
   7 0 1 1 0 0 0 0   0   0   0   0   0   0   0    16.359     0.000     0.000     0.000     0.000     0.000     0.000   0   0   0   0   0   0   0     0.000     0.002    -0.004     0.000     0.000     0.000     0.000
   7 0 1 1 0 0 0 0   0   0   0   0   0   0   0    16.359     0.000     0.000     0.000     0.000     0.000     0.000   0   0   0   0   0   0   0     0.000    -0.034     0.054     0.000     0.000     0.000     0.000
   7 0 1 1 0 0 0 0   4   0   0   0   0   0   0    21.492     0.000     0.000     0.000     0.000     0.000     0.000   0   0   0   0   0   0   0     0.000    -0.100     0.061     0.000     0.000     0.000     0.000
   7 0 1 1 0 0 0 0   0   0   0   0   0   0   0    16.359     0.000     0.000     0.000     0.000     0.000     0.000   0   0   0   0   0   0   0     0.000     0.087    -0.143     0.000     0.000     0.000     0.000
   7 0 1 1 0 0 0 0   0   0   0   0   0   0   0    16.359     0.000     0.000     0.000     0.000     0.000     0.000   0   0   0   0   0   0   0     0.000     0.002    -0.004     0.000     0.000     0.000     0.000
   7 0 1 1 0 0 0 0   4   0   0   0   0   0   0    21.492     0.000     0.000     0.000     0.000     0.000     0.000   0   0   0   0   0   0   0     0.000     0.052    -0.031     0.000     0.000     0.000     0.000
   7 0 1 1 0 0 0 0   0   0   0   0   0   0   0    16.359     0.000     0.000     0.000     0.000     0.000     0.000   0   0   0   0   0   0   0     0.000     0.057    -0.095     0.000     0.000     0.000     0.000
   7 0 1 1 0 0 0 0   0   0   0   0   0   0   0    16.359     0.000     0.000     0.000     0.000     0.000     0.000   0   0   0   0   0   0   0     0.000     0.081    -0.136     0.000     0.000     0.000     0.000
   7 0 1 1 0 0 0 0   0   0   0   0   0   0   0    16.359     0.000     0.000     0.000     0.000     0.000     0.000   0   0   0   0   0   0   0     0.000     0.002    -0.003     0.000     0.000     0.000     0.000
   7 0 1 1 0 0 0 0   4   0   0   0   0   0   0    21.492     0.000     0.000     0.000     0.000     0.000     0.000   0   0   0   0   0   0   0     0.000     0.049    -0.029     0.000     0.000     0.000     0.000
   7 0 1 1 0 0 0 0   0   0   0   0   0   0   0    16.359     0.000     0.000     0.000     0.000     0.000     0.000   0   0   0   0   0   0   0     0.000     0.053    -0.090     0.000     0.000     0.000     0.000
   7 0 1 1 0 0 0 0   0   0   0   0   0   0   0    16.359     0.000     0.000     0.000     0.000     0.000     0.000   0   0   0   0   0   0   0     0.000     0.076    -0.129     0.000     0.000     0.000     0.000
   7 0 1 1 0 0 0 0   0   0   0   0   0   0   0    16.359     0.000     0.000     0.000     0.000     0.000     0.000   0   0   0   0   0   0   0     0.000     0.002    -0.003     0.000     0.000     0.000     0.000
   7 0 1 1 0 0 0 0   4   0   0   0   0   0   0    21.492     0.000     0.000     0.000     0.000     0.000     0.000   0   0   0   0   0   0   0     0.000     0.047    -0.027     0.000     0.000     0.000     0.000
   7 0 1 1 0 0 0 0   0   0   0   0   0   0   0    16.359     0.000     0.000     0.000     0.000     0.000     0.000   0   0   0   0   0   0   0     0.000     0.049    -0.085     0.000     0.000     0.000     0.000
   7 0 1 1 0 0 0 0   0   0   0   0   0   0   0    16.359     0.000     0.000     0.000     0.000     0.000     0.000   0   0   0   0   0   0   0     0.000     0.071    -0.122     0.000     0.000     0.000     0.000
   7 0 1 1 0 0 0 0   4   0   0   0   0   0   0    21.492     0.000     0.000     0.000     0.000     0.000     0.000   0   0   0   0   0   0   0     0.000    -0.003     0.002     0.000     0.000     0.000     0.000
   7 0 1 1 0 0 0 0   0   0   0   0   0   0   0    16.359     0.000     0.000     0.000     0.000     0.000     0.000   0   0   0   0   0   0   0     0.000    -0.026     0.044     0.000     0.000     0.000     0.000
   7 0 1 1 0 0 0 0   0   0   0   0   0   0   0    16.359     0.000     0.000     0.000     0.000     0.000     0.000   0   0   0   0   0   0   0     0.000     0.046    -0.081     0.000     0.000     0.000     0.000
   7 0 1 1 0 0 0 0   0   0   0   0   0   0   0    16.359     0.000     0.000     0.000     0.000     0.000     0.000   0   0   0   0   0   0   0     0.000     0.066    -0.116     0.000     0.000     0.000     0.000
   7 0 1 1 0 0 0 0   0   0   0   0   0   0   0    16.359     0.000     0.000     0.000     0.000     0.000     0.000   0   0   0   0   0   0   0     0.000     0.002    -0.003     0.000     0.000     0.000     0.000
   7 0 1 1 0 0 0 0   0   0   0   0   0   0   0    16.359     0.000     0.000     0.000     0.000     0.000     0.000   0   0   0   0   0   0   0     0.000    -0.024     0.042     0.000     0.000     0.000     0.000
   7 0 1 1 0 0 0 0   0   0   0   0   0   0   0    16.359     0.000     0.000     0.000     0.000     0.000     0.000   0   0   0   0   0   0   0     0.000     0.043    -0.077     0.000     0.000     0.000     0.000
   7 0 1 1 0 0 0 0   0   0   0   0   0   0   0    16.359     0.000     0.000     0.000     0.000     0.000     0.000   0   0   0   0   0   0   0     0.000     0.062    -0.110     0.000     0.000     0.000     0.000
   7 0 1 1 0 0 0 0   0   0   0   0   0   0   0    16.359     0.000     0.000     0.000     0.000     0.000     0.000   0   0   0   0   0   0   0     0.000     0.002    -0.003     0.000     0.000     0.000     0.000
   7 0 1 1 0 0 0 0   0   0   0   0   0   0   0    16.359     0.000     0.000     0.000     0.000     0.000     0.000   0   0   0   0   0   0   0     0.000    -0.022     0.040     0.000     0.000     0.000     0.000
   7 0 1 1 0 0 0 0   4   0   0   0   0   0   0    21.492     0.000     0.000     0.000     0.000     0.000     0.000   0   0   0   0   0   0   0     0.000    -0.073     0.040     0.000     0.000     0.000     0.000
   7 0 1 1 0 0 0 0   0   0   0   0   0   0   0    16.359     0.000     0.000     0.000     0.000     0.000     0.000   0   0   0   0   0   0   0     0.000     0.058    -0.105     0.000     0.000     0.000     0.000
   7 0 1 1 0 0 0 0   0   0   0   0   0   0   0    16.359     0.000     0.000     0.000     0.000     0.000     0.000   0   0   0   0   0   0   0     0.000     0.001    -0.003     0.000     0.000     0.000     0.000
   7 0 1 1 0 0 0 0   0   0   0   0   0   0   0    16.359     0.000     0.000     0.000     0.000     0.000     0.000   0   0   0   0   0   0   0     0.000    -0.021     0.038     0.000     0.000     0.000     0.000
   7 0 1 1 0 0 0 0   0   0   0   0   0   0   0    16.359     0.000     0.000     0.000     0.000     0.000     0.000   0   0   0   0   0   0   0     0.000     0.037    -0.070     0.000     0.000     0.000     0.000
   7 0 1 1 0 0 0 0   0   0   0   0   0   0   0    16.359     0.000     0.000     0.000     0.000     0.000     0.000   0   0   0   0   0   0   0     0.000     0.054    -0.100     0.000     0.000     0.000     0.000
   7 0 1 1 0 0 0 0   0   0   0   0   0   0   0    16.359     0.000     0.000     0.000     0.000     0.000     0.000   0   0   0   0   0   0   0     0.000     0.001    -0.003     0.000     0.000     0.000     0.000
   7 0 1 1 0 0 0 0   0   0   0   0   0   0   0    16.359     0.000     0.000     0.000     0.000     0.000     0.000   0   0   0   0   0   0   0     0.000    -0.019     0.036     0.000     0.000     0.000     0.000
   7 0 1 1 0 0 0 0   0   0   0   0   0   0   0    16.359     0.000     0.000     0.000     0.000     0.000     0.000   0   0   0   0   0   0   0     0.000     0.035    -0.066     0.000     0.000     0.000     0.000
   7 0 1 1 0 0 0 0   4   0   0   0   0   0   0    21.492     0.000     0.000     0.000     0.000     0.000     0.000   0   0   0   0   0   0   0     0.000    -0.095     0.050     0.000     0.000     0.000     0.000
   7 0 1 1 0 0 0 0   0   0   0   0   0   0   0    16.359     0.000     0.000     0.000     0.000     0.000     0.000   0   0   0   0   0   0   0     0.000     0.001    -0.002     0.000     0.000     0.000     0.000
   7 0 1 1 0 0 0 0   0   0   0   0   0   0   0    16.359     0.000     0.000     0.000     0.000     0.000     0.000   0   0   0   0   0   0   0     0.000    -0.018     0.034     0.000     0.000     0.000     0.000
   7 0 1 1 0 0 0 0   0   0   0   0   0   0   0    16.359     0.000     0.000     0.000     0.000     0.000     0.000   0   0   0   0   0   0   0     0.000     0.033    -0.063     0.000     0.000     0.000     0.000
   7 0 1 1 0 0 0 0   0   0   0   0   0   0   0    16.359     0.000     0.000     0.000     0.000     0.000     0.000   0   0   0   0   0   0   0     0.000     0.047    -0.090     0.000     0.000     0.000     0.000
   7 0 1 1 0 0 0 0   4   0   0   0   0   0   0    21.492     0.000     0.000     0.000     0.000     0.000     0.000   0   0   0   0   0   0   0     0.000    -0.002     0.001     0.000     0.000     0.000     0.000
   7 0 1 1 0 0 0 0   0   0   0   0   0   0   0    16.359     0.000     0.000     0.000     0.000     0.000     0.000   0   0   0   0   0   0   0     0.000    -0.017     0.033     0.000     0.000     0.000     0.000
   7 0 1 1 0 0 0 0   0   0   0   0   0   0   0    16.359     0.000     0.000     0.000     0.000     0.000     0.000   0   0   0   0   0   0   0     0.000     0.030    -0.060     0.000     0.000     0.000     0.000
   7 0 1 1 0 0 0 0   0   0   0   0   0   0   0    16.359     0.000     0.000     0.000     0.000     0.000     0.000   0   0   0   0   0   0   0     0.000     0.044    -0.085     0.000     0.000     0.000     0.000
   7 0 1 1 0 0 0 0   0   0   0   0   0   0   0    16.359     0.000     0.000     0.000     0.000     0.000     0.000   0   0   0   0   0   0   0     0.000     0.001    -0.002     0.000     0.000     0.000     0.000
   7 0 1 1 0 0 0 0   0   0   0   0   0   0   0    16.359     0.000     0.000     0.000     0.000     0.000     0.000   0   0   0   0   0   0   0     0.000    -0.016     0.031     0.000     0.000     0.000     0.000
   7 0 1 1 0 0 0 0   0   0   0   0   0   0   0    16.359     0.000     0.000     0.000     0.000     0.000     0.000   0   0   0   0   0   0   0     0.000     0.028    -0.057     0.000     0.000     0.000     0.000
   7 0 1 1 0 0 0 0   0   0   0   0   0   0   0    16.359     0.000     0.000     0.000     0.000     0.000     0.000   0   0   0   0   0   0   0     0.000     0.041    -0.081     0.000     0.000     0.000     0.000
   7 0 1 1 0 0 0 0   0   0   0   0   0   0   0    16.359     0.000     0.000     0.000     0.000     0.000     0.000   0   0   0   0   0   0   0     0.000     0.001    -0.002     0.000     0.000     0.000     0.000
   7 0 1 1 0 0 0 0   0   0   0   0   0   0   0    16.359     0.000     0.000     0.000     0.000     0.000     0.000   0   0   0   0   0   0   0     0.000    -0.015     0.029     0.000     0.000     0.000     0.000
   7 0 1 1 0 0 0 0   4   0   0   0   0   0   0    21.492     0.000     0.000     0.000     0.000     0.000     0.000   0   0   0   0   0   0   0     0.000    -0.054     0.027     0.000     0.000     0.000     0.000
   7 0 1 1 0 0 0 0   0   0   0   0   0   0   0    16.359     0.000     0.000     0.000     0.000     0.000     0.000   0   0   0   0   0   0   0     0.000     0.038    -0.077     0.000     0.000     0.000     0.000
   7 0 1 1 0 0 0 0   0   0   0   0   0   0   0    16.359     0.000     0.000     0.000     0.000     0.000     0.000   0   0   0   0   0   0   0     0.000     0.001    -0.002     0.000     0.000     0.000     0.000
   7 0 1 1 0 0 0 0   0   0   0   0   0   0   0    16.359     0.000     0.000     0.000     0.000     0.000     0.000   0   0   0   0   0   0   0     0.000    -0.014     0.028     0.000     0.000     0.000     0.000
   7 0 1 1 0 0 0 0   0   0   0   0   0   0   0    16.359     0.000     0.000     0.000     0.000     0.000     0.000   0   0   0   0   0   0   0     0.000     0.025    -0.051     0.000     0.000     0.000     0.000
   7 0 1 1 0 0 0 0   0   0   0   0   0   0   0    16.359     0.000     0.000     0.000     0.000     0.000     0.000   0   0   0   0   0   0   0     0.000     0.035    -0.073     0.000     0.000     0.000     0.000
   7 0 1 1 0 0 0 0   0   0   0   0   0   0   0    16.359     0.000     0.000     0.000     0.000     0.000     0.000   0   0   0   0   0   0   0     0.000     0.001    -0.002     0.000     0.000     0.000     0.000
   7 0 1 1 0 0 0 0   4   0   0   0   0   0   0    21.492     0.000     0.000     0.000     0.000     0.000     0.000   0   0   0   0   0   0   0     0.000     0.026    -0.013     0.000     0.000     0.000     0.000
   7 0 1 1 0 0 0 0   0   0   0   0   0   0   0    16.359     0.000     0.000     0.000     0.000     0.000     0.000   0   0   0   0   0   0   0     0.000     0.023    -0.049     0.000     0.000     0.000     0.000
   7 0 1 1 0 0 0 0   4   0   0   0   0   0   0    21.492     0.000     0.000     0.000     0.000     0.000     0.000   0   0   0   0   0   0   0     0.000    -0.070     0.033     0.000     0.000     0.000     0.000
   7 0 1 1 0 0 0 0   0   0   0   0   0   0   0    16.359     0.000     0.000     0.000     0.000     0.000     0.000   0   0   0   0   0   0   0     0.000     0.001    -0.002     0.000     0.000     0.000     0.000
   7 0 1 1 0 0 0 0   0   0   0   0   0   0   0    16.359     0.000     0.000     0.000     0.000     0.000     0.000   0   0   0   0   0   0   0     0.000    -0.012     0.025     0.000     0.000     0.000     0.000
   7 0 1 1 0 0 0 0   0   0   0   0   0   0   0    16.359     0.000     0.000     0.000     0.000     0.000     0.000   0   0   0   0   0   0   0     0.000     0.022    -0.046     0.000     0.000     0.000     0.000
   7 0 1 1 0 0 0 0   0   0   0   0   0   0   0    16.359     0.000     0.000     0.000     0.000     0.000     0.000   0   0   0   0   0   0   0     0.000     0.031    -0.066     0.000     0.000     0.000     0.000
   7 0 1 1 0 0 0 0   0   0   0   0   0   0   0    16.359     0.000     0.000     0.000     0.000     0.000     0.000   0   0   0   0   0   0   0     0.000     0.001    -0.002     0.000     0.000     0.000     0.000
   7 0 1 1 0 0 0 0   0   0   0   0   0   0   0    16.359     0.000     0.000     0.000     0.000     0.000     0.000   0   0   0   0   0   0   0     0.000    -0.011     0.024     0.000     0.000     0.000     0.000
   7 0 1 1 0 0 0 0   0   0   0   0   0   0   0    16.359     0.000     0.000     0.000     0.000     0.000     0.000   0   0   0   0   0   0   0     0.000     0.020    -0.044     0.000     0.000     0.000     0.000
   7 0 1 1 0 0 0 0   0   0   0   0   0   0   0    16.359     0.000     0.000     0.000     0.000     0.000     0.000   0   0   0   0   0   0   0     0.000     0.029    -0.063     0.000     0.000     0.000     0.000
   7 0 1 1 0 0 0 0   0   0   0   0   0   0   0    16.359     0.000     0.000     0.000     0.000     0.000     0.000   0   0   0   0   0   0   0     0.000     0.001    -0.002     0.000     0.000     0.000     0.000
   7 0 1 1 0 0 0 0   4   0   0   0   0   0   0    21.492     0.000     0.000     0.000     0.000     0.000     0.000   0   0   0   0   0   0   0     0.000     0.023    -0.010     0.000     0.000     0.000     0.000
   7 0 1 1 0 0 0 0   0   0   0   0   0   0   0    16.359     0.000     0.000     0.000     0.000     0.000     0.000   0   0   0   0   0   0   0     0.000     0.019    -0.042     0.000     0.000     0.000     0.000
   7 0 1 1 0 0 0 0   0   0   0   0   0   0   0    16.359     0.000     0.000     0.000     0.000     0.000     0.000   0   0   0   0   0   0   0     0.000     0.027    -0.060     0.000     0.000     0.000     0.000
   7 0 1 1 0 0 0 0   4   0   0   0   0   0   0    21.492     0.000     0.000     0.000     0.000     0.000     0.000   0   0   0   0   0   0   0     0.000    -0.002     0.001     0.000     0.000     0.000     0.000
   7 0 1 1 0 0 0 0   0   0   0   0   0   0   0    16.359     0.000     0.000     0.000     0.000     0.000     0.000   0   0   0   0   0   0   0     0.000    -0.010     0.022     0.000     0.000     0.000     0.000
   7 0 1 1 0 0 0 0   0   0   0   0   0   0   0    16.359     0.000     0.000     0.000     0.000     0.000     0.000   0   0   0   0   0   0   0     0.000     0.018    -0.040     0.000     0.000     0.000     0.000
   7 0 1 1 0 0 0 0   0   0   0   0   0   0   0    16.359     0.000     0.000     0.000     0.000     0.000     0.000   0   0   0   0   0   0   0     0.000     0.025    -0.057     0.000     0.000     0.000     0.000
   7 0 1 1 0 0 0 0   0   0   0   0   0   0   0    16.359     0.000     0.000     0.000     0.000     0.000     0.000   0   0   0   0   0   0   0     0.000     0.001    -0.001     0.000     0.000     0.000     0.000
   7 0 1 1 0 0 0 0   0   0   0   0   0   0   0    16.359     0.000     0.000     0.000     0.000     0.000     0.000   0   0   0   0   0   0   0     0.000    -0.009     0.020     0.000     0.000     0.000     0.000
   7 0 1 1 0 0 0 0   0   0   0   0   0   0   0    16.359     0.000     0.000     0.000     0.000     0.000     0.000   0   0   0   0   0   0   0     0.000     0.016    -0.038     0.000     0.000     0.000     0.000
   7 0 1 1 0 0 0 0   0   0   0   0   0   0   0    16.359     0.000     0.000     0.000     0.000     0.000     0.000   0   0   0   0   0   0   0     0.000     0.023    -0.054     0.000     0.000     0.000     0.000
   7 0 1 1 0 0 0 0   0   0   0   0   0   0   0    16.359     0.000     0.000     0.000     0.000     0.000     0.000   0   0   0   0   0   0   0     0.000     0.001    -0.001     0.000     0.000     0.000     0.000
   7 0 1 1 0 0 0 0   0   0   0   0   0   0   0    16.359     0.000     0.000     0.000     0.000     0.000     0.000   0   0   0   0   0   0   0     0.000    -0.008     0.019     0.000     0.000     0.000     0.000
   7 0 1 1 0 0 0 0   0   0   0   0   0   0   0    16.359     0.000     0.000     0.000     0.000     0.000     0.000   0   0   0   0   0   0   0     0.000     0.015    -0.036     0.000     0.000     0.000     0.000
   7 0 1 1 0 0 0 0   0   0   0   0   0   0   0    16.359     0.000     0.000     0.000     0.000     0.000     0.000   0   0   0   0   0   0   0     0.000     0.022    -0.051     0.000     0.000     0.000     0.000
   7 0 1 1 0 0 0 0   0   0   0   0   0   0   0    16.359     0.000     0.000     0.000     0.000     0.000     0.000   0   0   0   0   0   0   0     0.000     0.001    -0.001     0.000     0.000     0.000     0.000
   7 0 1 1 0 0 0 0   0   0   0   0   0   0   0    16.359     0.000     0.000     0.000     0.000     0.000     0.000   0   0   0   0   0   0   0     0.000    -0.008     0.018     0.000     0.000     0.000     0.000
   7 0 1 1 0 0 0 0   0   0   0   0   0   0   0    16.359     0.000     0.000     0.000     0.000     0.000     0.000   0   0   0   0   0   0   0     0.000     0.014    -0.034     0.000     0.000     0.000     0.000
   7 0 1 1 0 0 0 0   4   0   0   0   0   0   0    21.492     0.000     0.000     0.000     0.000     0.000     0.000   0   0   0   0   0   0   0     0.000    -0.049     0.020     0.000     0.000     0.000     0.000
   7 0 1 1 0 0 0 0   0   0   0   0   0   0   0    16.359     0.000     0.000     0.000     0.000     0.000     0.000   0   0   0   0   0   0   0     0.000     0.001    -0.001     0.000     0.000     0.000     0.000
   7 0 1 1 0 0 0 0   0   0   0   0   0   0   0    16.359     0.000     0.000     0.000     0.000     0.000     0.000   0   0   0   0   0   0   0     0.000    -0.007     0.018     0.000     0.000     0.000     0.000
   7 0 1 1 0 0 0 0   0   0   0   0   0   0   0    16.359     0.000     0.000     0.000     0.000     0.000     0.000   0   0   0   0   0   0   0     0.000     0.013    -0.032     0.000     0.000     0.000     0.000
   7 0 1 1 0 0 0 0   0   0   0   0   0   0   0    16.359     0.000     0.000     0.000     0.000     0.000     0.000   0   0   0   0   0   0   0     0.000     0.019    -0.046     0.000     0.000     0.000     0.000
   7 0 1 1 0 0 0 0   0   0   0   0   0   0   0    16.359     0.000     0.000     0.000     0.000     0.000     0.000   0   0   0   0   0   0   0     0.000     0.000    -0.001     0.000     0.000     0.000     0.000
   7 0 1 1 0 0 0 0   0   0   0   0   0   0   0    16.359     0.000     0.000     0.000     0.000     0.000     0.000   0   0   0   0   0   0   0     0.000    -0.007     0.017     0.000     0.000     0.000     0.000
   7 0 1 1 0 0 0 0   0   0   0   0   0   0   0    16.359     0.000     0.000     0.000     0.000     0.000     0.000   0   0   0   0   0   0   0     0.000     0.012    -0.031     0.000     0.000     0.000     0.000
   7 0 1 1 0 0 0 0   0   0   0   0   0   0   0    16.359     0.000     0.000     0.000     0.000     0.000     0.000   0   0   0   0   0   0   0     0.000     0.018    -0.044     0.000     0.000     0.000     0.000
   7 0 1 1 0 0 0 0   0   0   0   0   0   0   0    16.359     0.000     0.000     0.000     0.000     0.000     0.000   0   0   0   0   0   0   0     0.000     0.000    -0.001     0.000     0.000     0.000     0.000
   7 0 1 1 0 0 0 0   0   0   0   0   0   0   0    16.359     0.000     0.000     0.000     0.000     0.000     0.000   0   0   0   0   0   0   0     0.000    -0.006     0.016     0.000     0.000     0.000     0.000
   7 0 1 1 0 0 0 0   0   0   0   0   0   0   0    16.359     0.000     0.000     0.000     0.000     0.000     0.000   0   0   0   0   0   0   0     0.000     0.012    -0.029     0.000     0.000     0.000     0.000
   7 0 1 1 0 0 0 0   0   0   0   0   0   0   0    16.359     0.000     0.000     0.000     0.000     0.000     0.000   0   0   0   0   0   0   0     0.000     0.017    -0.042     0.000     0.000     0.000     0.000
   7 0 1 1 0 0 0 0   0   0   0   0   0   0   0    16.359     0.000     0.000     0.000     0.000     0.000     0.000   0   0   0   0   0   0   0     0.000     0.000    -0.001     0.000     0.000     0.000     0.000
   7 0 1 1 0 0 0 0   0   0   0   0   0   0   0    16.359     0.000     0.000     0.000     0.000     0.000     0.000   0   0   0   0   0   0   0     0.000    -0.006     0.015     0.000     0.000     0.000     0.000
   7 0 1 1 0 0 0 0   0   0   0   0   0   0   0    16.359     0.000     0.000     0.000     0.000     0.000     0.000   0   0   0   0   0   0   0     0.000     0.011    -0.028     0.000     0.000     0.000     0.000
   7 0 1 1 0 0 0 0   0   0   0   0   0   0   0    16.359     0.000     0.000     0.000     0.000     0.000     0.000   0   0   0   0   0   0   0     0.000     0.016    -0.040     0.000     0.000     0.000     0.000
   7 0 1 1 0 0 0 0   0   0   0   0   0   0   0    16.359     0.000     0.000     0.000     0.000     0.000     0.000   0   0   0   0   0   0   0     0.000     0.000    -0.001     0.000     0.000     0.000     0.000
   7 0 1 1 0 0 0 0   0   0   0   0   0   0   0    16.359     0.000     0.000     0.000     0.000     0.000     0.000   0   0   0   0   0   0   0     0.000    -0.006     0.014     0.000     0.000     0.000     0.000
   7 0 1 1 0 0 0 0   0   0   0   0   0   0   0    16.359     0.000     0.000     0.000     0.000     0.000     0.000   0   0   0   0   0   0   0     0.000     0.010    -0.026     0.000     0.000     0.000     0.000
   7 0 1 1 0 0 0 0   0   0   0   0   0   0   0    16.359     0.000     0.000     0.000     0.000     0.000     0.000   0   0   0   0   0   0   0     0.000     0.014    -0.038     0.000     0.000     0.000     0.000
   7 0 1 1 0 0 0 0   0   0   0   0   0   0   0    16.359     0.000     0.000     0.000     0.000     0.000     0.000   0   0   0   0   0   0   0     0.000     0.000    -0.001     0.000     0.000     0.000     0.000
   7 0 1 1 0 0 0 0   0   0   0   0   0   0   0    16.359     0.000     0.000     0.000     0.000     0.000     0.000   0   0   0   0   0   0   0     0.000    -0.005     0.014     0.000     0.000     0.000     0.000
   7 0 1 1 0 0 0 0   0   0   0   0   0   0   0    16.359     0.000     0.000     0.000     0.000     0.000     0.000   0   0   0   0   0   0   0     0.000     0.009    -0.025     0.000     0.000     0.000     0.000
   7 0 1 1 0 0 0 0   0   0   0   0   0   0   0    16.359     0.000     0.000     0.000     0.000     0.000     0.000   0   0   0   0   0   0   0     0.000     0.014    -0.036     0.000     0.000     0.000     0.000
   7 0 1 1 0 0 0 0   0   0   0   0   0   0   0    16.359     0.000     0.000     0.000     0.000     0.000     0.000   0   0   0   0   0   0   0     0.000     0.000    -0.001     0.000     0.000     0.000     0.000
   7 0 1 1 0 0 0 0   0   0   0   0   0   0   0    16.359     0.000     0.000     0.000     0.000     0.000     0.000   0   0   0   0   0   0   0     0.000    -0.005     0.013     0.000     0.000     0.000     0.000
   7 0 1 1 0 0 0 0   4   0   0   0   0   0   0    21.492     0.000     0.000     0.000     0.000     0.000     0.000   0   0   0   0   0   0   0     0.000    -0.024     0.009     0.000     0.000     0.000     0.000
   7 0 1 1 0 0 0 0   0   0   0   0   0   0   0    16.359     0.000     0.000     0.000     0.000     0.000     0.000   0   0   0   0   0   0   0     0.000     0.013    -0.034     0.000     0.000     0.000     0.000
   7 0 1 1 0 0 0 0   0   0   0   0   0   0   0    16.359     0.000     0.000     0.000     0.000     0.000     0.000   0   0   0   0   0   0   0     0.000     0.000    -0.001     0.000     0.000     0.000     0.000
   7 0 1 1 0 0 0 0   0   0   0   0   0   0   0    16.359     0.000     0.000     0.000     0.000     0.000     0.000   0   0   0   0   0   0   0     0.000    -0.005     0.012     0.000     0.000     0.000     0.000
   7 0 1 1 0 0 0 0   0   0   0   0   0   0   0    16.359     0.000     0.000     0.000     0.000     0.000     0.000   0   0   0   0   0   0   0     0.000     0.008    -0.022     0.000     0.000     0.000     0.000
   7 0 1 1 0 0 0 0   0   0   0   0   0   0   0    16.359     0.000     0.000     0.000     0.000     0.000     0.000   0   0   0   0   0   0   0     0.000     0.012    -0.032     0.000     0.000     0.000     0.000
   7 0 1 1 0 0 0 0   0   0   0   0   0   0   0    16.359     0.000     0.000     0.000     0.000     0.000     0.000   0   0   0   0   0   0   0     0.000     0.000    -0.001     0.000     0.000     0.000     0.000
   7 0 1 1 0 0 0 0   4   0   0   0   0   0   0    21.492     0.000     0.000     0.000     0.000     0.000     0.000   0   0   0   0   0   0   0     0.000     0.012    -0.004     0.000     0.000     0.000     0.000
   7 0 1 1 0 0 0 0   0   0   0   0   0   0   0    16.359     0.000     0.000     0.000     0.000     0.000     0.000   0   0   0   0   0   0   0     0.000     0.008    -0.021     0.000     0.000     0.000     0.000
   7 0 1 1 0 0 0 0   0   0   0   0   0   0   0    16.359     0.000     0.000     0.000     0.000     0.000     0.000   0   0   0   0   0   0   0     0.000     0.011    -0.031     0.000     0.000     0.000     0.000
   7 0 1 1 0 0 0 0   0   0   0   0   0   0   0    16.359     0.000     0.000     0.000     0.000     0.000     0.000   0   0   0   0   0   0   0     0.000     0.000    -0.001     0.000     0.000     0.000     0.000
   7 0 1 1 0 0 0 0   0   0   0   0   0   0   0    16.359     0.000     0.000     0.000     0.000     0.000     0.000   0   0   0   0   0   0   0     0.000    -0.004     0.011     0.000     0.000     0.000     0.000
   7 0 1 1 0 0 0 0   0   0   0   0   0   0   0    16.359     0.000     0.000     0.000     0.000     0.000     0.000   0   0   0   0   0   0   0     0.000     0.007    -0.020     0.000     0.000     0.000     0.000
   7 0 1 1 0 0 0 0   0   0   0   0   0   0   0    16.359     0.000     0.000     0.000     0.000     0.000     0.000   0   0   0   0   0   0   0     0.000     0.010    -0.029     0.000     0.000     0.000     0.000
   7 0 1 1 0 0 0 0   0   0   0   0   0   0   0    16.359     0.000     0.000     0.000     0.000     0.000     0.000   0   0   0   0   0   0   0     0.000     0.000    -0.001     0.000     0.000     0.000     0.000
   7 0 1 1 0 0 0 0   0   0   0   0   0   0   0    16.359     0.000     0.000     0.000     0.000     0.000     0.000   0   0   0   0   0   0   0     0.000    -0.004     0.011     0.000     0.000     0.000     0.000
   7 0 1 1 0 0 0 0   0   0   0   0   0   0   0    16.359     0.000     0.000     0.000     0.000     0.000     0.000   0   0   0   0   0   0   0     0.000     0.007    -0.019     0.000     0.000     0.000     0.000
   7 0 1 1 0 0 0 0   0   0   0   0   0   0   0    16.359     0.000     0.000     0.000     0.000     0.000     0.000   0   0   0   0   0   0   0     0.000     0.010    -0.028     0.000     0.000     0.000     0.000
   7 0 1 1 0 0 0 0   0   0   0   0   0   0   0    16.359     0.000     0.000     0.000     0.000     0.000     0.000   0   0   0   0   0   0   0     0.000     0.000    -0.001     0.000     0.000     0.000     0.000
   7 0 1 1 0 0 0 0   0   0   0   0   0   0   0    16.359     0.000     0.000     0.000     0.000     0.000     0.000   0   0   0   0   0   0   0     0.000    -0.003     0.010     0.000     0.000     0.000     0.000
   7 0 1 1 0 0 0 0   4   0   0   0   0   0   0    21.492     0.000     0.000     0.000     0.000     0.000     0.000   0   0   0   0   0   0   0     0.000    -0.018     0.006     0.000     0.000     0.000     0.000
   7 0 1 1 0 0 0 0   0   0   0   0   0   0   0    16.359     0.000     0.000     0.000     0.000     0.000     0.000   0   0   0   0   0   0   0     0.000     0.009    -0.026     0.000     0.000     0.000     0.000
   7 0 1 1 0 0 0 0   0   0   0   0   0   0   0    16.359     0.000     0.000     0.000     0.000     0.000     0.000   0   0   0   0   0   0   0     0.000     0.000    -0.001     0.000     0.000     0.000     0.000
   7 0 1 1 0 0 0 0   4   0   0   0   0   0   0    21.492     0.000     0.000     0.000     0.000     0.000     0.000   0   0   0   0   0   0   0     0.000     0.009    -0.003     0.000     0.000     0.000     0.000
   7 0 1 1 0 0 0 0   0   0   0   0   0   0   0    16.359     0.000     0.000     0.000     0.000     0.000     0.000   0   0   0   0   0   0   0     0.000     0.006    -0.017     0.000     0.000     0.000     0.000
   7 0 1 1 0 0 0 0   0   0   0   0   0   0   0    16.359     0.000     0.000     0.000     0.000     0.000     0.000   0   0   0   0   0   0   0     0.000     0.008    -0.025     0.000     0.000     0.000     0.000
   7 0 1 1 0 0 0 0   0   0   0   0   0   0   0    16.359     0.000     0.000     0.000     0.000     0.000     0.000   0   0   0   0   0   0   0     0.000     0.000    -0.001     0.000     0.000     0.000     0.000
   7 0 1 1 0 0 0 0   0   0   0   0   0   0   0    16.359     0.000     0.000     0.000     0.000     0.000     0.000   0   0   0   0   0   0   0     0.000    -0.003     0.009     0.000     0.000     0.000     0.000
   7 0 1 1 0 0 0 0   0   0   0   0   0   0   0    16.359     0.000     0.000     0.000     0.000     0.000     0.000   0   0   0   0   0   0   0     0.000     0.005    -0.017     0.000     0.000     0.000     0.000
   7 0 1 1 0 0 0 0   0   0   0   0   0   0   0    16.359     0.000     0.000     0.000     0.000     0.000     0.000   0   0   0   0   0   0   0     0.000     0.008    -0.024     0.000     0.000     0.000     0.000
   7 0 1 1 0 0 0 0   0   0   0   0   0   0   0    16.359     0.000     0.000     0.000     0.000     0.000     0.000   0   0   0   0   0   0   0     0.000     0.000    -0.001     0.000     0.000     0.000     0.000
   7 0 1 1 0 0 0 0   0   0   0   0   0   0   0    16.359     0.000     0.000     0.000     0.000     0.000     0.000   0   0   0   0   0   0   0     0.000    -0.003     0.009     0.000     0.000     0.000     0.000
   7 0 1 1 0 0 0 0   0   0   0   0   0   0   0    16.359     0.000     0.000     0.000     0.000     0.000     0.000   0   0   0   0   0   0   0     0.000     0.005    -0.016     0.000     0.000     0.000     0.000
   7 0 1 1 0 0 0 0   0   0   0   0   0   0   0    16.359     0.000     0.000     0.000     0.000     0.000     0.000   0   0   0   0   0   0   0     0.000     0.007    -0.023     0.000     0.000     0.000     0.000
   7 0 1 1 0 0 0 0   0   0   0   0   0   0   0    16.359     0.000     0.000     0.000     0.000     0.000     0.000   0   0   0   0   0   0   0     0.000     0.000    -0.001     0.000     0.000     0.000     0.000
   7 0 1 1 0 0 0 0   0   0   0   0   0   0   0    16.359     0.000     0.000     0.000     0.000     0.000     0.000   0   0   0   0   0   0   0     0.000    -0.003     0.008     0.000     0.000     0.000     0.000
   7 0 1 1 0 0 0 0   0   0   0   0   0   0   0    16.359     0.000     0.000     0.000     0.000     0.000     0.000   0   0   0   0   0   0   0     0.000     0.005    -0.015     0.000     0.000     0.000     0.000
   7 0 1 1 0 0 0 0   0   0   0   0   0   0   0    16.359     0.000     0.000     0.000     0.000     0.000     0.000   0   0   0   0   0   0   0     0.000     0.007    -0.021     0.000     0.000     0.000     0.000
   7 0 1 1 0 0 0 0   0   0   0   0   0   0   0    16.359     0.000     0.000     0.000     0.000     0.000     0.000   0   0   0   0   0   0   0     0.000     0.000    -0.001     0.000     0.000     0.000     0.000
   7 0 1 1 0 0 0 0   0   0   0   0   0   0   0    16.359     0.000     0.000     0.000     0.000     0.000     0.000   0   0   0   0   0   0   0     0.000    -0.002     0.008     0.000     0.000     0.000     0.000
   7 0 1 1 0 0 0 0   0   0   0   0   0   0   0    16.359     0.000     0.000     0.000     0.000     0.000     0.000   0   0   0   0   0   0   0     0.000     0.004    -0.014     0.000     0.000     0.000     0.000
   7 0 1 1 0 0 0 0   0   0   0   0   0   0   0    16.359     0.000     0.000     0.000     0.000     0.000     0.000   0   0   0   0   0   0   0     0.000     0.006    -0.020     0.000     0.000     0.000     0.000
   7 0 1 1 0 0 0 0   0   0   0   0   0   0   0    16.359     0.000     0.000     0.000     0.000     0.000     0.000   0   0   0   0   0   0   0     0.000     0.000    -0.001     0.000     0.000     0.000     0.000
   7 0 1 1 0 0 0 0   0   0   0   0   0   0   0    16.359     0.000     0.000     0.000     0.000     0.000     0.000   0   0   0   0   0   0   0     0.000    -0.002     0.007     0.000     0.000     0.000     0.000
   7 0 1 1 0 0 0 0   0   0   0   0   0   0   0    16.359     0.000     0.000     0.000     0.000     0.000     0.000   0   0   0   0   0   0   0     0.000     0.004    -0.013     0.000     0.000     0.000     0.000
   7 0 1 1 0 0 0 0   0   0   0   0   0   0   0    16.359     0.000     0.000     0.000     0.000     0.000     0.000   0   0   0   0   0   0   0     0.000     0.006    -0.019     0.000     0.000     0.000     0.000
   7 0 1 1 0 0 0 0   0   0   0   0   0   0   0    16.359     0.000     0.000     0.000     0.000     0.000     0.000   0   0   0   0   0   0   0     0.000     0.000    -0.000     0.000     0.000     0.000     0.000
   7 0 1 1 0 0 0 0   0   0   0   0   0   0   0    16.359     0.000     0.000     0.000     0.000     0.000     0.000   0   0   0   0   0   0   0     0.000    -0.002     0.007     0.000     0.000     0.000     0.000
   7 0 1 1 0 0 0 0   0   0   0   0   0   0   0    16.359     0.000     0.000     0.000     0.000     0.000     0.000   0   0   0   0   0   0   0     0.000     0.004    -0.013     0.000     0.000     0.000     0.000
   7 0 1 1 0 0 0 0   0   0   0   0   0   0   0    16.359     0.000     0.000     0.000     0.000     0.000     0.000   0   0   0   0   0   0   0     0.000     0.006    -0.018     0.000     0.000     0.000     0.000
   7 0 1 1 0 0 0 0   0   0   0   0   0   0   0    16.359     0.000     0.000     0.000     0.000     0.000     0.000   0   0   0   0   0   0   0     0.000     0.000    -0.000     0.000     0.000     0.000     0.000
   7 0 1 1 0 0 0 0   0   0   0   0   0   0   0    16.359     0.000     0.000     0.000     0.000     0.000     0.000   0   0   0   0   0   0   0     0.000    -0.002     0.007     0.000     0.000     0.000     0.000
   7 0 1 1 0 0 0 0   0   0   0   0   0   0   0    16.359     0.000     0.000     0.000     0.000     0.000     0.000   0   0   0   0   0   0   0     0.000     0.004    -0.012     0.000     0.000     0.000     0.000
   7 0 1 1 0 0 0 0   0   0   0   0   0   0   0    16.359     0.000     0.000     0.000     0.000     0.000     0.000   0   0   0   0   0   0   0     0.000     0.005    -0.017     0.000     0.000     0.000     0.000
   7 0 1 1 0 0 0 0   0   0   0   0   0   0   0    16.359     0.000     0.000     0.000     0.000     0.000     0.000   0   0   0   0   0   0   0     0.000     0.000    -0.000     0.000     0.000     0.000     0.000
   7 0 1 1 0 0 0 0   0   0   0   0   0   0   0    16.359     0.000     0.000     0.000     0.000     0.000     0.000   0   0   0   0   0   0   0     0.000    -0.002     0.006     0.000     0.000     0.000     0.000
   7 0 1 1 0 0 0 0   0   0   0   0   0   0   0    16.359     0.000     0.000     0.000     0.000     0.000     0.000   0   0   0   0   0   0   0     0.000     0.003    -0.012     0.000     0.000     0.000     0.000
   7 0 1 1 0 0 0 0   0   0   0   0   0   0   0    16.359     0.000     0.000     0.000     0.000     0.000     0.000   0   0   0   0   0   0   0     0.000     0.005    -0.017     0.000     0.000     0.000     0.000
   7 0 1 1 0 0 0 0   0   0   0   0   0   0   0    16.359     0.000     0.000     0.000     0.000     0.000     0.000   0   0   0   0   0   0   0     0.000     0.000    -0.000     0.000     0.000     0.000     0.000
   7 0 1 1 0 0 0 0   0   0   0   0   0   0   0    16.359     0.000     0.000     0.000     0.000     0.000     0.000   0   0   0   0   0   0   0     0.000    -0.002     0.006     0.000     0.000     0.000     0.000
   7 0 1 1 0 0 0 0   0   0   0   0   0   0   0    16.359     0.000     0.000     0.000     0.000     0.000     0.000   0   0   0   0   0   0   0     0.000     0.003    -0.011     0.000     0.000     0.000     0.000
   7 0 1 1 0 0 0 0   0   0   0   0   0   0   0    16.359     0.000     0.000     0.000     0.000     0.000     0.000   0   0   0   0   0   0   0     0.000     0.004    -0.016     0.000     0.000     0.000     0.000
   7 0 1 1 0 0 0 0   0   0   0   0   0   0   0    16.359     0.000     0.000     0.000     0.000     0.000     0.000   0   0   0   0   0   0   0     0.000     0.000    -0.000     0.000     0.000     0.000     0.000
   7 0 1 1 0 0 0 0   0   0   0   0   0   0   0    16.359     0.000     0.000     0.000     0.000     0.000     0.000   0   0   0   0   0   0   0     0.000    -0.002     0.006     0.000     0.000     0.000     0.000
   7 0 1 1 0 0 0 0   0   0   0   0   0   0   0    16.359     0.000     0.000     0.000     0.000     0.000     0.000   0   0   0   0   0   0   0     0.000     0.003    -0.010     0.000     0.000     0.000     0.000
   7 0 1 1 0 0 0 0   0   0   0   0   0   0   0    16.359     0.000     0.000     0.000     0.000     0.000     0.000   0   0   0   0   0   0   0     0.000     0.004    -0.015     0.000     0.000     0.000     0.000
   7 0 1 1 0 0 0 0   0   0   0   0   0   0   0    16.359     0.000     0.000     0.000     0.000     0.000     0.000   0   0   0   0   0   0   0     0.000     0.000    -0.000     0.000     0.000     0.000     0.000
   7 0 1 1 0 0 0 0   0   0   0   0   0   0   0    16.359     0.000     0.000     0.000     0.000     0.000     0.000   0   0   0   0   0   0   0     0.000    -0.002     0.005     0.000     0.000     0.000     0.000
   7 0 1 1 0 0 0 0   0   0   0   0   0   0   0    16.359     0.000     0.000     0.000     0.000     0.000     0.000   0   0   0   0   0   0   0     0.000     0.003    -0.010     0.000     0.000     0.000     0.000
   7 0 1 1 0 0 0 0   0   0   0   0   0   0   0    16.359     0.000     0.000     0.000     0.000     0.000     0.000   0   0   0   0   0   0   0     0.000     0.004    -0.014     0.000     0.000     0.000     0.000
   7 0 1 1 0 0 0 0   0   0   0   0   0   0   0    16.359     0.000     0.000     0.000     0.000     0.000     0.000   0   0   0   0   0   0   0     0.000     0.000    -0.000     0.000     0.000     0.000     0.000
   7 0 1 1 0 0 0 0   0   0   0   0   0   0   0    16.359     0.000     0.000     0.000     0.000     0.000     0.000   0   0   0   0   0   0   0     0.000    -0.001     0.005     0.000     0.000     0.000     0.000
   7 0 1 1 0 0 0 0   0   0   0   0   0   0   0    16.359     0.000     0.000     0.000     0.000     0.000     0.000   0   0   0   0   0   0   0     0.000     0.003    -0.009     0.000     0.000     0.000     0.000
   7 0 1 1 0 0 0 0   0   0   0   0   0   0   0    16.359     0.000     0.000     0.000     0.000     0.000     0.000   0   0   0   0   0   0   0     0.000     0.004    -0.013     0.000     0.000     0.000     0.000
   7 0 1 1 0 0 0 0   4   0   0   0   0   0   0    21.492     0.000     0.000     0.000     0.000     0.000     0.000   0   0   0   0   0   0   0     0.000    -0.000     0.000     0.000     0.000     0.000     0.000
   7 0 1 1 0 0 0 0   0   0   0   0   0   0   0    16.359     0.000     0.000     0.000     0.000     0.000     0.000   0   0   0   0   0   0   0     0.000    -0.001     0.005     0.000     0.000     0.000     0.000
