  400
   1 1   0     0.000   0     4.841
   1 1   0     0.000   0     5.509
   1 1   0     0.000   0     5.793
   1 1   0     0.000   0     6.056
   7 0 0 0 1 1 1 1  31  22  15   0   0   0   0     5.353     5.473    54.295     0.000     0.000     0.000     0.000   0   0   0   0   0   0   0     0.000     0.000     0.000    -0.099    -0.210     0.030     0.199
   7 0 0 0 1 1 1 1  25  12  25   0   0   0   0     5.648    48.347     5.843     0.000     0.000     0.000     0.000   0   0   0   0   0   0   0     0.000     0.000     0.000    -0.255    -0.077     0.030     0.106
   7 0 0 0 1 1 1 1  29  25  26   0   0   0   0     5.585     5.271     5.881     0.000     0.000     0.000     0.000   0   0   0   0   0   0   0     0.000     0.000     0.000    -0.252    -0.105    -0.016     0.080
   7 0 0 0 1 1 1 1  29  24  24   0   0   0   0     5.685     5.200     5.457     0.000     0.000     0.000     0.000   0   0   0   0   0   0   0     0.000     0.000     0.000    -0.404    -0.167     0.007     0.210
   7 0 0 0 1 1 1 1  31  17  16   0   0   0   0     5.342    56.590    59.585     0.000     0.000     0.000     0.000   0   0   0   0   0   0   0     0.000     0.000     0.000    -0.188    -0.092     0.023     0.166
   7 0 0 0 1 1 1 1  25  12  25   0   0   0   0     5.649    48.347     5.818     0.000     0.000     0.000     0.000   0   0   0   0   0   0   0     0.000     0.000     0.000    -0.230    -0.069     0.017     0.091
   7 0 0 0 1 1 1 1  29  25  26   0   0   0   0     5.643     5.291     5.889     0.000     0.000     0.000     0.000   0   0   0   0   0   0   0     0.000     0.000     0.000    -0.224    -0.080    -0.007     0.074
   7 0 0 0 1 1 1 1  29  24  24   0   0   0   0     5.685     5.181     5.454     0.000     0.000     0.000     0.000   0   0   0   0   0   0   0     0.000     0.000     0.000    -0.372    -0.155     0.005     0.188
   7 0 0 0 1 1 1 1  31   1  27   0   0   0   0     5.361    21.895     5.181     0.000     0.000     0.000     0.000   0   0   0   0   0   0   0     0.000     0.000     0.000    -0.073    -0.169     0.155     0.025
   7 0 0 0 1 1 1 1  25  12  25   0   0   0   0     5.666    48.085     5.910     0.000     0.000     0.000     0.000   0   0   0   0   0   0   0     0.000     0.000     0.000    -0.209    -0.062     0.040     0.100
   7 0 0 0 1 1 1 1  29  25  26   0   0   0   0     5.523     5.223     5.881     0.000     0.000     0.000     0.000   0   0   0   0   0   0   0     0.000     0.000     0.000    -0.236    -0.117    -0.018     0.065
   7 0 0 0 1 1 1 1  29   3  24   0   0   0   0     5.690    22.225     5.468     0.000     0.000     0.000     0.000   0   0   0   0   0   0   0     0.000     0.000     0.000    -0.373    -0.150     0.010     0.172
   7 0 0 0 1 1 1 1  31  22  15   0   0   0   0     5.363     5.464    54.295     0.000     0.000     0.000     0.000   0   0   0   0   0   0   0     0.000     0.000     0.000    -0.061    -0.148     0.024     0.148
   7 0 0 0 1 1 1 1  25  12  25   0   0   0   0     5.685    47.844     5.919     0.000     0.000     0.000     0.000   0   0   0   0   0   0   0     0.000     0.000     0.000    -0.198    -0.059     0.041     0.092
   7 0 0 0 1 1 1 1  24  25  31   0   0   0   0     5.278     5.231     5.409     0.000     0.000     0.000     0.000   0   0   0   0   0   0   0     0.000     0.000     0.000    -0.211    -0.094    -0.021     0.054
   7 0 0 0 1 1 1 1  29  24  24   0   0   0   0     5.665     5.207     5.438     0.000     0.000     0.000     0.000   0   0   0   0   0   0   0     0.000     0.000     0.000    -0.297    -0.129    -0.003     0.151
   7 0 0 0 1 1 1 1  31   1  27   0   0   0   0     5.334    21.918     5.264     0.000     0.000     0.000     0.000   0   0   0   0   0   0   0     0.000     0.000     0.000    -0.079    -0.157     0.082     0.004
   7 0 0 0 1 1 1 1  25  12  25   0   0   0   0     5.633    47.484     5.793     0.000     0.000     0.000     0.000   0   0   0   0   0   0   0     0.000     0.000     0.000    -0.192    -0.067    -0.003     0.065
   7 0 0 0 1 1 1 1  31  25  26   0   0   0   0     5.348     5.313     5.847     0.000     0.000     0.000     0.000   0   0   0   0   0   0   0     0.000     0.000     0.000    -0.163    -0.057    -0.017     0.049
   7 0 0 0 1 1 1 1  29  24  28   0   0   0   0     5.699     5.244     5.637     0.000     0.000     0.000     0.000   0   0   0   0   0   0   0     0.000     0.000     0.000    -0.254    -0.086     0.025     0.158
   7 0 0 0 1 1 1 1  31   1  16   0   0   0   0     5.363    21.902    60.425     0.000     0.000     0.000     0.000   0   0   0   0   0   0   0     0.000     0.000     0.000    -0.055    -0.129     0.019     0.128
   7 0 0 0 1 1 1 1  25  12  25   0   0   0   0     5.703    48.660     5.931     0.000     0.000     0.000     0.000   0   0   0   0   0   0   0     0.000     0.000     0.000    -0.153    -0.040     0.035     0.080
   7 0 0 0 1 1 1 1  24  25  26   0   0   0   0     5.245     5.160     5.892     0.000     0.000     0.000     0.000   0   0   0   0   0   0   0     0.000     0.000     0.000    -0.217    -0.095    -0.011     0.051
   7 0 0 0 1 1 1 1  29   3  23   0   0   0   0     5.701    22.174     5.684     0.000     0.000     0.000     0.000   0   0   0   0   0   0   0     0.000     0.000     0.000    -0.289    -0.102     0.012     0.130
   7 0 0 0 1 1 1 1  31  17  16   0   0   0   0     5.326    56.427    59.215     0.000     0.000     0.000     0.000   0   0   0   0   0   0   0     0.000     0.000     0.000    -0.126    -0.066     0.011     0.101
   7 0 0 0 1 1 1 1  25  12  25   0   0   0   0     5.633    47.081     5.826     0.000     0.000     0.000     0.000   0   0   0   0   0   0   0     0.000     0.000     0.000    -0.196    -0.066     0.006     0.057
   7 0 0 0 1 1 1 1  29  25  29   0   0   0   0     5.523     5.142     5.845     0.000     0.000     0.000     0.000   0   0   0   0   0   0   0     0.000     0.000     0.000    -0.202    -0.090     0.005     0.075
   7 0 0 0 1 1 1 1  29  29  24   0   0   0   0     5.664     5.303     5.403     0.000     0.000     0.000     0.000   0   0   0   0   0   0   0     0.000     0.000     0.000    -0.339    -0.129    -0.012     0.105
   7 0 0 0 1 1 1 1  31  22  27   0   0   0   0     5.368     5.475     5.182     0.000     0.000     0.000     0.000   0   0   0   0   0   0   0     0.000     0.000     0.000    -0.043    -0.107     0.098     0.015
   7 0 0 0 1 1 1 1  25  12  25   0   0   0   0     5.547    46.808     5.762     0.000     0.000     0.000     0.000   0   0   0   0   0   0   0     0.000     0.000     0.000    -0.192    -0.098    -0.023     0.046
   7 0 0 0 1 1 1 1  31  24  23   0   0   0   0     5.383     5.191     5.623     0.000     0.000     0.000     0.000   0   0   0   0   0   0   0     0.000     0.000     0.000    -0.109    -0.025     0.014     0.063
   7 0 0 0 1 1 1 1  29   3  28   0   0   0   0     5.671    22.240     5.645     0.000     0.000     0.000     0.000   0   0   0   0   0   0   0     0.000     0.000     0.000    -0.231    -0.094     0.012     0.122
   7 0 0 0 1 1 1 1  29  17  27   0   0   0   0     5.669    56.464     5.280     0.000     0.000     0.000     0.000   0   0   0   0   0   0   0     0.000     0.000     0.000    -0.100    -0.042     0.057     0.001
   7 0 0 0 1 1 1 1  25  12  25   0   0   0   0     5.601    47.002     5.783     0.000     0.000     0.000     0.000   0   0   0   0   0   0   0     0.000     0.000     0.000    -0.165    -0.075    -0.015     0.043
   7 0 0 0 1 1 1 1  26  30  23   0   0   0   0     5.818     5.073     5.623     0.000     0.000     0.000     0.000   0   0   0   0   0   0   0     0.000     0.000     0.000    -0.098    -0.023     0.012     0.060
   7 0 0 0 1 1 1 1  24  11  30   0   0   0   0     5.292    43.360     5.610     0.000     0.000     0.000     0.000   0   0   0   0   0   0   0     0.000     0.000     0.000    -0.344    -0.134     0.009     0.129
   7 0 0 0 1 1 1 1  25   1  27   0   0   0   0     5.607    21.929     5.233     0.000     0.000     0.000     0.000   0   0   0   0   0   0   0     0.000     0.000     0.000    -0.050    -0.105     0.060     0.002
   7 0 0 0 1 1 1 1   4  12  25   0   0   0   0    22.581    47.592     5.940     0.000     0.000     0.000     0.000   0   0   0   0   0   0   0     0.000     0.000     0.000    -0.116    -0.038     0.018     0.061
   7 0 0 0 1 1 1 1  24  17  31   0   0   0   0     5.306    56.579     5.438     0.000     0.000     0.000     0.000   0   0   0   0   0   0   0     0.000     0.000     0.000    -0.118    -0.043    -0.008     0.034
   7 0 0 0 1 1 1 1  29  24  23   0   0   0   0     5.701     5.251     5.831     0.000     0.000     0.000     0.000   0   0   0   0   0   0   0     0.000     0.000     0.000    -0.157    -0.046     0.027     0.125
   7 0 0 0 1 1 1 1  29  12  21   0   0   0   0     5.685    47.630    64.499     0.000     0.000     0.000     0.000   0   0   0   0   0   0   0     0.000     0.000     0.000    -0.077    -0.029    -0.036     0.031
   7 0 0 0 1 1 1 1  25  18  25   0   0   0   0     5.536    50.056     5.755     0.000     0.000     0.000     0.000   0   0   0   0   0   0   0     0.000     0.000     0.000    -0.074    -0.151    -0.018     0.034
   7 0 0 0 1 1 1 1  26  29  23   0   0   0   0     5.846     5.499     5.703     0.000     0.000     0.000     0.000   0   0   0   0   0   0   0     0.000     0.000     0.000    -0.080    -0.017     0.012     0.057
   7 0 0 0 1 1 1 1  29  29  24   0   0   0   0     5.701     5.501     5.403     0.000     0.000     0.000     0.000   0   0   0   0   0   0   0     0.000     0.000     0.000    -0.154    -0.047    -0.007     0.075
   7 0 0 0 1 1 1 1  31  17  19   0   0   0   0     5.368    56.218    66.242     0.000     0.000     0.000     0.000   0   0   0   0   0   0   0     0.000     0.000     0.000    -0.099    -0.036     0.010     0.084
   7 0 0 0 1 1 1 1   4  12  25   0   0   0   0    22.581    47.401     5.961     0.000     0.000     0.000     0.000   0   0   0   0   0   0   0     0.000     0.000     0.000    -0.100    -0.034     0.016     0.057
   7 0 0 0 1 1 1 1  24  27  29   0   0   0   0     5.306     5.230     5.802     0.000     0.000     0.000     0.000   0   0   0   0   0   0   0     0.000     0.000     0.000    -0.158    -0.045     0.002     0.040
   7 0 0 0 1 1 1 1  29  24  23   0   0   0   0     5.720     5.255     5.834     0.000     0.000     0.000     0.000   0   0   0   0   0   0   0     0.000     0.000     0.000    -0.129    -0.027     0.030     0.109
   7 0 0 0 1 1 1 1  25   1  22   0   0   0   0     5.615    21.938     5.335     0.000     0.000     0.000     0.000   0   0   0   0   0   0   0     0.000     0.000     0.000    -0.038    -0.087     0.006     0.068
   7 0 0 0 1 1 1 1  25   3  25   0   0   0   0     5.608    22.013     5.861     0.000     0.000     0.000     0.000   0   0   0   0   0   0   0     0.000     0.000     0.000    -0.129    -0.052    -0.001     0.035
   7 0 0 0 1 1 1 1  26  27  26   0   0   0   0     5.818     5.277     6.010     0.000     0.000     0.000     0.000   0   0   0   0   0   0   0     0.000     0.000     0.000    -0.098    -0.024     0.017     0.094
   7 0 0 0 1 1 1 1  24  29  30   0   0   0   0     5.387     5.592     5.642     0.000     0.000     0.000     0.000   0   0   0   0   0   0   0     0.000     0.000     0.000    -0.121    -0.021     0.032     0.097
   7 0 0 0 1 1 1 1  29  22  19   0   0   0   0     5.685     5.467    57.489     0.000     0.000     0.000     0.000   0   0   0   0   0   0   0     0.000     0.000     0.000    -0.022    -0.057    -0.031     0.025
   7 0 0 0 1 1 1 1  25  18  25   0   0   0   0     5.529    50.124     5.805     0.000     0.000     0.000     0.000   0   0   0   0   0   0   0     0.000     0.000     0.000    -0.057    -0.121    -0.009     0.028
   7 0 0 0 1 1 1 1  31  25  26   0   0   0   0     5.356     5.174     5.994     0.000     0.000     0.000     0.000   0   0   0   0   0   0   0     0.000     0.000     0.000    -0.112    -0.032     0.011     0.076
   7 0 0 0 1 1 1 1  29  31  24   0   0   0   0     5.642     5.133     5.400     0.000     0.000     0.000     0.000   0   0   0   0   0   0   0     0.000     0.000     0.000    -0.258    -0.070    -0.012     0.056
   7 0 0 0 1 1 1 1  25   1  27   0   0   0   0     5.615    21.946     5.329     0.000     0.000     0.000     0.000   0   0   0   0   0   0   0     0.000     0.000     0.000    -0.032    -0.079     0.032    -0.006
   7 0 0 0 1 1 1 1   4  12  25   0   0   0   0    22.607    47.133     5.970     0.000     0.000     0.000     0.000   0   0   0   0   0   0   0     0.000     0.000     0.000    -0.089    -0.029     0.012     0.049
   7 0 0 0 1 1 1 1  26  19  23   0   0   0   0     5.810    62.004     5.607     0.000     0.000     0.000     0.000   0   0   0   0   0   0   0     0.000     0.000     0.000    -0.011    -0.054     0.006     0.037
   7 0 0 0 1 1 1 1  24  29  24   0   0   0   0     5.310     5.273     5.499     0.000     0.000     0.000     0.000   0   0   0   0   0   0   0     0.000     0.000     0.000    -0.215    -0.065    -0.005     0.057
   7 0 0 0 1 1 1 1  29  18  18   0   0   0   0     5.688    49.992    49.402     0.000     0.000     0.000     0.000   0   0   0   0   0   0   0     0.000     0.000     0.000    -0.024    -0.069     0.008     0.075
   7 0 0 0 1 1 1 1  25  18  25   0   0   0   0     5.582    50.186     5.868     0.000     0.000     0.000     0.000   0   0   0   0   0   0   0     0.000     0.000     0.000    -0.045    -0.107    -0.002     0.027
   7 0 0 0 1 1 1 1  26  25  23   0   0   0   0     5.846     5.246     5.703     0.000     0.000     0.000     0.000   0   0   0   0   0   0   0     0.000     0.000     0.000    -0.069    -0.015     0.008     0.038
   7 0 0 0 1 1 1 1  29  11  24   0   0   0   0     5.569    42.728     5.390     0.000     0.000     0.000     0.000   0   0   0   0   0   0   0     0.000     0.000     0.000    -0.246    -0.072    -0.016     0.045
   7 0 0 0 1 1 1 1  12   3  16   0   0   0   0    48.248    21.721    59.215     0.000     0.000     0.000     0.000   0   0   0   0   0   0   0     0.000     0.000     0.000    -0.121    -0.032     0.003     0.048
   7 0 0 0 1 1 1 1  25  25  25   0   0   0   0     5.727     5.515     5.993     0.000     0.000     0.000     0.000   0   0   0   0   0   0   0     0.000     0.000     0.000    -0.052    -0.013     0.014     0.049
   7 0 0 0 1 1 1 1  24  11  13   0   0   0   0     5.315    42.728    44.766     0.000     0.000     0.000     0.000   0   0   0   0   0   0   0     0.000     0.000     0.000    -0.124    -0.029     0.073     0.008
   7 0 0 0 1 1 1 1  29  29  23   0   0   0   0     5.767     5.521     5.880     0.000     0.000     0.000     0.000   0   0   0   0   0   0   0     0.000     0.000     0.000    -0.086    -0.012     0.032     0.104
   7 0 0 0 1 1 1 1  32  22  16   0   0   0   0     4.262     5.487    53.538     0.000     0.000     0.000     0.000   0   0   0   0   0   0   0     0.000     0.000     0.000    -0.015    -0.044    -0.026     0.022
   7 0 0 0 1 1 1 1   4  12   4   0   0   0   0    22.611    46.984    23.831     0.000     0.000     0.000     0.000   0   0   0   0   0   0   0     0.000     0.000     0.000    -0.074    -0.022     0.009     0.037
   7 0 0 0 1 1 1 1  25  23  23   0   0   0   0     5.768     5.729     5.678     0.000     0.000     0.000     0.000   0   0   0   0   0   0   0     0.000     0.000     0.000    -0.036    -0.004     0.005     0.036
   7 0 0 0 1 1 1 1  24  11  23   0   0   0   0     5.337    43.743     5.828     0.000     0.000     0.000     0.000   0   0   0   0   0   0   0     0.000     0.000     0.000    -0.166    -0.043     0.008     0.063
   7 0 0 0 1 1 1 1  25   1  16   0   0   0   0     5.615    21.966    62.795     0.000     0.000     0.000     0.000   0   0   0   0   0   0   0     0.000     0.000     0.000    -0.024    -0.077     0.004     0.062
   7 0 0 0 1 1 1 1  25  12  25   0   0   0   0     5.614    46.133     5.909     0.000     0.000     0.000     0.000   0   0   0   0   0   0   0     0.000     0.000     0.000    -0.103    -0.032     0.002     0.025
   7 0 0 0 1 1 1 1  25   1  23   0   0   0   0     5.733    21.950     5.578     0.000     0.000     0.000     0.000   0   0   0   0   0   0   0     0.000     0.000     0.000    -0.013    -0.065     0.003     0.029
   7 0 0 0 1 1 1 1  29  12  23   0   0   0   0     5.760    47.150     5.866     0.000     0.000     0.000     0.000   0   0   0   0   0   0   0     0.000     0.000     0.000    -0.105    -0.017     0.025     0.085
   7 0 0 0 1 1 1 1  29  17  18   0   0   0   0     5.701    56.213    42.858     0.000     0.000     0.000     0.000   0   0   0   0   0   0   0     0.000     0.000     0.000    -0.050    -0.016    -0.033     0.016
   7 0 0 0 1 1 1 1  25  12  25   0   0   0   0     5.561    46.092     5.909     0.000     0.000     0.000     0.000   0   0   0   0   0   0   0     0.000     0.000     0.000    -0.097    -0.033     0.001     0.022
   7 0 0 0 1 1 1 1  29  12  19   0   0   0   0     5.501    45.703    65.332     0.000     0.000     0.000     0.000   0   0   0   0   0   0   0     0.000     0.000     0.000    -0.123    -0.033     0.002     0.037
   7 0 0 0 1 1 1 1  30  11  28   0   0   0   0     5.220    42.391     5.646     0.000     0.000     0.000     0.000   0   0   0   0   0   0   0     0.000     0.000     0.000    -0.216    -0.039     0.003     0.043
   7 0 0 0 1 1 1 1  16  32  16   0   0   0   0    59.215     4.254    63.619     0.000     0.000     0.000     0.000   0   0   0   0   0   0   0     0.000     0.000     0.000    -0.020     0.004     0.025     0.059
   7 0 0 0 1 1 1 1   4  12  25   0   0   0   0    22.691    47.197     5.999     0.000     0.000     0.000     0.000   0   0   0   0   0   0   0     0.000     0.000     0.000    -0.050    -0.015     0.009     0.037
   7 0 0 0 1 1 1 1  24  17  13   0   0   0   0     5.332    56.570    44.338     0.000     0.000     0.000     0.000   0   0   0   0   0   0   0     0.000     0.000     0.000    -0.052    -0.013     0.067     0.006
   7 0 0 0 1 1 1 1  24  12  23   0   0   0   0     5.369    47.085     5.899     0.000     0.000     0.000     0.000   0   0   0   0   0   0   0     0.000     0.000     0.000    -0.094    -0.019     0.017     0.077
   7 0 0 0 1 1 1 1  12  18  27   0   0   0   0    47.989    50.633     5.342     0.000     0.000     0.000     0.000   0   0   0   0   0   0   0     0.000     0.000     0.000    -0.022    -0.092     0.019    -0.005
   7 0 0 0 1 1 1 1  25  25  25   0   0   0   0     5.728     5.275     5.977     0.000     0.000     0.000     0.000   0   0   0   0   0   0   0     0.000     0.000     0.000    -0.045    -0.012     0.008     0.029
   7 0 0 0 1 1 1 1  25  25  23   0   0   0   0     5.783     5.091     5.678     0.000     0.000     0.000     0.000   0   0   0   0   0   0   0     0.000     0.000     0.000    -0.084    -0.012     0.004     0.029
   7 0 0 0 1 1 1 1  29  28  24   0   0   0   0     5.585     5.001     5.376     0.000     0.000     0.000     0.000   0   0   0   0   0   0   0     0.000     0.000     0.000    -0.203    -0.044    -0.010     0.027
   7 0 0 0 1 1 1 1  16  31  16   0   0   0   0    59.109     5.321    63.670     0.000     0.000     0.000     0.000   0   0   0   0   0   0   0     0.000     0.000     0.000    -0.023     0.001     0.021     0.053
   7 0 0 0 1 1 1 1  25  12   4   0   0   0   0     5.597    45.575    23.823     0.000     0.000     0.000     0.000   0   0   0   0   0   0   0     0.000     0.000     0.000    -0.104    -0.024     0.003     0.024
   7 0 0 0 1 1 1 1  31  29  10   0   0   0   0     5.374     5.167    16.135     0.000     0.000     0.000     0.000   0   0   0   0   0   0   0     0.000     0.000     0.000    -0.100    -0.014     0.007     0.061
   7 0 0 0 1 1 1 1  29  28  30   0   0   0   0     5.629     5.044     5.656     0.000     0.000     0.000     0.000   0   0   0   0   0   0   0     0.000     0.000     0.000    -0.149    -0.034     0.005     0.047
   7 0 0 0 1 1 1 1  24  13  27   0   0   0   0     5.342    48.956     5.348     0.000     0.000     0.000     0.000   0   0   0   0   0   0   0     0.000     0.000     0.000    -0.049    -0.012     0.019    -0.004
   7 0 0 0 1 1 1 1   4   3  25   0   0   0   0    22.715    22.030     6.018     0.000     0.000     0.000     0.000   0   0   0   0   0   0   0     0.000     0.000     0.000    -0.049    -0.013     0.007     0.031
   7 0 0 0 1 1 1 1  24  17  19   0   0   0   0     5.342    56.570    65.332     0.000     0.000     0.000     0.000   0   0   0   0   0   0   0     0.000     0.000     0.000    -0.042    -0.010     0.004     0.030
   7 0 0 0 1 1 1 1  24   3  23   0   0   0   0     5.344    21.726     5.858     0.000     0.000     0.000     0.000   0   0   0   0   0   0   0     0.000     0.000     0.000    -0.180    -0.028     0.008     0.056
   7 0 0 0 1 1 1 1  27  31  12   0   0   0   0     5.139     5.518    47.985     0.000     0.000     0.000     0.000   0   0   0   0   0   0   0     0.000     0.000     0.000     0.022     0.047    -0.019     0.002
   7 0 0 0 1 1 1 1  25  18   1   0   0   0   0     5.747    49.617    22.447     0.000     0.000     0.000     0.000   0   0   0   0   0   0   0     0.000     0.000     0.000    -0.009    -0.034     0.007     0.029
   7 0 0 0 1 1 1 1  25   1  29   0   0   0   0     5.672    21.971     6.100     0.000     0.000     0.000     0.000   0   0   0   0   0   0   0     0.000     0.000     0.000    -0.010    -0.062     0.006     0.058
   7 0 0 0 1 1 1 1  29   1  23   0   0   0   0     5.521    22.017     5.643     0.000     0.000     0.000     0.000   0   0   0   0   0   0   0     0.000     0.000     0.000    -0.041    -0.201    -0.006     0.024
   7 0 0 0 1 1 1 1  32  12  18   0   0   0   0     4.271    45.575    42.821     0.000     0.000     0.000     0.000   0   0   0   0   0   0   0     0.000     0.000     0.000    -0.077    -0.011    -0.027     0.012
   7 0 0 0 1 1 1 1  25  18  25   0   0   0   0     5.515    50.633     5.849     0.000     0.000     0.000     0.000   0   0   0   0   0   0   0     0.000     0.000     0.000    -0.021    -0.087    -0.002     0.011
   7 0 0 0 1 1 1 1  24  17  19   0   0   0   0     5.344    56.742    65.232     0.000     0.000     0.000     0.000   0   0   0   0   0   0   0     0.000     0.000     0.000    -0.033    -0.008     0.003     0.026
   7 0 0 0 1 1 1 1  29  12  23   0   0   0   0     5.767    47.203     5.940     0.000     0.000     0.000     0.000   0   0   0   0   0   0   0     0.000     0.000     0.000    -0.057    -0.009     0.017     0.077
   7 0 0 0 1 1 1 1  16   9  23   0   0   0   0    59.109    18.803     5.735     0.000     0.000     0.000     0.000   0   0   0   0   0   0   0     0.000     0.000     0.000    -0.003    -0.077     0.013     0.036
   7 0 0 0 1 1 1 1   4   3  25   0   0   0   0    22.733    21.952     5.976     0.000     0.000     0.000     0.000   0   0   0   0   0   0   0     0.000     0.000     0.000    -0.048    -0.010     0.005     0.019
   7 0 0 0 1 1 1 1  30  27  26   0   0   0   0     5.120     5.200     6.018     0.000     0.000     0.000     0.000   0   0   0   0   0   0   0     0.000     0.000     0.000    -0.086    -0.016     0.003     0.041
   7 0 0 0 1 1 1 1  30  16  17   0   0   0   0     5.220    57.195    54.587     0.000     0.000     0.000     0.000   0   0   0   0   0   0   0     0.000     0.000     0.000    -0.046    -0.005     0.066     0.007
   7 0 0 0 1 1 1 1  24  13  16   0   0   0   0     5.339    48.956    55.332     0.000     0.000     0.000     0.000   0   0   0   0   0   0   0     0.000     0.000     0.000    -0.043    -0.010    -0.004     0.014
   7 0 0 0 1 1 1 1  25  25  25   0   0   0   0     5.576     5.014     5.953     0.000     0.000     0.000     0.000   0   0   0   0   0   0   0     0.000     0.000     0.000    -0.074    -0.016     0.001     0.015
   7 0 0 0 1 1 1 1  25  27  23   0   0   0   0     5.783     5.206     5.701     0.000     0.000     0.000     0.000   0   0   0   0   0   0   0     0.000     0.000     0.000    -0.071    -0.008     0.002     0.020
   7 0 0 0 1 1 1 1  29  29  23   0   0   0   0     5.771     5.232     5.959     0.000     0.000     0.000     0.000   0   0   0   0   0   0   0     0.000     0.000     0.000    -0.093    -0.010     0.015     0.071
   7 0 0 0 1 1 1 1  32  14   6   0   0   0   0     4.270    48.846    20.685     0.000     0.000     0.000     0.000   0   0   0   0   0   0   0     0.000     0.000     0.000    -0.009    -0.064     0.012    -0.015
   7 0 0 0 1 1 1 1  25  18   1   0   0   0   0     5.747    50.046    22.447     0.000     0.000     0.000     0.000   0   0   0   0   0   0   0     0.000     0.000     0.000    -0.007    -0.033     0.005     0.022
   7 0 0 0 1 1 1 1  24  17  13   0   0   0   0     5.344    56.686    43.517     0.000     0.000     0.000     0.000   0   0   0   0   0   0   0     0.000     0.000     0.000    -0.028    -0.007     0.052     0.004
   7 0 0 0 1 1 1 1  24   3  23   0   0   0   0     5.369    21.726     5.917     0.000     0.000     0.000     0.000   0   0   0   0   0   0   0     0.000     0.000     0.000    -0.132    -0.014     0.010     0.050
   7 0 0 0 1 1 1 1  27  16   5   0   0   0   0     5.002    64.138    23.262     0.000     0.000     0.000     0.000   0   0   0   0   0   0   0     0.000     0.000     0.000     0.021     0.037    -0.000    -0.032
   7 0 0 0 1 1 1 1   4  12  25   0   0   0   0    22.789    46.060     6.020     0.000     0.000     0.000     0.000   0   0   0   0   0   0   0     0.000     0.000     0.000    -0.049    -0.008     0.005     0.020
   7 0 0 0 1 1 1 1  25  20  19   0   0   0   0     5.672    62.433    65.232     0.000     0.000     0.000     0.000   0   0   0   0   0   0   0     0.000     0.000     0.000    -0.031    -0.005     0.003     0.021
   7 0 0 0 1 1 1 1  29   1  23   0   0   0   0     5.577    22.017     5.703     0.000     0.000     0.000     0.000   0   0   0   0   0   0   0     0.000     0.000     0.000    -0.025    -0.152    -0.002     0.018
   7 0 0 0 1 1 1 1  32  22   7   0   0   0   0     4.262     5.525    21.345     0.000     0.000     0.000     0.000   0   0   0   0   0   0   0     0.000     0.000     0.000    -0.006    -0.025     0.008    -0.025
   7 0 0 0 1 1 1 1  25  12   4   0   0   0   0     5.561    45.575    23.752     0.000     0.000     0.000     0.000   0   0   0   0   0   0   0     0.000     0.000     0.000    -0.060    -0.013     0.001     0.011
   7 0 0 0 1 1 1 1  24   4  17   0   0   0   0     5.344    22.026    53.879     0.000     0.000     0.000     0.000   0   0   0   0   0   0   0     0.000     0.000     0.000    -0.080    -0.009     0.046     0.003
   7 0 0 0 1 1 1 1  30  16  30   0   0   0   0     5.220    57.183     5.655     0.000     0.000     0.000     0.000   0   0   0   0   0   0   0     0.000     0.000     0.000    -0.036    -0.003     0.003     0.025
   7 0 0 0 1 1 1 1  16  31  11   0   0   0   0    57.910     5.321    52.338     0.000     0.000     0.000     0.000   0   0   0   0   0   0   0     0.000     0.000     0.000    -0.014     0.000     0.022    -0.008
   7 0 0 0 1 1 1 1  25  14  25   0   0   0   0     5.617    48.858     5.956     0.000     0.000     0.000     0.000   0   0   0   0   0   0   0     0.000     0.000     0.000    -0.010    -0.052     0.001     0.011
   7 0 0 0 1 1 1 1  25  20  30   0   0   0   0     5.669    62.432     5.831     0.000     0.000     0.000     0.000   0   0   0   0   0   0   0     0.000     0.000     0.000    -0.028    -0.005     0.003     0.025
   7 0 0 0 1 1 1 1  24  27  29   0   0   0   0     5.283     5.200     5.778     0.000     0.000     0.000     0.000   0   0   0   0   0   0   0     0.000     0.000     0.000    -0.112    -0.020    -0.002     0.014
   7 0 0 0 1 1 1 1  24  21  16   0   0   0   0     5.344    63.947    55.358     0.000     0.000     0.000     0.000   0   0   0   0   0   0   0     0.000     0.000     0.000    -0.055    -0.008    -0.003     0.011
   7 0 0 0 1 1 1 1   4  25  25   0   0   0   0    22.789     5.223     5.872     0.000     0.000     0.000     0.000   0   0   0   0   0   0   0     0.000     0.000     0.000    -0.022    -0.005     0.000     0.008
   7 0 0 0 1 1 1 1  17  26   8   0   0   0   0    59.893     5.976    17.141     0.000     0.000     0.000     0.000   0   0   0   0   0   0   0     0.000     0.000     0.000    -0.004     0.021     0.037     0.014
   7 0 0 0 1 1 1 1  24  29  17   0   0   0   0     5.369     5.289    54.039     0.000     0.000     0.000     0.000   0   0   0   0   0   0   0     0.000     0.000     0.000    -0.055    -0.008     0.060     0.008
   7 0 0 0 1 1 1 1   5  26   1   0   0   0   0    21.935     5.897    22.557     0.000     0.000     0.000     0.000   0   0   0   0   0   0   0     0.000     0.000     0.000     0.033     0.020    -0.001    -0.054
   7 0 0 0 1 1 1 1  25  18   3   0   0   0   0     5.777    49.617    24.358     0.000     0.000     0.000     0.000   0   0   0   0   0   0   0     0.000     0.000     0.000    -0.004    -0.016     0.003     0.011
   7 0 0 0 1 1 1 1  30   1  13   0   0   0   0     5.124    22.017    54.058     0.000     0.000     0.000     0.000   0   0   0   0   0   0   0     0.000     0.000     0.000    -0.010    -0.073     0.001     0.016
   7 0 0 0 1 1 1 1  29  16  12   0   0   0   0     5.569    57.517    49.529     0.000     0.000     0.000     0.000   0   0   0   0   0   0   0     0.000     0.000     0.000    -0.025     0.031     0.017    -0.001
   7 0 0 0 1 1 1 1  32  14  16   0   0   0   0     4.273    48.846    54.314     0.000     0.000     0.000     0.000   0   0   0   0   0   0   0     0.000     0.000     0.000    -0.006    -0.053    -0.010     0.009
   7 0 0 0 1 1 1 1   4  12  25   0   0   0   0    22.457    45.575     6.027     0.000     0.000     0.000     0.000   0   0   0   0   0   0   0     0.000     0.000     0.000    -0.046    -0.007     0.002     0.015
   7 0 0 0 1 1 1 1  25  23  29   0   0   0   0     5.664     5.476     6.133     0.000     0.000     0.000     0.000   0   0   0   0   0   0   0     0.000     0.000     0.000    -0.025    -0.004     0.003     0.038
   7 0 0 0 1 1 1 1  24   4  11   0   0   0   0     5.369    22.026    46.743     0.000     0.000     0.000     0.000   0   0   0   0   0   0   0     0.000     0.000     0.000    -0.113    -0.009    -0.026     0.010
   7 0 0 0 1 1 1 1  16  31  11   0   0   0   0    57.910     5.310    52.362     0.000     0.000     0.000     0.000   0   0   0   0   0   0   0     0.000     0.000     0.000    -0.012     0.000     0.017    -0.008
   7 0 0 0 1 1 1 1  29   4  24   0   0   0   0     5.605    22.348     5.512     0.000     0.000     0.000     0.000   0   0   0   0   0   0   0     0.000     0.000     0.000    -0.017    -0.004     0.005    -0.002
   7 0 0 0 1 1 1 1  17  19   8   0   0   0   0    59.802    61.872    17.141     0.000     0.000     0.000     0.000   0   0   0   0   0   0   0     0.000     0.000     0.000     0.002    -0.010     0.035     0.010
   7 0 0 0 1 1 1 1  32   5  17   0   0   0   0     4.255    21.990    54.157     0.000     0.000     0.000     0.000   0   0   0   0   0   0   0     0.000     0.000     0.000     0.015    -0.015     0.045     0.005
   7 0 0 0 1 1 1 1  24   5  12   0   0   0   0     5.344    23.293    50.252     0.000     0.000     0.000     0.000   0   0   0   0   0   0   0     0.000     0.000     0.000    -0.006    -0.042    -0.002     0.009
   7 0 0 0 1 1 1 1  25  17   3   0   0   0   0     5.515    55.615    24.333     0.000     0.000     0.000     0.000   0   0   0   0   0   0   0     0.000     0.000     0.000    -0.047    -0.008     0.000     0.008
   7 0 0 0 1 1 1 1  26  13  29   0   0   0   0     5.791    49.788     6.068     0.000     0.000     0.000     0.000   0   0   0   0   0   0   0     0.000     0.000     0.000    -0.020    -0.003     0.002     0.025
   7 0 0 0 1 1 1 1  29  23  12   0   0   0   0     5.517     5.457    49.529     0.000     0.000     0.000     0.000   0   0   0   0   0   0   0     0.000     0.000     0.000    -0.050    -0.011     0.014    -0.002
   7 0 0 0 1 1 1 1  17  23   4   0   0   0   0    57.425     5.447    23.021     0.000     0.000     0.000     0.000   0   0   0   0   0   0   0     0.000     0.000     0.000    -0.028    -0.003     0.018     0.000
   7 0 0 0 1 1 1 1  25  18  31   0   0   0   0     5.801    50.231     5.476     0.000     0.000     0.000     0.000   0   0   0   0   0   0   0     0.000     0.000     0.000    -0.003    -0.023     0.006    -0.000
   7 0 0 0 1 1 1 1  17  29  10   0   0   0   0    60.029     6.001    15.211     0.000     0.000     0.000     0.000   0   0   0   0   0   0   0     0.000     0.000     0.000    -0.003     0.016     0.018     0.009
   7 0 0 0 1 1 1 1  24  17  17   0   0   0   0     5.499    58.745    53.835     0.000     0.000     0.000     0.000   0   0   0   0   0   0   0     0.000     0.000     0.000    -0.012     0.004     0.049     0.008
   7 0 0 0 1 1 1 1  32  12   5   0   0   0   0     4.278    45.575    23.129     0.000     0.000     0.000     0.000   0   0   0   0   0   0   0     0.000     0.000     0.000    -0.048    -0.004     0.006    -0.013
   7 0 0 0 1 1 1 1  29  17  24   0   0   0   0     5.606    55.615     5.512     0.000     0.000     0.000     0.000   0   0   0   0   0   0   0     0.000     0.000     0.000    -0.041    -0.006     0.004    -0.001
   7 0 0 0 1 1 1 1  30   1   1   0   0   0   0     5.122    22.017    22.557     0.000     0.000     0.000     0.000   0   0   0   0   0   0   0     0.000     0.000     0.000    -0.007    -0.061     0.002    -0.037
   7 0 0 0 1 1 1 1  29  32  30   0   0   0   0     5.774     4.344     5.957     0.000     0.000     0.000     0.000   0   0   0   0   0   0   0     0.000     0.000     0.000    -0.009     0.010     0.007     0.044
   7 0 0 0 1 1 1 1   5  16  31   0   0   0   0    21.986    57.559     5.307     0.000     0.000     0.000     0.000   0   0   0   0   0   0   0     0.000     0.000     0.000    -0.002     0.016    -0.012     0.001
   7 0 0 0 1 1 1 1  25  23  26   0   0   0   0     5.441     5.429     5.911     0.000     0.000     0.000     0.000   0   0   0   0   0   0   0     0.000     0.000     0.000    -0.034    -0.007    -0.000     0.006
   7 0 0 0 1 1 1 1  17  19   8   0   0   0   0    59.802    61.618    17.095     0.000     0.000     0.000     0.000   0   0   0   0   0   0   0     0.000     0.000     0.000     0.002    -0.007     0.041     0.008
   7 0 0 0 1 1 1 1  24   4  11   0   0   0   0     5.374    22.026    46.743     0.000     0.000     0.000     0.000   0   0   0   0   0   0   0     0.000     0.000     0.000    -0.095    -0.006    -0.019     0.007
   7 0 0 0 1 1 1 1   1  29   5   0   0   0   0    22.557     5.746    23.538     0.000     0.000     0.000     0.000   0   0   0   0   0   0   0     0.000     0.000     0.000    -0.003     0.005    -0.030    -0.051
   7 0 0 0 1 1 1 1  25  15  26   0   0   0   0     5.830    51.818     5.918     0.000     0.000     0.000     0.000   0   0   0   0   0   0   0     0.000     0.000     0.000    -0.005     0.002     0.001     0.010
   7 0 0 0 1 1 1 1  29  17   6   0   0   0   0     6.137    60.044    21.336     0.000     0.000     0.000     0.000   0   0   0   0   0   0   0     0.000     0.000     0.000    -0.002     0.010     0.018     0.038
   7 0 0 0 1 1 1 1  29   1  11   0   0   0   0     5.313    22.017    57.532     0.000     0.000     0.000     0.000   0   0   0   0   0   0   0     0.000     0.000     0.000    -0.023    -0.091     0.002    -0.021
   7 0 0 0 1 1 1 1   5  32  25   0   0   0   0    23.265     4.278     5.674     0.000     0.000     0.000     0.000   0   0   0   0   0   0   0     0.000     0.000     0.000    -0.004     0.005    -0.035    -0.011
   7 0 0 0 1 1 1 1   4  13   3   0   0   0   0    22.789    49.944    23.172     0.000     0.000     0.000     0.000   0   0   0   0   0   0   0     0.000     0.000     0.000    -0.008    -0.001     0.020     0.002
   7 0 0 0 1 1 1 1  26  13  26   0   0   0   0     5.791    49.788     6.112     0.000     0.000     0.000     0.000   0   0   0   0   0   0   0     0.000     0.000     0.000    -0.017    -0.002     0.002     0.030
   7 0 0 0 1 1 1 1  28  17  17   0   0   0   0     5.678    58.851    53.589     0.000     0.000     0.000     0.000   0   0   0   0   0   0   0     0.000     0.000     0.000    -0.007     0.005     0.048     0.010
   7 0 0 0 1 1 1 1   5   1  30   0   0   0   0    21.986    21.877     5.105     0.000     0.000     0.000     0.000   0   0   0   0   0   0   0     0.000     0.000     0.000     0.034     0.009    -0.011     0.000
   7 0 0 0 1 1 1 1  29  20   8   0   0   0   0     5.595    62.406    17.188     0.000     0.000     0.000     0.000   0   0   0   0   0   0   0     0.000     0.000     0.000    -0.014    -0.003     0.014     0.001
   7 0 0 0 1 1 1 1  29  17   6   0   0   0   0     6.006    59.802    21.336     0.000     0.000     0.000     0.000   0   0   0   0   0   0   0     0.000     0.000     0.000    -0.002     0.008     0.010     0.031
   7 0 0 0 1 1 1 1  28   1  28   0   0   0   0     5.124    22.017     5.680     0.000     0.000     0.000     0.000   0   0   0   0   0   0   0     0.000     0.000     0.000    -0.024    -0.082    -0.001     0.011
   7 0 0 0 1 1 1 1  22  14   1   0   0   0   0     5.524    48.837    21.974     0.000     0.000     0.000     0.000   0   0   0   0   0   0   0     0.000     0.000     0.000     0.001     0.415    -0.010    -0.041
   7 0 0 0 1 1 1 1   3  13  26   0   0   0   0    24.252    50.400     5.918     0.000     0.000     0.000     0.000   0   0   0   0   0   0   0     0.000     0.000     0.000    -0.004     0.001     0.002     0.009
   7 0 0 0 1 1 1 1  32   0   1   0   0   0   0     3.638    21.130    22.557     0.000     0.000     0.000     0.000   0   0   0   0   0   0   0     0.000     0.000     0.000    -0.157    -0.025     0.001    -0.032
   7 0 0 0 1 1 1 1  32  23  23   0   0   0   0     4.339     5.476     5.983     0.000     0.000     0.000     0.000   0   0   0   0   0   0   0     0.000     0.000     0.000    -0.015     0.002     0.006     0.034
   7 0 0 0 1 1 1 1   7  29  25   0   0   0   0    21.351     5.746     5.674     0.000     0.000     0.000     0.000   0   0   0   0   0   0   0     0.000     0.000     0.000    -0.003     0.005    -0.031    -0.010
   7 0 0 0 1 1 1 1  26  14  25   0   0   0   0     5.911    48.858     5.855     0.000     0.000     0.000     0.000   0   0   0   0   0   0   0     0.000     0.000     0.000    -0.001    -0.026    -0.001     0.008
   7 0 0 0 1 1 1 1  29   1   8   0   0   0   0     5.518    22.017    17.095     0.000     0.000     0.000     0.000   0   0   0   0   0   0   0     0.000     0.000     0.000    -0.006    -0.050     0.044     0.001
   7 0 0 0 1 1 1 1  29   1  12   0   0   0   0     5.316    22.017    49.600     0.000     0.000     0.000     0.000   0   0   0   0   0   0   0     0.000     0.000     0.000    -0.018    -0.074     0.007    -0.003
   7 0 0 0 1 1 1 1  17  23   4   0   0   0   0    57.370     5.447    22.716     0.000     0.000     0.000     0.000   0   0   0   0   0   0   0     0.000     0.000     0.000    -0.020    -0.002     0.021     0.001
   7 0 0 0 1 1 1 1   4  11  31   0   0   0   0    22.404    51.772     5.477     0.000     0.000     0.000     0.000   0   0   0   0   0   0   0     0.000     0.000     0.000    -0.007     0.001     0.003    -0.001
   7 0 0 0 1 1 1 1  26  19   6   0   0   0   0     5.973    66.430    21.319     0.000     0.000     0.000     0.000   0   0   0   0   0   0   0     0.000     0.000     0.000    -0.002     0.009     0.009     0.028
   7 0 0 0 1 1 1 1  29  16  22   0   0   0   0     5.517    57.298     5.376     0.000     0.000     0.000     0.000   0   0   0   0   0   0   0     0.000     0.000     0.000    -0.017     0.020    -0.000     0.015
   7 0 0 0 1 1 1 1   5   5  30   0   0   0   0    22.148    22.146     5.069     0.000     0.000     0.000     0.000   0   0   0   0   0   0   0     0.000     0.000     0.000     0.005     0.159    -0.014    -0.000
   7 0 0 0 1 1 1 1  25  19  26   0   0   0   0     5.878    66.430     5.918     0.000     0.000     0.000     0.000   0   0   0   0   0   0   0     0.000     0.000     0.000    -0.002     0.012     0.001     0.009
   7 0 0 0 1 1 1 1  30   5   1   0   0   0   0     5.124    21.987    22.557     0.000     0.000     0.000     0.000   0   0   0   0   0   0   0     0.000     0.000     0.000     0.006    -0.009     0.002    -0.028
   7 0 0 0 1 1 1 1  24  17  11   0   0   0   0     5.521    58.611    50.162     0.000     0.000     0.000     0.000   0   0   0   0   0   0   0     0.000     0.000     0.000    -0.007     0.002     0.033     0.005
   7 0 0 0 1 1 1 1  16  22  29   0   0   0   0    54.542     4.880     5.776     0.000     0.000     0.000     0.000   0   0   0   0   0   0   0     0.000     0.000     0.000    -0.031    -0.005    -0.001     0.008
   7 0 0 0 1 1 1 1  18   5  17   0   0   0   0    49.418    22.031    55.615     0.000     0.000     0.000     0.000   0   0   0   0   0   0   0     0.000     0.000     0.000     0.011     0.000    -0.029    -0.004
   7 0 0 0 1 1 1 1  26  13  23   0   0   0   0     5.791    49.788     5.794     0.000     0.000     0.000     0.000   0   0   0   0   0   0   0     0.000     0.000     0.000    -0.013    -0.002     0.001     0.009
   7 0 0 0 1 1 1 1  32  23  17   0   0   0   0     4.339     5.473    53.637     0.000     0.000     0.000     0.000   0   0   0   0   0   0   0     0.000     0.000     0.000    -0.012     0.001     0.034     0.005
   7 0 0 0 1 1 1 1  17  23   4   0   0   0   0    56.954     5.441    22.762     0.000     0.000     0.000     0.000   0   0   0   0   0   0   0     0.000     0.000     0.000    -0.027    -0.002     0.013     0.000
   7 0 0 0 1 1 1 1  26  14  25   0   0   0   0     5.911    48.879     5.855     0.000     0.000     0.000     0.000   0   0   0   0   0   0   0     0.000     0.000     0.000    -0.001    -0.021    -0.001     0.006
   7 0 0 0 1 1 1 1  25   1   8   0   0   0   0     5.409    22.017    17.095     0.000     0.000     0.000     0.000   0   0   0   0   0   0   0     0.000     0.000     0.000    -0.006    -0.043     0.039     0.000
   7 0 0 0 1 1 1 1  32   0  12   0   0   0   0     3.638    21.130    55.866     0.000     0.000     0.000     0.000   0   0   0   0   0   0   0     0.000     0.000     0.000    -0.415    -0.010     0.001    -0.021
   7 0 0 0 1 1 1 1  22   3   1   0   0   0   0     5.524    21.727    21.977     0.000     0.000     0.000     0.000   0   0   0   0   0   0   0     0.000     0.000     0.000     0.387     0.000    -0.008    -0.033
   7 0 0 0 1 1 1 1  29  17   8   0   0   0   0     5.606    55.615    17.095     0.000     0.000     0.000     0.000   0   0   0   0   0   0   0     0.000     0.000     0.000    -0.025    -0.003     0.023     0.001
   7 0 0 0 1 1 1 1  12   4  27   0   0   0   0    55.108    22.383     5.518     0.000     0.000     0.000     0.000   0   0   0   0   0   0   0     0.000     0.000     0.000    -0.004     0.002    -0.007    -0.021
   7 0 0 0 1 1 1 1  28   5   6   0   0   0   0     5.687    21.986    21.319     0.000     0.000     0.000     0.000   0   0   0   0   0   0   0     0.000     0.000     0.000     0.011    -0.003     0.007     0.033
   7 0 0 0 1 1 1 1  16  22  31   0   0   0   0    54.537     4.880     5.443     0.000     0.000     0.000     0.000   0   0   0   0   0   0   0     0.000     0.000     0.000    -0.026    -0.005    -0.002     0.006
   7 0 0 0 1 1 1 1   3  10  22   0   0   0   0    24.347    15.241     4.941     0.000     0.000     0.000     0.000   0   0   0   0   0   0   0     0.000     0.000     0.000     0.002    -0.002     0.002     0.009
   7 0 0 0 1 1 1 1  26  23  25   0   0   0   0     5.678     5.353     5.409     0.000     0.000     0.000     0.000   0   0   0   0   0   0   0     0.000     0.000     0.000    -0.030    -0.012    -0.006     0.001
   7 0 0 0 1 1 1 1  32   4  23   0   0   0   0     4.339    23.827     5.947     0.000     0.000     0.000     0.000   0   0   0   0   0   0   0     0.000     0.000     0.000    -0.001    -0.021     0.004     0.020
   7 0 0 0 1 1 1 1  12  13  30   0   0   0   0    56.038    50.473     5.050     0.000     0.000     0.000     0.000   0   0   0   0   0   0   0     0.000     0.000     0.000    -0.002     0.004    -0.026    -0.011
   7 0 0 0 1 1 1 1  25  20   8   0   0   0   0     5.441    62.366    17.162     0.000     0.000     0.000     0.000   0   0   0   0   0   0   0     0.000     0.000     0.000    -0.021    -0.003     0.014     0.000
   7 0 0 0 1 1 1 1  17  19  10   0   0   0   0    60.050    61.535    15.211     0.000     0.000     0.000     0.000   0   0   0   0   0   0   0     0.000     0.000     0.000     0.001    -0.004     0.011     0.004
   7 0 0 0 1 1 1 1  28   0  11   0   0   0   0     5.051    21.129    59.737     0.000     0.000     0.000     0.000   0   0   0   0   0   0   0     0.000     0.000     0.000    -0.086    -0.011     0.001    -0.029
   7 0 0 0 1 1 1 1  22   3  17   0   0   0   0     5.524    21.727    55.935     0.000     0.000     0.000     0.000   0   0   0   0   0   0   0     0.000     0.000     0.000     0.368     0.000    -0.029    -0.006
   7 0 0 0 1 1 1 1  14  11  18   0   0   0   0    39.232    50.432    50.173     0.000     0.000     0.000     0.000   0   0   0   0   0   0   0     0.000     0.000     0.000     0.007     0.002    -0.000    -0.006
   7 0 0 0 1 1 1 1   1  29   3   0   0   0   0    22.557     6.137    24.522     0.000     0.000     0.000     0.000   0   0   0   0   0   0   0     0.000     0.000     0.000    -0.000     0.019    -0.038    -0.019
   7 0 0 0 1 1 1 1  24   0   5   0   0   0   0     4.946    21.130    21.986     0.000     0.000     0.000     0.000   0   0   0   0   0   0   0     0.000     0.000     0.000    -0.390    -0.009     0.010    -0.001
   7 0 0 0 1 1 1 1  11  13  29   0   0   0   0    52.831    50.473     5.685     0.000     0.000     0.000     0.000   0   0   0   0   0   0   0     0.000     0.000     0.000    -0.001     0.007    -0.003    -0.013
   7 0 0 0 1 1 1 1  25  19  26   0   0   0   0     5.878    66.430     5.923     0.000     0.000     0.000     0.000   0   0   0   0   0   0   0     0.000     0.000     0.000    -0.002     0.009     0.001     0.008
   7 0 0 0 1 1 1 1   5  18  30   0   0   0   0    21.996    49.290     5.105     0.000     0.000     0.000     0.000   0   0   0   0   0   0   0     0.000     0.000     0.000     0.028     0.003    -0.007     0.000
   7 0 0 0 1 1 1 1  29  16   6   0   0   0   0     5.507    57.418    19.400     0.000     0.000     0.000     0.000   0   0   0   0   0   0   0     0.000     0.000     0.000    -0.013     0.018     0.057     0.001
   7 0 0 0 1 1 1 1  12  17  30   0   0   0   0    55.920    57.185     5.057     0.000     0.000     0.000     0.000   0   0   0   0   0   0   0     0.000     0.000     0.000    -0.002     0.002    -0.020    -0.007
   7 0 0 0 1 1 1 1   4  10  23   0   0   0   0    23.734    15.241     5.440     0.000     0.000     0.000     0.000   0   0   0   0   0   0   0     0.000     0.000     0.000     0.002    -0.002     0.002     0.009
   7 0 0 0 1 1 1 1  32   0  30   0   0   0   0     3.638    21.130     5.828     0.000     0.000     0.000     0.000   0   0   0   0   0   0   0     0.000     0.000     0.000    -0.142    -0.014    -0.000     0.009
   7 0 0 0 1 1 1 1  14   6   4   0   0   0   0    40.238    21.319    23.827     0.000     0.000     0.000     0.000   0   0   0   0   0   0   0     0.000     0.000     0.000     0.006     0.028    -0.000    -0.020
   7 0 0 0 1 1 1 1   7  29   9   0   0   0   0    21.351     5.746    18.880     0.000     0.000     0.000     0.000   0   0   0   0   0   0   0     0.000     0.000     0.000    -0.002     0.003    -0.008    -0.029
   7 0 0 0 1 1 1 1  25  20   8   0   0   0   0     5.297    62.306    17.202     0.000     0.000     0.000     0.000   0   0   0   0   0   0   0     0.000     0.000     0.000    -0.029    -0.004     0.006     0.000
   7 0 0 0 1 1 1 1  26  23  32   0   0   0   0     5.678     5.353     3.638     0.000     0.000     0.000     0.000   0   0   0   0   0   0   0     0.000     0.000     0.000    -0.025    -0.010    -0.024     0.000
   7 0 0 0 1 1 1 1  32   0  12   0   0   0   0     3.638    21.130    54.407     0.000     0.000     0.000     0.000   0   0   0   0   0   0   0     0.000     0.000     0.000    -0.370    -0.005     0.001    -0.009
   7 0 0 0 1 1 1 1  16   1  32   0   0   0   0    54.516    22.529     4.318     0.000     0.000     0.000     0.000   0   0   0   0   0   0   0     0.000     0.000     0.000    -0.004    -0.020    -0.001     0.006
   7 0 0 0 1 1 1 1  14  25  12   0   0   0   0    39.155     5.838    50.230     0.000     0.000     0.000     0.000   0   0   0   0   0   0   0     0.000     0.000     0.000     0.001     0.006    -0.002     0.001
   7 0 0 0 1 1 1 1   5  18  19   0   0   0   0    21.996    49.075    61.898     0.000     0.000     0.000     0.000   0   0   0   0   0   0   0     0.000     0.000     0.000     0.030     0.003     0.001    -0.004
   7 0 0 0 1 1 1 1  28   1  23   0   0   0   0     5.680    21.660     6.020     0.000     0.000     0.000     0.000   0   0   0   0   0   0   0     0.000     0.000     0.000    -0.011     0.000     0.006     0.027
   7 0 0 0 1 1 1 1   5   5   3   0   0   0   0    22.148    22.146    21.906     0.000     0.000     0.000     0.000   0   0   0   0   0   0   0     0.000     0.000     0.000     0.003     0.131    -0.037    -0.001
   7 0 0 0 1 1 1 1  18  25  15   0   0   0   0    50.211     5.878    50.960     0.000     0.000     0.000     0.000   0   0   0   0   0   0   0     0.000     0.000     0.000    -0.001     0.002    -0.020    -0.003
   7 0 0 0 1 1 1 1  17  26  24   0   0   0   0    60.029     5.977     5.512     0.000     0.000     0.000     0.000   0   0   0   0   0   0   0     0.000     0.000     0.000    -0.001     0.008     0.009     0.002
   7 0 0 0 1 1 1 1  24  23  27   0   0   0   0     4.946     5.446     5.214     0.000     0.000     0.000     0.000   0   0   0   0   0   0   0     0.000     0.000     0.000    -0.006    -0.351     0.006    -0.001
   7 0 0 0 1 1 1 1  12  13  30   0   0   0   0    55.912    50.473     5.063     0.000     0.000     0.000     0.000   0   0   0   0   0   0   0     0.000     0.000     0.000    -0.001     0.003    -0.017    -0.004
   7 0 0 0 1 1 1 1  26   2  25   0   0   0   0     5.912    21.496     5.832     0.000     0.000     0.000     0.000   0   0   0   0   0   0   0     0.000     0.000     0.000    -0.017    -0.000    -0.001     0.004
   7 0 0 0 1 1 1 1   1   3   3   0   0   0   0    22.557    24.410    24.518     0.000     0.000     0.000     0.000   0   0   0   0   0   0   0     0.000     0.000     0.000    -0.001     0.006    -0.035    -0.016
   7 0 0 0 1 1 1 1  29  16   6   0   0   0   0     5.507    57.565    19.462     0.000     0.000     0.000     0.000   0   0   0   0   0   0   0     0.000     0.000     0.000    -0.011     0.023     0.045     0.001
   7 0 0 0 1 1 1 1  30   1  24   0   0   0   0     4.542    22.038     4.947     0.000     0.000     0.000     0.000   0   0   0   0   0   0   0     0.000     0.000     0.000    -0.014    -0.035     0.225    -0.000
   7 0 0 0 1 1 1 1  31   4   8   0   0   0   0     5.363    22.348    17.188     0.000     0.000     0.000     0.000   0   0   0   0   0   0   0     0.000     0.000     0.000    -0.006    -0.000     0.010     0.000
   7 0 0 0 1 1 1 1  27  17   6   0   0   0   0     6.055    59.982    21.411     0.000     0.000     0.000     0.000   0   0   0   0   0   0   0     0.000     0.000     0.000    -0.001     0.005     0.013     0.026
   7 0 0 0 1 1 1 1  28   5   6   0   0   0   0     5.687    21.986    21.205     0.000     0.000     0.000     0.000   0   0   0   0   0   0   0     0.000     0.000     0.000     0.008    -0.002     0.005     0.018
   7 0 0 0 1 1 1 1  11  13  29   0   0   0   0    52.831    50.473     5.685     0.000     0.000     0.000     0.000   0   0   0   0   0   0   0     0.000     0.000     0.000    -0.001     0.005    -0.002    -0.011
   7 0 0 0 1 1 1 1   4  28  22   0   0   0   0    23.734     5.719     4.941     0.000     0.000     0.000     0.000   0   0   0   0   0   0   0     0.000     0.000     0.000    -0.001     0.003     0.001     0.006
   7 0 0 0 1 1 1 1  28   0  12   0   0   0   0     4.997    21.129    55.108     0.000     0.000     0.000     0.000   0   0   0   0   0   0   0     0.000     0.000     0.000    -0.093    -0.009     0.001    -0.006
   7 0 0 0 1 1 1 1  24   0  12   0   0   0   0     4.946    21.130    49.600     0.000     0.000     0.000     0.000   0   0   0   0   0   0   0     0.000     0.000     0.000    -0.333    -0.004     0.004    -0.002
   7 0 0 0 1 1 1 1  22   3  17   0   0   0   0     5.524    21.727    55.946     0.000     0.000     0.000     0.000   0   0   0   0   0   0   0     0.000     0.000     0.000     0.332     0.000    -0.022    -0.004
   7 0 0 0 1 1 1 1  14   6  10   0   0   0   0    39.149    21.371    15.241     0.000     0.000     0.000     0.000   0   0   0   0   0   0   0     0.000     0.000     0.000     0.003     0.010     0.002    -0.001
   7 0 0 0 1 1 1 1   1   3   0   0   0   0   0    22.557    24.453    21.481     0.000     0.000     0.000     0.000   0   0   0   0   0   0   0     0.000     0.000     0.000    -0.000     0.005    -0.034    -0.015
   7 0 0 0 1 1 1 1  29  16  11   0   0   0   0     5.512    57.611    49.544     0.000     0.000     0.000     0.000   0   0   0   0   0   0   0     0.000     0.000     0.000    -0.009     0.027     0.010    -0.001
   7 0 0 0 1 1 1 1  18   3   0   0   0   0   0    50.626    21.984    21.129     0.000     0.000     0.000     0.000   0   0   0   0   0   0   0     0.000     0.000     0.000    -0.016     0.000     0.315     0.003
   7 0 0 0 1 1 1 1   4   1   6   0   0   0   0    23.355    21.946    20.244     0.000     0.000     0.000     0.000   0   0   0   0   0   0   0     0.000     0.000     0.000     0.000    -0.004     0.003    -0.000
   7 0 0 0 1 1 1 1   5  18  19   0   0   0   0    21.996    49.290    61.898     0.000     0.000     0.000     0.000   0   0   0   0   0   0   0     0.000     0.000     0.000     0.023     0.002     0.001    -0.004
   7 0 0 0 1 1 1 1  22  11  22   0   0   0   0     5.523    50.310     5.524     0.000     0.000     0.000     0.000   0   0   0   0   0   0   0     0.000     0.000     0.000     0.005    -0.002    -0.112    -0.007
   7 0 0 0 1 1 1 1   8  32  25   0   0   0   0    18.821     4.318     5.807     0.000     0.000     0.000     0.000   0   0   0   0   0   0   0     0.000     0.000     0.000    -0.001     0.003    -0.014    -0.002
   7 0 0 0 1 1 1 1   2   3  32   0   0   0   0    21.499    21.582     3.638     0.000     0.000     0.000     0.000   0   0   0   0   0   0   0     0.000     0.000     0.000    -0.024    -0.008     0.033     0.000
   7 0 0 0 1 1 1 1  27  18   6   0   0   0   0     5.868    42.482    21.371     0.000     0.000     0.000     0.000   0   0   0   0   0   0   0     0.000     0.000     0.000    -0.012     0.000     0.006     0.021
   7 0 0 0 1 1 1 1  28  17  23   0   0   0   0     5.672    58.611     6.025     0.000     0.000     0.000     0.000   0   0   0   0   0   0   0     0.000     0.000     0.000    -0.004     0.002     0.005     0.022
   7 0 0 0 1 1 1 1  12  16  30   0   0   0   0    56.038    54.516     5.048     0.000     0.000     0.000     0.000   0   0   0   0   0   0   0     0.000     0.000     0.000    -0.004     0.001    -0.019    -0.007
   7 0 1 0 1 1 1 1  11  16  12   0   0   0   0    41.591    54.516    45.578     0.000     0.000     0.000     0.000   0   0   0   0   0   0   0     0.000    -0.019     0.000    -0.004     0.001     0.009    -0.000
   7 0 0 0 1 1 1 1   3  22  26   0   0   0   0    21.729     5.525     5.676     0.000     0.000     0.000     0.000   0   0   0   0   0   0   0     0.000    -0.019     0.000    -0.129    -0.008    -0.013     0.000
   7 0 0 0 1 1 1 1  24  23   5   0   0   0   0     4.946     5.446    22.169     0.000     0.000     0.000     0.000   0   0   0   0   0   0   0     0.000    -0.019     0.000    -0.002    -0.310     0.005    -0.001
   7 0 0 0 1 1 1 1   3   1   3   0   0   0   0    21.721    22.021    21.726     0.000     0.000     0.000     0.000   0   0   0   0   0   0   0     0.000    -0.019     0.000    -0.012    -0.029     0.300    -0.000
   7 0 0 0 1 1 1 1   4  28  13   0   0   0   0    23.667     5.629    49.198     0.000     0.000     0.000     0.000   0   0   0   0   0   0   0     0.000    -0.019     0.000    -0.002     0.001     0.001     0.004
   7 0 0 0 1 1 1 1  17  23  31   0   0   0   0    60.076     5.771     5.507     0.000     0.000     0.000     0.000   0   0   0   0   0   0   0     0.000    -0.019     0.000    -0.002     0.002     0.008     0.001
   7 0 0 0 1 1 1 1  11  24  29   0   0   0   0    59.956     4.946     5.482     0.000     0.000     0.000     0.000   0   0   0   0   0   0   0     0.000    -0.019     0.000    -0.026     0.000    -0.035    -0.013
   7 0 0 0 1 1 1 1  18   3   0   0   0   0   0    50.626    21.888    21.129     0.000     0.000     0.000     0.000   0   0   0   0   0   0   0     0.000    -0.019     0.000    -0.022    -0.000     0.285     0.003
   7 0 0 0 1 1 1 1  18   5  15   0   0   0   0    50.227    21.996    50.960     0.000     0.000     0.000     0.000   0   0   0   0   0   0   0     0.000    -0.019     0.000     0.004    -0.000    -0.017    -0.002
   7 0 0 0 1 1 1 1   3   0   0   0   0   0   0    21.726    21.129    21.054     0.000     0.000     0.000     0.000   0   0   0   0   0   0   0     0.000    -0.019     0.000    -0.122    -0.007    -0.002     0.001
   7 0 0 0 1 1 1 1  28  28  23   0   0   0   0     5.672     5.509     5.977     0.000     0.000     0.000     0.000   0   0   0   0   0   0   0     0.000    -0.019     0.000     0.002    -0.004     0.004     0.015
   7 0 0 0 1 1 1 1  11  13  29   0   0   0   0    52.831    50.473     5.675     0.000     0.000     0.000     0.000   0   0   0   0   0   0   0     0.000    -0.019     0.000    -0.001     0.005    -0.001    -0.009
   7 0 0 0 1 1 1 1  26  26  25   0   0   0   0     5.917     5.733     5.833     0.000     0.000     0.000     0.000   0   0   0   0   0   0   0     0.000    -0.019     0.000     0.002    -0.001    -0.000     0.003
   7 0 0 0 1 1 1 1  30   5  12   0   0   0   0     5.976    21.996    44.832     0.000     0.000     0.000     0.000   0   0   0   0   0   0   0     0.000    -0.019     0.000     0.004    -0.001     0.020     0.010
   7 0 0 0 1 1 1 1  29  16   8   0   0   0   0     5.507    57.611    16.965     0.000     0.000     0.000     0.000   0   0   0   0   0   0   0     0.000    -0.019     0.000    -0.008     0.023     0.053     0.001
   7 0 0 0 1 1 1 1  32  17  14   0   0   0   0     4.318    55.615    40.546     0.000     0.000     0.000     0.000   0   0   0   0   0   0   0     0.000    -0.019     0.000    -0.027    -0.001    -0.002     0.008
   7 0 0 0 1 1 1 1   3   1  24   0   0   0   0    23.592    21.963     5.242     0.000     0.000     0.000     0.000   0   0   0   0   0   0   0     0.000    -0.019     0.000    -0.000    -0.006    -0.003     0.001
   7 0 0 0 1 1 1 1  22  32   5   0   0   0   0     5.550     4.148    22.504     0.000     0.000     0.000     0.000   0   0   0   0   0   0   0     0.000    -0.019     0.000    -0.003     0.000     0.006     0.023
   7 0 0 0 1 1 1 1  29  28  28   0   0   0   0     5.778     5.521     5.613     0.000     0.000     0.000     0.000   0   0   0   0   0   0   0     0.000    -0.019     0.000     0.002    -0.007    -0.002     0.005
   7 0 0 0 1 1 1 1  12  16  30   0   0   0   0    55.912    54.529     5.057     0.000     0.000     0.000     0.000   0   0   0   0   0   0   0     0.000    -0.019     0.000    -0.003     0.001    -0.015    -0.004
   7 0 0 0 1 1 1 1  10  16  10   0   0   0   0    14.932    58.499    15.241     0.000     0.000     0.000     0.000   0   0   0   0   0   0   0     0.000    -0.019     0.000    -0.015    -0.003     0.002    -0.000
   7 0 0 0 1 1 1 1   1   3   0   0   0   0   0    22.557    24.453    21.481     0.000     0.000     0.000     0.000   0   0   0   0   0   0   0     0.000    -0.019     0.000    -0.000     0.005    -0.030    -0.012
   7 0 0 0 1 1 1 1  29   9   8   0   0   0   0     5.492    17.838    16.965     0.000     0.000     0.000     0.000   0   0   0   0   0   0   0     0.000    -0.019     0.000    -0.002    -0.020     0.049     0.000
   7 0 0 0 1 1 1 1  32   7  13   0   0   0   0     4.318    20.023    49.241     0.000     0.000     0.000     0.000   0   0   0   0   0   0   0     0.000    -0.019     0.000     0.004    -0.002    -0.001     0.009
   7 0 0 0 1 1 1 1  31   4   8   0   0   0   0     5.363    22.348    17.095     0.000     0.000     0.000     0.000   0   0   0   0   0   0   0     0.000    -0.019     0.000    -0.004    -0.000     0.016     0.000
   7 0 0 0 1 1 1 1  24   0  29   0   0   0   0     4.946    21.130     5.998     0.000     0.000     0.000     0.000   0   0   0   0   0   0   0     0.000    -0.019     0.000    -0.116    -0.007    -0.000     0.005
   7 0 0 0 1 1 1 1  30  30  12   0   0   0   0     4.566     4.561    49.624     0.000     0.000     0.000     0.000   0   0   0   0   0   0   0     0.000    -0.019     0.000    -0.004    -0.293     0.003    -0.002
   7 0 0 0 1 1 1 1   3   1   3   0   0   0   0    21.721    22.054    21.726     0.000     0.000     0.000     0.000   0   0   0   0   0   0   0     0.000    -0.019     0.000    -0.014    -0.030     0.270    -0.000
   7 0 0 0 1 1 1 1   4  10  23   0   0   0   0    23.734    15.241     5.440     0.000     0.000     0.000     0.000   0   0   0   0   0   0   0     0.000    -0.019     0.000     0.001    -0.001     0.001     0.007
   7 0 0 0 1 1 1 1   5   1  23   0   0   0   0    21.996    21.886     5.771     0.000     0.000     0.000     0.000   0   0   0   0   0   0   0     0.000    -0.019     0.000     0.022     0.001    -0.001     0.002
   7 0 0 0 1 1 1 1   4  29  22   0   0   0   0    23.816     5.512     4.928     0.000     0.000     0.000     0.000   0   0   0   0   0   0   0     0.000    -0.019     0.000    -0.005     0.002     0.000    -0.028
   7 0 0 0 1 1 1 1   9  30   3   0   0   0   0    18.769     5.383    24.518     0.000     0.000     0.000     0.000   0   0   0   0   0   0   0     0.000    -0.019     0.000    -0.001     0.002    -0.032    -0.010
   7 0 0 0 1 1 1 1  28   4   6   0   0   0   0     5.720    22.367    21.389     0.000     0.000     0.000     0.000   0   0   0   0   0   0   0     0.000    -0.019     0.000    -0.003     0.000     0.002     0.008
   7 0 0 0 1 1 1 1   4  19  22   0   0   0   0    22.383    61.511     5.418     0.000     0.000     0.000     0.000   0   0   0   0   0   0   0     0.000    -0.019     0.000     0.001    -0.005    -0.000     0.006
   7 0 0 0 1 1 1 1   5  28   7   0   0   0   0    22.146     5.169    20.022     0.000     0.000     0.000     0.000   0   0   0   0   0   0   0     0.000    -0.019     0.000    -0.005     0.007    -0.171    -0.001
   7 0 0 0 1 1 1 1   3   1   7   0   0   0   0    22.000    22.017    20.075     0.000     0.000     0.000     0.000   0   0   0   0   0   0   0     0.000    -0.019     0.000    -0.011     0.023     0.005    -0.000
   7 0 0 0 1 1 1 1  14   6  31   0   0   0   0    39.131    21.389     5.479     0.000     0.000     0.000     0.000   0   0   0   0   0   0   0     0.000    -0.019     0.000     0.002     0.007     0.000    -0.002
   7 0 0 0 1 1 1 1  26  27   9   0   0   0   0     5.669     5.411    17.874     0.000     0.000     0.000     0.000   0   0   0   0   0   0   0     0.000    -0.019     0.000    -0.003    -0.016    -0.002     0.001
   7 0 0 0 1 1 1 1  12   0   3   0   0   0   0    45.537    21.146    21.726     0.000     0.000     0.000     0.000   0   0   0   0   0   0   0     0.000    -0.019     0.000     0.036     0.009    -0.065    -0.000
   7 0 0 0 1 1 1 1   3   1   3   0   0   0   0    21.721    22.013    21.726     0.000     0.000     0.000     0.000   0   0   0   0   0   0   0     0.000    -0.019     0.000    -0.008    -0.024     0.256    -0.000
   7 0 0 0 1 1 1 1  10  16  10   0   0   0   0    14.932    58.499    15.234     0.000     0.000     0.000     0.000   0   0   0   0   0   0   0     0.000    -0.019     0.000    -0.013    -0.003     0.002    -0.000
   7 0 0 0 1 1 1 1  22  32   9   0   0   0   0     5.543     4.148    17.909     0.000     0.000     0.000     0.000   0   0   0   0   0   0   0     0.000    -0.019     0.000    -0.003     0.000     0.005     0.020
   7 0 0 0 1 1 1 1   5  18   7   0   0   0   0    22.146    49.213    20.022     0.000     0.000     0.000     0.000   0   0   0   0   0   0   0     0.000    -0.019     0.000     0.011     0.001    -0.159    -0.001
   7 0 0 0 1 1 1 1  12  17  30   0   0   0   0    56.061    57.185     5.046     0.000     0.000     0.000     0.000   0   0   0   0   0   0   0     0.000    -0.019     0.000    -0.001     0.001    -0.016    -0.005
   7 0 0 0 1 1 1 1   2  22   3   0   0   0   0    21.496     5.531    21.726     0.000     0.000     0.000     0.000   0   0   0   0   0   0   0     0.000    -0.019     0.000    -0.017    -0.005     0.029    -0.000
   7 0 0 0 1 1 1 1  32   0  12   0   0   0   0     3.638    21.130    45.546     0.000     0.000     0.000     0.000   0   0   0   0   0   0   0     0.000    -0.019     0.000    -0.110    -0.005     0.011    -0.000
   7 0 0 0 1 1 1 1  12   1   7   0   0   0   0    49.624    21.877    20.972     0.000     0.000     0.000     0.000   0   0   0   0   0   0   0     0.000    -0.019     0.000     0.023     0.000     0.000    -0.012
   7 0 0 0 1 1 1 1  13  15  10   0   0   0   0    53.831    51.994    15.405     0.000     0.000     0.000     0.000   0   0   0   0   0   0   0     0.000    -0.019     0.000    -0.000     0.007    -0.002    -0.021
   7 0 1 0 1 1 1 1  11  15   3   0   0   0   0    41.591    51.994    21.726     0.000     0.000     0.000     0.000   0   0   0   0   0   0   0     0.000    -0.015     0.000    -0.000     0.007     0.019    -0.000
   7 0 0 0 1 1 1 1   1   3   0   0   0   0   0    22.557    24.453    21.481     0.000     0.000     0.000     0.000   0   0   0   0   0   0   0     0.000    -0.015     0.000    -0.000     0.004    -0.026    -0.010
   7 0 0 0 1 1 1 1  11  22  24   0   0   0   0    59.985     5.523     5.121     0.000     0.000     0.000     0.000   0   0   0   0   0   0   0     0.000    -0.015     0.000     0.001    -0.007    -0.031    -0.012
   7 0 0 0 1 1 1 1  32  31  14   0   0   0   0     4.318     5.486    40.546     0.000     0.000     0.000     0.000   0   0   0   0   0   0   0     0.000    -0.015     0.000    -0.001    -0.008    -0.002     0.007
   7 0 0 0 1 1 1 1  24  29   8   0   0   0   0     5.242     5.544    17.095     0.000     0.000     0.000     0.000   0   0   0   0   0   0   0     0.000    -0.015     0.000    -0.000    -0.007     0.014     0.000
   7 0 0 0 1 1 1 1  17  23  24   0   0   0   0    59.793     5.771     5.509     0.000     0.000     0.000     0.000   0   0   0   0   0   0   0     0.000    -0.015     0.000    -0.001     0.002     0.006    -0.000
   7 0 0 0 1 1 1 1  12   0   3   0   0   0   0    45.537    21.142    21.726     0.000     0.000     0.000     0.000   0   0   0   0   0   0   0     0.000    -0.015     0.000     0.039     0.009    -0.057    -0.000
   7 0 0 0 1 1 1 1  11  13   2   0   0   0   0    51.123    50.471    21.703     0.000     0.000     0.000     0.000   0   0   0   0   0   0   0     0.000    -0.015     0.000    -0.000     0.008     0.005    -0.002
   7 0 0 0 1 1 1 1  14  14   1   0   0   0   0    48.846    48.839    22.040     0.000     0.000     0.000     0.000   0   0   0   0   0   0   0     0.000    -0.015     0.000    -0.000     0.134    -0.006    -0.014
   7 0 0 0 1 1 1 1  22  17   9   0   0   0   0     5.543    57.437    17.909     0.000     0.000     0.000     0.000   0   0   0   0   0   0   0     0.000    -0.015     0.000    -0.002     0.001     0.005     0.018
   7 0 0 0 1 1 1 1  11   1   4   0   0   0   0    50.310    21.877    23.828     0.000     0.000     0.000     0.000   0   0   0   0   0   0   0     0.000    -0.015     0.000     0.022     0.000    -0.000    -0.015
   7 0 0 0 1 1 1 1   5  30   5   0   0   0   0    23.441     5.383    23.558     0.000     0.000     0.000     0.000   0   0   0   0   0   0   0     0.000    -0.015     0.000    -0.001     0.002    -0.008    -0.031
   7 0 0 0 1 1 1 1  24   4  29   0   0   0   0     5.733    22.367     5.782     0.000     0.000     0.000     0.000   0   0   0   0   0   0   0     0.000    -0.015     0.000    -0.002     0.000     0.002     0.004
   7 0 0 0 1 1 1 1  10   2  26   0   0   0   0    14.905    21.721     5.654     0.000     0.000     0.000     0.000   0   0   0   0   0   0   0     0.000    -0.015     0.000     0.006    -0.016    -0.017     0.000
   7 0 0 0 1 1 1 1  26  11  22   0   0   0   0     5.680    53.722     5.523     0.000     0.000     0.000     0.000   0   0   0   0   0   0   0     0.000    -0.015     0.000    -0.002    -0.020     0.001    -0.006
   7 0 0 0 1 1 1 1   3   1   3   0   0   0   0    21.721    22.021    21.726     0.000     0.000     0.000     0.000   0   0   0   0   0   0   0     0.000    -0.015     0.000    -0.008    -0.022     0.243    -0.000
   7 0 0 0 1 1 1 1   4  28  13   0   0   0   0    23.667     5.630    49.198     0.000     0.000     0.000     0.000   0   0   0   0   0   0   0     0.000    -0.015     0.000    -0.001     0.001     0.000     0.003
   7 0 0 0 1 1 1 1   3  22  22   0   0   0   0    21.729     5.525     5.417     0.000     0.000     0.000     0.000   0   0   0   0   0   0   0     0.000    -0.015     0.000    -0.104    -0.004    -0.001     0.002
   7 0 0 0 1 1 1 1  28   1   4   0   0   0   0     5.509    21.877    23.825     0.000     0.000     0.000     0.000   0   0   0   0   0   0   0     0.000    -0.015     0.000     0.027     0.000    -0.001    -0.019
   7 0 0 0 1 1 1 1   6   0   3   0   0   0   0    19.100    21.104    22.011     0.000     0.000     0.000     0.000   0   0   0   0   0   0   0     0.000    -0.015     0.000     0.007     0.044    -0.006     0.000
   7 0 0 0 1 1 1 1  26  31  25   0   0   0   0     5.919     5.479     5.834     0.000     0.000     0.000     0.000   0   0   0   0   0   0   0     0.000    -0.015     0.000     0.000    -0.002    -0.000     0.003
   7 0 0 0 1 1 1 1  26  16  17   0   0   0   0     5.973    53.082    53.326     0.000     0.000     0.000     0.000   0   0   0   0   0   0   0     0.000    -0.015     0.000    -0.009     0.000     0.014     0.003
   7 0 0 0 1 1 1 1  32   7  31   0   0   0   0     4.338    20.971     5.567     0.000     0.000     0.000     0.000   0   0   0   0   0   0   0     0.000    -0.015     0.000     0.000    -0.011     0.002     0.008
   7 0 0 0 1 1 1 1   5  32  25   0   0   0   0    23.080     4.319     5.807     0.000     0.000     0.000     0.000   0   0   0   0   0   0   0     0.000    -0.015     0.000    -0.001     0.003    -0.008    -0.001
   7 0 0 0 1 1 1 1  10  16  10   0   0   0   0    14.932    58.499    15.241     0.000     0.000     0.000     0.000   0   0   0   0   0   0   0     0.000    -0.015     0.000    -0.012    -0.003     0.002    -0.000
   7 0 0 0 1 1 1 1   6  14  10   0   0   0   0    19.100    47.907    14.905     0.000     0.000     0.000     0.000   0   0   0   0   0   0   0     0.000    -0.015     0.000     0.040     0.006    -0.014     0.000
   7 0 0 0 1 1 1 1  24  19   8   0   0   0   0     5.130    65.744    17.095     0.000     0.000     0.000     0.000   0   0   0   0   0   0   0     0.000    -0.015     0.000    -0.015    -0.002     0.023     0.000
   7 0 0 0 1 1 1 1  18   3   0   0   0   0   0    50.626    21.823    21.129     0.000     0.000     0.000     0.000   0   0   0   0   0   0   0     0.000    -0.015     0.000    -0.026    -0.000     0.231     0.001
   7 0 0 0 1 1 1 1  25  19  12   0   0   0   0     5.880    66.430    53.637     0.000     0.000     0.000     0.000   0   0   0   0   0   0   0     0.000    -0.015     0.000    -0.001     0.006     0.002    -0.001
   7 0 0 0 1 1 1 1  24   0  12   0   0   0   0     4.946    21.130    55.111     0.000     0.000     0.000     0.000   0   0   0   0   0   0   0     0.000    -0.015     0.000    -0.099    -0.004     0.000    -0.004
   7 0 0 0 1 1 1 1  31  16  25   0   0   0   0     5.303    57.891     5.568     0.000     0.000     0.000     0.000   0   0   0   0   0   0   0     0.000    -0.015     0.000    -0.004     0.033     0.020     0.000
   7 0 0 0 1 1 1 1   6   0  12   0   0   0   0    19.100    21.104    56.061     0.000     0.000     0.000     0.000   0   0   0   0   0   0   0     0.000    -0.015     0.000     0.006     0.041     0.000    -0.007
   7 0 0 0 1 1 1 1  28   4  29   0   0   0   0     5.719    22.366     5.781     0.000     0.000     0.000     0.000   0   0   0   0   0   0   0     0.000    -0.015     0.000    -0.003     0.000     0.001     0.003
   7 0 0 0 1 1 1 1   6   0  26   0   0   0   0    19.100    21.104     5.654     0.000     0.000     0.000     0.000   0   0   0   0   0   0   0     0.000    -0.015     0.000     0.005     0.037    -0.014     0.000
   7 0 0 0 1 1 1 1  28   1  29   0   0   0   0     5.509    21.877     5.774     0.000     0.000     0.000     0.000   0   0   0   0   0   0   0     0.000    -0.015     0.000     0.022     0.001    -0.005     0.002
   7 0 0 0 1 1 1 1  16  22  30   0   0   0   0    54.512     4.880     5.383     0.000     0.000     0.000     0.000   0   0   0   0   0   0   0     0.000    -0.015     0.000    -0.013    -0.002    -0.001     0.003
   7 0 0 0 1 1 1 1   2  22   3   0   0   0   0    21.496     5.531    21.726     0.000     0.000     0.000     0.000   0   0   0   0   0   0   0     0.000    -0.015     0.000    -0.013    -0.005     0.026    -0.000
   7 0 0 0 1 1 1 1   4  19  22   0   0   0   0    22.383    61.417     5.418     0.000     0.000     0.000     0.000   0   0   0   0   0   0   0     0.000    -0.015     0.000     0.003    -0.003    -0.000     0.005
   7 0 0 0 1 1 1 1  12   0   3   0   0   0   0    45.560    21.142    21.726     0.000     0.000     0.000     0.000   0   0   0   0   0   0   0     0.000    -0.015     0.000     0.033     0.007    -0.066    -0.000
   7 0 0 0 1 1 1 1   7   9  20   0   0   0   0    20.050    17.644    62.410     0.000     0.000     0.000     0.000   0   0   0   0   0   0   0     0.000    -0.015     0.000     0.001     0.017     0.001    -0.002
   7 0 0 0 1 1 1 1  14  14   1   0   0   0   0    48.846    48.839    22.030     0.000     0.000     0.000     0.000   0   0   0   0   0   0   0     0.000    -0.015     0.000    -0.000     0.126    -0.005    -0.012
   7 0 0 0 1 1 1 1   3  23  23   0   0   0   0    24.453     5.771     5.409     0.000     0.000     0.000     0.000   0   0   0   0   0   0   0     0.000    -0.015     0.000    -0.001     0.001    -0.000     0.010
   7 0 0 0 1 1 1 1  27   0   3   0   0   0   0     5.199    21.143    21.726     0.000     0.000     0.000     0.000   0   0   0   0   0   0   0     0.000    -0.015     0.000     0.035     0.003    -0.148    -0.000
   7 0 0 0 1 1 1 1  13  10  32   0   0   0   0    49.349    15.555     4.319     0.000     0.000     0.000     0.000   0   0   0   0   0   0   0     0.000    -0.015     0.000    -0.006    -0.001    -0.000     0.007
   7 0 0 0 1 1 1 1  26   5  26   0   0   0   0     5.722    23.558     5.791     0.000     0.000     0.000     0.000   0   0   0   0   0   0   0     0.000    -0.015     0.000     0.002    -0.017    -0.002     0.000
   7 0 0 0 1 1 1 1  22  17  20   0   0   0   0     5.543    57.374    62.482     0.000     0.000     0.000     0.000   0   0   0   0   0   0   0     0.000    -0.015     0.000    -0.001     0.001     0.002     0.013
   7 0 0 0 1 1 1 1  28  28  17   0   0   0   0     5.671     5.534    53.231     0.000     0.000     0.000     0.000   0   0   0   0   0   0   0     0.000    -0.015     0.000     0.002    -0.003     0.017     0.003
   7 0 0 0 1 1 1 1  13  16  10   0   0   0   0    53.831    57.848    15.387     0.000     0.000     0.000     0.000   0   0   0   0   0   0   0     0.000    -0.015     0.000    -0.000     0.008    -0.002    -0.018
   7 0 0 0 1 1 1 1  10  14  10   0   0   0   0    14.905    44.292    15.241     0.000     0.000     0.000     0.000   0   0   0   0   0   0   0     0.000    -0.015     0.000    -0.005    -0.011     0.001    -0.000
   7 0 0 0 1 1 1 1  29  32   6   0   0   0   0     5.990     4.396    21.384     0.000     0.000     0.000     0.000   0   0   0   0   0   0   0     0.000    -0.015     0.000     0.000    -0.011     0.003     0.013
   7 0 0 0 1 1 1 1  31  16  25   0   0   0   0     5.296    57.891     5.568     0.000     0.000     0.000     0.000   0   0   0   0   0   0   0     0.000    -0.015     0.000    -0.004     0.028     0.014     0.000
   7 0 0 0 1 1 1 1   3   1   3   0   0   0   0    21.721    22.054    21.726     0.000     0.000     0.000     0.000   0   0   0   0   0   0   0     0.000    -0.015     0.000    -0.009    -0.024     0.219    -0.000
   7 0 0 0 1 1 1 1  24  29   8   0   0   0   0     5.242     5.544    17.095     0.000     0.000     0.000     0.000   0   0   0   0   0   0   0     0.000    -0.015     0.000    -0.000    -0.006     0.013     0.000
   7 0 1 0 1 1 1 1   3  29  12   0   0   0   0    21.577     5.544    45.537     0.000     0.000     0.000     0.000   0   0   0   0   0   0   0     0.000    -0.024     0.000    -0.000    -0.006     0.008    -0.000
   7 0 0 0 1 1 1 1  26  17  13   0   0   0   0     5.678    56.495    50.398     0.000     0.000     0.000     0.000   0   0   0   0   0   0   0     0.000    -0.024     0.000    -0.001    -0.016    -0.001     0.002
   7 0 0 0 1 1 1 1   6   0  26   0   0   0   0    19.100    21.104     5.656     0.000     0.000     0.000     0.000   0   0   0   0   0   0   0     0.000    -0.024     0.000     0.005     0.038    -0.013     0.000
   7 0 0 0 1 1 1 1  12  12   3   0   0   0   0    45.581    45.575    21.823     0.000     0.000     0.000     0.000   0   0   0   0   0   0   0     0.000    -0.024     0.000     0.001     0.081    -0.018    -0.000
   7 0 0 0 1 1 1 1   6   0  10   0   0   0   0    19.116    21.133    14.905     0.000     0.000     0.000     0.000   0   0   0   0   0   0   0     0.000    -0.024     0.000     0.007     0.034    -0.012     0.000
   7 0 0 0 1 1 1 1  12   3  12   0   0   0   0    45.575    21.577    45.578     0.000     0.000     0.000     0.000   0   0   0   0   0   0   0     0.000    -0.024     0.000    -0.016     0.012    -0.243    -0.000
   7 0 0 0 1 1 1 1  11  13  12   0   0   0   0    51.123    50.471    49.127     0.000     0.000     0.000     0.000   0   0   0   0   0   0   0     0.000    -0.024     0.000    -0.000     0.006    -0.009    -0.000
   7 0 0 0 1 1 1 1  14   2  31   0   0   0   0    39.131    23.614     5.477     0.000     0.000     0.000     0.000   0   0   0   0   0   0   0     0.000    -0.024     0.000     0.002     0.006     0.000    -0.001
   7 0 0 0 1 1 1 1   3  22  22   0   0   0   0    21.729     5.525     5.518     0.000     0.000     0.000     0.000   0   0   0   0   0   0   0     0.000    -0.024     0.000    -0.094    -0.003    -0.000     0.004
   7 0 0 0 1 1 1 1  28   1   4   0   0   0   0     5.509    21.877    23.825     0.000     0.000     0.000     0.000   0   0   0   0   0   0   0     0.000    -0.024     0.000     0.019     0.001    -0.000    -0.016
   7 0 0 0 1 1 1 1  13  15  10   0   0   0   0    53.831    51.994    15.405     0.000     0.000     0.000     0.000   0   0   0   0   0   0   0     0.000    -0.024     0.000    -0.000     0.005    -0.001    -0.018
   7 0 0 0 1 1 1 1  10  30  10   0   0   0   0    14.932     5.047    15.234     0.000     0.000     0.000     0.000   0   0   0   0   0   0   0     0.000    -0.024     0.000    -0.008     0.000     0.001    -0.000
   7 0 0 0 1 1 1 1  23  27  11   0   0   0   0     5.771     5.515    50.137     0.000     0.000     0.000     0.000   0   0   0   0   0   0   0     0.000    -0.024     0.000     0.000    -0.011     0.011     0.000
   7 0 0 0 1 1 1 1  22  28  20   0   0   0   0     5.505     5.509    62.477     0.000     0.000     0.000     0.000   0   0   0   0   0   0   0     0.000    -0.024     0.000     0.003    -0.001    -0.010     0.004
   7 0 0 0 1 1 1 1  18   3   0   0   0   0   0    50.626    21.823    21.129     0.000     0.000     0.000     0.000   0   0   0   0   0   0   0     0.000    -0.024     0.000    -0.023    -0.000     0.208     0.001
   7 0 0 0 1 1 1 1  14  13   9   0   0   0   0    43.013    49.198    18.072     0.000     0.000     0.000     0.000   0   0   0   0   0   0   0     0.000    -0.024     0.000    -0.000     0.003     0.000    -0.004
   7 0 0 0 1 1 1 1   4  19   3   0   0   0   0    22.398    61.397    22.821     0.000     0.000     0.000     0.000   0   0   0   0   0   0   0     0.000    -0.024     0.000     0.005    -0.003     0.007     0.000
   7 0 0 0 1 1 1 1  28  17  23   0   0   0   0     5.666    56.588     6.041     0.000     0.000     0.000     0.000   0   0   0   0   0   0   0     0.000    -0.024     0.000    -0.005     0.000     0.003     0.015
   7 0 0 0 1 1 1 1  17   4   6   0   0   0   0    57.185    23.474    19.349     0.000     0.000     0.000     0.000   0   0   0   0   0   0   0     0.000    -0.024     0.000    -0.001    -0.007     0.029     0.001
   7 0 0 0 1 1 1 1   3   2   3   0   0   0   0    21.721    21.489    21.726     0.000     0.000     0.000     0.000   0   0   0   0   0   0   0     0.000    -0.024     0.000    -0.002    -0.010     0.116    -0.000
   7 0 0 0 1 1 1 1   3  10  23   0   0   0   0    24.453    15.217     5.396     0.000     0.000     0.000     0.000   0   0   0   0   0   0   0     0.000    -0.024     0.000     0.002    -0.001    -0.000     0.009
   7 0 0 0 1 1 1 1  27   0   3   0   0   0   0     5.199    21.143    21.726     0.000     0.000     0.000     0.000   0   0   0   0   0   0   0     0.000    -0.024     0.000     0.032     0.003    -0.129    -0.000
   7 0 0 0 1 1 1 1  29  20  11   0   0   0   0     5.751    62.883    51.127     0.000     0.000     0.000     0.000   0   0   0   0   0   0   0     0.000    -0.024     0.000    -0.000    -0.006     0.003    -0.001
   7 0 0 0 1 1 1 1  24  29   6   0   0   0   0     5.242     5.544    19.444     0.000     0.000     0.000     0.000   0   0   0   0   0   0   0     0.000    -0.024     0.000    -0.000    -0.006     0.013     0.000
   7 0 0 0 1 1 1 1  17  23  24   0   0   0   0    59.802     5.778     5.509     0.000     0.000     0.000     0.000   0   0   0   0   0   0   0     0.000    -0.024     0.000    -0.001     0.002     0.005    -0.001
   7 0 0 0 1 1 1 1  26   0   4   0   0   0   0     5.662    21.481    23.816     0.000     0.000     0.000     0.000   0   0   0   0   0   0   0     0.000    -0.024     0.000    -0.019    -0.003     0.001    -0.003
   7 0 0 0 1 1 1 1   3   1   3   0   0   0   0    21.721    22.013    21.726     0.000     0.000     0.000     0.000   0   0   0   0   0   0   0     0.000    -0.024     0.000    -0.005    -0.017     0.198    -0.000
   7 0 0 0 1 1 1 1  26   5  26   0   0   0   0     5.725    23.558     5.791     0.000     0.000     0.000     0.000   0   0   0   0   0   0   0     0.000    -0.024     0.000     0.002    -0.015    -0.002     0.000
   7 0 1 0 1 1 1 1   3   5  27   0   0   0   0    21.577    23.558     5.194     0.000     0.000     0.000     0.000   0   0   0   0   0   0   0     0.000    -0.022     0.000     0.002    -0.015     0.002    -0.000
   7 0 0 0 1 1 1 1  32   4  17   0   0   0   0     4.337    23.774    59.320     0.000     0.000     0.000     0.000   0   0   0   0   0   0   0     0.000    -0.022     0.000     0.000    -0.010     0.001     0.007
   7 0 0 0 1 1 1 1  18   3   0   0   0   0   0    50.626    21.880    21.129     0.000     0.000     0.000     0.000   0   0   0   0   0   0   0     0.000    -0.022     0.000    -0.016     0.000     0.188     0.001
   7 0 0 0 1 1 1 1  12  12   3   0   0   0   0    45.578    45.575    21.823     0.000     0.000     0.000     0.000   0   0   0   0   0   0   0     0.000    -0.022     0.000     0.000     0.110    -0.016     0.000
   7 0 0 0 1 1 1 1   6   0  26   0   0   0   0    19.100    21.104     5.654     0.000     0.000     0.000     0.000   0   0   0   0   0   0   0     0.000    -0.022     0.000     0.004     0.032    -0.012     0.000
   7 0 0 0 1 1 1 1  28   0  25   0   0   0   0     5.531    21.031     5.604     0.000     0.000     0.000     0.000   0   0   0   0   0   0   0     0.000    -0.022     0.000     0.058     0.001    -0.011    -0.000
   7 0 0 0 1 1 1 1  13  10  32   0   0   0   0    49.349    15.557     4.319     0.000     0.000     0.000     0.000   0   0   0   0   0   0   0     0.000    -0.022     0.000    -0.005    -0.000    -0.000     0.006
   7 0 0 0 1 1 1 1   7   3   6   0   0   0   0    20.583    23.183    20.157     0.000     0.000     0.000     0.000   0   0   0   0   0   0   0     0.000    -0.022     0.000     0.000    -0.004     0.003    -0.000
   7 0 0 0 1 1 1 1   3   1  23   0   0   0   0    24.453    21.892     5.398     0.000     0.000     0.000     0.000   0   0   0   0   0   0   0     0.000    -0.022     0.000     0.001    -0.001    -0.000     0.008
   7 0 0 0 1 1 1 1  22  28  20   0   0   0   0     5.537     5.509    62.476     0.000     0.000     0.000     0.000   0   0   0   0   0   0   0     0.000    -0.022     0.000     0.002    -0.001    -0.011    -0.000
