  404
   1 1   0     0.000   0     4.822
   1 1   0     0.000   0     5.451
   1 1   0     0.000   0     5.771
   1 1   0     0.000   0     6.058
   7 0 0 0 1 1 1 1  25  18  16   0   0   0   0     5.572    49.614    59.525     0.000     0.000     0.000     0.000   0   0   0   0   0   0   0     0.000     0.000     0.000    -0.089    -0.229     0.039     0.177
   7 0 0 0 1 1 1 1  25  12  25   0   0   0   0     5.597    47.294     5.742     0.000     0.000     0.000     0.000   0   0   0   0   0   0   0     0.000     0.000     0.000    -0.277    -0.100     0.009     0.141
   7 0 0 0 1 1 1 1  25  25  26   0   0   0   0     5.392     5.148     5.861     0.000     0.000     0.000     0.000   0   0   0   0   0   0   0     0.000     0.000     0.000    -0.326    -0.169     0.002     0.102
   7 0 0 0 1 1 1 1  29  29  28   0   0   0   0     5.544     5.309     5.627     0.000     0.000     0.000     0.000   0   0   0   0   0   0   0     0.000     0.000     0.000    -0.577    -0.281     0.047     0.209
   7 0 0 0 1 1 1 1  25  17  16   0   0   0   0     5.575    56.268    59.689     0.000     0.000     0.000     0.000   0   0   0   0   0   0   0     0.000     0.000     0.000    -0.228    -0.092     0.036     0.163
   7 0 0 0 1 1 1 1  25  12  25   0   0   0   0     5.630    47.835     5.835     0.000     0.000     0.000     0.000   0   0   0   0   0   0   0     0.000     0.000     0.000    -0.226    -0.046     0.065     0.143
   7 0 0 0 1 1 1 1  25  25  26   0   0   0   0     5.425     5.194     5.865     0.000     0.000     0.000     0.000   0   0   0   0   0   0   0     0.000     0.000     0.000    -0.280    -0.132     0.006     0.094
   7 0 0 0 1 1 1 1  29  29  28   0   0   0   0     5.576     5.341     5.627     0.000     0.000     0.000     0.000   0   0   0   0   0   0   0     0.000     0.000     0.000    -0.499    -0.225     0.046     0.188
   7 0 0 0 1 1 1 1  25  12  16   0   0   0   0     5.595    47.663    60.139     0.000     0.000     0.000     0.000   0   0   0   0   0   0   0     0.000     0.000     0.000    -0.182    -0.056     0.039     0.157
   7 0 0 0 1 1 1 1  25  12  25   0   0   0   0     5.576    46.785     5.704     0.000     0.000     0.000     0.000   0   0   0   0   0   0   0     0.000     0.000     0.000    -0.255    -0.105    -0.006     0.109
   7 0 0 0 1 1 1 1  25  25  26   0   0   0   0     5.372     5.122     5.849     0.000     0.000     0.000     0.000   0   0   0   0   0   0   0     0.000     0.000     0.000    -0.270    -0.145    -0.003     0.080
   7 0 0 0 1 1 1 1  29  25  29   0   0   0   0     5.524     5.140     5.729     0.000     0.000     0.000     0.000   0   0   0   0   0   0   0     0.000     0.000     0.000    -0.499    -0.258    -0.017     0.134
   7 0 0 0 1 1 1 1  25  22  27   0   0   0   0     5.603     5.470     5.178     0.000     0.000     0.000     0.000   0   0   0   0   0   0   0     0.000     0.000     0.000    -0.045    -0.162     0.145     0.037
   7 0 0 0 1 1 1 1   3   1  25   0   0   0   0    22.647    21.904     5.864     0.000     0.000     0.000     0.000   0   0   0   0   0   0   0     0.000     0.000     0.000    -0.044    -0.197     0.057     0.126
   7 0 0 0 1 1 1 1  29  25  26   0   0   0   0     5.544     5.238     5.870     0.000     0.000     0.000     0.000   0   0   0   0   0   0   0     0.000     0.000     0.000    -0.219    -0.087     0.011     0.079
   7 0 0 0 1 1 1 1  29  29  24   0   0   0   0     5.592     5.370     5.435     0.000     0.000     0.000     0.000   0   0   0   0   0   0   0     0.000     0.000     0.000    -0.394    -0.165    -0.011     0.127
   7 0 0 0 1 1 1 1  25  18  27   0   0   0   0     5.569    49.990     5.366     0.000     0.000     0.000     0.000   0   0   0   0   0   0   0     0.000     0.000     0.000    -0.070    -0.177     0.086     0.008
   7 0 0 0 1 1 1 1  25  12  25   0   0   0   0     5.568    46.558     5.749     0.000     0.000     0.000     0.000   0   0   0   0   0   0   0     0.000     0.000     0.000    -0.223    -0.094     0.002     0.095
   7 0 0 0 1 1 1 1  25  25  26   0   0   0   0     5.481     5.253     5.837     0.000     0.000     0.000     0.000   0   0   0   0   0   0   0     0.000     0.000     0.000    -0.193    -0.074     0.002     0.064
   7 0 0 0 1 1 1 1  29  29  29   0   0   0   0     5.488     5.233     5.720     0.000     0.000     0.000     0.000   0   0   0   0   0   0   0     0.000     0.000     0.000    -0.424    -0.231    -0.029     0.108
   7 0 0 0 1 1 1 1  22  16  12   0   0   0   0     5.465    58.633    46.062     0.000     0.000     0.000     0.000   0   0   0   0   0   0   0     0.000     0.000     0.000     0.010     0.101    -0.194    -0.108
   7 0 0 0 1 1 1 1  25   3   4   0   0   0   0     5.611    22.221    22.701     0.000     0.000     0.000     0.000   0   0   0   0   0   0   0     0.000     0.000     0.000    -0.171    -0.055     0.005     0.082
   7 0 0 0 1 1 1 1  25  25  25   0   0   0   0     5.358     5.084     5.664     0.000     0.000     0.000     0.000   0   0   0   0   0   0   0     0.000     0.000     0.000    -0.214    -0.113    -0.008     0.055
   7 0 0 0 1 1 1 1  24  29  28   0   0   0   0     5.310     5.275     5.591     0.000     0.000     0.000     0.000   0   0   0   0   0   0   0     0.000     0.000     0.000    -0.366    -0.178     0.002     0.122
   7 0 0 0 1 1 1 1  25  12  16   0   0   0   0     5.608    47.990    60.476     0.000     0.000     0.000     0.000   0   0   0   0   0   0   0     0.000     0.000     0.000    -0.118    -0.029     0.029     0.116
   7 0 0 0 1 1 1 1   3  12  25   0   0   0   0    22.565    48.133     5.915     0.000     0.000     0.000     0.000   0   0   0   0   0   0   0     0.000     0.000     0.000    -0.133    -0.025     0.045     0.112
   7 0 0 0 1 1 1 1  24  25  25   0   0   0   0     5.303     5.132     5.678     0.000     0.000     0.000     0.000   0   0   0   0   0   0   0     0.000     0.000     0.000    -0.182    -0.081    -0.001     0.053
   7 0 0 0 1 1 1 1  29  29  24   0   0   0   0     5.637     5.385     5.456     0.000     0.000     0.000     0.000   0   0   0   0   0   0   0     0.000     0.000     0.000    -0.286    -0.111    -0.004     0.105
   7 0 0 0 1 1 1 1  25  12  27   0   0   0   0     5.608    47.723     5.345     0.000     0.000     0.000     0.000   0   0   0   0   0   0   0     0.000     0.000     0.000    -0.111    -0.031     0.069     0.011
   7 0 0 0 1 1 1 1  25  12  25   0   0   0   0     5.534    46.260     5.690     0.000     0.000     0.000     0.000   0   0   0   0   0   0   0     0.000     0.000     0.000    -0.183    -0.077    -0.009     0.065
   7 0 0 0 1 1 1 1  25  25  26   0   0   0   0     5.494     5.258     5.872     0.000     0.000     0.000     0.000   0   0   0   0   0   0   0     0.000     0.000     0.000    -0.143    -0.054     0.008     0.054
   7 0 0 0 1 1 1 1  31  29  30   0   0   0   0     5.336     5.293     5.614     0.000     0.000     0.000     0.000   0   0   0   0   0   0   0     0.000     0.000     0.000    -0.294    -0.122     0.033     0.142
   7 0 0 0 1 1 1 1  12  18  27   0   0   0   0    48.356    50.282     5.164     0.000     0.000     0.000     0.000   0   0   0   0   0   0   0     0.000     0.000     0.000    -0.055    -0.143     0.098     0.018
   7 0 0 0 1 1 1 1  25   3  25   0   0   0   0     5.608    22.036     5.808     0.000     0.000     0.000     0.000   0   0   0   0   0   0   0     0.000     0.000     0.000    -0.150    -0.050     0.012     0.071
   7 0 0 0 1 1 1 1  24  25  26   0   0   0   0     5.306     5.072     5.801     0.000     0.000     0.000     0.000   0   0   0   0   0   0   0     0.000     0.000     0.000    -0.167    -0.071    -0.003     0.042
   7 0 0 0 1 1 1 1  24  11  28   0   0   0   0     5.322    42.711     5.569     0.000     0.000     0.000     0.000   0   0   0   0   0   0   0     0.000     0.000     0.000    -0.307    -0.139    -0.007     0.087
   7 0 0 0 1 1 1 1  25  22  19   0   0   0   0     5.608     5.489    66.207     0.000     0.000     0.000     0.000   0   0   0   0   0   0   0     0.000     0.000     0.000    -0.030    -0.098     0.021     0.090
   7 0 0 0 1 1 1 1   3  12  25   0   0   0   0    22.565    47.648     5.933     0.000     0.000     0.000     0.000   0   0   0   0   0   0   0     0.000     0.000     0.000    -0.109    -0.024     0.034     0.092
   7 0 0 0 1 1 1 1  25  27  19   0   0   0   0     5.483     5.246    66.174     0.000     0.000     0.000     0.000   0   0   0   0   0   0   0     0.000     0.000     0.000    -0.128    -0.052     0.015     0.077
   7 0 0 0 1 1 1 1  29  28  30   0   0   0   0     5.479     5.018     5.591     0.000     0.000     0.000     0.000   0   0   0   0   0   0   0     0.000     0.000     0.000    -0.296    -0.153     0.011     0.109
   7 0 0 0 1 1 1 1  29   4  16   0   0   0   0     5.680    22.121    55.274     0.000     0.000     0.000     0.000   0   0   0   0   0   0   0     0.000     0.000     0.000    -0.124    -0.044    -0.002     0.049
   7 0 0 0 1 1 1 1  25  12   4   0   0   0   0     5.525    46.064    22.600     0.000     0.000     0.000     0.000   0   0   0   0   0   0   0     0.000     0.000     0.000    -0.152    -0.061    -0.010     0.047
   7 0 0 0 1 1 1 1  25  25  26   0   0   0   0     5.438     5.040     5.872     0.000     0.000     0.000     0.000   0   0   0   0   0   0   0     0.000     0.000     0.000    -0.148    -0.062     0.003     0.042
   7 0 0 0 1 1 1 1  29  23  24   0   0   0   0     5.653     5.528     5.408     0.000     0.000     0.000     0.000   0   0   0   0   0   0   0     0.000     0.000     0.000    -0.198    -0.074    -0.019     0.070
   7 0 0 0 1 1 1 1  25   1  16   0   0   0   0     5.614    21.922    60.975     0.000     0.000     0.000     0.000   0   0   0   0   0   0   0     0.000     0.000     0.000    -0.021    -0.080     0.019     0.084
   7 0 0 0 1 1 1 1   4  12  25   0   0   0   0    22.535    48.396     5.946     0.000     0.000     0.000     0.000   0   0   0   0   0   0   0     0.000     0.000     0.000    -0.080    -0.010     0.030     0.082
   7 0 0 0 1 1 1 1  24   4  19   0   0   0   0     5.318    22.230    66.112     0.000     0.000     0.000     0.000   0   0   0   0   0   0   0     0.000     0.000     0.000    -0.105    -0.042     0.012     0.066
   7 0 0 0 1 1 1 1  24  29  28   0   0   0   0     5.340     5.217     5.605     0.000     0.000     0.000     0.000   0   0   0   0   0   0   0     0.000     0.000     0.000    -0.225    -0.097     0.004     0.078
   7 0 0 0 1 1 1 1  12   4  27   0   0   0   0    48.331    22.081     5.384     0.000     0.000     0.000     0.000   0   0   0   0   0   0   0     0.000     0.000     0.000    -0.112    -0.041     0.042    -0.001
   7 0 0 0 1 1 1 1  25  12  25   0   0   0   0     5.617    46.376     5.907     0.000     0.000     0.000     0.000   0   0   0   0   0   0   0     0.000     0.000     0.000    -0.115    -0.032     0.018     0.066
   7 0 0 0 1 1 1 1  25  25  25   0   0   0   0     5.338     5.012     5.655     0.000     0.000     0.000     0.000   0   0   0   0   0   0   0     0.000     0.000     0.000    -0.131    -0.063    -0.007     0.029
   7 0 0 0 1 1 1 1  29  11  30   0   0   0   0     5.659    45.476     5.642     0.000     0.000     0.000     0.000   0   0   0   0   0   0   0     0.000     0.000     0.000    -0.154    -0.051     0.023     0.103
   7 0 0 0 1 1 1 1  31  18  16   0   0   0   0     5.360    50.082    55.019     0.000     0.000     0.000     0.000   0   0   0   0   0   0   0     0.000     0.000     0.000    -0.029    -0.082    -0.009     0.034
   7 0 0 0 1 1 1 1   4  12  25   0   0   0   0    22.511    48.607     5.960     0.000     0.000     0.000     0.000   0   0   0   0   0   0   0     0.000     0.000     0.000    -0.065    -0.008     0.025     0.072
   7 0 0 0 1 1 1 1  24  27  26   0   0   0   0     5.328     5.254     5.974     0.000     0.000     0.000     0.000   0   0   0   0   0   0   0     0.000     0.000     0.000    -0.084    -0.031     0.012     0.096
   7 0 0 0 1 1 1 1  24  28  28   0   0   0   0     5.342     5.010     5.605     0.000     0.000     0.000     0.000   0   0   0   0   0   0   0     0.000     0.000     0.000    -0.213    -0.082     0.003     0.065
   7 0 0 0 1 1 1 1  25   1  16   0   0   0   0     5.617    21.956    61.545     0.000     0.000     0.000     0.000   0   0   0   0   0   0   0     0.000     0.000     0.000    -0.022    -0.074     0.015     0.073
   7 0 0 0 1 1 1 1  25  12  25   0   0   0   0     5.440    45.832     5.797     0.000     0.000     0.000     0.000   0   0   0   0   0   0   0     0.000     0.000     0.000    -0.117    -0.046    -0.002     0.040
   7 0 0 0 1 1 1 1  25   1  19   0   0   0   0     5.494    21.995    66.149     0.000     0.000     0.000     0.000   0   0   0   0   0   0   0     0.000     0.000     0.000    -0.038    -0.101     0.008     0.056
   7 0 0 0 1 1 1 1  29  23  23   0   0   0   0     5.667     5.514     5.572     0.000     0.000     0.000     0.000   0   0   0   0   0   0   0     0.000     0.000     0.000    -0.142    -0.051    -0.017     0.050
   7 0 0 0 1 1 1 1  12   4  27   0   0   0   0    48.614    22.071     5.385     0.000     0.000     0.000     0.000   0   0   0   0   0   0   0     0.000     0.000     0.000    -0.088    -0.030     0.034    -0.001
   7 0 0 0 1 1 1 1   4  12  25   0   0   0   0    22.498    46.950     5.962     0.000     0.000     0.000     0.000   0   0   0   0   0   0   0     0.000     0.000     0.000    -0.074    -0.016     0.021     0.061
   7 0 0 0 1 1 1 1  24  17  29   0   0   0   0     5.328    56.903     5.793     0.000     0.000     0.000     0.000   0   0   0   0   0   0   0     0.000     0.000     0.000    -0.061    -0.015     0.002     0.035
   7 0 0 0 1 1 1 1  11  28  30   0   0   0   0    45.920     4.987     5.632     0.000     0.000     0.000     0.000   0   0   0   0   0   0   0     0.000     0.000     0.000    -0.189    -0.092     0.007     0.079
   7 0 0 0 1 1 1 1  29   5  16   0   0   0   0     5.687    22.016    55.059     0.000     0.000     0.000     0.000   0   0   0   0   0   0   0     0.000     0.000     0.000     0.011    -0.044    -0.007     0.028
   7 0 0 0 1 1 1 1  25  12  25   0   0   0   0     5.582    45.946     5.825     0.000     0.000     0.000     0.000   0   0   0   0   0   0   0     0.000     0.000     0.000    -0.096    -0.028     0.004     0.035
   7 0 0 0 1 1 1 1  25   1  12   0   0   0   0     5.501    22.001    47.543     0.000     0.000     0.000     0.000   0   0   0   0   0   0   0     0.000     0.000     0.000    -0.030    -0.087     0.079     0.009
   7 0 0 0 1 1 1 1  29  23  23   0   0   0   0     5.675     5.536     5.575     0.000     0.000     0.000     0.000   0   0   0   0   0   0   0     0.000     0.000     0.000    -0.110    -0.037    -0.014     0.043
   7 0 0 0 1 1 1 1  22  16  12   0   0   0   0     5.466    58.001    45.625     0.000     0.000     0.000     0.000   0   0   0   0   0   0   0     0.000     0.000     0.000     0.001     0.036    -0.079    -0.037
   7 0 0 0 1 1 1 1   4  12  25   0   0   0   0    22.553    48.359     5.966     0.000     0.000     0.000     0.000   0   0   0   0   0   0   0     0.000     0.000     0.000    -0.046    -0.005     0.018     0.053
   7 0 0 0 1 1 1 1  24  16  29   0   0   0   0     5.340    57.408     5.807     0.000     0.000     0.000     0.000   0   0   0   0   0   0   0     0.000     0.000     0.000    -0.046    -0.000     0.002     0.032
   7 0 0 0 1 1 1 1  24  12  29   0   0   0   0     5.364    47.636     5.774     0.000     0.000     0.000     0.000   0   0   0   0   0   0   0     0.000     0.000     0.000    -0.097    -0.026     0.003     0.051
   7 0 0 0 1 1 1 1  29   5  16   0   0   0   0     5.700    22.016    55.373     0.000     0.000     0.000     0.000   0   0   0   0   0   0   0     0.000     0.000     0.000     0.009    -0.035    -0.001     0.028
   7 0 0 0 1 1 1 1  25  12  25   0   0   0   0     5.434    45.699     5.786     0.000     0.000     0.000     0.000   0   0   0   0   0   0   0     0.000     0.000     0.000    -0.088    -0.032    -0.002     0.027
   7 0 0 0 1 1 1 1  28  25  19   0   0   0   0     5.233     4.981    66.150     0.000     0.000     0.000     0.000   0   0   0   0   0   0   0     0.000     0.000     0.000    -0.095    -0.040     0.002     0.044
   7 0 0 0 1 1 1 1  29  23  30   0   0   0   0     5.677     5.431     5.652     0.000     0.000     0.000     0.000   0   0   0   0   0   0   0     0.000     0.000     0.000    -0.149    -0.045     0.013     0.067
   7 0 0 0 1 1 1 1  26  28  15   0   0   0   0     5.836     5.678    56.255     0.000     0.000     0.000     0.000   0   0   0   0   0   0   0     0.000     0.000     0.000    -0.026     0.013     0.015     0.071
   7 0 0 0 1 1 1 1   4   1  25   0   0   0   0    22.481    21.968     5.973     0.000     0.000     0.000     0.000   0   0   0   0   0   0   0     0.000     0.000     0.000    -0.013    -0.066     0.014     0.046
   7 0 0 0 1 1 1 1  25  23  26   0   0   0   0     5.546     5.448     6.010     0.000     0.000     0.000     0.000   0   0   0   0   0   0   0     0.000     0.000     0.000    -0.066    -0.020     0.008     0.085
   7 0 0 0 1 1 1 1  24  18  29   0   0   0   0     5.366    49.760     5.768     0.000     0.000     0.000     0.000   0   0   0   0   0   0   0     0.000     0.000     0.000    -0.026    -0.088     0.002     0.042
   7 0 0 0 1 1 1 1  12   4  11   0   0   0   0    48.054    22.051    52.833     0.000     0.000     0.000     0.000   0   0   0   0   0   0   0     0.000     0.000     0.000    -0.063    -0.022     0.012    -0.043
   7 0 0 0 1 1 1 1  25  18  25   0   0   0   0     5.618    50.357     5.923     0.000     0.000     0.000     0.000   0   0   0   0   0   0   0     0.000     0.000     0.000    -0.016    -0.064     0.009     0.034
   7 0 0 0 1 1 1 1  24   5   4   0   0   0   0     5.342    22.011    22.400     0.000     0.000     0.000     0.000   0   0   0   0   0   0   0     0.000     0.000     0.000     0.006    -0.035    -0.007     0.019
   7 0 0 0 1 1 1 1  24  18  30   0   0   0   0     5.377    50.530     5.812     0.000     0.000     0.000     0.000   0   0   0   0   0   0   0     0.000     0.000     0.000    -0.031    -0.115     0.019     0.105
   7 0 0 0 1 1 1 1  26  13  16   0   0   0   0     5.834    49.561    62.805     0.000     0.000     0.000     0.000   0   0   0   0   0   0   0     0.000     0.000     0.000    -0.030     0.000     0.013     0.064
   7 0 0 0 1 1 1 1  25  12  17   0   0   0   0     5.432    45.575    58.388     0.000     0.000     0.000     0.000   0   0   0   0   0   0   0     0.000     0.000     0.000    -0.070    -0.026    -0.001     0.023
   7 0 0 0 1 1 1 1  31  23  12   0   0   0   0     5.336     5.433    47.643     0.000     0.000     0.000     0.000   0   0   0   0   0   0   0     0.000     0.000     0.000    -0.067    -0.018     0.060     0.006
   7 0 0 0 1 1 1 1  29  23  23   0   0   0   0     5.685     5.461     5.873     0.000     0.000     0.000     0.000   0   0   0   0   0   0   0     0.000     0.000     0.000    -0.092    -0.029     0.015     0.092
   7 0 0 0 1 1 1 1  24   5  13   0   0   0   0     5.342    22.026    50.381     0.000     0.000     0.000     0.000   0   0   0   0   0   0   0     0.000     0.000     0.000     0.003    -0.036    -0.001     0.023
   7 0 0 0 1 1 1 1  22   0  12   0   0   0   0     5.466    21.152    45.507     0.000     0.000     0.000     0.000   0   0   0   0   0   0   0     0.000     0.000     0.000    -0.003     0.017    -0.066    -0.026
   7 0 0 0 1 1 1 1  16  23   5   0   0   0   0    58.919     5.848    21.978     0.000     0.000     0.000     0.000   0   0   0   0   0   0   0     0.000     0.000     0.000    -0.010     0.037     0.048     0.021
   7 0 0 0 1 1 1 1  11  25  28   0   0   0   0    45.830     4.986     5.685     0.000     0.000     0.000     0.000   0   0   0   0   0   0   0     0.000     0.000     0.000    -0.120    -0.050     0.003     0.047
   7 0 0 0 1 1 1 1  12  25  11   0   0   0   0    48.624     5.028    52.833     0.000     0.000     0.000     0.000   0   0   0   0   0   0   0     0.000     0.000     0.000    -0.051    -0.015     0.011    -0.038
   7 0 0 0 1 1 1 1  25  12  25   0   0   0   0     5.662    48.607     5.995     0.000     0.000     0.000     0.000   0   0   0   0   0   0   0     0.000     0.000     0.000    -0.026    -0.002     0.011     0.039
   7 0 0 0 1 1 1 1  25   4  19   0   0   0   0     5.289    21.984    66.112     0.000     0.000     0.000     0.000   0   0   0   0   0   0   0     0.000     0.000     0.000    -0.077    -0.029     0.000     0.032
   7 0 0 0 1 1 1 1  24  12  32   0   0   0   0     5.386    47.734     4.277     0.000     0.000     0.000     0.000   0   0   0   0   0   0   0     0.000     0.000     0.000    -0.056    -0.014     0.002     0.033
   7 0 0 0 1 1 1 1  26  30  27   0   0   0   0     5.834     5.635     5.019     0.000     0.000     0.000     0.000   0   0   0   0   0   0   0     0.000     0.000     0.000    -0.017     0.016     0.052     0.010
   7 0 0 0 1 1 1 1  25  12  17   0   0   0   0     5.348    45.403    57.842     0.000     0.000     0.000     0.000   0   0   0   0   0   0   0     0.000     0.000     0.000    -0.065    -0.024    -0.002     0.016
   7 0 0 0 1 1 1 1  25  23  26   0   0   0   0     5.643     5.473     6.043     0.000     0.000     0.000     0.000   0   0   0   0   0   0   0     0.000     0.000     0.000    -0.042    -0.006     0.010     0.079
   7 0 0 0 1 1 1 1  29  23  23   0   0   0   0     5.616     5.433     5.605     0.000     0.000     0.000     0.000   0   0   0   0   0   0   0     0.000     0.000     0.000    -0.093    -0.028    -0.012     0.022
   7 0 0 0 1 1 1 1  26  13  16   0   0   0   0     5.830    49.394    63.039     0.000     0.000     0.000     0.000   0   0   0   0   0   0   0     0.000     0.000     0.000    -0.024    -0.000     0.009     0.052
   7 0 0 0 1 1 1 1  25  18   4   0   0   0   0     5.664    50.055    23.804     0.000     0.000     0.000     0.000   0   0   0   0   0   0   0     0.000     0.000     0.000    -0.006    -0.034     0.008     0.030
   7 0 0 0 1 1 1 1   4  16  23   0   0   0   0    22.374    55.564     5.560     0.000     0.000     0.000     0.000   0   0   0   0   0   0   0     0.000     0.000     0.000    -0.003    -0.029    -0.007     0.018
   7 0 0 0 1 1 1 1  29  23  23   0   0   0   0     5.685     5.428     5.887     0.000     0.000     0.000     0.000   0   0   0   0   0   0   0     0.000     0.000     0.000    -0.087    -0.023     0.010     0.076
   7 0 0 0 1 1 1 1  12   4  11   0   0   0   0    47.881    22.017    52.833     0.000     0.000     0.000     0.000   0   0   0   0   0   0   0     0.000     0.000     0.000    -0.051    -0.016     0.008    -0.034
   7 0 0 0 1 1 1 1  22  25  12   0   0   0   0     5.472     5.870    45.613     0.000     0.000     0.000     0.000   0   0   0   0   0   0   0     0.000     0.000     0.000     0.000     0.018    -0.046    -0.017
   7 0 0 0 1 1 1 1  26  23  28   0   0   0   0     5.891     5.537     5.606     0.000     0.000     0.000     0.000   0   0   0   0   0   0   0     0.000     0.000     0.000    -0.022    -0.001     0.003     0.030
   7 0 0 0 1 1 1 1  24  17  29   0   0   0   0     5.367    56.098     5.778     0.000     0.000     0.000     0.000   0   0   0   0   0   0   0     0.000     0.000     0.000    -0.055    -0.016    -0.000     0.026
   7 0 0 0 1 1 1 1  17  30  11   0   0   0   0    57.277     5.616    53.729     0.000     0.000     0.000     0.000   0   0   0   0   0   0   0     0.000     0.000     0.000    -0.015     0.006     0.015    -0.041
   7 0 0 0 1 1 1 1   4  12  11   0   0   0   0    22.743    48.889    50.368     0.000     0.000     0.000     0.000   0   0   0   0   0   0   0     0.000     0.000     0.000    -0.017    -0.000     0.024     0.005
   7 0 0 0 1 1 1 1  16  23   5   0   0   0   0    58.908     5.846    21.980     0.000     0.000     0.000     0.000   0   0   0   0   0   0   0     0.000     0.000     0.000    -0.008     0.027     0.035     0.013
   7 0 0 0 1 1 1 1  29  12  23   0   0   0   0     5.749    47.607     5.938     0.000     0.000     0.000     0.000   0   0   0   0   0   0   0     0.000     0.000     0.000    -0.038    -0.007     0.014     0.086
   7 0 0 0 1 1 1 1  16  24  32   0   0   0   0    57.918     5.342     4.313     0.000     0.000     0.000     0.000   0   0   0   0   0   0   0     0.000     0.000     0.000    -0.020     0.001     0.011     0.036
   7 0 0 0 1 1 1 1  25  12   4   0   0   0   0     5.353    45.340    22.771     0.000     0.000     0.000     0.000   0   0   0   0   0   0   0     0.000     0.000     0.000    -0.053    -0.017    -0.002     0.011
   7 0 0 0 1 1 1 1  25  23  29   0   0   0   0     5.742     5.514     6.088     0.000     0.000     0.000     0.000   0   0   0   0   0   0   0     0.000     0.000     0.000    -0.026    -0.002     0.009     0.069
   7 0 0 0 1 1 1 1  23  17  32   0   0   0   0     5.560    55.552     4.277     0.000     0.000     0.000     0.000   0   0   0   0   0   0   0     0.000     0.000     0.000    -0.080    -0.019    -0.000     0.023
   7 0 0 0 1 1 1 1   5  31  24   0   0   0   0    21.980     5.517     5.342     0.000     0.000     0.000     0.000   0   0   0   0   0   0   0     0.000     0.000     0.000     0.023     0.049    -0.017     0.002
   7 0 0 0 1 1 1 1  25  13  11   0   0   0   0     5.672    49.586    49.445     0.000     0.000     0.000     0.000   0   0   0   0   0   0   0     0.000     0.000     0.000    -0.016    -0.001     0.023     0.006
   7 0 0 0 1 1 1 1   4  19  23   0   0   0   0    22.360    61.412     5.552     0.000     0.000     0.000     0.000   0   0   0   0   0   0   0     0.000     0.000     0.000     0.004    -0.018    -0.006     0.013
   7 0 0 0 1 1 1 1  25  25  11   0   0   0   0     5.358     4.960    53.370     0.000     0.000     0.000     0.000   0   0   0   0   0   0   0     0.000     0.000     0.000    -0.088    -0.028     0.008    -0.051
   7 0 0 0 1 1 1 1  29  17  20   0   0   0   0     5.772    56.424    59.898     0.000     0.000     0.000     0.000   0   0   0   0   0   0   0     0.000     0.000     0.000    -0.017    -0.002    -0.017     0.017
   7 0 0 0 1 1 1 1  25   4  25   0   0   0   0     5.339    21.977     5.862     0.000     0.000     0.000     0.000   0   0   0   0   0   0   0     0.000     0.000     0.000    -0.049    -0.015    -0.000     0.012
   7 0 0 0 1 1 1 1   5  18  32   0   0   0   0    21.980    48.463     4.206     0.000     0.000     0.000     0.000   0   0   0   0   0   0   0     0.000     0.000     0.000     0.048     0.019    -0.015     0.004
   7 0 0 0 1 1 1 1  29  17  23   0   0   0   0     5.751    56.332     5.917     0.000     0.000     0.000     0.000   0   0   0   0   0   0   0     0.000     0.000     0.000    -0.034    -0.007     0.010     0.067
   7 0 0 0 1 1 1 1   5  32  32   0   0   0   0    21.983     4.318     4.277     0.000     0.000     0.000     0.000   0   0   0   0   0   0   0     0.000     0.000     0.000     0.019     0.041    -0.009     0.005
   7 0 0 0 1 1 1 1  22   4   4   0   0   0   0     5.473    23.783    22.041     0.000     0.000     0.000     0.000   0   0   0   0   0   0   0     0.000     0.000     0.000     0.001     0.018    -0.032    -0.011
   7 0 0 0 1 1 1 1  32  16  29   0   0   0   0     4.518    58.908     6.135     0.000     0.000     0.000     0.000   0   0   0   0   0   0   0     0.000     0.000     0.000    -0.004     0.017     0.033     0.074
   7 0 0 0 1 1 1 1  23  32  28   0   0   0   0     5.550     4.350     5.694     0.000     0.000     0.000     0.000   0   0   0   0   0   0   0     0.000     0.000     0.000    -0.026     0.003     0.003     0.028
   7 0 0 0 1 1 1 1  13  22  12   0   0   0   0    50.168     5.390    54.432     0.000     0.000     0.000     0.000   0   0   0   0   0   0   0     0.000     0.000     0.000     0.000    -0.015     0.011    -0.050
   7 0 0 0 1 1 1 1   4  22  25   0   0   0   0    22.456     5.389     6.016     0.000     0.000     0.000     0.000   0   0   0   0   0   0   0     0.000     0.000     0.000     0.001    -0.012     0.004     0.024
   7 0 0 0 1 1 1 1  26   5  29   0   0   0   0     5.942    21.983     6.123     0.000     0.000     0.000     0.000   0   0   0   0   0   0   0     0.000     0.000     0.000     0.021    -0.004     0.022     0.064
   7 0 0 0 1 1 1 1  23  32  17   0   0   0   0     5.553     4.348    54.444     0.000     0.000     0.000     0.000   0   0   0   0   0   0   0     0.000     0.000     0.000    -0.024     0.002     0.066     0.006
   7 0 0 0 1 1 1 1  17  23  11   0   0   0   0    57.262     5.433    53.319     0.000     0.000     0.000     0.000   0   0   0   0   0   0   0     0.000     0.000     0.000    -0.030    -0.003     0.010    -0.029
   7 0 0 0 1 1 1 1   4  12  11   0   0   0   0    22.771    45.767    50.443     0.000     0.000     0.000     0.000   0   0   0   0   0   0   0     0.000     0.000     0.000    -0.026    -0.003     0.016     0.003
   7 0 0 0 1 1 1 1  23  17   4   0   0   0   0     5.560    56.873    22.742     0.000     0.000     0.000     0.000   0   0   0   0   0   0   0     0.000     0.000     0.000    -0.021    -0.002    -0.001     0.016
   7 0 0 0 1 1 1 1  29   5  23   0   0   0   0     5.699    22.017     5.863     0.000     0.000     0.000     0.000   0   0   0   0   0   0   0     0.000     0.000     0.000     0.011    -0.021     0.005     0.043
   7 0 0 0 1 1 1 1  29  12  20   0   0   0   0     5.778    54.511    59.883     0.000     0.000     0.000     0.000   0   0   0   0   0   0   0     0.000     0.000     0.000    -0.004    -0.043    -0.015     0.014
   7 0 0 0 1 1 1 1  25  12  17   0   0   0   0     5.280    45.239    58.605     0.000     0.000     0.000     0.000   0   0   0   0   0   0   0     0.000     0.000     0.000    -0.039    -0.012    -0.001     0.008
   7 0 0 0 1 1 1 1  23  16  11   0   0   0   0     5.845    58.908    50.503     0.000     0.000     0.000     0.000   0   0   0   0   0   0   0     0.000     0.000     0.000    -0.005     0.013     0.039     0.008
   7 0 0 0 1 1 1 1  23  25  22   0   0   0   0     5.550     4.967     5.466     0.000     0.000     0.000     0.000   0   0   0   0   0   0   0     0.000     0.000     0.000    -0.065    -0.012     0.010    -0.017
   7 0 0 0 1 1 1 1   5  16  24   0   0   0   0    21.977    64.041     5.344     0.000     0.000     0.000     0.000   0   0   0   0   0   0   0     0.000     0.000     0.000     0.017     0.039    -0.011     0.001
   7 0 0 0 1 1 1 1  17  22  24   0   0   0   0    57.477     5.389     5.499     0.000     0.000     0.000     0.000   0   0   0   0   0   0   0     0.000     0.000     0.000     0.001    -0.010     0.009    -0.004
   7 0 0 0 1 1 1 1  25  18  23   0   0   0   0     4.993    50.843     5.849     0.000     0.000     0.000     0.000   0   0   0   0   0   0   0     0.000     0.000     0.000    -0.023    -0.055    -0.001     0.019
   7 0 0 0 1 1 1 1  28   5  17   0   0   0   0     5.656    22.001    54.041     0.000     0.000     0.000     0.000   0   0   0   0   0   0   0     0.000     0.000     0.000     0.016    -0.008     0.064     0.014
   7 0 0 0 1 1 1 1  13  22  11   0   0   0   0    50.100     5.390    53.287     0.000     0.000     0.000     0.000   0   0   0   0   0   0   0     0.000     0.000     0.000     0.000    -0.012     0.009    -0.023
   7 0 0 0 1 1 1 1  25  12  10   0   0   0   0     5.238    45.223    15.218     0.000     0.000     0.000     0.000   0   0   0   0   0   0   0     0.000     0.000     0.000    -0.035    -0.010     0.010    -0.000
   7 0 0 0 1 1 1 1   5  18  32   0   0   0   0    21.980    48.463     4.207     0.000     0.000     0.000     0.000   0   0   0   0   0   0   0     0.000     0.000     0.000     0.037     0.013    -0.011     0.003
   7 0 0 0 1 1 1 1  29   5  23   0   0   0   0     5.752    22.016     5.855     0.000     0.000     0.000     0.000   0   0   0   0   0   0   0     0.000     0.000     0.000     0.012    -0.012     0.006     0.034
   7 0 0 0 1 1 1 1  17  23  11   0   0   0   0    57.235     5.433    52.380     0.000     0.000     0.000     0.000   0   0   0   0   0   0   0     0.000     0.000     0.000    -0.025    -0.002     0.008    -0.018
   7 0 0 0 1 1 1 1   4  13  11   0   0   0   0    22.771    49.651    50.655     0.000     0.000     0.000     0.000   0   0   0   0   0   0   0     0.000     0.000     0.000    -0.008     0.000     0.012     0.001
   7 0 0 0 1 1 1 1  23  17   4   0   0   0   0     5.576    56.942    22.771     0.000     0.000     0.000     0.000   0   0   0   0   0   0   0     0.000     0.000     0.000    -0.017    -0.001    -0.001     0.015
   7 0 0 0 1 1 1 1  24   5  23   0   0   0   0     5.473    22.016     5.966     0.000     0.000     0.000     0.000   0   0   0   0   0   0   0     0.000     0.000     0.000     0.012    -0.013     0.007     0.053
   7 0 0 0 1 1 1 1   5   5  29   0   0   0   0    21.976    21.933     5.778     0.000     0.000     0.000     0.000   0   0   0   0   0   0   0     0.000     0.000     0.000     0.028     0.013    -0.005     0.005
   7 0 0 0 1 1 1 1  25  13   6   0   0   0   0     5.674    49.564    19.395     0.000     0.000     0.000     0.000   0   0   0   0   0   0   0     0.000     0.000     0.000    -0.009     0.000     0.028     0.003
   7 0 0 0 1 1 1 1  31   5  26   0   0   0   0     5.573    21.984     6.112     0.000     0.000     0.000     0.000   0   0   0   0   0   0   0     0.000     0.000     0.000     0.015    -0.002     0.020     0.054
   7 0 0 0 1 1 1 1  29  23  28   0   0   0   0     5.698     5.409     5.715     0.000     0.000     0.000     0.000   0   0   0   0   0   0   0     0.000     0.000     0.000    -0.053    -0.008     0.002     0.021
   7 0 0 0 1 1 1 1  13  25  32   0   0   0   0    49.586     5.664     4.309     0.000     0.000     0.000     0.000   0   0   0   0   0   0   0     0.000     0.000     0.000    -0.011     0.001     0.001     0.019
   7 0 0 0 1 1 1 1  14   1  21   0   0   0   0    39.694    22.451    68.072     0.000     0.000     0.000     0.000   0   0   0   0   0   0   0     0.000     0.000     0.000     0.008     0.021    -0.003     0.008
   7 0 0 0 1 1 1 1  25   4  11   0   0   0   0     4.970    21.952    52.602     0.000     0.000     0.000     0.000   0   0   0   0   0   0   0     0.000     0.000     0.000    -0.047    -0.025     0.002    -0.014
   7 0 0 0 1 1 1 1  11  29  11   0   0   0   0    45.712     5.095    53.662     0.000     0.000     0.000     0.000   0   0   0   0   0   0   0     0.000     0.000     0.000    -0.059    -0.013     0.004    -0.040
   7 0 0 0 1 1 1 1  23  26  23   0   0   0   0     5.537     5.896     5.845     0.000     0.000     0.000     0.000   0   0   0   0   0   0   0     0.000     0.000     0.000    -0.012     0.005     0.005    -0.010
   7 0 0 0 1 1 1 1  24  12   6   0   0   0   0     5.183    45.270    19.612     0.000     0.000     0.000     0.000   0   0   0   0   0   0   0     0.000     0.000     0.000    -0.029    -0.007     0.011     0.000
   7 0 0 0 1 1 1 1  23  21  11   0   0   0   0     5.840    68.123    50.523     0.000     0.000     0.000     0.000   0   0   0   0   0   0   0     0.000     0.000     0.000    -0.004     0.011     0.030     0.005
   7 0 0 0 1 1 1 1  22  11  18   0   0   0   0     5.492    53.903    50.843     0.000     0.000     0.000     0.000   0   0   0   0   0   0   0     0.000     0.000     0.000     0.004    -0.040    -0.013    -0.053
   7 0 0 0 1 1 1 1   5   5  12   0   0   0   0    21.980    21.933    45.403     0.000     0.000     0.000     0.000   0   0   0   0   0   0   0     0.000     0.000     0.000     0.023     0.010    -0.025    -0.001
   7 0 0 0 1 1 1 1  26   5   1   0   0   0   0     5.911    22.001    22.361     0.000     0.000     0.000     0.000   0   0   0   0   0   0   0     0.000     0.000     0.000     0.007    -0.003     0.004     0.016
   7 0 0 0 1 1 1 1  12   4  13   0   0   0   0    54.511    22.360    54.611     0.000     0.000     0.000     0.000   0   0   0   0   0   0   0     0.000     0.000     0.000    -0.005     0.004    -0.027    -0.053
   7 0 0 0 1 1 1 1  30   5  17   0   0   0   0     5.656    21.990    53.822     0.000     0.000     0.000     0.000   0   0   0   0   0   0   0     0.000     0.000     0.000     0.014    -0.005     0.055     0.013
   7 0 0 0 1 1 1 1  29  23  20   0   0   0   0     5.778     5.848    59.860     0.000     0.000     0.000     0.000   0   0   0   0   0   0   0     0.000     0.000     0.000    -0.002    -0.025    -0.013     0.010
   7 0 0 0 1 1 1 1  24   1  10   0   0   0   0     5.201    22.039    15.212     0.000     0.000     0.000     0.000   0   0   0   0   0   0   0     0.000     0.000     0.000    -0.006    -0.026     0.009     0.000
   7 0 0 0 1 1 1 1  25   4  11   0   0   0   0     4.965    21.933    52.920     0.000     0.000     0.000     0.000   0   0   0   0   0   0   0     0.000     0.000     0.000    -0.044    -0.026     0.001    -0.019
   7 0 0 0 1 1 1 1  24   5  29   0   0   0   0     5.509    22.026     5.778     0.000     0.000     0.000     0.000   0   0   0   0   0   0   0     0.000     0.000     0.000     0.008    -0.010    -0.001     0.012
   7 0 0 0 1 1 1 1  12  17  17   0   0   0   0    54.954    57.235    57.604     0.000     0.000     0.000     0.000   0   0   0   0   0   0   0     0.000     0.000     0.000    -0.003     0.005    -0.006    -0.041
   7 0 0 0 1 1 1 1  14  25  12   0   0   0   0    39.580     5.844    49.162     0.000     0.000     0.000     0.000   0   0   0   0   0   0   0     0.000     0.000     0.000     0.004     0.015    -0.005     0.002
   7 0 0 0 1 1 1 1  23  16  11   0   0   0   0     5.838    58.919    50.369     0.000     0.000     0.000     0.000   0   0   0   0   0   0   0     0.000     0.000     0.000    -0.004     0.009     0.028     0.005
   7 0 0 0 1 1 1 1  29  16  11   0   0   0   0     5.611    57.755    52.981     0.000     0.000     0.000     0.000   0   0   0   0   0   0   0     0.000     0.000     0.000    -0.013     0.017     0.004    -0.021
   7 0 0 0 1 1 1 1  23  27  29   0   0   0   0     5.550     5.505     5.778     0.000     0.000     0.000     0.000   0   0   0   0   0   0   0     0.000     0.000     0.000    -0.004    -0.028    -0.002     0.007
   7 0 0 0 1 1 1 1  10  20  22   0   0   0   0    15.118    62.322     5.345     0.000     0.000     0.000     0.000   0   0   0   0   0   0   0     0.000     0.000     0.000     0.023     0.006     0.002    -0.004
   7 0 0 0 1 1 1 1  26   5  30   0   0   0   0     5.922    21.977     5.976     0.000     0.000     0.000     0.000   0   0   0   0   0   0   0     0.000     0.000     0.000     0.012    -0.002     0.010     0.042
   7 0 0 0 1 1 1 1  28  11  12   0   0   0   0     5.712    54.197    45.777     0.000     0.000     0.000     0.000   0   0   0   0   0   0   0     0.000     0.000     0.000    -0.001    -0.035     0.049     0.012
   7 0 0 0 1 1 1 1  12   4  16   0   0   0   0    45.443    21.957    54.753     0.000     0.000     0.000     0.000   0   0   0   0   0   0   0     0.000     0.000     0.000    -0.034    -0.014    -0.006     0.003
   7 0 0 0 1 1 1 1   4  10  26   0   0   0   0    23.776    15.118     5.918     0.000     0.000     0.000     0.000   0   0   0   0   0   0   0     0.000     0.000     0.000     0.007    -0.002     0.006     0.014
   7 0 0 0 1 1 1 1  25  25  11   0   0   0   0     5.021     4.951    52.510     0.000     0.000     0.000     0.000   0   0   0   0   0   0   0     0.000     0.000     0.000    -0.036    -0.014     0.002    -0.010
   7 0 0 0 1 1 1 1  22  11  12   0   0   0   0     5.524    53.949    45.192     0.000     0.000     0.000     0.000   0   0   0   0   0   0   0     0.000     0.000     0.000     0.002    -0.030    -0.045    -0.012
   7 0 0 0 1 1 1 1   5  31  12   0   0   0   0    21.974     5.525    54.563     0.000     0.000     0.000     0.000   0   0   0   0   0   0   0     0.000     0.000     0.000     0.011     0.025    -0.001    -0.028
   7 0 0 0 1 1 1 1  25  12  14   0   0   0   0     5.020    45.140    39.552     0.000     0.000     0.000     0.000   0   0   0   0   0   0   0     0.000     0.000     0.000    -0.024    -0.010     0.009    -0.000
   7 0 0 0 1 1 1 1  32   0   9   0   0   0   0     4.209    21.092    18.807     0.000     0.000     0.000     0.000   0   0   0   0   0   0   0     0.000     0.000     0.000    -0.019    -0.001     0.003    -0.031
   7 0 0 0 1 1 1 1  23  22   7   0   0   0   0     5.560     4.895    20.124     0.000     0.000     0.000     0.000   0   0   0   0   0   0   0     0.000     0.000     0.000     0.007    -0.011     0.013     0.000
   7 0 0 0 1 1 1 1  22  18   4   0   0   0   0     5.521    42.495    21.967     0.000     0.000     0.000     0.000   0   0   0   0   0   0   0     0.000     0.000     0.000    -0.014     0.002    -0.030    -0.008
   7 0 0 0 1 1 1 1  24   1   6   0   0   0   0     5.223    22.054    19.401     0.000     0.000     0.000     0.000   0   0   0   0   0   0   0     0.000     0.000     0.000    -0.005    -0.023     0.016     0.001
   7 0 0 0 1 1 1 1  26  17  29   0   0   0   0     5.926    55.611     6.137     0.000     0.000     0.000     0.000   0   0   0   0   0   0   0     0.000     0.000     0.000    -0.019    -0.000     0.010     0.036
   7 0 0 0 1 1 1 1  28   5  30   0   0   0   0     5.678    21.986     5.947     0.000     0.000     0.000     0.000   0   0   0   0   0   0   0     0.000     0.000     0.000     0.011    -0.004     0.008     0.042
   7 0 0 0 1 1 1 1  29   6   1   0   0   0   0     5.778    20.450    22.278     0.000     0.000     0.000     0.000   0   0   0   0   0   0   0     0.000     0.000     0.000    -0.001    -0.015     0.008    -0.009
   7 0 0 0 1 1 1 1  25   5  26   0   0   0   0     5.843    21.980     5.916     0.000     0.000     0.000     0.000   0   0   0   0   0   0   0     0.000     0.000     0.000     0.010    -0.002     0.002     0.011
   7 0 0 0 1 1 1 1  23  17   4   0   0   0   0     5.576    57.001    22.771     0.000     0.000     0.000     0.000   0   0   0   0   0   0   0     0.000     0.000     0.000    -0.011    -0.000    -0.000     0.009
   7 0 0 0 1 1 1 1  25  25  11   0   0   0   0     4.995     4.934    53.287     0.000     0.000     0.000     0.000   0   0   0   0   0   0   0     0.000     0.000     0.000    -0.043    -0.019     0.001    -0.021
   7 0 0 0 1 1 1 1  12  12  17   0   0   0   0    54.965    48.857    57.604     0.000     0.000     0.000     0.000   0   0   0   0   0   0   0     0.000     0.000     0.000    -0.004     0.003    -0.002    -0.035
   7 0 0 0 1 1 1 1  24   1   8   0   0   0   0     5.223    22.020    17.211     0.000     0.000     0.000     0.000   0   0   0   0   0   0   0     0.000     0.000     0.000    -0.003    -0.015     0.008     0.000
   7 0 0 0 1 1 1 1  12  21  28   0   0   0   0    54.453    68.123     5.646     0.000     0.000     0.000     0.000   0   0   0   0   0   0   0     0.000     0.000     0.000    -0.001     0.009    -0.021    -0.048
   7 0 0 0 1 1 1 1  30  12  17   0   0   0   0     5.826    48.049    53.496     0.000     0.000     0.000     0.000   0   0   0   0   0   0   0     0.000     0.000     0.000    -0.008     0.001     0.045     0.017
   7 0 0 0 1 1 1 1   5   5  32   0   0   0   0    21.983    21.946     4.303     0.000     0.000     0.000     0.000   0   0   0   0   0   0   0     0.000     0.000     0.000     0.016     0.006    -0.003     0.003
   7 0 0 0 1 1 1 1   4  28  17   0   0   0   0    23.736     5.720    59.209     0.000     0.000     0.000     0.000   0   0   0   0   0   0   0     0.000     0.000     0.000    -0.002     0.006     0.004     0.010
   7 0 0 0 1 1 1 1  23  21  11   0   0   0   0     5.838    68.071    50.657     0.000     0.000     0.000     0.000   0   0   0   0   0   0   0     0.000     0.000     0.000    -0.003     0.007     0.020     0.003
   7 0 0 0 1 1 1 1  24   5  29   0   0   0   0     5.512    22.036     5.778     0.000     0.000     0.000     0.000   0   0   0   0   0   0   0     0.000     0.000     0.000     0.006    -0.007    -0.001     0.008
   7 0 0 0 1 1 1 1  23  30  23   0   0   0   0     5.550     5.505     5.838     0.000     0.000     0.000     0.000   0   0   0   0   0   0   0     0.000     0.000     0.000    -0.003    -0.030     0.003    -0.005
   7 0 0 0 1 1 1 1  25   5  26   0   0   0   0     5.843    21.980     5.917     0.000     0.000     0.000     0.000   0   0   0   0   0   0   0     0.000     0.000     0.000     0.009    -0.002     0.002     0.010
   7 0 0 0 1 1 1 1  32  22   1   0   0   0   0     4.227     5.425    22.556     0.000     0.000     0.000     0.000   0   0   0   0   0   0   0     0.000     0.000     0.000    -0.014     0.001     0.003    -0.026
   7 0 0 0 1 1 1 1  31  12  26   0   0   0   0     5.457    53.969     5.862     0.000     0.000     0.000     0.000   0   0   0   0   0   0   0     0.000     0.000     0.000    -0.002    -0.029    -0.007     0.008
   7 0 0 0 1 1 1 1  32   7   3   0   0   0   0     4.303    20.380    24.101     0.000     0.000     0.000     0.000   0   0   0   0   0   0   0     0.000     0.000     0.000    -0.000    -0.012     0.010    -0.002
   7 0 0 0 1 1 1 1  25   4  14   0   0   0   0     5.041    21.935    39.299     0.000     0.000     0.000     0.000   0   0   0   0   0   0   0     0.000     0.000     0.000    -0.018    -0.007     0.008    -0.000
   7 0 0 0 1 1 1 1  25  25  11   0   0   0   0     4.959     4.928    52.400     0.000     0.000     0.000     0.000   0   0   0   0   0   0   0     0.000     0.000     0.000    -0.034    -0.022     0.001    -0.008
   7 0 0 0 1 1 1 1  28  12  30   0   0   0   0     5.715    45.452     5.976     0.000     0.000     0.000     0.000   0   0   0   0   0   0   0     0.000     0.000     0.000    -0.024    -0.001     0.008     0.037
   7 0 0 0 1 1 1 1  25  17  16   0   0   0   0     4.959    55.356    54.753     0.000     0.000     0.000     0.000   0   0   0   0   0   0   0     0.000     0.000     0.000    -0.028    -0.017    -0.005     0.002
   7 0 0 0 1 1 1 1  28  10   2   0   0   0   0     5.720    15.118    23.514     0.000     0.000     0.000     0.000   0   0   0   0   0   0   0     0.000     0.000     0.000     0.005    -0.001     0.005     0.016
   7 0 0 0 1 1 1 1  32   0  26   0   0   0   0     4.209    21.098     5.759     0.000     0.000     0.000     0.000   0   0   0   0   0   0   0     0.000     0.000     0.000    -0.014     0.000    -0.004     0.004
   7 0 0 0 1 1 1 1  29  16   7   0   0   0   0     5.451    54.757    20.127     0.000     0.000     0.000     0.000   0   0   0   0   0   0   0     0.000     0.000     0.000    -0.137    -0.007     0.010    -0.001
   7 0 0 0 1 1 1 1  32  19  18   0   0   0   0     4.303    60.893    42.850     0.000     0.000     0.000     0.000   0   0   0   0   0   0   0     0.000     0.000     0.000    -0.014    -0.001    -0.008     0.006
   7 0 0 0 1 1 1 1   4   1  31   0   0   0   0    23.735    21.928     5.521     0.000     0.000     0.000     0.000   0   0   0   0   0   0   0     0.000     0.000     0.000     0.001    -0.003     0.006    -0.011
   7 0 0 0 1 1 1 1  25   4   0   0   0   0   0     5.018    21.948    21.115     0.000     0.000     0.000     0.000   0   0   0   0   0   0   0     0.000     0.000     0.000    -0.027    -0.010    -0.003     0.003
   7 0 0 0 1 1 1 1  31  12  26   0   0   0   0     5.459    53.580     5.873     0.000     0.000     0.000     0.000   0   0   0   0   0   0   0     0.000     0.000     0.000    -0.001    -0.023    -0.005     0.007
   7 0 0 0 1 1 1 1  12  12   1   0   0   0   0    54.511    45.495    21.517     0.000     0.000     0.000     0.000   0   0   0   0   0   0   0     0.000     0.000     0.000    -0.013     0.001    -0.038    -0.013
   7 0 0 0 1 1 1 1  25  15  31   0   0   0   0     5.792    51.180     5.466     0.000     0.000     0.000     0.000   0   0   0   0   0   0   0     0.000     0.000     0.000    -0.004     0.001     0.006     0.001
   7 0 0 0 1 1 1 1  23  21  11   0   0   0   0     5.838    68.071    50.363     0.000     0.000     0.000     0.000   0   0   0   0   0   0   0     0.000     0.000     0.000    -0.002     0.006     0.020     0.003
   7 0 0 0 1 1 1 1  30  12  23   0   0   0   0     5.850    45.419     6.020     0.000     0.000     0.000     0.000   0   0   0   0   0   0   0     0.000     0.000     0.000    -0.023    -0.000     0.014     0.035
   7 0 0 0 1 1 1 1   5  16  30   0   0   0   0    21.983    57.620     5.310     0.000     0.000     0.000     0.000   0   0   0   0   0   0   0     0.000     0.000     0.000    -0.006     0.009    -0.004     0.001
   7 0 0 0 1 1 1 1  24   1   8   0   0   0   0     5.223    22.054    16.980     0.000     0.000     0.000     0.000   0   0   0   0   0   0   0     0.000     0.000     0.000    -0.003    -0.016     0.011     0.000
   7 0 0 0 1 1 1 1  23  17   6   0   0   0   0     5.576    57.001    19.374     0.000     0.000     0.000     0.000   0   0   0   0   0   0   0     0.000     0.000     0.000    -0.009    -0.000     0.019     0.001
   7 0 0 0 1 1 1 1  11  22  28   0   0   0   0    54.514     5.496     5.595     0.000     0.000     0.000     0.000   0   0   0   0   0   0   0     0.000     0.000     0.000     0.002    -0.008    -0.004    -0.027
   7 0 0 0 1 1 1 1  11  13   1   0   0   0   0    53.662    50.254    21.517     0.000     0.000     0.000     0.000   0   0   0   0   0   0   0     0.000     0.000     0.000    -0.001     0.003    -0.033    -0.009
   7 0 0 0 1 1 1 1  28  25  13   0   0   0   0     5.711     5.786    42.958     0.000     0.000     0.000     0.000   0   0   0   0   0   0   0     0.000     0.000     0.000    -0.002     0.002     0.014     0.004
   7 0 0 0 1 1 1 1  12  14  24   0   0   0   0    54.949    46.430     5.160     0.000     0.000     0.000     0.000   0   0   0   0   0   0   0     0.000     0.000     0.000     0.002    -0.003    -0.047    -0.018
   7 0 0 0 1 1 1 1  28   5  13   0   0   0   0     5.716    21.985    43.290     0.000     0.000     0.000     0.000   0   0   0   0   0   0   0     0.000     0.000     0.000     0.008    -0.002     0.030     0.007
   7 0 0 0 1 1 1 1  25  12  18   0   0   0   0     4.957    45.122    42.495     0.000     0.000     0.000     0.000   0   0   0   0   0   0   0     0.000     0.000     0.000    -0.023    -0.013    -0.009     0.001
   7 0 0 0 1 1 1 1  14  11  10   0   0   0   0    39.307    51.008    15.118     0.000     0.000     0.000     0.000   0   0   0   0   0   0   0     0.000     0.000     0.000     0.008    -0.002     0.004    -0.001
   7 0 0 0 1 1 1 1  22  25  20   0   0   0   0     5.534     5.578    62.480     0.000     0.000     0.000     0.000   0   0   0   0   0   0   0     0.000     0.000     0.000    -0.005     0.001     0.004     0.018
   7 0 0 0 1 1 1 1  32  23  17   0   0   0   0     4.355     5.569    54.195     0.000     0.000     0.000     0.000   0   0   0   0   0   0   0     0.000     0.000     0.000    -0.006     0.001     0.021     0.005
   7 0 0 0 1 1 1 1  32  19   3   0   0   0   0     4.307    60.891    24.101     0.000     0.000     0.000     0.000   0   0   0   0   0   0   0     0.000     0.000     0.000    -0.013    -0.001     0.008    -0.002
   7 0 0 0 1 1 1 1  28   4   2   0   0   0   0     5.722    23.724    23.551     0.000     0.000     0.000     0.000   0   0   0   0   0   0   0     0.000     0.000     0.000    -0.001     0.004     0.004     0.013
   7 0 0 0 1 1 1 1  30   1   6   0   0   0   0     5.952    22.556    21.367     0.000     0.000     0.000     0.000   0   0   0   0   0   0   0     0.000     0.000     0.000     0.000    -0.022     0.016     0.032
   7 0 0 0 1 1 1 1  25   4  11   0   0   0   0     4.940    21.912    54.514     0.000     0.000     0.000     0.000   0   0   0   0   0   0   0     0.000     0.000     0.000    -0.038    -0.021     0.001    -0.018
   7 0 0 0 1 1 1 1  12   6   9   0   0   0   0    54.511    20.412    17.943     0.000     0.000     0.000     0.000   0   0   0   0   0   0   0     0.000     0.000     0.000     0.002    -0.003    -0.026    -0.006
   7 0 0 0 1 1 1 1   5   4  25   0   0   0   0    21.978    22.832     5.881     0.000     0.000     0.000     0.000   0   0   0   0   0   0   0     0.000     0.000     0.000     0.002     0.016    -0.001     0.003
   7 0 0 0 1 1 1 1  11  10  27   0   0   0   0    53.767    15.022     5.386     0.000     0.000     0.000     0.000   0   0   0   0   0   0   0     0.000     0.000     0.000     0.016    -0.000     0.004    -0.019
   7 0 0 0 1 1 1 1   6  11  23   0   0   0   0    21.150    52.981     6.030     0.000     0.000     0.000     0.000   0   0   0   0   0   0   0     0.000     0.000     0.000     0.000    -0.016     0.013     0.027
   7 0 0 0 1 1 1 1  32   7   3   0   0   0   0     4.307    20.374    24.107     0.000     0.000     0.000     0.000   0   0   0   0   0   0   0     0.000     0.000     0.000    -0.000    -0.008     0.007    -0.002
   7 0 0 0 1 1 1 1  28  10   2   0   0   0   0     5.706    15.177    23.444     0.000     0.000     0.000     0.000   0   0   0   0   0   0   0     0.000     0.000     0.000     0.003    -0.001     0.003     0.010
   7 0 0 0 1 1 1 1  25  25  31   0   0   0   0     4.967     4.932     5.572     0.000     0.000     0.000     0.000   0   0   0   0   0   0   0     0.000     0.000     0.000    -0.025    -0.013    -0.000     0.013
   7 0 0 0 1 1 1 1  22   5  25   0   0   0   0     5.525    22.137     4.935     0.000     0.000     0.000     0.000   0   0   0   0   0   0   0     0.000     0.000     0.000     0.005    -0.001    -0.026    -0.006
   7 0 0 0 1 1 1 1  25   4   6   0   0   0   0     4.963    21.940    20.428     0.000     0.000     0.000     0.000   0   0   0   0   0   0   0     0.000     0.000     0.000    -0.021    -0.011     0.001    -0.003
   7 0 0 0 1 1 1 1  25  11  14   0   0   0   0     4.983    41.008    39.216     0.000     0.000     0.000     0.000   0   0   0   0   0   0   0     0.000     0.000     0.000    -0.015    -0.007     0.006    -0.000
   7 0 0 0 1 1 1 1  22  14  24   0   0   0   0     5.534    46.434     5.635     0.000     0.000     0.000     0.000   0   0   0   0   0   0   0     0.000     0.000     0.000     0.001    -0.003     0.010     0.027
   7 0 0 0 1 1 1 1  32  23  23   0   0   0   0     4.353     5.473     5.845     0.000     0.000     0.000     0.000   0   0   0   0   0   0   0     0.000     0.000     0.000    -0.007     0.000     0.003     0.012
   7 0 0 0 1 1 1 1  32   2  18   0   0   0   0     4.303    21.986    42.808     0.000     0.000     0.000     0.000   0   0   0   0   0   0   0     0.000     0.000     0.000     0.000    -0.006    -0.006     0.005
   7 0 0 0 1 1 1 1  24  23   7   0   0   0   0     5.220     5.415    20.292     0.000     0.000     0.000     0.000   0   0   0   0   0   0   0     0.000     0.000     0.000    -0.009    -0.002     0.003    -0.001
   7 0 0 0 1 1 1 1  23   0  11   0   0   0   0     5.806    21.101    50.874     0.000     0.000     0.000     0.000   0   0   0   0   0   0   0     0.000     0.000     0.000    -0.009     0.001     0.010    -0.000
   7 0 0 0 1 1 1 1  30   5  27   0   0   0   0     5.296    22.047     5.222     0.000     0.000     0.000     0.000   0   0   0   0   0   0   0     0.000     0.000     0.000     0.004    -0.008     0.010     0.000
   7 0 0 0 1 1 1 1  14   6  20   0   0   0   0    48.675    20.408    62.323     0.000     0.000     0.000     0.000   0   0   0   0   0   0   0     0.000     0.000     0.000     0.002    -0.002    -0.018    -0.006
   7 0 0 0 1 1 1 1   4   1  22   0   0   0   0    23.735    21.928     4.938     0.000     0.000     0.000     0.000   0   0   0   0   0   0   0     0.000     0.000     0.000     0.001    -0.002     0.003     0.010
   7 0 0 0 1 1 1 1   6   1  32   0   0   0   0    19.334    21.865     4.206     0.000     0.000     0.000     0.000   0   0   0   0   0   0   0     0.000     0.000     0.000     0.017     0.003    -0.005     0.001
   7 0 0 0 1 1 1 1   6  11  23   0   0   0   0    21.150    52.981     6.032     0.000     0.000     0.000     0.000   0   0   0   0   0   0   0     0.000     0.000     0.000     0.000    -0.013     0.012     0.024
   7 0 0 0 1 1 1 1  24  11  23   0   0   0   0     5.483    51.538     5.820     0.000     0.000     0.000     0.000   0   0   0   0   0   0   0     0.000     0.000     0.000    -0.001    -0.009     0.005    -0.001
   7 0 0 0 1 1 1 1  26   1  25   0   0   0   0     5.911    21.928     5.783     0.000     0.000     0.000     0.000   0   0   0   0   0   0   0     0.000     0.000     0.000     0.001    -0.002    -0.008     0.004
   7 0 0 0 1 1 1 1  26  12  28   0   0   0   0     5.687    49.106     4.941     0.000     0.000     0.000     0.000   0   0   0   0   0   0   0     0.000     0.000     0.000    -0.015    -0.040    -0.019     0.000
   7 0 0 0 1 1 1 1  28  17  30   0   0   0   0     5.720    59.133     5.659     0.000     0.000     0.000     0.000   0   0   0   0   0   0   0     0.000     0.000     0.000    -0.002     0.004    -0.000     0.009
   7 0 0 0 1 1 1 1   0  23   0   0   0   0   0    21.772     5.550    21.831     0.000     0.000     0.000     0.000   0   0   0   0   0   0   0     0.000     0.000     0.000    -0.004     0.001     0.008     0.014
   7 0 0 0 1 1 1 1   5   4  25   0   0   0   0    21.978    22.816     5.877     0.000     0.000     0.000     0.000   0   0   0   0   0   0   0     0.000     0.000     0.000     0.001     0.012    -0.001     0.003
   7 0 0 0 1 1 1 1   1  16  17   0   0   0   0    22.556    55.109    56.533     0.000     0.000     0.000     0.000   0   0   0   0   0   0   0     0.000     0.000     0.000     0.003    -0.001    -0.017    -0.022
   7 0 0 0 1 1 1 1  24  28  25   0   0   0   0     5.518     5.627     5.842     0.000     0.000     0.000     0.000   0   0   0   0   0   0   0     0.000     0.000     0.000    -0.001    -0.019     0.001     0.009
   7 0 0 0 1 1 1 1  32  23   3   0   0   0   0     4.307     5.848    24.107     0.000     0.000     0.000     0.000   0   0   0   0   0   0   0     0.000     0.000     0.000    -0.001    -0.013     0.006    -0.001
   7 0 0 0 1 1 1 1  30  23  31   0   0   0   0     5.648     5.842     5.588     0.000     0.000     0.000     0.000   0   0   0   0   0   0   0     0.000     0.000     0.000    -0.000    -0.008     0.002     0.007
   7 0 0 0 1 1 1 1   6  25  32   0   0   0   0    19.371     5.318     4.204     0.000     0.000     0.000     0.000   0   0   0   0   0   0   0     0.000     0.000     0.000     0.000     0.012    -0.005     0.001
   7 0 0 0 1 1 1 1  25   3   5   0   0   0   0     4.953    21.517    22.137     0.000     0.000     0.000     0.000   0   0   0   0   0   0   0     0.000     0.000     0.000    -0.030    -0.015     0.004    -0.001
   7 0 0 0 1 1 1 1   5  27  30   0   0   0   0    21.968     5.345     5.313     0.000     0.000     0.000     0.000   0   0   0   0   0   0   0     0.000     0.000     0.000     0.005     0.016    -0.003     0.001
   7 0 0 0 1 1 1 1   4   1  22   0   0   0   0    23.724    21.928     4.935     0.000     0.000     0.000     0.000   0   0   0   0   0   0   0     0.000     0.000     0.000     0.001    -0.002     0.002     0.009
   7 0 0 0 1 1 1 1  22  16  20   0   0   0   0     5.534    59.622    62.480     0.000     0.000     0.000     0.000   0   0   0   0   0   0   0     0.000     0.000     0.000    -0.001     0.005     0.003     0.014
   7 0 0 0 1 1 1 1  32   4  11   0   0   0   0     4.355    23.726    50.898     0.000     0.000     0.000     0.000   0   0   0   0   0   0   0     0.000     0.000     0.000    -0.000    -0.009     0.007    -0.000
   7 0 0 0 1 1 1 1   0   3   0   0   0   0   0    21.771    24.543    21.831     0.000     0.000     0.000     0.000   0   0   0   0   0   0   0     0.000     0.000     0.000    -0.000    -0.029     0.007     0.013
   7 0 0 0 1 1 1 1  28  23   3   0   0   0   0     5.694     5.838    24.341     0.000     0.000     0.000     0.000   0   0   0   0   0   0   0     0.000     0.000     0.000    -0.000    -0.006     0.002     0.008
   7 0 0 0 1 1 1 1  13   6  22   0   0   0   0    42.985    21.378     5.427     0.000     0.000     0.000     0.000   0   0   0   0   0   0   0     0.000     0.000     0.000     0.015     0.026    -0.001     0.003
   7 0 0 0 1 1 1 1  28  28  30   0   0   0   0     5.678     5.627     5.659     0.000     0.000     0.000     0.000   0   0   0   0   0   0   0     0.000     0.000     0.000     0.000    -0.007     0.000     0.007
   7 0 0 0 1 1 1 1  25  17  12   0   0   0   0     4.963    55.344    54.993     0.000     0.000     0.000     0.000   0   0   0   0   0   0   0     0.000     0.000     0.000    -0.018    -0.009     0.000    -0.015
   7 0 0 0 1 1 1 1   5  14  25   0   0   0   0    21.978    46.112     5.881     0.000     0.000     0.000     0.000   0   0   0   0   0   0   0     0.000     0.000     0.000     0.012     0.001    -0.001     0.002
   7 0 0 0 1 1 1 1  26  16  29   0   0   0   0     5.917    53.597     6.164     0.000     0.000     0.000     0.000   0   0   0   0   0   0   0     0.000     0.000     0.000    -0.011    -0.000     0.004     0.022
   7 0 0 0 1 1 1 1  28  20   8   0   0   0   0     5.246    62.310    16.987     0.000     0.000     0.000     0.000   0   0   0   0   0   0   0     0.000     0.000     0.000    -0.020    -0.003     0.011     0.000
   7 0 0 0 1 1 1 1   5  22  30   0   0   0   0    22.005     5.422     5.358     0.000     0.000     0.000     0.000   0   0   0   0   0   0   0     0.000     0.000     0.000    -0.004     0.006    -0.003     0.001
   7 0 0 0 1 1 1 1  30  23  14   0   0   0   0     5.652     5.848    38.444     0.000     0.000     0.000     0.000   0   0   0   0   0   0   0     0.000     0.000     0.000    -0.000    -0.009     0.006     0.002
   7 0 0 0 1 1 1 1  11  25  24   0   0   0   0    58.754     4.973     5.149     0.000     0.000     0.000     0.000   0   0   0   0   0   0   0     0.000     0.000     0.000    -0.014     0.000    -0.038    -0.022
   7 0 0 0 1 1 1 1  22   0   4   0   0   0   0     4.866    21.428    23.726     0.000     0.000     0.000     0.000   0   0   0   0   0   0   0     0.000     0.000     0.000     0.031     0.007     0.000    -0.012
   7 0 0 0 1 1 1 1  16  25  16   0   0   0   0    54.752     5.664    54.757     0.000     0.000     0.000     0.000   0   0   0   0   0   0   0     0.000     0.000     0.000    -0.008     0.000     0.073     0.001
   7 0 0 0 1 1 1 1  10  20  28   0   0   0   0    15.118    62.257     5.685     0.000     0.000     0.000     0.000   0   0   0   0   0   0   0     0.000     0.000     0.000     0.014     0.002    -0.001     0.002
   7 0 0 0 1 1 1 1  22  16  24   0   0   0   0     5.550    59.622     5.648     0.000     0.000     0.000     0.000   0   0   0   0   0   0   0     0.000     0.000     0.000    -0.001     0.004     0.011     0.028
   7 0 0 0 1 1 1 1  30   5  27   0   0   0   0     5.297    22.047     5.222     0.000     0.000     0.000     0.000   0   0   0   0   0   0   0     0.000     0.000     0.000     0.003    -0.007     0.009    -0.000
   7 0 0 0 1 1 1 1  18   4  29   0   0   0   0    42.457    23.762     5.814     0.000     0.000     0.000     0.000   0   0   0   0   0   0   0     0.000     0.000     0.000    -0.004    -0.032    -0.001     0.004
   7 0 0 0 1 1 1 1  25  12   4   0   0   0   0     4.981    45.047    23.724     0.000     0.000     0.000     0.000   0   0   0   0   0   0   0     0.000     0.000     0.000    -0.013    -0.005    -0.000     0.003
   7 0 0 0 1 1 1 1  23   0  11   0   0   0   0     5.805    21.101    50.264     0.000     0.000     0.000     0.000   0   0   0   0   0   0   0     0.000     0.000     0.000    -0.008     0.001     0.010     0.001
   7 0 0 0 1 1 1 1   6  11   3   0   0   0   0    21.151    52.981    24.514     0.000     0.000     0.000     0.000   0   0   0   0   0   0   0     0.000     0.000     0.000     0.000    -0.010     0.010     0.018
   7 0 0 0 1 1 1 1   0  23  19   0   0   0   0    21.647     5.550    58.066     0.000     0.000     0.000     0.000   0   0   0   0   0   0   0     0.000     0.000     0.000    -0.003     0.001     0.010     0.003
   7 0 0 0 1 1 1 1  14  11  10   0   0   0   0    39.136    51.404    15.210     0.000     0.000     0.000     0.000   0   0   0   0   0   0   0     0.000     0.000     0.000     0.005    -0.009     0.002    -0.001
   7 0 0 0 1 1 1 1   6  18  32   0   0   0   0    19.374    48.366     4.201     0.000     0.000     0.000     0.000   0   0   0   0   0   0   0     0.000     0.000     0.000     0.017     0.003    -0.005     0.001
   7 0 0 0 1 1 1 1  24  28   9   0   0   0   0     5.518     5.627    18.086     0.000     0.000     0.000     0.000   0   0   0   0   0   0   0     0.000     0.000     0.000    -0.001    -0.016     0.001     0.005
   7 0 0 0 1 1 1 1   6  30  22   0   0   0   0    20.408     5.383     5.358     0.000     0.000     0.000     0.000   0   0   0   0   0   0   0     0.000     0.000     0.000    -0.001     0.006    -0.000    -0.008
   7 0 0 0 1 1 1 1  24   1   7   0   0   0   0     5.228    22.061    20.292     0.000     0.000     0.000     0.000   0   0   0   0   0   0   0     0.000     0.000     0.000    -0.002    -0.011     0.002    -0.001
   7 0 0 0 1 1 1 1   1  16  17   0   0   0   0    22.556    54.998    56.533     0.000     0.000     0.000     0.000   0   0   0   0   0   0   0     0.000     0.000     0.000     0.003    -0.001    -0.014    -0.019
   7 0 0 0 1 1 1 1  17   4  12   0   0   0   0    59.133    23.761    53.005     0.000     0.000     0.000     0.000   0   0   0   0   0   0   0     0.000     0.000     0.000    -0.000    -0.014     0.007    -0.003
   7 0 0 0 1 1 1 1   5   1  10   0   0   0   0    22.106    21.871    15.308     0.000     0.000     0.000     0.000   0   0   0   0   0   0   0     0.000     0.000     0.000     0.007     0.001    -0.009     0.000
   7 0 0 0 1 1 1 1   4  23  22   0   0   0   0    23.724     5.432     4.935     0.000     0.000     0.000     0.000   0   0   0   0   0   0   0     0.000     0.000     0.000    -0.006    -0.000     0.002     0.008
   7 0 0 0 1 1 1 1  22  32  14   0   0   0   0     5.427     4.220    46.416     0.000     0.000     0.000     0.000   0   0   0   0   0   0   0     0.000     0.000     0.000    -0.010     0.001     0.011     0.000
   7 0 0 0 1 1 1 1   5  18  30   0   0   0   0    21.985    49.061     5.296     0.000     0.000     0.000     0.000   0   0   0   0   0   0   0     0.000     0.000     0.000     0.010    -0.000    -0.004     0.001
   7 0 0 0 1 1 1 1  12   4   6   0   0   0   0    45.457    21.946    20.408     0.000     0.000     0.000     0.000   0   0   0   0   0   0   0     0.000     0.000     0.000    -0.013    -0.005     0.001    -0.002
   7 0 0 0 1 1 1 1   6   0  25   0   0   0   0    19.328    21.116     5.790     0.000     0.000     0.000     0.000   0   0   0   0   0   0   0     0.000     0.000     0.000    -0.012     0.004    -0.001     0.001
   7 0 0 0 1 1 1 1  22  10  20   0   0   0   0     5.534    15.133    62.480     0.000     0.000     0.000     0.000   0   0   0   0   0   0   0     0.000     0.000     0.000     0.004    -0.001     0.003     0.011
   7 0 0 0 1 1 1 1   8  16  23   0   0   0   0    19.042    57.937     6.043     0.000     0.000     0.000     0.000   0   0   0   0   0   0   0     0.000     0.000     0.000    -0.001     0.003     0.010     0.021
   7 0 0 0 1 1 1 1  32   2  16   0   0   0   0     4.316    21.986    53.584     0.000     0.000     0.000     0.000   0   0   0   0   0   0   0     0.000     0.000     0.000     0.001    -0.004    -0.003     0.004
   7 0 0 0 1 1 1 1  26  18   0   0   0   0   0     5.768    48.122    21.094     0.000     0.000     0.000     0.000   0   0   0   0   0   0   0     0.000     0.000     0.000    -0.001     0.004    -0.003     0.000
   7 0 0 0 1 1 1 1  26   0  25   0   0   0   0     5.680    20.861     4.986     0.000     0.000     0.000     0.000   0   0   0   0   0   0   0     0.000     0.000     0.000    -0.033    -0.012    -0.010     0.000
   7 0 0 0 1 1 1 1  28  17  30   0   0   0   0     5.725    58.860     5.659     0.000     0.000     0.000     0.000   0   0   0   0   0   0   0     0.000     0.000     0.000    -0.002     0.002    -0.000     0.007
   7 0 0 0 1 1 1 1  24  30  23   0   0   0   0     5.511     5.505     5.818     0.000     0.000     0.000     0.000   0   0   0   0   0   0   0     0.000     0.000     0.000    -0.001    -0.010     0.005    -0.001
   7 0 0 0 1 1 1 1  30  23  31   0   0   0   0     5.648     5.839     5.586     0.000     0.000     0.000     0.000   0   0   0   0   0   0   0     0.000     0.000     0.000     0.000    -0.005     0.002     0.005
   7 0 0 0 1 1 1 1  26  16  25   0   0   0   0     5.919    53.597     5.809     0.000     0.000     0.000     0.000   0   0   0   0   0   0   0     0.000     0.000     0.000    -0.009    -0.000    -0.003     0.006
   7 0 0 0 1 1 1 1   3  11   7   0   0   0   0    21.544    40.910    20.108     0.000     0.000     0.000     0.000   0   0   0   0   0   0   0     0.000     0.000     0.000    -0.025    -0.012     0.003    -0.001
   7 0 0 0 1 1 1 1  14   7  13   0   0   0   0    48.675    20.066    48.864     0.000     0.000     0.000     0.000   0   0   0   0   0   0   0     0.000     0.000     0.000     0.004    -0.000    -0.010    -0.003
   7 0 0 0 1 1 1 1   0  25   0   0   0   0   0    20.909     5.597    21.094     0.000     0.000     0.000     0.000   0   0   0   0   0   0   0     0.000     0.000     0.000     0.008     0.001    -0.003     0.000
   7 0 0 0 1 1 1 1  17   8  20   0   0   0   0    60.022    17.834    62.429     0.000     0.000     0.000     0.000   0   0   0   0   0   0   0     0.000     0.000     0.000    -0.002     0.001     0.011     0.001
   7 0 0 0 1 1 1 1  22  30   4   0   0   0   0     4.887     5.492    23.726     0.000     0.000     0.000     0.000   0   0   0   0   0   0   0     0.000     0.000     0.000     0.004     0.018     0.000    -0.012
   7 0 0 0 1 1 1 1  12   6  17   0   0   0   0    54.993    20.428    57.556     0.000     0.000     0.000     0.000   0   0   0   0   0   0   0     0.000     0.000     0.000     0.001    -0.002     0.013    -0.016
   7 0 0 0 1 1 1 1  18   2   3   0   0   0   0    50.674    21.965    21.523     0.000     0.000     0.000     0.000   0   0   0   0   0   0   0     0.000     0.000     0.000     0.001    -0.001    -0.011    -0.003
   7 0 0 0 1 1 1 1   6  11  32   0   0   0   0    19.428    45.225     4.203     0.000     0.000     0.000     0.000   0   0   0   0   0   0   0     0.000     0.000     0.000    -0.000     0.008    -0.004     0.001
   7 0 0 0 1 1 1 1  32   4  16   0   0   0   0     4.326    23.814    55.832     0.000     0.000     0.000     0.000   0   0   0   0   0   0   0     0.000     0.000     0.000    -0.001    -0.022     0.000     0.009
   7 0 0 0 1 1 1 1  32  23  14   0   0   0   0     4.318     5.848    40.463     0.000     0.000     0.000     0.000   0   0   0   0   0   0   0     0.000     0.000     0.000    -0.000    -0.010    -0.001     0.005
   7 0 0 0 1 1 1 1  24  22   8   0   0   0   0     5.223     5.457    16.980     0.000     0.000     0.000     0.000   0   0   0   0   0   0   0     0.000     0.000     0.000    -0.004    -0.001     0.006     0.000
   7 0 0 0 1 1 1 1  22  25   4   0   0   0   0     5.427     5.573    22.285     0.000     0.000     0.000     0.000   0   0   0   0   0   0   0     0.000     0.000     0.000    -0.013    -0.000    -0.002     0.005
   7 0 0 0 1 1 1 1  28  28  30   0   0   0   0     5.668     5.627     5.659     0.000     0.000     0.000     0.000   0   0   0   0   0   0   0     0.000     0.000     0.000     0.000    -0.007     0.000     0.006
   7 0 0 0 1 1 1 1  24  30  23   0   0   0   0     5.511     5.505     5.818     0.000     0.000     0.000     0.000   0   0   0   0   0   0   0     0.000     0.000     0.000    -0.001    -0.009     0.004    -0.001
   7 0 0 0 1 1 1 1   4   1  31   0   0   0   0    23.724    21.928     5.521     0.000     0.000     0.000     0.000   0   0   0   0   0   0   0     0.000     0.000     0.000     0.001    -0.002     0.002    -0.010
   7 0 0 0 1 1 1 1  22  16  18   0   0   0   0     5.534    49.087    49.776     0.000     0.000     0.000     0.000   0   0   0   0   0   0   0     0.000     0.000     0.000     0.014    -0.000     0.002     0.010
   7 0 0 0 1 1 1 1  24  28  28   0   0   0   0     5.518     5.627     5.627     0.000     0.000     0.000     0.000   0   0   0   0   0   0   0     0.000     0.000     0.000    -0.001    -0.013     0.004     0.000
   7 0 0 0 1 1 1 1   0   3   0   0   0   0   0    21.757    24.547    21.831     0.000     0.000     0.000     0.000   0   0   0   0   0   0   0     0.000     0.000     0.000    -0.000    -0.022     0.005     0.009
   7 0 0 0 1 1 1 1  14  11   1   0   0   0   0    39.136    51.419    21.928     0.000     0.000     0.000     0.000   0   0   0   0   0   0   0     0.000     0.000     0.000     0.004    -0.008     0.001    -0.001
   7 0 0 0 1 1 1 1  11  10  30   0   0   0   0    52.665    15.139     5.085     0.000     0.000     0.000     0.000   0   0   0   0   0   0   0     0.000     0.000     0.000     0.005    -0.000    -0.018    -0.003
   7 0 0 0 1 1 1 1   3  28   7   0   0   0   0    21.629     4.915    20.108     0.000     0.000     0.000     0.000   0   0   0   0   0   0   0     0.000     0.000     0.000    -0.019    -0.007     0.003    -0.001
   7 0 0 0 1 1 1 1  30   6   6   0   0   0   0     5.313    19.423    20.406     0.000     0.000     0.000     0.000   0   0   0   0   0   0   0     0.000     0.000     0.000     0.002    -0.003     0.003    -0.001
   7 0 0 0 1 1 1 1  26   9  25   0   0   0   0     5.913    18.032     5.778     0.000     0.000     0.000     0.000   0   0   0   0   0   0   0     0.000     0.000     0.000     0.000    -0.002    -0.007     0.002
   7 0 0 0 1 1 1 1  24   0   8   0   0   0   0     5.515    21.068    17.834     0.000     0.000     0.000     0.000   0   0   0   0   0   0   0     0.000     0.000     0.000    -0.015    -0.000    -0.001     0.004
   7 0 0 0 1 1 1 1  31   2  11   0   0   0   0     5.457    21.960    50.928     0.000     0.000     0.000     0.000   0   0   0   0   0   0   0     0.000     0.000     0.000     0.001    -0.004     0.005    -0.001
   7 0 0 0 1 1 1 1  29   6  14   0   0   0   0     5.777    20.438    40.409     0.000     0.000     0.000     0.000   0   0   0   0   0   0   0     0.000     0.000     0.000    -0.000    -0.006    -0.003     0.003
   7 0 0 0 1 1 1 1   4   1  23   0   0   0   0    23.724    21.956     5.416     0.000     0.000     0.000     0.000   0   0   0   0   0   0   0     0.000     0.000     0.000     0.000    -0.002     0.001     0.005
   7 0 0 0 1 1 1 1  11  11  22   0   0   0   0    41.140    40.935     5.427     0.000     0.000     0.000     0.000   0   0   0   0   0   0   0     0.000     0.000     0.000    -0.020    -0.010    -0.001     0.002
   7 0 0 0 1 1 1 1  28  24  30   0   0   0   0     5.246     5.108     5.063     0.000     0.000     0.000     0.000   0   0   0   0   0   0   0     0.000     0.000     0.000    -0.001    -0.009     0.007    -0.000
   7 0 0 0 1 1 1 1  14  25  13   0   0   0   0    48.675     5.575    48.960     0.000     0.000     0.000     0.000   0   0   0   0   0   0   0     0.000     0.000     0.000     0.002    -0.001    -0.008    -0.002
   7 0 0 0 1 1 1 1  25   9   8   0   0   0   0     5.790    18.027    17.205     0.000     0.000     0.000     0.000   0   0   0   0   0   0   0     0.000     0.000     0.000     0.000    -0.005     0.007     0.001
   7 0 0 0 1 1 1 1  17  23  20   0   0   0   0    60.001     5.785    62.429     0.000     0.000     0.000     0.000   0   0   0   0   0   0   0     0.000     0.000     0.000    -0.002     0.002     0.010     0.001
   7 0 0 0 1 1 1 1  24  28  28   0   0   0   0     5.512     5.627     5.627     0.000     0.000     0.000     0.000   0   0   0   0   0   0   0     0.000     0.000     0.000    -0.001    -0.014     0.004     0.000
   7 0 0 0 1 1 1 1  32   2  13   0   0   0   0     4.318    21.986    48.799     0.000     0.000     0.000     0.000   0   0   0   0   0   0   0     0.000     0.000     0.000     0.000    -0.003    -0.000     0.005
   7 0 0 0 1 1 1 1  30  23   3   0   0   0   0     5.655     5.848    24.364     0.000     0.000     0.000     0.000   0   0   0   0   0   0   0     0.000     0.000     0.000    -0.000    -0.007     0.002     0.006
   7 0 0 0 1 1 1 1  26  32  25   0   0   0   0     5.917     4.377     5.809     0.000     0.000     0.000     0.000   0   0   0   0   0   0   0     0.000     0.000     0.000    -0.000    -0.010    -0.004     0.005
   7 0 0 0 1 1 1 1  32   2   4   0   0   0   0     4.291    21.960    23.724     0.000     0.000     0.000     0.000   0   0   0   0   0   0   0     0.000     0.000     0.000     0.001    -0.005     0.004    -0.003
   7 0 0 0 1 1 1 1  24   3  24   0   0   0   0     5.530    24.413     5.627     0.000     0.000     0.000     0.000   0   0   0   0   0   0   0     0.000     0.000     0.000    -0.001     0.004     0.006    -0.001
   7 0 0 0 1 1 1 1   4   9  22   0   0   0   0    23.724    18.032     4.937     0.000     0.000     0.000     0.000   0   0   0   0   0   0   0     0.000     0.000     0.000     0.000    -0.002     0.001     0.007
   7 0 0 0 1 1 1 1  23  32   3   0   0   0   0     5.414     4.331    24.395     0.000     0.000     0.000     0.000   0   0   0   0   0   0   0     0.000     0.000     0.000    -0.010    -0.001     0.000     0.014
   7 0 0 0 1 1 1 1  22  30   4   0   0   0   0     4.895     5.497    23.724     0.000     0.000     0.000     0.000   0   0   0   0   0   0   0     0.000     0.000     0.000     0.003     0.017     0.000    -0.011
   7 0 0 0 1 1 1 1  13  16  19   0   0   0   0    53.234    58.244    66.232     0.000     0.000     0.000     0.000   0   0   0   0   0   0   0     0.000     0.000     0.000    -0.000     0.008    -0.007     0.001
   7 0 0 0 1 1 1 1  30  23   3   0   0   0   0     5.655     5.838    24.317     0.000     0.000     0.000     0.000   0   0   0   0   0   0   0     0.000     0.000     0.000     0.000    -0.004     0.001     0.005
   7 0 0 0 1 1 1 1  22  14  24   0   0   0   0     5.534    46.432     5.649     0.000     0.000     0.000     0.000   0   0   0   0   0   0   0     0.000     0.000     0.000     0.001    -0.002     0.006     0.021
   7 0 0 0 1 1 1 1   1   3  24   0   0   0   0    22.401    24.354     5.310     0.000     0.000     0.000     0.000   0   0   0   0   0   0   0     0.000     0.000     0.000     0.000    -0.011     0.014     0.003
   7 0 0 0 1 1 1 1  24   3   6   0   0   0   0     5.530    24.379    20.360     0.000     0.000     0.000     0.000   0   0   0   0   0   0   0     0.000     0.000     0.000    -0.001     0.003     0.008     0.000
   7 0 0 0 1 1 1 1  26  25   3   0   0   0   0     5.770     5.611    23.621     0.000     0.000     0.000     0.000   0   0   0   0   0   0   0     0.000     0.000     0.000     0.004    -0.000    -0.001     0.001
   7 0 0 0 1 1 1 1   6   4  32   0   0   0   0    19.428    22.825     4.229     0.000     0.000     0.000     0.000   0   0   0   0   0   0   0     0.000     0.000     0.000     0.002     0.015    -0.003     0.001
   7 0 0 0 1 1 1 1  17  23  26   0   0   0   0    56.426     5.856     5.930     0.000     0.000     0.000     0.000   0   0   0   0   0   0   0     0.000     0.000     0.000    -0.004     0.006     0.001    -0.018
   7 0 0 0 1 1 1 1  11  17  25   0   0   0   0    41.278    55.311     5.575     0.000     0.000     0.000     0.000   0   0   0   0   0   0   0     0.000     0.000     0.000    -0.013    -0.007     0.002    -0.001
   7 0 0 0 1 1 1 1   5   4  16   0   0   0   0    21.978    22.832    55.555     0.000     0.000     0.000     0.000   0   0   0   0   0   0   0     0.000     0.000     0.000     0.000     0.009     0.001    -0.001
   7 0 0 0 1 1 1 1  22  32  14   0   0   0   0     5.427     4.178    46.418     0.000     0.000     0.000     0.000   0   0   0   0   0   0   0     0.000     0.000     0.000    -0.009     0.000     0.008     0.000
   7 0 0 0 1 1 1 1  17   4  11   0   0   0   0    59.039    23.761    52.181     0.000     0.000     0.000     0.000   0   0   0   0   0   0   0     0.000     0.000     0.000    -0.000    -0.013     0.004    -0.007
   7 0 0 0 1 1 1 1   4   3   0   0   0   0   0    24.062    24.543    21.901     0.000     0.000     0.000     0.000   0   0   0   0   0   0   0     0.000     0.000     0.000    -0.000    -0.019     0.005     0.009
   7 0 0 0 1 1 1 1  10   0  19   0   0   0   0    15.211    21.230    63.498     0.000     0.000     0.000     0.000   0   0   0   0   0   0   0     0.000     0.000     0.000     0.000     0.006     0.000    -0.002
   7 0 0 0 1 1 1 1  23  17   3   0   0   0   0     5.416    59.198    24.407     0.000     0.000     0.000     0.000   0   0   0   0   0   0   0     0.000     0.000     0.000    -0.006     0.002     0.000     0.013
   7 0 0 0 1 1 1 1  25  11   7   0   0   0   0     4.993    41.008    20.107     0.000     0.000     0.000     0.000   0   0   0   0   0   0   0     0.000     0.000     0.000    -0.017    -0.005     0.003    -0.001
   7 0 0 0 1 1 1 1  29  23  14   0   0   0   0     5.770     5.841    40.409     0.000     0.000     0.000     0.000   0   0   0   0   0   0   0     0.000     0.000     0.000    -0.000    -0.008    -0.003     0.002
   7 0 0 0 1 1 1 1   6   6  25   0   0   0   0    19.328    19.078     5.790     0.000     0.000     0.000     0.000   0   0   0   0   0   0   0     0.000     0.000     0.000    -0.008     0.003    -0.001     0.001
   7 0 0 0 1 1 1 1  22  32  14   0   0   0   0     5.425     4.230    46.476     0.000     0.000     0.000     0.000   0   0   0   0   0   0   0     0.000     0.000     0.000    -0.006     0.000     0.007     0.000
   7 0 0 0 1 1 1 1  30  13  17   0   0   0   0     5.297    48.240    59.286     0.000     0.000     0.000     0.000   0   0   0   0   0   0   0     0.000     0.000     0.000    -0.043    -0.001     0.000     0.007
   7 0 0 0 1 1 1 1  24   1  24   0   0   0   0     5.530    21.512     5.627     0.000     0.000     0.000     0.000   0   0   0   0   0   0   0     0.000     0.000     0.000    -0.019    -0.001     0.005    -0.000
   7 0 0 0 1 1 1 1  28  23  29   0   0   0   0     5.694     5.832     5.781     0.000     0.000     0.000     0.000   0   0   0   0   0   0   0     0.000     0.000     0.000     0.000    -0.003     0.001     0.002
   7 0 0 0 1 1 1 1  10  18   7   0   0   0   0    15.142    46.874    20.318     0.000     0.000     0.000     0.000   0   0   0   0   0   0   0     0.000     0.000     0.000    -0.006     0.004    -0.002     0.001
   7 0 0 0 1 1 1 1  22  30   4   0   0   0   0     4.874     5.505    23.726     0.000     0.000     0.000     0.000   0   0   0   0   0   0   0     0.000     0.000     0.000     0.004     0.024     0.000    -0.008
   7 0 0 0 1 1 1 1  14   7  13   0   0   0   0    48.613    20.068    48.846     0.000     0.000     0.000     0.000   0   0   0   0   0   0   0     0.000     0.000     0.000     0.003    -0.000    -0.008    -0.002
   7 0 0 0 1 1 1 1  22  26   1   0   0   0   0     5.534     5.770    21.955     0.000     0.000     0.000     0.000   0   0   0   0   0   0   0     0.000     0.000     0.000     0.001    -0.000     0.002     0.021
   7 0 0 0 1 1 1 1  22  17  18   0   0   0   0     5.534    59.695    49.776     0.000     0.000     0.000     0.000   0   0   0   0   0   0   0     0.000     0.000     0.000    -0.001     0.003     0.001     0.009
   7 0 0 0 1 1 1 1  18   8  20   0   0   0   0    49.341    16.982    62.311     0.000     0.000     0.000     0.000   0   0   0   0   0   0   0     0.000     0.000     0.000     0.010     0.000    -0.013    -0.002
   7 0 0 0 1 1 1 1   0  22   2   0   0   0   0    21.647     4.905    23.139     0.000     0.000     0.000     0.000   0   0   0   0   0   0   0     0.000     0.000     0.000    -0.005     0.000     0.002     0.006
   7 0 0 0 1 1 1 1   9  26  11   0   0   0   0    18.892     5.768    53.876     0.000     0.000     0.000     0.000   0   0   0   0   0   0   0     0.000     0.000     0.000     0.001    -0.000    -0.007    -0.014
   7 0 0 0 1 1 1 1   1   3  23   0   0   0   0    22.556    24.449     5.243     0.000     0.000     0.000     0.000   0   0   0   0   0   0   0     0.000     0.000     0.000    -0.000     0.004    -0.006    -0.011
   7 0 0 0 1 1 1 1  32   2   7   0   0   0   0     4.292    21.960    20.984     0.000     0.000     0.000     0.000   0   0   0   0   0   0   0     0.000     0.000     0.000     0.001    -0.004     0.004    -0.001
   7 0 0 0 1 1 1 1  32   2  14   0   0   0   0     4.322    21.986    40.463     0.000     0.000     0.000     0.000   0   0   0   0   0   0   0     0.000     0.000     0.000     0.000    -0.003    -0.001     0.004
   7 0 0 0 1 1 1 1  25   2  32   0   0   0   0     5.843    21.986     4.308     0.000     0.000     0.000     0.000   0   0   0   0   0   0   0     0.000     0.000     0.000     0.000    -0.001     0.003     0.000
   7 0 0 0 1 1 1 1  23  32   3   0   0   0   0     5.416     4.331    24.387     0.000     0.000     0.000     0.000   0   0   0   0   0   0   0     0.000     0.000     0.000    -0.007    -0.001     0.000     0.011
   7 0 0 0 1 1 1 1   1   3  24   0   0   0   0    22.400    24.354     5.310     0.000     0.000     0.000     0.000   0   0   0   0   0   0   0     0.000     0.000     0.000     0.000    -0.010     0.012     0.003
   7 0 0 0 1 1 1 1  13  16  19   0   0   0   0    53.234    58.181    66.231     0.000     0.000     0.000     0.000   0   0   0   0   0   0   0     0.000     0.000     0.000    -0.000     0.007    -0.006     0.001
   7 0 0 0 1 1 1 1  14  17   4   0   0   0   0    49.117    56.270    21.909     0.000     0.000     0.000     0.000   0   0   0   0   0   0   0     0.000     0.000     0.000     0.001    -0.000    -0.009    -0.004
   7 0 0 0 1 1 1 1   6  27  24   0   0   0   0    19.435     5.353     5.514     0.000     0.000     0.000     0.000   0   0   0   0   0   0   0     0.000     0.000     0.000     0.002     0.016    -0.002     0.001
   7 0 0 0 1 1 1 1  30  13   6   0   0   0   0     5.297    48.240    20.447     0.000     0.000     0.000     0.000   0   0   0   0   0   0   0     0.000     0.000     0.000    -0.038    -0.001     0.002    -0.002
