  364
   1 1   0     0.000   0     4.805
   1 1   0     0.000   0     5.370
   1 1   0     0.000   0     5.700
   1 1   0     0.000   0     5.909
   7 0 0 0 1 1 1 1  11  11  27   0   0   0   0    48.722    44.731     5.037     0.000     0.000     0.000     0.000   0   0   0   0   0   0   0     0.000     0.000     0.000    -0.241    -0.110     0.274     0.079
   7 0 0 0 1 1 1 1  28  11   3   0   0   0   0     5.428    44.463    22.780     0.000     0.000     0.000     0.000   0   0   0   0   0   0   0     0.000     0.000     0.000    -0.233    -0.096     0.044     0.207
   7 0 0 0 1 1 1 1  29   2   0   0   0   0   0     5.637    21.712    20.934     0.000     0.000     0.000     0.000   0   0   0   0   0   0   0     0.000     0.000     0.000    -0.244    -0.091     0.057     0.195
   7 0 0 0 1 1 1 1   3  14   3   0   0   0   0    22.397    48.130    23.118     0.000     0.000     0.000     0.000   0   0   0   0   0   0   0     0.000     0.000     0.000    -0.128    -0.425     0.184     0.333
   7 0 0 0 1 1 1 1  11  17  27   0   0   0   0    48.722    56.005     5.106     0.000     0.000     0.000     0.000   0   0   0   0   0   0   0     0.000     0.000     0.000    -0.230    -0.119     0.241     0.052
   7 0 0 0 1 1 1 1  29   2   4   0   0   0   0     5.637    21.852    22.392     0.000     0.000     0.000     0.000   0   0   0   0   0   0   0     0.000     0.000     0.000    -0.200    -0.061     0.040     0.186
   7 0 0 0 1 1 1 1  25  28   0   0   0   0   0     5.515     5.153    21.081     0.000     0.000     0.000     0.000   0   0   0   0   0   0   0     0.000     0.000     0.000    -0.216    -0.077     0.072     0.178
   7 0 0 0 1 1 1 1  24   3  29   0   0   0   0     5.347    21.921     5.637     0.000     0.000     0.000     0.000   0   0   0   0   0   0   0     0.000     0.000     0.000    -0.398    -0.178    -0.007     0.287
   7 0 0 0 1 1 1 1  29  28   5   0   0   0   0     5.737     5.260    22.176     0.000     0.000     0.000     0.000   0   0   0   0   0   0   0     0.000     0.000     0.000    -0.194    -0.068     0.224     0.069
   7 0 0 0 1 1 1 1  11  14   0   0   0   0   0    48.722    48.183    21.081     0.000     0.000     0.000     0.000   0   0   0   0   0   0   0     0.000     0.000     0.000    -0.085    -0.198     0.057     0.170
   7 0 0 0 1 1 1 1  11   7   3   0   0   0   0    48.722    20.237    23.118     0.000     0.000     0.000     0.000   0   0   0   0   0   0   0     0.000     0.000     0.000    -0.178    -0.032     0.072     0.162
   7 0 0 0 1 1 1 1  28   1   3   0   0   0   0     5.322    21.973    22.418     0.000     0.000     0.000     0.000   0   0   0   0   0   0   0     0.000     0.000     0.000    -0.193    -0.364    -0.012     0.259
   7 0 0 0 1 1 1 1  11  17  25   0   0   0   0    48.722    55.941     5.864     0.000     0.000     0.000     0.000   0   0   0   0   0   0   0     0.000     0.000     0.000    -0.191    -0.099     0.034     0.194
   7 0 0 0 1 1 1 1   3  22   4   0   0   0   0    22.418     5.507    22.392     0.000     0.000     0.000     0.000   0   0   0   0   0   0   0     0.000     0.000     0.000    -0.074    -0.177     0.032     0.151
   7 0 0 0 1 1 1 1   3   4   0   0   0   0   0    22.418    22.112    21.081     0.000     0.000     0.000     0.000   0   0   0   0   0   0   0     0.000     0.000     0.000    -0.187    -0.068     0.056     0.145
   7 0 0 0 1 1 1 1  28  28   3   0   0   0   0     5.310     5.083    22.418     0.000     0.000     0.000     0.000   0   0   0   0   0   0   0     0.000     0.000     0.000    -0.328    -0.179    -0.012     0.233
   7 0 0 0 1 1 1 1  11  17   5   0   0   0   0    48.722    56.253    22.176     0.000     0.000     0.000     0.000   0   0   0   0   0   0   0     0.000     0.000     0.000    -0.158    -0.062     0.183     0.050
   7 0 0 0 1 1 1 1  25   2  25   0   0   0   0     5.515    21.874     5.770     0.000     0.000     0.000     0.000   0   0   0   0   0   0   0     0.000     0.000     0.000    -0.148    -0.038     0.045     0.138
   7 0 0 0 1 1 1 1  11   1   3   0   0   0   0    47.380    21.973    23.118     0.000     0.000     0.000     0.000   0   0   0   0   0   0   0     0.000     0.000     0.000    -0.064    -0.170     0.053     0.132
   7 0 0 0 1 1 1 1  28   1  28   0   0   0   0     5.293    21.987     5.455     0.000     0.000     0.000     0.000   0   0   0   0   0   0   0     0.000     0.000     0.000    -0.182    -0.305    -0.008     0.211
   7 0 0 0 1 1 1 1  28  17  27   0   0   0   0     5.428    55.886     5.293     0.000     0.000     0.000     0.000   0   0   0   0   0   0   0     0.000     0.000     0.000    -0.160    -0.082     0.158     0.026
   7 0 0 0 1 1 1 1  11  11  24   0   0   0   0    48.722    43.558     5.586     0.000     0.000     0.000     0.000   0   0   0   0   0   0   0     0.000     0.000     0.000    -0.152    -0.064     0.129     0.062
   7 0 0 0 1 1 1 1  12   1   1   0   0   0   0    47.969    21.985    21.904     0.000     0.000     0.000     0.000   0   0   0   0   0   0   0     0.000     0.000     0.000    -0.079    -0.157     0.008     0.117
   7 0 0 0 1 1 1 1  31   3   3   0   0   0   0     5.231    21.809    23.118     0.000     0.000     0.000     0.000   0   0   0   0   0   0   0     0.000     0.000     0.000    -0.283    -0.175     0.022     0.202
   7 0 0 0 1 1 1 1  31  17  18   0   0   0   0     5.371    56.282    48.854     0.000     0.000     0.000     0.000   0   0   0   0   0   0   0     0.000     0.000     0.000    -0.129    -0.040     0.044     0.149
   7 0 0 0 1 1 1 1   3  24   0   0   0   0   0    22.418     5.255    20.934     0.000     0.000     0.000     0.000   0   0   0   0   0   0   0     0.000     0.000     0.000    -0.121    -0.028     0.020     0.111
   7 0 0 0 1 1 1 1  30  24  13   0   0   0   0     5.254     5.255    54.220     0.000     0.000     0.000     0.000   0   0   0   0   0   0   0     0.000     0.000     0.000    -0.120    -0.012     0.066     0.113
   7 0 0 0 1 1 1 1   3  25  11   0   0   0   0    22.319     5.156    50.588     0.000     0.000     0.000     0.000   0   0   0   0   0   0   0     0.000     0.000     0.000    -0.237    -0.108     0.019     0.179
   7 0 0 0 1 1 1 1   3  18   6   0   0   0   0    22.418    50.341    19.815     0.000     0.000     0.000     0.000   0   0   0   0   0   0   0     0.000     0.000     0.000    -0.066    -0.133     0.140     0.047
   7 0 0 0 1 1 1 1  29  29   0   0   0   0   0     5.637     5.243    21.127     0.000     0.000     0.000     0.000   0   0   0   0   0   0   0     0.000     0.000     0.000    -0.127    -0.052     0.045     0.104
   7 0 0 0 1 1 1 1   3  14   1   0   0   0   0    22.319    48.605    21.907     0.000     0.000     0.000     0.000   0   0   0   0   0   0   0     0.000     0.000     0.000    -0.070    -0.135     0.004     0.095
   7 0 0 0 1 1 1 1  24  14   3   0   0   0   0     5.255    48.626    23.118     0.000     0.000     0.000     0.000   0   0   0   0   0   0   0     0.000     0.000     0.000    -0.142    -0.232     0.015     0.166
   7 0 0 0 1 1 1 1  31  24   5   0   0   0   0     5.371     5.211    21.840     0.000     0.000     0.000     0.000   0   0   0   0   0   0   0     0.000     0.000     0.000    -0.107    -0.034     0.197     0.081
   7 0 0 0 1 1 1 1   3   1   1   0   0   0   0    22.397    21.973    21.888     0.000     0.000     0.000     0.000   0   0   0   0   0   0   0     0.000     0.000     0.000    -0.048    -0.115     0.014     0.091
   7 0 0 0 1 1 1 1   3  11   3   0   0   0   0    22.397    44.731    23.118     0.000     0.000     0.000     0.000   0   0   0   0   0   0   0     0.000     0.000     0.000    -0.101    -0.016     0.032     0.088
   7 0 0 0 1 1 1 1  30  14  11   0   0   0   0     5.170    48.025    50.588     0.000     0.000     0.000     0.000   0   0   0   0   0   0   0     0.000     0.000     0.000    -0.046    -0.185     0.041     0.147
   7 0 0 0 1 1 1 1  17  14   3   0   0   0   0    56.791    47.082    23.118     0.000     0.000     0.000     0.000   0   0   0   0   0   0   0     0.000     0.000     0.000    -0.013    -0.094     0.276     0.086
   7 0 0 0 1 1 1 1   3  14   0   0   0   0   0    22.397    47.584    21.176     0.000     0.000     0.000     0.000   0   0   0   0   0   0   0     0.000     0.000     0.000    -0.021    -0.092     0.036     0.086
   7 0 0 0 1 1 1 1   3   1   0   0   0   0   0    22.288    22.001    21.092     0.000     0.000     0.000     0.000   0   0   0   0   0   0   0     0.000     0.000     0.000    -0.060    -0.114     0.006     0.079
   7 0 0 0 1 1 1 1  32  17   3   0   0   0   0     4.027    55.979    23.118     0.000     0.000     0.000     0.000   0   0   0   0   0   0   0     0.000     0.000     0.000    -0.173    -0.059     0.033     0.136
   7 0 0 0 1 1 1 1  17   3   3   0   0   0   0    56.672    22.299    23.118     0.000     0.000     0.000     0.000   0   0   0   0   0   0   0     0.000     0.000     0.000    -0.084    -0.012     0.253     0.077
   7 0 0 0 1 1 1 1  25   1  23   0   0   0   0     5.604    21.912     5.775     0.000     0.000     0.000     0.000   0   0   0   0   0   0   0     0.000     0.000     0.000    -0.011    -0.081     0.077     0.040
   7 0 0 0 1 1 1 1   3  14   5   0   0   0   0    22.418    48.302    22.176     0.000     0.000     0.000     0.000   0   0   0   0   0   0   0     0.000     0.000     0.000    -0.030    -0.094     0.077     0.040
   7 0 0 0 1 1 1 1  30   1  24   0   0   0   0     5.004    22.003     5.477     0.000     0.000     0.000     0.000   0   0   0   0   0   0   0     0.000     0.000     0.000    -0.105    -0.177     0.003     0.121
   7 0 0 0 1 1 1 1  12  11   3   0   0   0   0    50.625    44.630    23.118     0.000     0.000     0.000     0.000   0   0   0   0   0   0   0     0.000     0.000     0.000    -0.082    -0.017     0.232     0.074
   7 0 0 0 1 1 1 1  11  12   1   0   0   0   0    47.002    45.889    21.902     0.000     0.000     0.000     0.000   0   0   0   0   0   0   0     0.000     0.000     0.000    -0.091    -0.042     0.004     0.067
   7 0 0 0 1 1 1 1   3   1   3   0   0   0   0    22.275    22.001    23.118     0.000     0.000     0.000     0.000   0   0   0   0   0   0   0     0.000     0.000     0.000    -0.050    -0.094     0.007     0.065
   7 0 0 0 1 1 1 1  30   2   3   0   0   0   0     5.004    21.630    23.118     0.000     0.000     0.000     0.000   0   0   0   0   0   0   0     0.000     0.000     0.000    -0.159    -0.094     0.008     0.112
   7 0 0 0 1 1 1 1   3  12  10   0   0   0   0    22.418    45.946    15.291     0.000     0.000     0.000     0.000   0   0   0   0   0   0   0     0.000     0.000     0.000    -0.086    -0.038     0.151     0.049
   7 0 0 0 1 1 1 1   3   1  25   0   0   0   0    22.353    21.996     5.749     0.000     0.000     0.000     0.000   0   0   0   0   0   0   0     0.000     0.000     0.000    -0.043    -0.084     0.005     0.061
   7 0 0 0 1 1 1 1   3   4  25   0   0   0   0    22.257    22.048     5.749     0.000     0.000     0.000     0.000   0   0   0   0   0   0   0     0.000     0.000     0.000    -0.087    -0.048     0.003     0.058
   7 0 0 0 1 1 1 1  11  32   6   0   0   0   0    48.722     3.863    19.661     0.000     0.000     0.000     0.000   0   0   0   0   0   0   0     0.000     0.000     0.000    -0.119    -0.017     0.008     0.104
   7 0 0 0 1 1 1 1  12   3   3   0   0   0   0    50.625    21.951    23.118     0.000     0.000     0.000     0.000   0   0   0   0   0   0   0     0.000     0.000     0.000    -0.073    -0.020     0.207     0.060
   7 0 0 0 1 1 1 1   3   1   1   0   0   0   0    22.336    21.996    21.907     0.000     0.000     0.000     0.000   0   0   0   0   0   0   0     0.000     0.000     0.000    -0.040    -0.076     0.001     0.054
   7 0 0 0 1 1 1 1  11   1   5   0   0   0   0    47.002    21.980    22.176     0.000     0.000     0.000     0.000   0   0   0   0   0   0   0     0.000     0.000     0.000    -0.028    -0.071     0.058     0.021
   7 0 0 0 1 1 1 1   3  11  10   0   0   0   0    22.418    44.523    15.291     0.000     0.000     0.000     0.000   0   0   0   0   0   0   0     0.000     0.000     0.000    -0.111    -0.022     0.016     0.096
   7 0 0 0 1 1 1 1   4  17   3   0   0   0   0    22.625    55.778    23.118     0.000     0.000     0.000     0.000   0   0   0   0   0   0   0     0.000     0.000     0.000    -0.070    -0.027     0.287     0.047
   7 0 0 0 1 1 1 1   3   1   0   0   0   0   0    22.319    22.003    21.092     0.000     0.000     0.000     0.000   0   0   0   0   0   0   0     0.000     0.000     0.000    -0.038    -0.070     0.004     0.050
   7 0 0 0 1 1 1 1   3   2   3   0   0   0   0    22.257    21.613    23.118     0.000     0.000     0.000     0.000   0   0   0   0   0   0   0     0.000     0.000     0.000    -0.073    -0.040     0.004     0.048
   7 0 0 0 1 1 1 1   3   1  23   0   0   0   0    22.180    22.007     5.706     0.000     0.000     0.000     0.000   0   0   0   0   0   0   0     0.000     0.000     0.000    -0.069    -0.124    -0.001     0.082
   7 0 0 0 1 1 1 1  12  14   3   0   0   0   0    50.625    46.952    23.118     0.000     0.000     0.000     0.000   0   0   0   0   0   0   0     0.000     0.000     0.000    -0.002    -0.051     0.176     0.049
   7 0 0 0 1 1 1 1  11   3   0   0   0   0   0    47.112    21.934    21.230     0.000     0.000     0.000     0.000   0   0   0   0   0   0   0     0.000     0.000     0.000    -0.057    -0.021     0.015     0.047
   7 0 0 0 1 1 1 1   3   1   3   0   0   0   0    22.219    22.007    23.118     0.000     0.000     0.000     0.000   0   0   0   0   0   0   0     0.000     0.000     0.000    -0.036    -0.065     0.003     0.044
   7 0 0 0 1 1 1 1   3   3   3   0   0   0   0    22.219    21.757    23.118     0.000     0.000     0.000     0.000   0   0   0   0   0   0   0     0.000     0.000     0.000    -0.113    -0.062     0.002     0.076
   7 0 0 0 1 1 1 1   4  11   3   0   0   0   0    22.625    42.724    23.118     0.000     0.000     0.000     0.000   0   0   0   0   0   0   0     0.000     0.000     0.000    -0.062    -0.024     0.252     0.038
   7 0 0 0 1 1 1 1   3   1   0   0   0   0   0    22.307    22.003    21.137     0.000     0.000     0.000     0.000   0   0   0   0   0   0   0     0.000     0.000     0.000    -0.031    -0.057     0.007     0.042
   7 0 0 0 1 1 1 1   3   3  11   0   0   0   0    22.418    22.033    52.116     0.000     0.000     0.000     0.000   0   0   0   0   0   0   0     0.000     0.000     0.000    -0.048    -0.011     0.027     0.051
   7 0 0 0 1 1 1 1  11   2  10   0   0   0   0    50.202    21.683    15.291     0.000     0.000     0.000     0.000   0   0   0   0   0   0   0     0.000     0.000     0.000    -0.092    -0.026     0.000     0.075
   7 0 0 0 1 1 1 1  13  14  10   0   0   0   0    49.534    48.545    15.291     0.000     0.000     0.000     0.000   0   0   0   0   0   0   0     0.000     0.000     0.000    -0.019    -0.054     0.113     0.032
   7 0 0 0 1 1 1 1  25   3   0   0   0   0   0     5.604    22.133    21.365     0.000     0.000     0.000     0.000   0   0   0   0   0   0   0     0.000     0.000     0.000    -0.042    -0.008     0.032     0.068
   7 0 0 0 1 1 1 1   3   1   5   0   0   0   0    22.266    22.013    22.176     0.000     0.000     0.000     0.000   0   0   0   0   0   0   0     0.000     0.000     0.000    -0.029    -0.057     0.040     0.008
   7 0 0 0 1 1 1 1   3   1  32   0   0   0   0    22.180    22.013     4.337     0.000     0.000     0.000     0.000   0   0   0   0   0   0   0     0.000     0.000     0.000    -0.054    -0.097     0.014     0.074
   7 0 0 0 1 1 1 1   4  12   3   0   0   0   0    22.625    45.755    23.118     0.000     0.000     0.000     0.000   0   0   0   0   0   0   0     0.000     0.000     0.000    -0.052    -0.020     0.229     0.031
   7 0 0 0 1 1 1 1   3   1   1   0   0   0   0    22.299    22.007    21.907     0.000     0.000     0.000     0.000   0   0   0   0   0   0   0     0.000     0.000     0.000    -0.026    -0.048     0.000     0.033
   7 0 0 0 1 1 1 1   3   2  11   0   0   0   0    22.418    21.657    52.116     0.000     0.000     0.000     0.000   0   0   0   0   0   0   0     0.000     0.000     0.000    -0.046    -0.016     0.022     0.042
   7 0 0 0 1 1 1 1  11   6   6   0   0   0   0    50.588    19.716    19.661     0.000     0.000     0.000     0.000   0   0   0   0   0   0   0     0.000     0.000     0.000    -0.076    -0.020    -0.011     0.065
   7 0 0 0 1 1 1 1  13  14  10   0   0   0   0    49.534    46.995    15.291     0.000     0.000     0.000     0.000   0   0   0   0   0   0   0     0.000     0.000     0.000    -0.004    -0.035     0.099     0.026
   7 0 0 0 1 1 1 1   3  11   0   0   0   0   0    22.288    42.248    21.230     0.000     0.000     0.000     0.000   0   0   0   0   0   0   0     0.000     0.000     0.000    -0.044    -0.024     0.005     0.032
   7 0 0 0 1 1 1 1   3   1   9   0   0   0   0    22.219    22.015    18.120     0.000     0.000     0.000     0.000   0   0   0   0   0   0   0     0.000     0.000     0.000    -0.026    -0.048     0.002     0.031
   7 0 0 0 1 1 1 1   3   3  32   0   0   0   0    22.319    21.750     4.337     0.000     0.000     0.000     0.000   0   0   0   0   0   0   0     0.000     0.000     0.000    -0.079    -0.038     0.015     0.060
   7 0 0 0 1 1 1 1  12  19   3   0   0   0   0    51.693    63.033    23.118     0.000     0.000     0.000     0.000   0   0   0   0   0   0   0     0.000     0.000     0.000     0.000    -0.031     0.132     0.031
   7 0 0 0 1 1 1 1  25   1   0   0   0   0   0     5.604    21.973    21.365     0.000     0.000     0.000     0.000   0   0   0   0   0   0   0     0.000     0.000     0.000    -0.011    -0.036     0.023     0.056
   7 0 0 0 1 1 1 1   3  14   5   0   0   0   0    22.219    48.812    22.176     0.000     0.000     0.000     0.000   0   0   0   0   0   0   0     0.000     0.000     0.000    -0.023    -0.044     0.030     0.005
   7 0 0 0 1 1 1 1  23   2   5   0   0   0   0     5.706    21.840    21.840     0.000     0.000     0.000     0.000   0   0   0   0   0   0   0     0.000     0.000     0.000    -0.053    -0.004    -0.011     0.056
   7 0 0 0 1 1 1 1   4   6   3   0   0   0   0    22.641    19.663    23.118     0.000     0.000     0.000     0.000   0   0   0   0   0   0   0     0.000     0.000     0.000    -0.043    -0.009     0.518     0.021
   7 0 0 0 1 1 1 1   3   3   0   0   0   0   0    22.288    21.741    21.254     0.000     0.000     0.000     0.000   0   0   0   0   0   0   0     0.000     0.000     0.000    -0.038    -0.020     0.008     0.030
   7 0 0 0 1 1 1 1  11   7  11   0   0   0   0    47.112    20.081    52.116     0.000     0.000     0.000     0.000   0   0   0   0   0   0   0     0.000     0.000     0.000    -0.034    -0.012     0.014     0.032
   7 0 0 0 1 1 1 1   3   4  22   0   0   0   0    23.118    22.641     5.134     0.000     0.000     0.000     0.000   0   0   0   0   0   0   0     0.000     0.000     0.000    -0.023    -0.508     0.002     0.049
   7 0 0 0 1 1 1 1   5   3   3   0   0   0   0    22.106    23.118    22.004     0.000     0.000     0.000     0.000   0   0   0   0   0   0   0     0.000     0.000     0.000     0.114     0.027    -0.030    -0.006
   7 0 0 0 1 1 1 1  25   1   6   0   0   0   0     5.604    21.982    19.661     0.000     0.000     0.000     0.000   0   0   0   0   0   0   0     0.000     0.000     0.000    -0.010    -0.030     0.046     0.018
   7 0 0 0 1 1 1 1   3   1   9   0   0   0   0    22.219    22.018    18.120     0.000     0.000     0.000     0.000   0   0   0   0   0   0   0     0.000     0.000     0.000    -0.020    -0.039     0.001     0.023
   7 0 0 0 1 1 1 1   3   3  11   0   0   0   0    22.180    21.731    52.116     0.000     0.000     0.000     0.000   0   0   0   0   0   0   0     0.000     0.000     0.000    -0.068    -0.034     0.014     0.056
   7 0 0 0 1 1 1 1   4   6   3   0   0   0   0    22.641    19.663    23.118     0.000     0.000     0.000     0.000   0   0   0   0   0   0   0     0.000     0.000     0.000    -0.037    -0.008     0.487     0.017
   7 0 0 0 1 1 1 1  24   3   0   0   0   0   0     5.342    21.731    21.365     0.000     0.000     0.000     0.000   0   0   0   0   0   0   0     0.000     0.000     0.000    -0.033    -0.016     0.014     0.047
   7 0 0 0 1 1 1 1   3   1   5   0   0   0   0    22.219    22.022    22.306     0.000     0.000     0.000     0.000   0   0   0   0   0   0   0     0.000     0.000     0.000    -0.019    -0.038     0.022     0.002
   7 0 0 0 1 1 1 1   3   1  24   0   0   0   0    22.180    22.018     5.533     0.000     0.000     0.000     0.000   0   0   0   0   0   0   0     0.000     0.000     0.000    -0.032    -0.066     0.010     0.049
   7 0 0 0 1 1 1 1   4   3   3   0   0   0   0    22.641    23.118    23.118     0.000     0.000     0.000     0.000   0   0   0   0   0   0   0     0.000     0.000     0.000    -0.020     0.031     0.462     0.015
   7 0 0 0 1 1 1 1  25  17   3   0   0   0   0     5.604    56.048    23.118     0.000     0.000     0.000     0.000   0   0   0   0   0   0   0     0.000     0.000     0.000    -0.022    -0.005     0.043     0.015
   7 0 0 0 1 1 1 1   3   4   2   0   0   0   0    23.118    22.641    22.144     0.000     0.000     0.000     0.000   0   0   0   0   0   0   0     0.000     0.000     0.000    -0.012    -0.135     0.023     0.007
   7 0 0 0 1 1 1 1  23   3  10   0   0   0   0     5.706    21.848    15.291     0.000     0.000     0.000     0.000   0   0   0   0   0   0   0     0.000     0.000     0.000    -0.046    -0.011    -0.017     0.042
   7 0 0 0 1 1 1 1  20  22  10   0   0   0   0    62.602     5.521    15.291     0.000     0.000     0.000     0.000   0   0   0   0   0   0   0     0.000     0.000     0.000    -0.007    -0.026     0.068     0.017
   7 0 0 0 1 1 1 1   3  11   3   0   0   0   0    22.780    44.630    23.118     0.000     0.000     0.000     0.000   0   0   0   0   0   0   0     0.000     0.000     0.000    -0.020    -0.003     0.059     0.013
   7 0 0 0 1 1 1 1   3  19   1   0   0   0   0    22.219    65.525    21.963     0.000     0.000     0.000     0.000   0   0   0   0   0   0   0     0.000     0.000     0.000    -0.014    -0.028     0.003     0.019
   7 0 0 0 1 1 1 1  14  23  14   0   0   0   0    47.371     5.732    47.374     0.000     0.000     0.000     0.000   0   0   0   0   0   0   0     0.000     0.000     0.000    -0.002     0.038    -0.483    -0.018
   7 0 0 0 1 1 1 1  31   3  32   0   0   0   0     5.527    22.353     4.337     0.000     0.000     0.000     0.000   0   0   0   0   0   0   0     0.000     0.000     0.000    -0.018     0.003     0.220     0.015
   7 0 0 0 1 1 1 1   3   1   0   0   0   0   0    22.275    22.018    21.365     0.000     0.000     0.000     0.000   0   0   0   0   0   0   0     0.000     0.000     0.000    -0.013    -0.027     0.009     0.041
   7 0 0 0 1 1 1 1   3   1  11   0   0   0   0    22.219    22.022    52.116     0.000     0.000     0.000     0.000   0   0   0   0   0   0   0     0.000     0.000     0.000    -0.014    -0.031     0.005     0.022
   7 0 0 0 1 1 1 1  14  23  14   0   0   0   0    47.371     5.732    47.374     0.000     0.000     0.000     0.000   0   0   0   0   0   0   0     0.000     0.000     0.000    -0.001     0.035    -0.459    -0.017
   7 0 0 0 1 1 1 1   4   0   3   0   0   0   0    22.641    21.253    23.118     0.000     0.000     0.000     0.000   0   0   0   0   0   0   0     0.000     0.000     0.000    -0.011    -0.084     0.425     0.011
   7 0 0 0 1 1 1 1   4   1   3   0   0   0   0    22.625    21.985    23.118     0.000     0.000     0.000     0.000   0   0   0   0   0   0   0     0.000     0.000     0.000    -0.006    -0.019     0.081     0.011
   7 0 0 0 1 1 1 1   9  14  11   0   0   0   0    18.120    47.371    51.289     0.000     0.000     0.000     0.000   0   0   0   0   0   0   0     0.000     0.000     0.000     0.005    -0.018     0.004     0.019
   7 0 0 0 1 1 1 1   3   1   8   0   0   0   0    22.180    22.020    17.254     0.000     0.000     0.000     0.000   0   0   0   0   0   0   0     0.000     0.000     0.000    -0.023    -0.055     0.070     0.011
   7 0 0 0 1 1 1 1  31  14  32   0   0   0   0     5.527    46.945     4.337     0.000     0.000     0.000     0.000   0   0   0   0   0   0   0     0.000     0.000     0.000     0.003    -0.015     0.192     0.014
   7 0 0 0 1 1 1 1   4   3   3   0   0   0   0    22.641    21.940    23.118     0.000     0.000     0.000     0.000   0   0   0   0   0   0   0     0.000     0.000     0.000    -0.016    -0.003     0.163     0.010
   7 0 0 0 1 1 1 1   9   2   3   0   0   0   0    18.120    21.660    23.118     0.000     0.000     0.000     0.000   0   0   0   0   0   0   0     0.000     0.000     0.000    -0.021    -0.001     0.040     0.012
   7 0 0 0 1 1 1 1  23  12  10   0   0   0   0     5.672    45.921    15.291     0.000     0.000     0.000     0.000   0   0   0   0   0   0   0     0.000     0.000     0.000    -0.036    -0.009    -0.017     0.030
   7 0 0 0 1 1 1 1  15  12  11   0   0   0   0    57.704    45.631    52.116     0.000     0.000     0.000     0.000   0   0   0   0   0   0   0     0.000     0.000     0.000    -0.023    -0.003     0.073     0.009
   7 0 0 0 1 1 1 1   4   3   3   0   0   0   0    22.641    22.219    23.118     0.000     0.000     0.000     0.000   0   0   0   0   0   0   0     0.000     0.000     0.000    -0.013    -0.000     0.155     0.009
   7 0 0 0 1 1 1 1   3   4  11   0   0   0   0    23.118    22.641    51.289     0.000     0.000     0.000     0.000   0   0   0   0   0   0   0     0.000     0.000     0.000    -0.007    -0.127     0.002     0.015
   7 0 0 0 1 1 1 1  14  23  14   0   0   0   0    47.371     5.732    47.374     0.000     0.000     0.000     0.000   0   0   0   0   0   0   0     0.000     0.000     0.000    -0.002     0.028    -0.436    -0.012
   7 0 0 0 1 1 1 1  17  22  11   0   0   0   0    62.450     5.454    52.117     0.000     0.000     0.000     0.000   0   0   0   0   0   0   0     0.000     0.000     0.000     0.006    -0.014     0.390    -0.001
   7 0 0 0 1 1 1 1   4   1   3   0   0   0   0    22.625    22.016    23.118     0.000     0.000     0.000     0.000   0   0   0   0   0   0   0     0.000     0.000     0.000    -0.005    -0.019     0.067     0.008
   7 0 0 0 1 1 1 1  14   8   1   0   0   0   0    47.678    17.254    22.024     0.000     0.000     0.000     0.000   0   0   0   0   0   0   0     0.000     0.000     0.000     0.027     0.005    -0.011    -0.025
   7 0 0 0 1 1 1 1  11   5   3   0   0   0   0    52.118    21.840    23.118     0.000     0.000     0.000     0.000   0   0   0   0   0   0   0     0.000     0.000     0.000    -0.414    -0.004     0.095     0.027
   7 0 0 0 1 1 1 1  17  22  11   0   0   0   0    62.450     5.457    52.117     0.000     0.000     0.000     0.000   0   0   0   0   0   0   0     0.000     0.000     0.000     0.005    -0.013     0.371    -0.001
   7 0 0 0 1 1 1 1   4   6   3   0   0   0   0    22.641    19.661    23.118     0.000     0.000     0.000     0.000   0   0   0   0   0   0   0     0.000     0.000     0.000    -0.014    -0.003     0.144     0.007
   7 0 0 0 1 1 1 1  11   2   8   0   0   0   0    50.202    21.630    17.254     0.000     0.000     0.000     0.000   0   0   0   0   0   0   0     0.000     0.000     0.000    -0.016    -0.004     0.024     0.007
   7 0 0 0 1 1 1 1  14  23  14   0   0   0   0    47.371     5.732    47.374     0.000     0.000     0.000     0.000   0   0   0   0   0   0   0     0.000     0.000     0.000    -0.001     0.024    -0.393    -0.011
   7 0 0 0 1 1 1 1  17  13  11   0   0   0   0    62.450    49.492    52.117     0.000     0.000     0.000     0.000   0   0   0   0   0   0   0     0.000     0.000     0.000    -0.009     0.008     0.352    -0.000
   7 0 0 0 1 1 1 1  25  14  32   0   0   0   0     5.884    47.162     4.337     0.000     0.000     0.000     0.000   0   0   0   0   0   0   0     0.000     0.000     0.000     0.000    -0.010     0.026     0.005
   7 0 0 0 1 1 1 1   3   4  11   0   0   0   0    23.118    22.641    51.289     0.000     0.000     0.000     0.000   0   0   0   0   0   0   0     0.000     0.000     0.000    -0.005    -0.121     0.001     0.012
   7 0 0 0 1 1 1 1  11   1  21   0   0   0   0    44.731    22.022    68.656     0.000     0.000     0.000     0.000   0   0   0   0   0   0   0     0.000     0.000     0.000    -0.017    -0.047     0.005     0.050
   7 0 0 0 1 1 1 1  17   8  11   0   0   0   0    62.450    17.278    52.117     0.000     0.000     0.000     0.000   0   0   0   0   0   0   0     0.000     0.000     0.000    -0.012     0.004     0.335    -0.000
   7 0 0 0 1 1 1 1  25   3  32   0   0   0   0     5.893    21.712     4.337     0.000     0.000     0.000     0.000   0   0   0   0   0   0   0     0.000     0.000     0.000    -0.017    -0.003     0.029     0.004
   7 0 0 0 1 1 1 1  11   0   1   0   0   0   0    44.523    21.135    21.963     0.000     0.000     0.000     0.000   0   0   0   0   0   0   0     0.000     0.000     0.000    -0.008    -0.022    -0.000     0.010
   7 0 0 0 1 1 1 1  14  28  14   0   0   0   0    47.371     5.645    47.374     0.000     0.000     0.000     0.000   0   0   0   0   0   0   0     0.000     0.000     0.000     0.003     0.024    -0.374    -0.009
   7 0 0 0 1 1 1 1  27  32  12   0   0   0   0     4.880     4.337    45.615     0.000     0.000     0.000     0.000   0   0   0   0   0   0   0     0.000     0.000     0.000     0.138     0.009    -0.016    -0.001
   7 0 0 0 1 1 1 1   4   6   3   0   0   0   0    22.641    19.661    23.118     0.000     0.000     0.000     0.000   0   0   0   0   0   0   0     0.000     0.000     0.000    -0.011    -0.002     0.134     0.005
   7 0 0 0 1 1 1 1  15   3  29   0   0   0   0    51.349    21.716     5.858     0.000     0.000     0.000     0.000   0   0   0   0   0   0   0     0.000     0.000     0.000    -0.017    -0.004     0.003     0.014
   7 0 0 0 1 1 1 1  12   5   3   0   0   0   0    54.335    21.840    23.118     0.000     0.000     0.000     0.000   0   0   0   0   0   0   0     0.000     0.000     0.000    -0.355    -0.002     0.085     0.027
   7 0 0 0 1 1 1 1  17   7  11   0   0   0   0    62.450    20.043    52.117     0.000     0.000     0.000     0.000   0   0   0   0   0   0   0     0.000     0.000     0.000    -0.017     0.001     0.311    -0.001
   7 0 0 0 1 1 1 1  25   3  11   0   0   0   0     5.893    22.219    52.116     0.000     0.000     0.000     0.000   0   0   0   0   0   0   0     0.000     0.000     0.000    -0.008     0.001     0.022     0.001
   7 0 0 0 1 1 1 1  11   0   8   0   0   0   0    44.523    21.135    17.254     0.000     0.000     0.000     0.000   0   0   0   0   0   0   0     0.000     0.000     0.000    -0.007    -0.019     0.018     0.003
   7 0 0 0 1 1 1 1   3   0  21   0   0   0   0    22.004    21.135    68.655     0.000     0.000     0.000     0.000   0   0   0   0   0   0   0     0.000     0.000     0.000    -0.017    -0.045     0.003     0.041
   7 0 0 0 1 1 1 1  17  25  11   0   0   0   0    62.450     5.898    52.117     0.000     0.000     0.000     0.000   0   0   0   0   0   0   0     0.000     0.000     0.000    -0.006     0.011     0.295    -0.001
   7 0 0 0 1 1 1 1  25   2  11   0   0   0   0     5.893    21.581    52.116     0.000     0.000     0.000     0.000   0   0   0   0   0   0   0     0.000     0.000     0.000    -0.016    -0.002     0.020     0.001
   7 0 0 0 1 1 1 1   9  18   3   0   0   0   0    18.120    50.762    23.118     0.000     0.000     0.000     0.000   0   0   0   0   0   0   0     0.000     0.000     0.000    -0.003    -0.051     0.031     0.006
   7 0 0 0 1 1 1 1  14  23  14   0   0   0   0    47.371     5.796    47.374     0.000     0.000     0.000     0.000   0   0   0   0   0   0   0     0.000     0.000     0.000     0.008     0.036    -0.338    -0.008
   7 0 0 0 1 1 1 1  17   9  11   0   0   0   0    62.450    18.127    52.117     0.000     0.000     0.000     0.000   0   0   0   0   0   0   0     0.000     0.000     0.000    -0.006     0.007     0.281    -0.001
   7 0 0 0 1 1 1 1   3   0   0   0   0   0   0    22.275    21.135    21.365     0.000     0.000     0.000     0.000   0   0   0   0   0   0   0     0.000     0.000     0.000    -0.005    -0.015     0.003     0.025
   7 0 0 0 1 1 1 1  15  22  10   0   0   0   0    51.349     5.521    15.291     0.000     0.000     0.000     0.000   0   0   0   0   0   0   0     0.000     0.000     0.000    -0.002    -0.009    -0.004     0.009
   7 0 0 0 1 1 1 1  11   5   3   0   0   0   0    52.118    21.840    23.118     0.000     0.000     0.000     0.000   0   0   0   0   0   0   0     0.000     0.000     0.000    -0.321    -0.003     0.076     0.017
   7 0 0 0 1 1 1 1  17   7  11   0   0   0   0    62.450    20.050    52.117     0.000     0.000     0.000     0.000   0   0   0   0   0   0   0     0.000     0.000     0.000    -0.014     0.001     0.267    -0.001
   7 0 0 0 1 1 1 1   5   1   0   0   0   0   0    21.840    21.963    21.365     0.000     0.000     0.000     0.000   0   0   0   0   0   0   0     0.000     0.000     0.000     0.125    -0.001    -0.002     0.023
   7 0 0 0 1 1 1 1  14  11  14   0   0   0   0    47.371    51.484    47.374     0.000     0.000     0.000     0.000   0   0   0   0   0   0   0     0.000     0.000     0.000     0.000     0.010    -0.112    -0.003
   7 0 0 0 1 1 1 1  14   0  14   0   0   0   0    47.371    20.807    47.374     0.000     0.000     0.000     0.000   0   0   0   0   0   0   0     0.000     0.000     0.000     0.058     0.009    -0.305    -0.007
   7 0 0 0 1 1 1 1  17  25  11   0   0   0   0    62.450     5.898    52.117     0.000     0.000     0.000     0.000   0   0   0   0   0   0   0     0.000     0.000     0.000    -0.004     0.009     0.253    -0.001
   7 0 0 0 1 1 1 1   5   1   0   0   0   0   0    21.840    21.963    21.365     0.000     0.000     0.000     0.000   0   0   0   0   0   0   0     0.000     0.000     0.000     0.119    -0.001    -0.002     0.021
   7 0 0 0 1 1 1 1   3   0   8   0   0   0   0    22.008    21.135    17.254     0.000     0.000     0.000     0.000   0   0   0   0   0   0   0     0.000     0.000     0.000    -0.005    -0.015     0.016     0.002
   7 0 0 0 1 1 1 1  11   2   4   0   0   0   0    50.493    21.601    22.641     0.000     0.000     0.000     0.000   0   0   0   0   0   0   0     0.000     0.000     0.000    -0.029    -0.007     0.041     0.004
   7 0 0 0 1 1 1 1  17   6  11   0   0   0   0    62.450    19.663    52.117     0.000     0.000     0.000     0.000   0   0   0   0   0   0   0     0.000     0.000     0.000    -0.010     0.002     0.241    -0.001
   7 0 0 0 1 1 1 1   3   0   5   0   0   0   0    22.275    21.135    21.840     0.000     0.000     0.000     0.000   0   0   0   0   0   0   0     0.000     0.000     0.000    -0.004    -0.014     0.017     0.002
   7 0 0 0 1 1 1 1  14  11  14   0   0   0   0    47.371    51.484    47.374     0.000     0.000     0.000     0.000   0   0   0   0   0   0   0     0.000     0.000     0.000     0.000     0.009    -0.107    -0.002
   7 0 0 0 1 1 1 1  12   5   3   0   0   0   0    54.335    21.840    23.118     0.000     0.000     0.000     0.000   0   0   0   0   0   0   0     0.000     0.000     0.000    -0.290    -0.001     0.067     0.018
   7 0 0 0 1 1 1 1  11  18  11   0   0   0   0    52.114    50.689    52.116     0.000     0.000     0.000     0.000   0   0   0   0   0   0   0     0.000     0.000     0.000    -0.001    -0.022     0.158     0.004
   7 0 0 0 1 1 1 1  22   5   1   0   0   0   0     5.459    21.840    22.026     0.000     0.000     0.000     0.000   0   0   0   0   0   0   0     0.000     0.000     0.000     0.112     0.002    -0.003    -0.012
   7 0 0 0 1 1 1 1  11   5   3   0   0   0   0    52.118    21.840    23.118     0.000     0.000     0.000     0.000   0   0   0   0   0   0   0     0.000     0.000     0.000    -0.101    -0.001     0.033     0.004
   7 0 0 0 1 1 1 1  14  10  14   0   0   0   0    47.371    15.291    47.374     0.000     0.000     0.000     0.000   0   0   0   0   0   0   0     0.000     0.000     0.000     0.034     0.006    -0.275    -0.006
   7 0 0 0 1 1 1 1   8   0   5   0   0   0   0    17.254    21.253    21.840     0.000     0.000     0.000     0.000   0   0   0   0   0   0   0     0.000     0.000     0.000    -0.005    -0.081     0.105     0.002
   7 0 0 0 1 1 1 1   4   6   3   0   0   0   0    22.641    19.661    23.118     0.000     0.000     0.000     0.000   0   0   0   0   0   0   0     0.000     0.000     0.000    -0.007    -0.001     0.106     0.002
   7 0 0 0 1 1 1 1  14  11  14   0   0   0   0    47.371    51.484    47.374     0.000     0.000     0.000     0.000   0   0   0   0   0   0   0     0.000     0.000     0.000     0.000     0.008    -0.096    -0.002
   7 0 0 0 1 1 1 1  24   2   4   0   0   0   0     5.433    21.589    22.641     0.000     0.000     0.000     0.000   0   0   0   0   0   0   0     0.000     0.000     0.000    -0.033    -0.007     0.035     0.004
   7 0 0 0 1 1 1 1  20  17   8   0   0   0   0    62.679    55.558    17.254     0.000     0.000     0.000     0.000   0   0   0   0   0   0   0     0.000     0.000     0.000    -0.013    -0.003    -0.018     0.018
   7 0 0 1 1 1 1 1   0   5   8   0   0   0   0    21.365    21.840    17.254     0.000     0.000     0.000     0.000   0   0   0   0   0   0   0     0.000     0.000     0.018     0.014    -0.002    -0.018     0.018
   7 0 0 0 1 1 1 1   3   1  21   0   0   0   0    22.004    22.030    68.656     0.000     0.000     0.000     0.000   0   0   0   0   0   0   0     0.000     0.000     0.018    -0.004    -0.014     0.001     0.011
   7 0 0 0 1 1 1 1   2   1  23   0   0   0   0    21.660    21.963     5.732     0.000     0.000     0.000     0.000   0   0   0   0   0   0   0     0.000     0.000     0.018    -0.155    -0.008    -0.003     0.013
   7 0 0 0 1 1 1 1  17  18  11   0   0   0   0    62.450    50.747    52.117     0.000     0.000     0.000     0.000   0   0   0   0   0   0   0     0.000     0.000     0.018    -0.000    -0.030     0.215    -0.002
   7 0 0 0 1 1 1 1  22   5   1   0   0   0   0     5.459    21.840    22.026     0.000     0.000     0.000     0.000   0   0   0   0   0   0   0     0.000     0.000     0.018     0.100     0.002    -0.003    -0.010
   7 0 0 0 1 1 1 1  14  11  14   0   0   0   0    47.371    51.454    47.374     0.000     0.000     0.000     0.000   0   0   0   0   0   0   0     0.000     0.000     0.018    -0.000     0.006    -0.092    -0.002
   7 0 0 0 1 1 1 1  23   3   2   0   0   0   0     5.766    23.118    21.910     0.000     0.000     0.000     0.000   0   0   0   0   0   0   0     0.000     0.000     0.018    -0.012     0.008     0.053     0.014
   7 0 0 0 1 1 1 1  17  18  11   0   0   0   0    62.450    50.703    52.117     0.000     0.000     0.000     0.000   0   0   0   0   0   0   0     0.000     0.000     0.018     0.000    -0.016     0.204    -0.002
   7 0 0 1 1 1 1 1   0  10  11   0   0   0   0    21.365    15.291    52.117     0.000     0.000     0.000     0.000   0   0   0   0   0   0   0     0.000     0.000     0.017     0.012    -0.001     0.204    -0.002
   7 0 0 0 1 1 1 1  29   5   3   0   0   0   0     5.858    21.840    23.118     0.000     0.000     0.000     0.000   0   0   0   0   0   0   0     0.000     0.000     0.017    -0.087    -0.001     0.030     0.003
   7 0 0 0 1 1 1 1  21   5   3   0   0   0   0    68.655    21.840    23.118     0.000     0.000     0.000     0.000   0   0   0   0   0   0   0     0.000     0.000     0.017    -0.253    -0.001     0.058     0.013
   7 0 0 0 1 1 1 1  17   0  11   0   0   0   0    62.450    21.254    52.117     0.000     0.000     0.000     0.000   0   0   0   0   0   0   0     0.000     0.000     0.017    -0.003     0.006     0.194    -0.002
   7 0 0 0 1 1 1 1   5   1   0   0   0   0   0    21.840    21.963    21.365     0.000     0.000     0.000     0.000   0   0   0   0   0   0   0     0.000     0.000     0.017     0.095    -0.002    -0.001     0.015
   7 0 0 0 1 1 1 1   3   1   8   0   0   0   0    22.004    22.030    17.254     0.000     0.000     0.000     0.000   0   0   0   0   0   0   0     0.000     0.000     0.017    -0.004    -0.012     0.011     0.001
   7 0 0 0 1 1 1 1   2   4  23   0   0   0   0    21.660    22.641     5.807     0.000     0.000     0.000     0.000   0   0   0   0   0   0   0     0.000     0.000     0.017    -0.007    -0.136     0.003     0.027
   7 0 0 0 1 1 1 1  17  18  11   0   0   0   0    62.450    50.747    52.117     0.000     0.000     0.000     0.000   0   0   0   0   0   0   0     0.000     0.000     0.017    -0.000    -0.027     0.184    -0.001
   7 0 0 0 1 1 1 1   5   1   0   0   0   0   0    21.840    21.963    21.365     0.000     0.000     0.000     0.000   0   0   0   0   0   0   0     0.000     0.000     0.017     0.090    -0.002    -0.001     0.014
   7 0 0 0 1 1 1 1  14  11  14   0   0   0   0    47.371    51.454    47.374     0.000     0.000     0.000     0.000   0   0   0   0   0   0   0     0.000     0.000     0.017    -0.000     0.006    -0.083    -0.002
   7 0 0 0 1 1 1 1  21   5   3   0   0   0   0    68.655    21.840    23.118     0.000     0.000     0.000     0.000   0   0   0   0   0   0   0     0.000     0.000     0.017    -0.234    -0.001     0.054     0.012
   7 0 0 0 1 1 1 1  27   8  13   0   0   0   0     4.880    17.254    49.445     0.000     0.000     0.000     0.000   0   0   0   0   0   0   0     0.000     0.000     0.017    -0.020     0.024    -0.004     0.002
   7 0 0 0 1 1 1 1  22   5   1   0   0   0   0     5.459    21.840    22.022     0.000     0.000     0.000     0.000   0   0   0   0   0   0   0     0.000     0.000     0.017     0.085     0.001    -0.002    -0.008
   7 0 0 0 1 1 1 1  29   5   3   0   0   0   0     5.858    21.840    23.118     0.000     0.000     0.000     0.000   0   0   0   0   0   0   0     0.000     0.000     0.017    -0.079    -0.001     0.027     0.002
   7 0 0 0 1 1 1 1  23   3  21   0   0   0   0     5.506    21.689    68.656     0.000     0.000     0.000     0.000   0   0   0   0   0   0   0     0.000     0.000     0.017    -0.030    -0.010     0.001     0.023
   7 0 0 0 1 1 1 1  17   5  11   0   0   0   0    62.450    21.843    52.117     0.000     0.000     0.000     0.000   0   0   0   0   0   0   0     0.000     0.000     0.017    -0.030    -0.000     0.174    -0.001
   7 0 0 0 1 1 1 1   5   1   0   0   0   0   0    21.840    21.963    21.365     0.000     0.000     0.000     0.000   0   0   0   0   0   0   0     0.000     0.000     0.017     0.081    -0.002    -0.001     0.012
   7 0 0 0 1 1 1 1  14   5  14   0   0   0   0    47.371    22.306    47.374     0.000     0.000     0.000     0.000   0   0   0   0   0   0   0     0.000     0.000     0.017     0.005    -0.000    -0.075    -0.002
   7 0 0 0 1 1 1 1  14  10  14   0   0   0   0    47.371    15.291    47.374     0.000     0.000     0.000     0.000   0   0   0   0   0   0   0     0.000     0.000     0.017     0.030     0.003    -0.222    -0.004
   7 0 0 0 1 1 1 1  17  18  11   0   0   0   0    62.450    50.703    52.117     0.000     0.000     0.000     0.000   0   0   0   0   0   0   0     0.000     0.000     0.017     0.000    -0.014     0.165    -0.001
   7 0 0 0 1 1 1 1   5   1   0   0   0   0   0    21.840    21.963    21.365     0.000     0.000     0.000     0.000   0   0   0   0   0   0   0     0.000     0.000     0.017     0.077    -0.002    -0.001     0.011
   7 0 0 0 1 1 1 1   2   1  21   0   0   0   0    21.624    22.030    68.656     0.000     0.000     0.000     0.000   0   0   0   0   0   0   0     0.000     0.000     0.017    -0.004    -0.011     0.000     0.008
   7 0 0 0 1 1 1 1  23   3   2   0   0   0   0     5.766    23.118    21.910     0.000     0.000     0.000     0.000   0   0   0   0   0   0   0     0.000     0.000     0.017    -0.010     0.006     0.043     0.011
   7 0 0 0 1 1 1 1  17   5  11   0   0   0   0    62.450    21.843    52.117     0.000     0.000     0.000     0.000   0   0   0   0   0   0   0     0.000     0.000     0.017    -0.027    -0.000     0.157    -0.001
   7 0 0 0 1 1 1 1   8   1   5   0   0   0   0    17.254    22.026    21.840     0.000     0.000     0.000     0.000   0   0   0   0   0   0   0     0.000     0.000     0.017    -0.002    -0.008     0.031     0.001
   7 0 0 0 1 1 1 1  14  31  14   0   0   0   0    47.371     5.518    47.374     0.000     0.000     0.000     0.000   0   0   0   0   0   0   0     0.000     0.000     0.017    -0.000     0.005    -0.071    -0.001
   7 0 0 0 1 1 1 1   2   1  23   0   0   0   0    21.660    21.963     5.818     0.000     0.000     0.000     0.000   0   0   0   0   0   0   0     0.000     0.000     0.017    -0.112    -0.005     0.003     0.032
   7 0 0 0 1 1 1 1  31  10  32   0   0   0   0     5.527    15.326     4.337     0.000     0.000     0.000     0.000   0   0   0   0   0   0   0     0.000     0.000     0.017    -0.007    -0.001     0.055     0.005
   7 0 0 0 1 1 1 1  22   5   0   0   0   0   0     5.459    21.840    21.253     0.000     0.000     0.000     0.000   0   0   0   0   0   0   0     0.000     0.000     0.017     0.072     0.001    -0.002    -0.012
   7 0 0 0 1 1 1 1  23  14   2   0   0   0   0     5.534    48.896    21.658     0.000     0.000     0.000     0.000   0   0   0   0   0   0   0     0.000     0.000     0.017    -0.003    -0.009     0.009     0.000
   7 0 0 0 1 1 1 1  21   5   3   0   0   0   0    68.655    21.840    23.118     0.000     0.000     0.000     0.000   0   0   0   0   0   0   0     0.000     0.000     0.017    -0.205    -0.000     0.047     0.008
   7 0 0 0 1 1 1 1   8   0   5   0   0   0   0    17.254    21.253    21.840     0.000     0.000     0.000     0.000   0   0   0   0   0   0   0     0.000     0.000     0.017    -0.002    -0.072     0.066     0.002
   7 0 0 0 1 1 1 1   5   1   0   0   0   0   0    21.840    21.963    21.365     0.000     0.000     0.000     0.000   0   0   0   0   0   0   0     0.000     0.000     0.017     0.068    -0.002    -0.001     0.010
   7 0 0 0 1 1 1 1  14   6  14   0   0   0   0    47.371    19.663    47.374     0.000     0.000     0.000     0.000   0   0   0   0   0   0   0     0.000     0.000     0.017     0.010     0.001    -0.067    -0.001
   7 0 0 0 1 1 1 1  23  14  23   0   0   0   0     5.486    48.896     5.766     0.000     0.000     0.000     0.000   0   0   0   0   0   0   0     0.000     0.000     0.017    -0.009    -0.026     0.000     0.018
   7 0 0 0 1 1 1 1  20  13   8   0   0   0   0    62.551    48.852    17.254     0.000     0.000     0.000     0.000   0   0   0   0   0   0   0     0.000     0.000     0.017    -0.007    -0.002    -0.013     0.010
   7 0 0 0 1 1 1 1   5   2   0   0   0   0   0    21.840    21.658    21.365     0.000     0.000     0.000     0.000   0   0   0   0   0   0   0     0.000     0.000     0.017    -0.002     0.065    -0.001     0.009
   7 0 0 0 1 1 1 1  15  14  29   0   0   0   0    51.349    48.844     5.858     0.000     0.000     0.000     0.000   0   0   0   0   0   0   0     0.000     0.000     0.017    -0.001    -0.007    -0.000     0.005
   7 0 0 0 1 1 1 1  12   5   3   0   0   0   0    54.335    21.840    23.118     0.000     0.000     0.000     0.000   0   0   0   0   0   0   0     0.000     0.000     0.017    -0.195    -0.000     0.043     0.008
   7 0 0 0 1 1 1 1  17   5  11   0   0   0   0    62.450    21.843    52.117     0.000     0.000     0.000     0.000   0   0   0   0   0   0   0     0.000     0.000     0.017    -0.030    -0.000     0.142    -0.002
   7 0 0 0 1 1 1 1  22   5   1   0   0   0   0     5.459    21.840    22.026     0.000     0.000     0.000     0.000   0   0   0   0   0   0   0     0.000     0.000     0.017     0.061     0.001    -0.001    -0.007
   7 0 0 0 1 1 1 1  21   5   3   0   0   0   0    68.656    21.840    23.118     0.000     0.000     0.000     0.000   0   0   0   0   0   0   0     0.000     0.000     0.017    -0.064    -0.000     0.023    -0.001
   7 0 0 0 1 1 1 1  14  10  14   0   0   0   0    47.371    15.291    47.374     0.000     0.000     0.000     0.000   0   0   0   0   0   0   0     0.000     0.000     0.017     0.027     0.002    -0.185    -0.003
   7 0 0 0 1 1 1 1  17   5  11   0   0   0   0    62.450    21.843    52.117     0.000     0.000     0.000     0.000   0   0   0   0   0   0   0     0.000     0.000     0.017    -0.028    -0.000     0.135    -0.002
   7 0 0 0 1 1 1 1   5   1   7   0   0   0   0    21.840    21.963    20.045     0.000     0.000     0.000     0.000   0   0   0   0   0   0   0     0.000     0.000     0.017     0.058    -0.001    -0.004     0.001
   7 0 0 0 1 1 1 1  14   6  14   0   0   0   0    47.371    19.663    47.374     0.000     0.000     0.000     0.000   0   0   0   0   0   0   0     0.000     0.000     0.017     0.009     0.001    -0.061    -0.001
   7 0 0 0 1 1 1 1   3   2  23   0   0   0   0    21.734    21.578     5.766     0.000     0.000     0.000     0.000   0   0   0   0   0   0   0     0.000     0.000     0.017    -0.024    -0.010    -0.000     0.015
   7 0 0 0 1 1 1 1  17   5  11   0   0   0   0    62.450    21.843    52.117     0.000     0.000     0.000     0.000   0   0   0   0   0   0   0     0.000     0.000     0.017    -0.026    -0.000     0.128    -0.001
   7 0 0 0 1 1 1 1   5   1   0   0   0   0   0    21.840    21.963    21.365     0.000     0.000     0.000     0.000   0   0   0   0   0   0   0     0.000     0.000     0.017     0.055    -0.001    -0.001     0.008
   7 0 0 0 1 1 1 1   3   1  12   0   0   0   0    21.754    22.032    54.408     0.000     0.000     0.000     0.000   0   0   0   0   0   0   0     0.000     0.000     0.017    -0.003    -0.010     0.000     0.014
   7 0 0 0 1 1 1 1  21   5   3   0   0   0   0    68.655    21.840    23.118     0.000     0.000     0.000     0.000   0   0   0   0   0   0   0     0.000     0.000     0.017    -0.176    -0.000     0.039     0.007
   7 0 0 0 1 1 1 1  20   1   8   0   0   0   0    62.719    22.018    17.254     0.000     0.000     0.000     0.000   0   0   0   0   0   0   0     0.000     0.000     0.017    -0.001    -0.005    -0.012     0.011
   7 0 0 0 1 1 1 1   5   1   0   0   0   0   0    21.840    21.963    21.267     0.000     0.000     0.000     0.000   0   0   0   0   0   0   0     0.000     0.000     0.017     0.053    -0.001    -0.001     0.005
   7 0 0 0 1 1 1 1  15   2  10   0   0   0   0    51.541    21.581    15.291     0.000     0.000     0.000     0.000   0   0   0   0   0   0   0     0.000     0.000     0.017    -0.007    -0.001    -0.003     0.003
   7 0 0 0 1 1 1 1  23   3   0   0   0   0   0     5.544    21.689    20.807     0.000     0.000     0.000     0.000   0   0   0   0   0   0   0     0.000     0.000     0.017    -0.021    -0.006     0.032     0.002
   7 0 0 0 1 1 1 1  17   5  11   0   0   0   0    62.450    21.843    52.117     0.000     0.000     0.000     0.000   0   0   0   0   0   0   0     0.000     0.000     0.017    -0.025    -0.000     0.121    -0.001
   7 0 0 0 1 1 1 1   5   1   7   0   0   0   0    21.840    21.963    20.043     0.000     0.000     0.000     0.000   0   0   0   0   0   0   0     0.000     0.000     0.017     0.050    -0.001    -0.004     0.001
   7 0 0 0 1 1 1 1  21   5   3   0   0   0   0    68.656    21.840    23.118     0.000     0.000     0.000     0.000   0   0   0   0   0   0   0     0.000     0.000     0.017    -0.058    -0.000     0.021    -0.001
   7 0 0 0 1 1 1 1  21   5   3   0   0   0   0    68.655    21.840    23.118     0.000     0.000     0.000     0.000   0   0   0   0   0   0   0     0.000     0.000     0.017    -0.167    -0.000     0.036     0.006
   7 0 0 0 1 1 1 1  17   5  11   0   0   0   0    62.450    21.843    52.117     0.000     0.000     0.000     0.000   0   0   0   0   0   0   0     0.000     0.000     0.017    -0.023    -0.000     0.115    -0.001
   7 0 0 0 1 1 1 1   5   1   4   0   0   0   0    21.840    21.963    23.380     0.000     0.000     0.000     0.000   0   0   0   0   0   0   0     0.000     0.000     0.017     0.048    -0.001    -0.000     0.008
   7 0 0 0 1 1 1 1  14   2  14   0   0   0   0    47.371    21.665    47.374     0.000     0.000     0.000     0.000   0   0   0   0   0   0   0     0.000     0.000     0.017     0.013     0.001    -0.055    -0.001
   7 0 0 0 1 1 1 1  14   2  14   0   0   0   0    47.371    21.665    47.374     0.000     0.000     0.000     0.000   0   0   0   0   0   0   0     0.000     0.000     0.017     0.048     0.003    -0.159    -0.002
   7 0 0 0 1 1 1 1  15  10   8   0   0   0   0    57.885    15.312    17.254     0.000     0.000     0.000     0.000   0   0   0   0   0   0   0     0.000     0.000     0.017    -0.009    -0.001    -0.011     0.015
   7 0 0 0 1 1 1 1   5   1   7   0   0   0   0    21.840    21.963    20.045     0.000     0.000     0.000     0.000   0   0   0   0   0   0   0     0.000     0.000     0.017     0.045    -0.001    -0.003     0.001
   7 0 0 0 1 1 1 1  15   2  29   0   0   0   0    51.349    21.572     5.858     0.000     0.000     0.000     0.000   0   0   0   0   0   0   0     0.000     0.000     0.017    -0.008    -0.001    -0.000     0.004
   7 0 0 0 1 1 1 1   3   2  23   0   0   0   0    21.725    21.578     5.818     0.000     0.000     0.000     0.000   0   0   0   0   0   0   0     0.000     0.000     0.017    -0.020    -0.009     0.000     0.024
   7 0 0 0 1 1 1 1  17   5  11   0   0   0   0    62.450    21.843    52.117     0.000     0.000     0.000     0.000   0   0   0   0   0   0   0     0.000     0.000     0.017    -0.023    -0.000     0.109    -0.001
   7 0 0 0 1 1 1 1   5   1   0   0   0   0   0    21.840    21.963    21.453     0.000     0.000     0.000     0.000   0   0   0   0   0   0   0     0.000     0.000     0.017     0.043    -0.001    -0.000     0.008
   7 0 0 0 1 1 1 1   7   1  20   0   0   0   0    20.042    21.963    62.551     0.000     0.000     0.000     0.000   0   0   0   0   0   0   0     0.000     0.000     0.017    -0.028    -0.001    -0.001     0.002
   7 0 0 0 1 1 1 1  21   5   3   0   0   0   0    68.655    21.840    23.118     0.000     0.000     0.000     0.000   0   0   0   0   0   0   0     0.000     0.000     0.017    -0.151    -0.000     0.033     0.005
   7 0 0 0 1 1 1 1  31   5  23   0   0   0   0     5.530    21.839     5.766     0.000     0.000     0.000     0.000   0   0   0   0   0   0   0     0.000     0.000     0.017    -0.065     0.001     0.017    -0.020
   7 0 0 0 1 1 1 1   5   1  25   0   0   0   0    21.840    21.963     5.903     0.000     0.000     0.000     0.000   0   0   0   0   0   0   0     0.000     0.000     0.017     0.041    -0.001    -0.001     0.004
   7 0 0 0 1 1 1 1  21   5   3   0   0   0   0    68.656    21.840    23.118     0.000     0.000     0.000     0.000   0   0   0   0   0   0   0     0.000     0.000     0.017    -0.051    -0.000     0.019    -0.001
   7 0 0 0 1 1 1 1  23   3   0   0   0   0   0     5.544    21.689    20.807     0.000     0.000     0.000     0.000   0   0   0   0   0   0   0     0.000     0.000     0.017    -0.017    -0.005     0.028     0.002
   7 0 0 0 1 1 1 1  17   5  11   0   0   0   0    62.450    21.843    52.117     0.000     0.000     0.000     0.000   0   0   0   0   0   0   0     0.000     0.000     0.017    -0.021    -0.000     0.103    -0.001
   7 0 0 0 1 1 1 1   5   2   7   0   0   0   0    21.840    21.658    20.043     0.000     0.000     0.000     0.000   0   0   0   0   0   0   0     0.000     0.000     0.017    -0.001     0.039    -0.003     0.001
   7 0 0 0 1 1 1 1   4   1   5   0   0   0   0    22.037    22.032    21.819     0.000     0.000     0.000     0.000   0   0   0   0   0   0   0     0.000     0.000     0.017    -0.003    -0.007     0.010     0.000
   7 0 0 0 1 1 1 1  21   5   3   0   0   0   0    68.655    21.840    23.118     0.000     0.000     0.000     0.000   0   0   0   0   0   0   0     0.000     0.000     0.017    -0.143    -0.000     0.030     0.005
   7 0 0 0 1 1 1 1  17  18  11   0   0   0   0    62.450    50.703    52.117     0.000     0.000     0.000     0.000   0   0   0   0   0   0   0     0.000     0.000     0.017     0.000    -0.010     0.098    -0.001
   7 0 0 0 1 1 1 1   5   1   0   0   0   0   0    21.840    21.963    21.489     0.000     0.000     0.000     0.000   0   0   0   0   0   0   0     0.000     0.000     0.017     0.037    -0.001    -0.000     0.010
   7 0 0 0 1 1 1 1  14   2  14   0   0   0   0    47.371    21.665    47.374     0.000     0.000     0.000     0.000   0   0   0   0   0   0   0     0.000     0.000     0.017     0.013     0.001    -0.048    -0.001
   7 0 0 0 1 1 1 1  23  10   0   0   0   0   0     5.807    15.289    20.939     0.000     0.000     0.000     0.000   0   0   0   0   0   0   0     0.000     0.000     0.017     0.015    -0.003     0.026     0.009
   7 0 0 0 1 1 1 1   9   5  23   0   0   0   0    18.127    21.839     5.766     0.000     0.000     0.000     0.000   0   0   0   0   0   0   0     0.000     0.000     0.017    -0.060    -0.000     0.008    -0.008
   7 0 0 0 1 1 1 1   2   2   5   0   0   0   0    21.578    21.572    21.840     0.000     0.000     0.000     0.000   0   0   0   0   0   0   0     0.000     0.000     0.017    -0.006    -0.003     0.005     0.000
   7 0 0 0 1 1 1 1  21   5   3   0   0   0   0    68.656    21.840    23.118     0.000     0.000     0.000     0.000   0   0   0   0   0   0   0     0.000     0.000     0.017    -0.046    -0.000     0.017    -0.001
   7 0 0 0 1 1 1 1  23   2   5   0   0   0   0     5.486    21.572    21.840     0.000     0.000     0.000     0.000   0   0   0   0   0   0   0     0.000     0.000     0.017    -0.019    -0.006    -0.010     0.003
   7 0 0 0 1 1 1 1  17   5  11   0   0   0   0    62.450    21.843    52.117     0.000     0.000     0.000     0.000   0   0   0   0   0   0   0     0.000     0.000     0.017    -0.019    -0.000     0.093    -0.001
   7 0 0 0 1 1 1 1  22   5   0   0   0   0   0     5.459    21.840    21.253     0.000     0.000     0.000     0.000   0   0   0   0   0   0   0     0.000     0.000     0.017     0.035     0.001    -0.001    -0.011
   7 0 0 0 1 1 1 1  15   2  29   0   0   0   0    50.926    22.837     5.858     0.000     0.000     0.000     0.000   0   0   0   0   0   0   0     0.000     0.000     0.017    -0.003     0.004    -0.000     0.003
   7 0 0 0 1 1 1 1  21   5   3   0   0   0   0    68.655    21.840    23.118     0.000     0.000     0.000     0.000   0   0   0   0   0   0   0     0.000     0.000     0.017    -0.135    -0.000     0.029     0.004
   7 0 0 0 1 1 1 1  31  18  23   0   0   0   0     5.530    50.769     5.766     0.000     0.000     0.000     0.000   0   0   0   0   0   0   0     0.000     0.000     0.017     0.000    -0.056     0.015    -0.018
   7 0 0 0 1 1 1 1   8   0   5   0   0   0   0    17.254    21.253    21.840     0.000     0.000     0.000     0.000   0   0   0   0   0   0   0     0.000     0.000     0.017    -0.001    -0.010     0.014     0.001
   7 0 0 0 1 1 1 1   7   1  15   0   0   0   0    20.041    21.963    51.541     0.000     0.000     0.000     0.000   0   0   0   0   0   0   0     0.000     0.000     0.017    -0.022    -0.001    -0.000     0.002
   7 0 0 0 1 1 1 1  23  12   0   0   0   0   0     5.807    54.335    20.939     0.000     0.000     0.000     0.000   0   0   0   0   0   0   0     0.000     0.000     0.017    -0.003     0.010     0.024     0.008
   7 0 0 0 1 1 1 1  17   5  11   0   0   0   0    62.450    21.843    52.117     0.000     0.000     0.000     0.000   0   0   0   0   0   0   0     0.000     0.000     0.017    -0.018    -0.000     0.089    -0.001
   7 0 0 0 1 1 1 1   2   1   0   0   0   0   0    21.578    22.034    21.489     0.000     0.000     0.000     0.000   0   0   0   0   0   0   0     0.000     0.000     0.017    -0.003    -0.006     0.000     0.009
   7 0 0 0 1 1 1 1  14  21   2   0   0   0   0    48.819    68.656    21.567     0.000     0.000     0.000     0.000   0   0   0   0   0   0   0     0.000     0.000     0.017    -0.000     0.004    -0.007    -0.002
   7 0 0 0 1 1 1 1  14   2  14   0   0   0   0    47.371    21.665    47.374     0.000     0.000     0.000     0.000   0   0   0   0   0   0   0     0.000     0.000     0.017     0.044     0.002    -0.129    -0.001
   7 0 0 0 1 1 1 1  20   1   6   0   0   0   0    62.719    22.017    19.663     0.000     0.000     0.000     0.000   0   0   0   0   0   0   0     0.000     0.000     0.017    -0.001    -0.004    -0.007     0.007
   7 0 0 0 1 1 1 1   5   1   0   0   0   0   0    21.840    21.963    21.267     0.000     0.000     0.000     0.000   0   0   0   0   0   0   0     0.000     0.000     0.017     0.032    -0.001    -0.000     0.003
   7 0 0 0 1 1 1 1  25  21  11   0   0   0   0     5.900    68.656    50.493     0.000     0.000     0.000     0.000   0   0   0   0   0   0   0     0.000     0.000     0.017    -0.001     0.003    -0.001     0.004
   7 0 0 0 1 1 1 1   2   1   0   0   0   0   0    21.594    22.032    20.807     0.000     0.000     0.000     0.000   0   0   0   0   0   0   0     0.000     0.000     0.017    -0.007    -0.017     0.022     0.000
   7 0 0 0 1 1 1 1  17  18  11   0   0   0   0    62.450    50.703    52.117     0.000     0.000     0.000     0.000   0   0   0   0   0   0   0     0.000     0.000     0.017    -0.000    -0.008     0.085    -0.001
   7 0 0 0 1 1 1 1   2   2   0   0   0   0   0    21.589    21.565    21.489     0.000     0.000     0.000     0.000   0   0   0   0   0   0   0     0.000     0.000     0.017    -0.006    -0.002     0.000     0.008
   7 0 0 0 1 1 1 1   7   1  10   0   0   0   0    20.041    21.963    15.291     0.000     0.000     0.000     0.000   0   0   0   0   0   0   0     0.000     0.000     0.017    -0.020    -0.001     0.004     0.000
   7 0 0 0 1 1 1 1  10   6  10   0   0   0   0    15.289    19.644    15.291     0.000     0.000     0.000     0.000   0   0   0   0   0   0   0     0.000     0.000     0.017     0.005     0.015    -0.030    -0.000
   7 0 0 1 1 1 1 1  12   5  10   0   0   0   0    54.408    21.822    15.291     0.000     0.000     0.000     0.000   0   0   0   0   0   0   0     0.000     0.000    -0.020     0.026    -0.000    -0.030    -0.000
   7 0 0 0 1 1 1 1   5   2  25   0   0   0   0    21.840    21.658     5.908     0.000     0.000     0.000     0.000   0   0   0   0   0   0   0     0.000     0.000    -0.020    -0.001     0.031    -0.000     0.004
   7 0 0 0 1 1 1 1  14   2  14   0   0   0   0    47.371    21.665    47.374     0.000     0.000     0.000     0.000   0   0   0   0   0   0   0     0.000     0.000    -0.020     0.014     0.001    -0.041    -0.000
   7 0 0 0 1 1 1 1  21  15   0   0   0   0   0    68.655    58.140    21.253     0.000     0.000     0.000     0.000   0   0   0   0   0   0   0     0.000     0.000    -0.020     0.000    -0.121     0.005     0.033
   7 0 0 0 1 1 1 1  22   5   0   0   0   0   0     5.459    21.840    21.253     0.000     0.000     0.000     0.000   0   0   0   0   0   0   0     0.000     0.000    -0.020     0.080     0.001    -0.001    -0.052
   7 0 0 0 1 1 1 1   5   1  14   0   0   0   0    21.840    21.963    46.945     0.000     0.000     0.000     0.000   0   0   0   0   0   0   0     0.000     0.000    -0.020     0.029    -0.001     0.001    -0.001
   7 0 0 0 1 1 1 1  14   5   1   0   0   0   0    48.819    21.819    22.032     0.000     0.000     0.000     0.000   0   0   0   0   0   0   0     0.000     0.000    -0.020     0.008     0.000    -0.002    -0.006
   7 0 0 0 1 1 1 1  23  21   0   0   0   0   0     5.807    68.655    20.939     0.000     0.000     0.000     0.000   0   0   0   0   0   0   0     0.000     0.000    -0.020    -0.002     0.009     0.020     0.007
   7 0 0 0 1 1 1 1  17   5  11   0   0   0   0    62.450    21.843    52.117     0.000     0.000     0.000     0.000   0   0   0   0   0   0   0     0.000     0.000    -0.020    -0.016    -0.000     0.076    -0.001
   7 0 0 0 1 1 1 1   5   1   0   0   0   0   0    21.840    21.963    21.489     0.000     0.000     0.000     0.000   0   0   0   0   0   0   0     0.000     0.000    -0.020     0.028    -0.001    -0.000     0.007
   7 0 0 0 1 1 1 1  14   2  14   0   0   0   0    47.371    21.665    47.374     0.000     0.000     0.000     0.000   0   0   0   0   0   0   0     0.000     0.000    -0.020     0.013     0.000    -0.039    -0.000
   7 0 0 0 1 1 1 1  14   2  14   0   0   0   0    47.371    21.665    47.374     0.000     0.000     0.000     0.000   0   0   0   0   0   0   0     0.000     0.000    -0.020     0.044     0.001    -0.115    -0.001
   7 0 0 0 1 1 1 1   9   5  10   0   0   0   0    18.127    21.839    15.298     0.000     0.000     0.000     0.000   0   0   0   0   0   0   0     0.000     0.000    -0.020    -0.048    -0.000     0.014     0.001
   7 0 0 0 1 1 1 1   3   2   5   0   0   0   0    21.673    21.565    21.840     0.000     0.000     0.000     0.000   0   0   0   0   0   0   0     0.000     0.000    -0.020    -0.005    -0.002     0.003     0.000
   7 0 0 0 1 1 1 1   7   5   5   0   0   0   0    20.031    21.819    21.839     0.000     0.000     0.000     0.000   0   0   0   0   0   0   0     0.000     0.000    -0.020     0.007    -0.004     0.008    -0.000
   7 0 0 0 1 1 1 1   3   2  10   0   0   0   0    21.726    21.572    15.289     0.000     0.000     0.000     0.000   0   0   0   0   0   0   0     0.000     0.000    -0.020    -0.015    -0.006     0.011     0.000
   7 0 1 0 1 1 1 1   5   2   5   0   0   0   0    21.819    21.572    21.822     0.000     0.000     0.000     0.000   0   0   0   0   0   0   0     0.000    -0.018    -0.020    -0.015    -0.006     0.023    -0.000
   7 0 0 0 1 1 1 1   2   1   0   0   0   0   0    21.589    22.034    21.489     0.000     0.000     0.000     0.000   0   0   0   0   0   0   0     0.000    -0.018    -0.020    -0.002    -0.005     0.000     0.007
   7 0 0 0 1 1 1 1  25  23   0   0   0   0   0     5.900     5.818    21.453     0.000     0.000     0.000     0.000   0   0   0   0   0   0   0     0.000    -0.018    -0.020    -0.001     0.005     0.003    -0.001
   7 0 0 0 1 1 1 1  23  21   0   0   0   0   0     5.807    68.655    20.939     0.000     0.000     0.000     0.000   0   0   0   0   0   0   0     0.000    -0.018    -0.020    -0.002     0.008     0.019     0.006
   7 0 0 0 1 1 1 1  12  10   2   0   0   0   0    54.292    15.290    21.658     0.000     0.000     0.000     0.000   0   0   0   0   0   0   0     0.000    -0.018    -0.020    -0.010    -0.001    -0.007     0.011
   7 0 0 0 1 1 1 1  22   5   0   0   0   0   0     5.459    21.840    21.253     0.000     0.000     0.000     0.000   0   0   0   0   0   0   0     0.000    -0.018    -0.020     0.026     0.000    -0.000    -0.009
   7 0 1 0 1 1 1 1   5   5  18   0   0   0   0    21.819    21.840    50.764     0.000     0.000     0.000     0.000   0   0   0   0   0   0   0     0.000     0.007    -0.020     0.026     0.000     0.000    -0.005
   7 0 0 0 1 1 1 1   7   1  10   0   0   0   0    20.042    21.963    15.291     0.000     0.000     0.000     0.000   0   0   0   0   0   0   0     0.000     0.007    -0.020    -0.045    -0.002     0.013     0.000
   7 0 0 0 1 1 1 1  17  10  11   0   0   0   0    62.450    15.291    52.117     0.000     0.000     0.000     0.000   0   0   0   0   0   0   0     0.000     0.007    -0.020    -0.008    -0.000     0.072    -0.001
   7 0 0 0 1 1 1 1  13  18  11   0   0   0   0    58.015    50.748    52.117     0.000     0.000     0.000     0.000   0   0   0   0   0   0   0     0.000     0.007    -0.020     0.000    -0.008     0.025    -0.000
   7 0 0 0 1 1 1 1  15   5   3   0   0   0   0    58.148    21.840    23.118     0.000     0.000     0.000     0.000   0   0   0   0   0   0   0     0.000     0.007    -0.020    -0.037     0.000     0.014    -0.002
   7 0 0 0 1 1 1 1  14   2  14   0   0   0   0    47.371    21.665    47.374     0.000     0.000     0.000     0.000   0   0   0   0   0   0   0     0.000     0.007    -0.020     0.042     0.001    -0.106    -0.001
   7 0 0 0 1 1 1 1   9   5  10   0   0   0   0    18.127    21.839    15.298     0.000     0.000     0.000     0.000   0   0   0   0   0   0   0     0.000     0.007    -0.020    -0.044    -0.000     0.012     0.001
   7 0 0 0 1 1 1 1  15   3   3   0   0   0   0    50.933    21.673    23.249     0.000     0.000     0.000     0.000   0   0   0   0   0   0   0     0.000     0.007    -0.020    -0.003    -0.001     0.000     0.003
   7 0 0 0 1 1 1 1   2   5   5   0   0   0   0    21.645    21.819    21.839     0.000     0.000     0.000     0.000   0   0   0   0   0   0   0     0.000     0.007    -0.020     0.006    -0.002     0.008     0.000
   7 0 0 0 1 1 1 1   2   2   0   0   0   0   0    21.581    21.567    20.807     0.000     0.000     0.000     0.000   0   0   0   0   0   0   0     0.000     0.007    -0.020    -0.014    -0.007     0.017     0.000
   7 0 1 0 1 1 1 1   5   2   5   0   0   0   0    21.819    21.567    21.822     0.000     0.000     0.000     0.000   0   0   0   0   0   0   0     0.000    -0.017    -0.020    -0.014    -0.007     0.021    -0.000
   7 0 0 0 1 1 1 1  13  18  11   0   0   0   0    58.015    50.748    52.117     0.000     0.000     0.000     0.000   0   0   0   0   0   0   0     0.000    -0.017    -0.020     0.000    -0.008     0.024    -0.000
   7 0 0 0 1 1 1 1   7   5   5   0   0   0   0    20.034    21.819    21.839     0.000     0.000     0.000     0.000   0   0   0   0   0   0   0     0.000    -0.017    -0.020     0.005    -0.003     0.015     0.000
   7 0 0 0 1 1 1 1  23  14   5   0   0   0   0     5.544    48.923    21.840     0.000     0.000     0.000     0.000   0   0   0   0   0   0   0     0.000    -0.017    -0.020    -0.003    -0.011    -0.008     0.002
   7 0 0 0 1 1 1 1   7   0   5   0   0   0   0    20.040    21.253    21.840     0.000     0.000     0.000     0.000   0   0   0   0   0   0   0     0.000    -0.017    -0.020    -0.001    -0.041     0.068     0.000
   7 0 0 1 1 1 1 1   0  13   5   0   0   0   0    21.489    58.015    21.840     0.000     0.000     0.000     0.000   0   0   0   0   0   0   0     0.000    -0.017     0.006    -0.000     0.002     0.068     0.000
   7 0 0 0 1 1 1 1  18   5   1   0   0   0   0    50.764    21.843    21.963     0.000     0.000     0.000     0.000   0   0   0   0   0   0   0     0.000    -0.017     0.006     0.010    -0.000    -0.035     0.002
   7 0 0 0 1 1 1 1  15   5  26   0   0   0   0    58.148    21.840     5.894     0.000     0.000     0.000     0.000   0   0   0   0   0   0   0     0.000    -0.017     0.006    -0.101     0.000     0.001     0.028
   7 0 0 0 1 1 1 1  17   5  11   0   0   0   0    62.450    21.843    52.117     0.000     0.000     0.000     0.000   0   0   0   0   0   0   0     0.000    -0.017     0.006    -0.015    -0.000     0.065    -0.001
   7 0 0 1 1 1 1 1   0  13  11   0   0   0   0    21.489    58.015    52.117     0.000     0.000     0.000     0.000   0   0   0   0   0   0   0     0.000    -0.017     0.006    -0.000     0.002     0.065    -0.001
   7 0 0 0 1 1 1 1  18   5   1   0   0   0   0    50.764    21.843    21.963     0.000     0.000     0.000     0.000   0   0   0   0   0   0   0     0.000    -0.017     0.006     0.009    -0.000    -0.033     0.001
   7 0 0 0 1 1 1 1  23  15   0   0   0   0   0     5.807    58.148    20.939     0.000     0.000     0.000     0.000   0   0   0   0   0   0   0     0.000    -0.017     0.006    -0.002     0.008     0.016     0.005
   7 0 0 0 1 1 1 1  15   0   2   0   0   0   0    51.168    21.130    21.658     0.000     0.000     0.000     0.000   0   0   0   0   0   0   0     0.000    -0.017     0.006    -0.001    -0.004    -0.006     0.004
   7 0 0 0 1 1 1 1  22   5   0   0   0   0   0     5.459    21.840    21.253     0.000     0.000     0.000     0.000   0   0   0   0   0   0   0     0.000    -0.017     0.006     0.022     0.000    -0.000    -0.009
   7 0 0 0 1 1 1 1   2  13  31   0   0   0   0    21.725    58.025     5.520     0.000     0.000     0.000     0.000   0   0   0   0   0   0   0     0.000    -0.017     0.006    -0.001     0.002    -0.000     0.004
   7 0 0 0 1 1 1 1  18   5   1   0   0   0   0    50.764    21.843    21.963     0.000     0.000     0.000     0.000   0   0   0   0   0   0   0     0.000    -0.017     0.006     0.033    -0.000    -0.096     0.004
   7 0 0 0 1 1 1 1  17  10  11   0   0   0   0    62.450    15.291    52.117     0.000     0.000     0.000     0.000   0   0   0   0   0   0   0     0.000    -0.017     0.006    -0.007    -0.000     0.062    -0.000
   7 0 0 0 1 1 1 1   7   1   0   0   0   0   0    20.026    22.032    21.489     0.000     0.000     0.000     0.000   0   0   0   0   0   0   0     0.000    -0.017     0.006    -0.001    -0.003     0.000     0.005
   7 0 0 0 1 1 1 1  18   5   1   0   0   0   0    50.764    21.843    21.963     0.000     0.000     0.000     0.000   0   0   0   0   0   0   0     0.000    -0.017     0.006     0.009     0.000    -0.032     0.001
   7 0 0 0 1 1 1 1  18   5   1   0   0   0   0    50.764    21.843    21.963     0.000     0.000     0.000     0.000   0   0   0   0   0   0   0     0.000    -0.017     0.006     0.031    -0.000    -0.091     0.004
   7 0 0 0 1 1 1 1  17   5  11   0   0   0   0    62.450    21.843    52.117     0.000     0.000     0.000     0.000   0   0   0   0   0   0   0     0.000    -0.017     0.006    -0.014    -0.000     0.058    -0.000
   7 0 0 0 1 1 1 1  15   3  30   0   0   0   0    50.933    21.673     5.329     0.000     0.000     0.000     0.000   0   0   0   0   0   0   0     0.000    -0.017     0.006    -0.003    -0.000     0.000     0.003
   7 0 0 0 1 1 1 1  18   5   1   0   0   0   0    50.764    21.843    21.963     0.000     0.000     0.000     0.000   0   0   0   0   0   0   0     0.000    -0.017     0.006     0.008     0.000    -0.030     0.001
   7 0 0 0 1 1 1 1  23  10   0   0   0   0   0     5.796    15.289    20.807     0.000     0.000     0.000     0.000   0   0   0   0   0   0   0     0.000    -0.017     0.006     0.008    -0.001     0.014     0.004
   7 0 0 0 1 1 1 1  31   5  23   0   0   0   0     5.530    21.839     5.766     0.000     0.000     0.000     0.000   0   0   0   0   0   0   0     0.000    -0.017     0.006    -0.038     0.000     0.010    -0.013
   7 0 0 0 1 1 1 1   5   1  18   0   0   0   0    21.840    21.963    50.748     0.000     0.000     0.000     0.000   0   0   0   0   0   0   0     0.000    -0.017     0.006     0.021    -0.001     0.000    -0.004
   7 0 0 1 1 1 1 1  23  23  18   0   0   0   0     5.818     5.762    50.748     0.000     0.000     0.000     0.000   0   0   0   0   0   0   0     0.000    -0.017     0.004     0.000    -0.003     0.000    -0.004
   7 0 0 0 1 1 1 1   2   1   5   0   0   0   0    21.594    22.034    21.840     0.000     0.000     0.000     0.000   0   0   0   0   0   0   0     0.000    -0.017     0.004    -0.005    -0.013    -0.007     0.001
   7 0 0 0 1 1 1 1  20   0  22   0   0   0   0    62.389    21.130     5.459     0.000     0.000     0.000     0.000   0   0   0   0   0   0   0     0.000    -0.017     0.004    -0.001    -0.004     0.004    -0.002
   7 0 0 0 1 1 1 1   0  13   0   0   0   0   0    21.458    58.015    21.521     0.000     0.000     0.000     0.000   0   0   0   0   0   0   0     0.000    -0.017     0.004    -0.000     0.002     0.002     0.005
   7 0 0 0 1 1 1 1   2   2  17   0   0   0   0    21.572    21.565    62.450     0.000     0.000     0.000     0.000   0   0   0   0   0   0   0     0.000    -0.017     0.004    -0.005    -0.002     0.000    -0.002
   7 0 0 0 1 1 1 1  23   5   0   0   0   0   0     5.815    21.839    20.939     0.000     0.000     0.000     0.000   0   0   0   0   0   0   0     0.000    -0.017     0.004     0.008    -0.001     0.013     0.004
   7 0 0 0 1 1 1 1  17  10  11   0   0   0   0    62.450    15.291    52.117     0.000     0.000     0.000     0.000   0   0   0   0   0   0   0     0.000    -0.017     0.004    -0.007    -0.000     0.055    -0.000
   7 0 0 0 1 1 1 1  22   5   0   0   0   0   0     5.459    21.840    21.253     0.000     0.000     0.000     0.000   0   0   0   0   0   0   0     0.000    -0.017     0.004     0.020     0.000    -0.000    -0.009
   7 0 0 0 1 1 1 1   7   5   5   0   0   0   0    20.034    21.819    21.839     0.000     0.000     0.000     0.000   0   0   0   0   0   0   0     0.000    -0.017     0.004     0.005    -0.002     0.014     0.000
   7 0 0 0 1 1 1 1  18   5   1   0   0   0   0    50.764    21.843    21.963     0.000     0.000     0.000     0.000   0   0   0   0   0   0   0     0.000    -0.017     0.004     0.028    -0.000    -0.086     0.004
   7 0 1 0 1 1 1 1   5   5  12   0   0   0   0    21.819    21.843    54.402     0.000     0.000     0.000     0.000   0   0   0   0   0   0   0     0.000    -0.014     0.004     0.028    -0.000    -0.000     0.019
   7 0 0 1 1 1 1 1   0  13  12   0   0   0   0    21.489    58.015    54.402     0.000     0.000     0.000     0.000   0   0   0   0   0   0   0     0.000    -0.014     0.004    -0.000     0.002    -0.000     0.019
   7 0 0 1 1 1 1 1  23  23  12   0   0   0   0     5.818     5.762    54.402     0.000     0.000     0.000     0.000   0   0   0   0   0   0   0     0.000    -0.014     0.004     0.000    -0.002    -0.000     0.019
   7 0 0 0 1 1 1 1   7  13  11   0   0   0   0    20.090    58.025    51.484     0.000     0.000     0.000     0.000   0   0   0   0   0   0   0     0.000    -0.014     0.004    -0.004     0.005     0.000     0.007
