  340
   1 1   0     0.000   0     4.841
   1 1   0     0.000   0     5.464
   1 1   0     0.000   0     5.779
   1 1   0     0.000   0     6.056
   7 0 0 0 1 1 1 1  25  17  16   0   0   0   0     5.566    56.332    59.362     0.000     0.000     0.000     0.000   0   0   0   0   0   0   0     0.000     0.000     0.000    -0.267    -0.105     0.026     0.162
   7 0 0 0 1 1 1 1  25  12  25   0   0   0   0     5.528    46.874     5.714     0.000     0.000     0.000     0.000   0   0   0   0   0   0   0     0.000     0.000     0.000    -0.318    -0.149    -0.016     0.119
   7 0 0 0 1 1 1 1  25  25  26   0   0   0   0     5.412     5.156     5.856     0.000     0.000     0.000     0.000   0   0   0   0   0   0   0     0.000     0.000     0.000    -0.332    -0.169    -0.011     0.101
   7 0 0 0 1 1 1 1  29  29  29   0   0   0   0     5.537     5.296     5.739     0.000     0.000     0.000     0.000   0   0   0   0   0   0   0     0.000     0.000     0.000    -0.590    -0.292    -0.018     0.172
   7 0 0 0 1 1 1 1  25  12  16   0   0   0   0     5.528    47.091    58.900     0.000     0.000     0.000     0.000   0   0   0   0   0   0   0     0.000     0.000     0.000    -0.239    -0.100     0.018     0.142
   7 0 0 0 1 1 1 1  25  12  25   0   0   0   0     5.575    47.240     5.739     0.000     0.000     0.000     0.000   0   0   0   0   0   0   0     0.000     0.000     0.000    -0.274    -0.111    -0.001     0.111
   7 0 0 0 1 1 1 1  25  25  26   0   0   0   0     5.449     5.188     5.863     0.000     0.000     0.000     0.000   0   0   0   0   0   0   0     0.000     0.000     0.000    -0.289    -0.132    -0.002     0.093
   7 0 0 0 1 1 1 1  29  29  24   0   0   0   0     5.582     5.338     5.463     0.000     0.000     0.000     0.000   0   0   0   0   0   0   0     0.000     0.000     0.000    -0.507    -0.219     0.017     0.172
   7 0 0 0 1 1 1 1  31  12  16   0   0   0   0     5.358    47.592    59.868     0.000     0.000     0.000     0.000   0   0   0   0   0   0   0     0.000     0.000     0.000    -0.201    -0.064     0.028     0.141
   7 0 0 0 1 1 1 1  25  12  25   0   0   0   0     5.525    46.632     5.688     0.000     0.000     0.000     0.000   0   0   0   0   0   0   0     0.000     0.000     0.000    -0.271    -0.129    -0.022     0.094
   7 0 0 0 1 1 1 1  25  25  26   0   0   0   0     5.389     5.106     5.851     0.000     0.000     0.000     0.000   0   0   0   0   0   0   0     0.000     0.000     0.000    -0.287    -0.155    -0.014     0.081
   7 0 0 0 1 1 1 1  29  29  29   0   0   0   0     5.524     5.258     5.733     0.000     0.000     0.000     0.000   0   0   0   0   0   0   0     0.000     0.000     0.000    -0.504    -0.257    -0.026     0.140
   7 0 0 0 1 1 1 1  25  22  16   0   0   0   0     5.598     5.477    58.575     0.000     0.000     0.000     0.000   0   0   0   0   0   0   0     0.000     0.000     0.000    -0.063    -0.189     0.019     0.115
   7 0 0 0 1 1 1 1  25  12  25   0   0   0   0     5.597    47.512     5.759     0.000     0.000     0.000     0.000   0   0   0   0   0   0   0     0.000     0.000     0.000    -0.215    -0.075     0.006     0.093
   7 0 0 0 1 1 1 1  29  25  26   0   0   0   0     5.537     5.247     5.870     0.000     0.000     0.000     0.000   0   0   0   0   0   0   0     0.000     0.000     0.000    -0.225    -0.091     0.003     0.078
   7 0 0 0 1 1 1 1  29  29  24   0   0   0   0     5.632     5.368     5.496     0.000     0.000     0.000     0.000   0   0   0   0   0   0   0     0.000     0.000     0.000    -0.401    -0.152     0.026     0.155
   7 0 0 0 1 1 1 1  31  12  27   0   0   0   0     5.357    47.427     5.180     0.000     0.000     0.000     0.000   0   0   0   0   0   0   0     0.000     0.000     0.000    -0.170    -0.057     0.125     0.024
   7 0 0 0 1 1 1 1   3  12  25   0   0   0   0    22.584    47.838     5.915     0.000     0.000     0.000     0.000   0   0   0   0   0   0   0     0.000     0.000     0.000    -0.185    -0.046     0.054     0.123
   7 0 0 0 1 1 1 1  29  25  26   0   0   0   0     5.562     5.233     5.871     0.000     0.000     0.000     0.000   0   0   0   0   0   0   0     0.000     0.000     0.000    -0.205    -0.081     0.006     0.071
   7 0 0 0 1 1 1 1  24  29  28   0   0   0   0     5.318     5.273     5.613     0.000     0.000     0.000     0.000   0   0   0   0   0   0   0     0.000     0.000     0.000    -0.405    -0.184     0.025     0.154
   7 0 0 0 1 1 1 1  12  22  16   0   0   0   0    48.570     5.488    60.100     0.000     0.000     0.000     0.000   0   0   0   0   0   0   0     0.000     0.000     0.000    -0.056    -0.161     0.021     0.111
   7 0 0 0 1 1 1 1  25   3   4   0   0   0   0     5.604    22.019    22.605     0.000     0.000     0.000     0.000   0   0   0   0   0   0   0     0.000     0.000     0.000    -0.201    -0.077    -0.012     0.070
   7 0 0 0 1 1 1 1  25  25  25   0   0   0   0     5.350     5.047     5.666     0.000     0.000     0.000     0.000   0   0   0   0   0   0   0     0.000     0.000     0.000    -0.239    -0.129    -0.020     0.057
   7 0 0 0 1 1 1 1  29  29  29   0   0   0   0     5.499     5.207     5.752     0.000     0.000     0.000     0.000   0   0   0   0   0   0   0     0.000     0.000     0.000    -0.409    -0.216    -0.018     0.109
   7 0 0 0 1 1 1 1  25  17  16   0   0   0   0     5.606    56.007    60.791     0.000     0.000     0.000     0.000   0   0   0   0   0   0   0     0.000     0.000     0.000    -0.174    -0.063     0.024     0.111
   7 0 0 0 1 1 1 1  25  12  25   0   0   0   0     5.465    46.143     5.680     0.000     0.000     0.000     0.000   0   0   0   0   0   0   0     0.000     0.000     0.000    -0.209    -0.103    -0.020     0.062
   7 0 0 0 1 1 1 1  29  25  19   0   0   0   0     5.579     5.136    66.196     0.000     0.000     0.000     0.000   0   0   0   0   0   0   0     0.000     0.000     0.000    -0.186    -0.076     0.024     0.087
   7 0 0 0 1 1 1 1  29  29  28   0   0   0   0     5.651     5.387     5.643     0.000     0.000     0.000     0.000   0   0   0   0   0   0   0     0.000     0.000     0.000    -0.290    -0.104     0.039     0.148
   7 0 0 0 1 1 1 1  31  12  16   0   0   0   0     5.367    47.779    57.758     0.000     0.000     0.000     0.000   0   0   0   0   0   0   0     0.000     0.000     0.000    -0.121    -0.033     0.011     0.078
   7 0 0 0 1 1 1 1  25  12   4   0   0   0   0     5.451    46.007    22.600     0.000     0.000     0.000     0.000   0   0   0   0   0   0   0     0.000     0.000     0.000    -0.194    -0.097    -0.022     0.055
   7 0 0 0 1 1 1 1  25  25  25   0   0   0   0     5.340     5.025     5.680     0.000     0.000     0.000     0.000   0   0   0   0   0   0   0     0.000     0.000     0.000    -0.206    -0.110    -0.017     0.048
   7 0 0 0 1 1 1 1  24  29  28   0   0   0   0     5.329     5.233     5.598     0.000     0.000     0.000     0.000   0   0   0   0   0   0   0     0.000     0.000     0.000    -0.322    -0.139     0.012     0.113
   7 0 0 0 1 1 1 1  12  18  17   0   0   0   0    48.425    50.321    58.889     0.000     0.000     0.000     0.000   0   0   0   0   0   0   0     0.000     0.000     0.000    -0.058    -0.154     0.005     0.065
   7 0 0 0 1 1 1 1  25  12  25   0   0   0   0     5.617    47.609     5.847     0.000     0.000     0.000     0.000   0   0   0   0   0   0   0     0.000     0.000     0.000    -0.130    -0.039     0.017     0.071
   7 0 0 0 1 1 1 1  29  25  19   0   0   0   0     5.602     5.262    66.127     0.000     0.000     0.000     0.000   0   0   0   0   0   0   0     0.000     0.000     0.000    -0.134    -0.047     0.020     0.074
   7 0 0 0 1 1 1 1  29  29  30   0   0   0   0     5.666     5.401     5.629     0.000     0.000     0.000     0.000   0   0   0   0   0   0   0     0.000     0.000     0.000    -0.235    -0.078     0.038     0.138
   7 0 0 0 1 1 1 1  31  22  16   0   0   0   0     5.367     5.469    61.387     0.000     0.000     0.000     0.000   0   0   0   0   0   0   0     0.000     0.000     0.000    -0.032    -0.104     0.019     0.094
   7 0 0 0 1 1 1 1   3  12  25   0   0   0   0    22.560    48.046     5.926     0.000     0.000     0.000     0.000   0   0   0   0   0   0   0     0.000     0.000     0.000    -0.110    -0.025     0.030     0.089
   7 0 0 0 1 1 1 1  25   1  26   0   0   0   0     5.507    21.968     5.873     0.000     0.000     0.000     0.000   0   0   0   0   0   0   0     0.000     0.000     0.000    -0.059    -0.147     0.001     0.046
   7 0 0 0 1 1 1 1  24  29  28   0   0   0   0     5.342     5.191     5.579     0.000     0.000     0.000     0.000   0   0   0   0   0   0   0     0.000     0.000     0.000    -0.295    -0.115     0.003     0.088
   7 0 0 0 1 1 1 1  12  18  16   0   0   0   0    48.625    50.359    58.433     0.000     0.000     0.000     0.000   0   0   0   0   0   0   0     0.000     0.000     0.000    -0.046    -0.130     0.008     0.060
   7 0 0 0 1 1 1 1   4  12  25   0   0   0   0    22.508    48.273     5.932     0.000     0.000     0.000     0.000   0   0   0   0   0   0   0     0.000     0.000     0.000    -0.097    -0.019     0.029     0.082
   7 0 0 0 1 1 1 1  24  27  25   0   0   0   0     5.328     5.235     5.653     0.000     0.000     0.000     0.000   0   0   0   0   0   0   0     0.000     0.000     0.000    -0.130    -0.051    -0.011     0.039
   7 0 0 0 1 1 1 1  29  29  30   0   0   0   0     5.476     5.159     5.619     0.000     0.000     0.000     0.000   0   0   0   0   0   0   0     0.000     0.000     0.000    -0.288    -0.144     0.016     0.114
   7 0 0 0 1 1 1 1  25   1  16   0   0   0   0     5.617    21.962    61.728     0.000     0.000     0.000     0.000   0   0   0   0   0   0   0     0.000     0.000     0.000    -0.037    -0.109     0.017     0.084
   7 0 0 0 1 1 1 1  25  12  25   0   0   0   0     5.629    46.384     5.866     0.000     0.000     0.000     0.000   0   0   0   0   0   0   0     0.000     0.000     0.000    -0.127    -0.034     0.019     0.057
   7 0 0 0 1 1 1 1  25  25  26   0   0   0   0     5.337     4.998     5.850     0.000     0.000     0.000     0.000   0   0   0   0   0   0   0     0.000     0.000     0.000    -0.153    -0.075    -0.010     0.034
   7 0 0 0 1 1 1 1  29  29  23   0   0   0   0     5.669     5.319     5.546     0.000     0.000     0.000     0.000   0   0   0   0   0   0   0     0.000     0.000     0.000    -0.196    -0.073    -0.020     0.067
   7 0 0 0 1 1 1 1  12   4  16   0   0   0   0    48.249    22.081    58.345     0.000     0.000     0.000     0.000   0   0   0   0   0   0   0     0.000     0.000     0.000    -0.119    -0.045     0.004     0.049
   7 0 0 0 1 1 1 1  25  12  25   0   0   0   0     5.412    45.752     5.778     0.000     0.000     0.000     0.000   0   0   0   0   0   0   0     0.000     0.000     0.000    -0.140    -0.063    -0.006     0.041
   7 0 0 0 1 1 1 1  24   4  26   0   0   0   0     5.332    22.288     5.996     0.000     0.000     0.000     0.000   0   0   0   0   0   0   0     0.000     0.000     0.000    -0.091    -0.031     0.016     0.103
   7 0 0 0 1 1 1 1  29  23  23   0   0   0   0     5.610     5.488     5.541     0.000     0.000     0.000     0.000   0   0   0   0   0   0   0     0.000     0.000     0.000    -0.186    -0.076    -0.024     0.058
   7 0 0 0 1 1 1 1  29  16  27   0   0   0   0     5.688    57.749     5.384     0.000     0.000     0.000     0.000   0   0   0   0   0   0   0     0.000     0.000     0.000    -0.058     0.011     0.041    -0.002
   7 0 0 0 1 1 1 1   4   1  25   0   0   0   0    22.483    21.920     5.951     0.000     0.000     0.000     0.000   0   0   0   0   0   0   0     0.000     0.000     0.000    -0.021    -0.083     0.022     0.069
   7 0 0 0 1 1 1 1  25  23  19   0   0   0   0     5.566     5.441    66.180     0.000     0.000     0.000     0.000   0   0   0   0   0   0   0     0.000     0.000     0.000    -0.115    -0.039     0.010     0.055
   7 0 0 0 1 1 1 1  29  25  30   0   0   0   0     5.454     5.002     5.640     0.000     0.000     0.000     0.000   0   0   0   0   0   0   0     0.000     0.000     0.000    -0.232    -0.112     0.011     0.095
   7 0 0 0 1 1 1 1  31  23  16   0   0   0   0     5.367     5.449    62.440     0.000     0.000     0.000     0.000   0   0   0   0   0   0   0     0.000     0.000     0.000    -0.091    -0.031     0.013     0.075
   7 0 0 0 1 1 1 1  25  12  25   0   0   0   0     5.608    45.892     5.826     0.000     0.000     0.000     0.000   0   0   0   0   0   0   0     0.000     0.000     0.000    -0.112    -0.036     0.006     0.038
   7 0 0 0 1 1 1 1  25  25  26   0   0   0   0     5.310     4.979     5.979     0.000     0.000     0.000     0.000   0   0   0   0   0   0   0     0.000     0.000     0.000    -0.124    -0.060     0.008     0.088
   7 0 0 0 1 1 1 1  29  23  28   0   0   0   0     5.677     5.534     5.642     0.000     0.000     0.000     0.000   0   0   0   0   0   0   0     0.000     0.000     0.000    -0.132    -0.042     0.016     0.076
   7 0 0 0 1 1 1 1  12   4  27   0   0   0   0    48.102    22.060     5.389     0.000     0.000     0.000     0.000   0   0   0   0   0   0   0     0.000     0.000     0.000    -0.097    -0.036     0.029    -0.007
   7 0 0 0 1 1 1 1   4  12  25   0   0   0   0    22.485    46.301     5.954     0.000     0.000     0.000     0.000   0   0   0   0   0   0   0     0.000     0.000     0.000    -0.090    -0.025     0.018     0.059
   7 0 0 0 1 1 1 1  24   4  25   0   0   0   0     5.342    22.076     5.668     0.000     0.000     0.000     0.000   0   0   0   0   0   0   0     0.000     0.000     0.000    -0.098    -0.035    -0.010     0.027
   7 0 0 0 1 1 1 1  24  25  30   0   0   0   0     5.370     5.310     5.655     0.000     0.000     0.000     0.000   0   0   0   0   0   0   0     0.000     0.000     0.000    -0.120    -0.034     0.025     0.083
   7 0 0 0 1 1 1 1  29  13  16   0   0   0   0     5.693    49.561    55.375     0.000     0.000     0.000     0.000   0   0   0   0   0   0   0     0.000     0.000     0.000    -0.059    -0.018    -0.004     0.032
   7 0 0 0 1 1 1 1  25  12  25   0   0   0   0     5.556    45.672     5.823     0.000     0.000     0.000     0.000   0   0   0   0   0   0   0     0.000     0.000     0.000    -0.102    -0.036     0.003     0.031
   7 0 0 0 1 1 1 1  24  17  26   0   0   0   0     5.344    56.897     6.017     0.000     0.000     0.000     0.000   0   0   0   0   0   0   0     0.000     0.000     0.000    -0.059    -0.015     0.012     0.086
   7 0 0 0 1 1 1 1  29  29  23   0   0   0   0     5.696     5.172     5.873     0.000     0.000     0.000     0.000   0   0   0   0   0   0   0     0.000     0.000     0.000    -0.168    -0.053     0.026     0.113
   7 0 0 0 1 1 1 1  25  13  16   0   0   0   0     5.617    49.563    62.917     0.000     0.000     0.000     0.000   0   0   0   0   0   0   0     0.000     0.000     0.000    -0.054    -0.013     0.010     0.066
   7 0 0 0 1 1 1 1  25  12   4   0   0   0   0     5.403    45.509    22.733     0.000     0.000     0.000     0.000   0   0   0   0   0   0   0     0.000     0.000     0.000    -0.098    -0.042    -0.006     0.025
   7 0 0 0 1 1 1 1  25  23  23   0   0   0   0     5.636     5.481     5.595     0.000     0.000     0.000     0.000   0   0   0   0   0   0   0     0.000     0.000     0.000    -0.067    -0.016    -0.009     0.031
   7 0 0 0 1 1 1 1  24   4  23   0   0   0   0     5.371    22.209     5.893     0.000     0.000     0.000     0.000   0   0   0   0   0   0   0     0.000     0.000     0.000    -0.117    -0.036     0.027     0.107
   7 0 0 0 1 1 1 1  17  23  11   0   0   0   0    57.575     5.520    53.020     0.000     0.000     0.000     0.000   0   0   0   0   0   0   0     0.000     0.000     0.000    -0.052    -0.008     0.027    -0.050
   7 0 0 0 1 1 1 1  25  17  25   0   0   0   0     5.617    56.143     5.919     0.000     0.000     0.000     0.000   0   0   0   0   0   0   0     0.000     0.000     0.000    -0.062    -0.020     0.010     0.041
   7 0 0 0 1 1 1 1  31   5  22   0   0   0   0     5.348    21.983     5.419     0.000     0.000     0.000     0.000   0   0   0   0   0   0   0     0.000     0.000     0.000     0.016    -0.040     0.007     0.048
   7 0 0 0 1 1 1 1  29  25  23   0   0   0   0     5.701     5.011     5.623     0.000     0.000     0.000     0.000   0   0   0   0   0   0   0     0.000     0.000     0.000    -0.152    -0.044    -0.009     0.040
   7 0 0 0 1 1 1 1  29  16  16   0   0   0   0     5.699    57.872    55.031     0.000     0.000     0.000     0.000   0   0   0   0   0   0   0     0.000     0.000     0.000    -0.033     0.014    -0.010     0.022
   7 0 0 0 1 1 1 1   4  22  25   0   0   0   0    22.461     5.401     5.969     0.000     0.000     0.000     0.000   0   0   0   0   0   0   0     0.000     0.000     0.000    -0.005    -0.042     0.012     0.049
   7 0 0 0 1 1 1 1   4  19  23   0   0   0   0    22.404    63.557     5.573     0.000     0.000     0.000     0.000   0   0   0   0   0   0   0     0.000     0.000     0.000    -0.009    -0.047    -0.010     0.026
   7 0 0 0 1 1 1 1  24  11  28   0   0   0   0     5.376    45.623     5.681     0.000     0.000     0.000     0.000   0   0   0   0   0   0   0     0.000     0.000     0.000    -0.081    -0.020     0.016     0.058
   7 0 0 0 1 1 1 1  12   4  11   0   0   0   0    48.004    22.034    52.833     0.000     0.000     0.000     0.000   0   0   0   0   0   0   0     0.000     0.000     0.000    -0.073    -0.024     0.013    -0.048
   7 0 0 0 1 1 1 1   4  12  25   0   0   0   0    22.459    48.536     5.974     0.000     0.000     0.000     0.000   0   0   0   0   0   0   0     0.000     0.000     0.000    -0.039    -0.006     0.011     0.045
   7 0 0 0 1 1 1 1  25  23  23   0   0   0   0     5.646     5.428     5.608     0.000     0.000     0.000     0.000   0   0   0   0   0   0   0     0.000     0.000     0.000    -0.070    -0.014    -0.007     0.025
   7 0 0 0 1 1 1 1  29  23  23   0   0   0   0     5.691     5.428     5.866     0.000     0.000     0.000     0.000   0   0   0   0   0   0   0     0.000     0.000     0.000    -0.129    -0.036     0.017     0.081
   7 0 0 0 1 1 1 1  17  23  11   0   0   0   0    57.622     5.476    52.530     0.000     0.000     0.000     0.000   0   0   0   0   0   0   0     0.000     0.000     0.000    -0.048    -0.007     0.022    -0.035
   7 0 0 0 1 1 1 1  22   0   4   0   0   0   0     5.465    21.150    21.987     0.000     0.000     0.000     0.000   0   0   0   0   0   0   0     0.000     0.000     0.000    -0.007     0.017    -0.080    -0.031
   7 0 0 0 1 1 1 1  25  25  19   0   0   0   0     5.300     4.959    66.199     0.000     0.000     0.000     0.000   0   0   0   0   0   0   0     0.000     0.000     0.000    -0.081    -0.032    -0.000     0.033
   7 0 0 0 1 1 1 1  24  12  23   0   0   0   0     5.379    47.492     5.926     0.000     0.000     0.000     0.000   0   0   0   0   0   0   0     0.000     0.000     0.000    -0.071    -0.018     0.019     0.093
   7 0 0 0 1 1 1 1  25  23  27   0   0   0   0     5.617     5.425     4.994     0.000     0.000     0.000     0.000   0   0   0   0   0   0   0     0.000     0.000     0.000    -0.063    -0.016     0.052     0.006
   7 0 0 0 1 1 1 1  25  12  25   0   0   0   0     5.617    45.602     5.864     0.000     0.000     0.000     0.000   0   0   0   0   0   0   0     0.000     0.000     0.000    -0.064    -0.017     0.003     0.023
   7 0 0 0 1 1 1 1  31  23  26   0   0   0   0     5.376     5.537     6.033     0.000     0.000     0.000     0.000   0   0   0   0   0   0   0     0.000     0.000     0.000    -0.037    -0.007     0.008     0.074
   7 0 0 0 1 1 1 1  23  25  28   0   0   0   0     5.565     4.983     5.624     0.000     0.000     0.000     0.000   0   0   0   0   0   0   0     0.000     0.000     0.000    -0.122    -0.031     0.005     0.037
   7 0 0 0 1 1 1 1  17  30  11   0   0   0   0    57.510     5.619    53.248     0.000     0.000     0.000     0.000   0   0   0   0   0   0   0     0.000     0.000     0.000    -0.023     0.005     0.018    -0.038
   7 0 0 0 1 1 1 1  25  12   4   0   0   0   0     5.372    45.425    22.788     0.000     0.000     0.000     0.000   0   0   0   0   0   0   0     0.000     0.000     0.000    -0.063    -0.024    -0.003     0.016
   7 0 0 0 1 1 1 1   4  16  23   0   0   0   0    22.397    55.565     5.563     0.000     0.000     0.000     0.000   0   0   0   0   0   0   0     0.000     0.000     0.000    -0.004    -0.032    -0.009     0.019
   7 0 0 0 1 1 1 1  29  23  30   0   0   0   0     5.701     5.541     5.656     0.000     0.000     0.000     0.000   0   0   0   0   0   0   0     0.000     0.000     0.000    -0.059    -0.012     0.010     0.044
   7 0 0 0 1 1 1 1  12   4   5   0   0   0   0    48.921    22.325    21.955     0.000     0.000     0.000     0.000   0   0   0   0   0   0   0     0.000     0.000     0.000    -0.030    -0.006     0.049     0.006
   7 0 0 0 1 1 1 1  22   0   4   0   0   0   0     5.467    21.142    21.980     0.000     0.000     0.000     0.000   0   0   0   0   0   0   0     0.000     0.000     0.000    -0.006     0.013    -0.060    -0.025
   7 0 0 0 1 1 1 1  25  23  32   0   0   0   0     5.717     5.453     4.543     0.000     0.000     0.000     0.000   0   0   0   0   0   0   0     0.000     0.000     0.000    -0.041    -0.007     0.009     0.070
   7 0 0 0 1 1 1 1  25  28  23   0   0   0   0     5.366     4.944     5.533     0.000     0.000     0.000     0.000   0   0   0   0   0   0   0     0.000     0.000     0.000    -0.114    -0.041    -0.019     0.018
   7 0 0 0 1 1 1 1  13  25  11   0   0   0   0    50.375     5.635    53.568     0.000     0.000     0.000     0.000   0   0   0   0   0   0   0     0.000     0.000     0.000    -0.023     0.001     0.016    -0.039
   7 0 0 0 1 1 1 1   4   1   4   0   0   0   0    22.447    21.965    23.819     0.000     0.000     0.000     0.000   0   0   0   0   0   0   0     0.000     0.000     0.000    -0.009    -0.038     0.006     0.033
   7 0 0 0 1 1 1 1  23  17   4   0   0   0   0     5.587    55.549    22.709     0.000     0.000     0.000     0.000   0   0   0   0   0   0   0     0.000     0.000     0.000    -0.056    -0.012    -0.004     0.023
   7 0 0 0 1 1 1 1  29  23  23   0   0   0   0     5.678     5.427     5.935     0.000     0.000     0.000     0.000   0   0   0   0   0   0   0     0.000     0.000     0.000    -0.091    -0.024     0.011     0.077
   7 0 0 0 1 1 1 1  24   5  16   0   0   0   0     5.344    22.020    63.123     0.000     0.000     0.000     0.000   0   0   0   0   0   0   0     0.000     0.000     0.000     0.005    -0.026     0.004     0.042
   7 0 0 0 1 1 1 1  25  13  11   0   0   0   0     5.620    49.659    50.337     0.000     0.000     0.000     0.000   0   0   0   0   0   0   0     0.000     0.000     0.000    -0.025    -0.005     0.020     0.003
   7 0 0 0 1 1 1 1   5  18  26   0   0   0   0    21.978    48.862     5.958     0.000     0.000     0.000     0.000   0   0   0   0   0   0   0     0.000     0.000     0.000     0.045     0.018    -0.007     0.044
   7 0 0 0 1 1 1 1  23  29  29   0   0   0   0     5.573     5.181     5.777     0.000     0.000     0.000     0.000   0   0   0   0   0   0   0     0.000     0.000     0.000    -0.070    -0.020    -0.002     0.024
   7 0 0 0 1 1 1 1  17  23  24   0   0   0   0    57.337     5.428     5.507     0.000     0.000     0.000     0.000   0   0   0   0   0   0   0     0.000     0.000     0.000    -0.047    -0.006     0.003     0.028
   7 0 0 0 1 1 1 1   4  12  11   0   0   0   0    22.717    48.475    50.412     0.000     0.000     0.000     0.000   0   0   0   0   0   0   0     0.000     0.000     0.000    -0.020    -0.002     0.023     0.003
   7 0 0 0 1 1 1 1  29   5  26   0   0   0   0     5.701    22.001     6.059     0.000     0.000     0.000     0.000   0   0   0   0   0   0   0     0.000     0.000     0.000     0.012    -0.020     0.005     0.060
   7 0 0 0 1 1 1 1  29  23  28   0   0   0   0     5.606     5.411     5.694     0.000     0.000     0.000     0.000   0   0   0   0   0   0   0     0.000     0.000     0.000    -0.088    -0.024     0.004     0.034
   7 0 0 0 1 1 1 1  12   4   5   0   0   0   0    47.900    21.986    21.976     0.000     0.000     0.000     0.000   0   0   0   0   0   0   0     0.000     0.000     0.000    -0.047    -0.013     0.026     0.001
   7 0 0 0 1 1 1 1  25  12  25   0   0   0   0     5.351    45.261     5.863     0.000     0.000     0.000     0.000   0   0   0   0   0   0   0     0.000     0.000     0.000    -0.049    -0.016    -0.001     0.014
   7 0 0 0 1 1 1 1  16  26   6   0   0   0   0    58.804     5.953    19.379     0.000     0.000     0.000     0.000   0   0   0   0   0   0   0     0.000     0.000     0.000    -0.009     0.035     0.042     0.013
   7 0 0 0 1 1 1 1  23  26  23   0   0   0   0     5.562     5.883     5.951     0.000     0.000     0.000     0.000   0   0   0   0   0   0   0     0.000     0.000     0.000    -0.034    -0.001     0.009     0.069
   7 0 0 0 1 1 1 1  26  13  17   0   0   0   0     5.880    49.389    61.838     0.000     0.000     0.000     0.000   0   0   0   0   0   0   0     0.000     0.000     0.000    -0.022    -0.000     0.007     0.036
   7 0 0 0 1 1 1 1   4  12  11   0   0   0   0    22.771    45.832    50.489     0.000     0.000     0.000     0.000   0   0   0   0   0   0   0     0.000     0.000     0.000    -0.032    -0.005     0.021     0.002
   7 0 0 0 1 1 1 1   5  18  32   0   0   0   0    21.977    48.916     4.207     0.000     0.000     0.000     0.000   0   0   0   0   0   0   0     0.000     0.000     0.000     0.037     0.015    -0.017     0.004
   7 0 0 0 1 1 1 1  22  11  31   0   0   0   0     5.465    53.061     5.062     0.000     0.000     0.000     0.000   0   0   0   0   0   0   0     0.000     0.000     0.000     0.009    -0.049    -0.082    -0.030
   7 0 0 0 1 1 1 1  29  17   9   0   0   0   0     5.766    56.998    18.526     0.000     0.000     0.000     0.000   0   0   0   0   0   0   0     0.000     0.000     0.000    -0.016    -0.001     0.014    -0.019
   7 0 0 0 1 1 1 1  17  27  24   0   0   0   0    57.752     5.252     5.483     0.000     0.000     0.000     0.000   0   0   0   0   0   0   0     0.000     0.000     0.000    -0.022    -0.003     0.014    -0.000
   7 0 0 0 1 1 1 1  23  12   4   0   0   0   0     5.565    45.275    22.746     0.000     0.000     0.000     0.000   0   0   0   0   0   0   0     0.000     0.000     0.000    -0.051    -0.010    -0.002     0.016
   7 0 0 0 1 1 1 1  29  16  30   0   0   0   0     5.701    57.862     5.826     0.000     0.000     0.000     0.000   0   0   0   0   0   0   0     0.000     0.000     0.000    -0.026     0.018     0.007     0.049
   7 0 0 0 1 1 1 1   5  31  32   0   0   0   0    21.976     5.520     4.277     0.000     0.000     0.000     0.000   0   0   0   0   0   0   0     0.000     0.000     0.000     0.015     0.034    -0.012     0.005
   7 0 0 0 1 1 1 1  25   5  31   0   0   0   0     5.807    21.979     5.470     0.000     0.000     0.000     0.000   0   0   0   0   0   0   0     0.000     0.000     0.000     0.017    -0.009     0.020     0.005
   7 0 0 0 1 1 1 1   5  18  23   0   0   0   0    21.980    48.921     5.849     0.000     0.000     0.000     0.000   0   0   0   0   0   0   0     0.000     0.000     0.000     0.031     0.013    -0.006     0.025
   7 0 0 0 1 1 1 1  23  25  17   0   0   0   0     5.575     4.956    54.103     0.000     0.000     0.000     0.000   0   0   0   0   0   0   0     0.000     0.000     0.000    -0.068    -0.015     0.060     0.008
   7 0 0 0 1 1 1 1  13  25  12   0   0   0   0    50.139     5.643    54.742     0.000     0.000     0.000     0.000   0   0   0   0   0   0   0     0.000     0.000     0.000    -0.015     0.000     0.009    -0.047
   7 0 0 0 1 1 1 1  22  25  12   0   0   0   0     5.473     5.999    45.204     0.000     0.000     0.000     0.000   0   0   0   0   0   0   0     0.000     0.000     0.000     0.002     0.025    -0.040    -0.013
   7 0 0 0 1 1 1 1  24   5  13   0   0   0   0     5.344    22.017    43.764     0.000     0.000     0.000     0.000   0   0   0   0   0   0   0     0.000     0.000     0.000     0.007    -0.019     0.052     0.003
   7 0 0 0 1 1 1 1  24  16  23   0   0   0   0     5.412    57.773     5.963     0.000     0.000     0.000     0.000   0   0   0   0   0   0   0     0.000     0.000     0.000    -0.020     0.011     0.008     0.054
   7 0 0 0 1 1 1 1  23  27  13   0   0   0   0     5.573     5.425    50.344     0.000     0.000     0.000     0.000   0   0   0   0   0   0   0     0.000     0.000     0.000    -0.005    -0.037    -0.003     0.010
   7 0 0 0 1 1 1 1  25   5  31   0   0   0   0     5.809    21.982     5.467     0.000     0.000     0.000     0.000   0   0   0   0   0   0   0     0.000     0.000     0.000     0.014    -0.008     0.017     0.005
   7 0 0 0 1 1 1 1  16  23   4   0   0   0   0    59.131     5.843    22.794     0.000     0.000     0.000     0.000   0   0   0   0   0   0   0     0.000     0.000     0.000    -0.007     0.018     0.006     0.020
   7 0 0 0 1 1 1 1  22  11  32   0   0   0   0     5.480    53.193     3.567     0.000     0.000     0.000     0.000   0   0   0   0   0   0   0     0.000     0.000     0.000     0.006    -0.042    -0.065    -0.024
   7 0 0 0 1 1 1 1  32   5   5   0   0   0   0     4.277    21.983    23.060     0.000     0.000     0.000     0.000   0   0   0   0   0   0   0     0.000     0.000     0.000     0.010    -0.011     0.010    -0.015
   7 0 0 0 1 1 1 1  25   4   6   0   0   0   0     5.358    21.963    19.645     0.000     0.000     0.000     0.000   0   0   0   0   0   0   0     0.000     0.000     0.000    -0.034    -0.010     0.013     0.000
   7 0 0 0 1 1 1 1   5  18  26   0   0   0   0    21.976    48.977     5.896     0.000     0.000     0.000     0.000   0   0   0   0   0   0   0     0.000     0.000     0.000     0.028     0.011    -0.008     0.008
   7 0 0 0 1 1 1 1  29  17  23   0   0   0   0     5.778    56.382     5.834     0.000     0.000     0.000     0.000   0   0   0   0   0   0   0     0.000     0.000     0.000    -0.027    -0.004     0.005     0.025
   7 0 0 0 1 1 1 1   5  17  24   0   0   0   0    21.956    62.272     5.344     0.000     0.000     0.000     0.000   0   0   0   0   0   0   0     0.000     0.000     0.000     0.018     0.031    -0.011     0.002
   7 0 0 0 1 1 1 1  25   1   1   0   0   0   0     5.809    21.904    22.434     0.000     0.000     0.000     0.000   0   0   0   0   0   0   0     0.000     0.000     0.000     0.001    -0.012     0.005     0.024
   7 0 0 0 1 1 1 1  25  31  22   0   0   0   0     5.283     5.062     5.422     0.000     0.000     0.000     0.000   0   0   0   0   0   0   0     0.000     0.000     0.000    -0.046    -0.012    -0.001     0.014
   7 0 0 0 1 1 1 1  24   5  17   0   0   0   0     5.518    22.020    53.927     0.000     0.000     0.000     0.000   0   0   0   0   0   0   0     0.000     0.000     0.000     0.009    -0.014     0.049     0.011
   7 0 0 0 1 1 1 1  26  23  27   0   0   0   0     5.884     5.409     4.954     0.000     0.000     0.000     0.000   0   0   0   0   0   0   0     0.000     0.000     0.000    -0.031    -0.002     0.023     0.005
   7 0 0 0 1 1 1 1  25   1  31   0   0   0   0     5.796    21.889     5.472     0.000     0.000     0.000     0.000   0   0   0   0   0   0   0     0.000     0.000     0.000     0.001    -0.010     0.014     0.003
   7 0 0 0 1 1 1 1  25  23  26   0   0   0   0     5.778     5.432     6.091     0.000     0.000     0.000     0.000   0   0   0   0   0   0   0     0.000     0.000     0.000    -0.027    -0.003     0.005     0.046
   7 0 0 0 1 1 1 1  29  12   0   0   0   0   0     5.777    47.951    21.475     0.000     0.000     0.000     0.000   0   0   0   0   0   0   0     0.000     0.000     0.000    -0.020    -0.002     0.011    -0.028
   7 0 0 0 1 1 1 1  23  27  29   0   0   0   0     5.546     5.466     5.778     0.000     0.000     0.000     0.000   0   0   0   0   0   0   0     0.000     0.000     0.000    -0.005    -0.039    -0.003     0.008
   7 0 0 0 1 1 1 1   4  12  11   0   0   0   0    22.798    48.623    50.633     0.000     0.000     0.000     0.000   0   0   0   0   0   0   0     0.000     0.000     0.000    -0.009     0.000     0.013    -0.000
   7 0 0 0 1 1 1 1  24   5  22   0   0   0   0     5.239    22.061     5.427     0.000     0.000     0.000     0.000   0   0   0   0   0   0   0     0.000     0.000     0.000    -0.001    -0.022    -0.000     0.016
   7 0 0 0 1 1 1 1  24   5  17   0   0   0   0     5.518    22.020    53.855     0.000     0.000     0.000     0.000   0   0   0   0   0   0   0     0.000     0.000     0.000     0.008    -0.012     0.044     0.009
   7 0 0 0 1 1 1 1   5   5  32   0   0   0   0    21.978    21.941     4.277     0.000     0.000     0.000     0.000   0   0   0   0   0   0   0     0.000     0.000     0.000     0.021     0.008    -0.008     0.003
   7 0 0 0 1 1 1 1  21  25  14   0   0   0   0    68.124     5.837    45.984     0.000     0.000     0.000     0.000   0   0   0   0   0   0   0     0.000     0.000     0.000    -0.005     0.006     0.021     0.005
   7 0 0 0 1 1 1 1  32  21  29   0   0   0   0     4.515    68.126     6.145     0.000     0.000     0.000     0.000   0   0   0   0   0   0   0     0.000     0.000     0.000    -0.004     0.011     0.019     0.046
   7 0 0 0 1 1 1 1  22  11  25   0   0   0   0     5.492    53.268     4.931     0.000     0.000     0.000     0.000   0   0   0   0   0   0   0     0.000     0.000     0.000     0.004    -0.035    -0.057    -0.018
   7 0 0 0 1 1 1 1  13  25  32   0   0   0   0    49.442     5.666     4.313     0.000     0.000     0.000     0.000   0   0   0   0   0   0   0     0.000     0.000     0.000    -0.015    -0.001     0.000     0.015
   7 0 0 0 1 1 1 1  25  12  14   0   0   0   0     5.005    45.087    39.572     0.000     0.000     0.000     0.000   0   0   0   0   0   0   0     0.000     0.000     0.000    -0.033    -0.015     0.012    -0.000
   7 0 0 0 1 1 1 1  25   1  29   0   0   0   0     5.778    21.895     6.127     0.000     0.000     0.000     0.000   0   0   0   0   0   0   0     0.000     0.000     0.000     0.001    -0.011     0.005     0.038
   7 0 0 0 1 1 1 1  29   5  23   0   0   0   0     5.778    21.986     5.834     0.000     0.000     0.000     0.000   0   0   0   0   0   0   0     0.000     0.000     0.000     0.010    -0.010     0.003     0.018
   7 0 0 0 1 1 1 1  11  13  27   0   0   0   0    52.833    49.902     5.428     0.000     0.000     0.000     0.000   0   0   0   0   0   0   0     0.000     0.000     0.000    -0.004     0.006    -0.011    -0.037
   7 0 0 0 1 1 1 1  21  25  18   0   0   0   0    68.124     5.870    48.722     0.000     0.000     0.000     0.000   0   0   0   0   0   0   0     0.000     0.000     0.000    -0.004     0.007     0.017     0.004
   7 0 0 0 1 1 1 1  23   4   4   0   0   0   0     5.552    21.944    22.751     0.000     0.000     0.000     0.000   0   0   0   0   0   0   0     0.000     0.000     0.000    -0.038    -0.006    -0.001     0.009
   7 0 0 0 1 1 1 1  29  23  11   0   0   0   0     5.565     5.403    52.928     0.000     0.000     0.000     0.000   0   0   0   0   0   0   0     0.000     0.000     0.000    -0.048    -0.009     0.005    -0.022
   7 0 0 0 1 1 1 1  12   4  11   0   0   0   0    45.261    21.931    52.833     0.000     0.000     0.000     0.000   0   0   0   0   0   0   0     0.000     0.000     0.000    -0.036    -0.018     0.002    -0.020
   7 0 0 0 1 1 1 1  22   5  12   0   0   0   0     5.453    21.976    45.156     0.000     0.000     0.000     0.000   0   0   0   0   0   0   0     0.000     0.000     0.000     0.011     0.000    -0.027    -0.006
   7 0 0 0 1 1 1 1   5   1  32   0   0   0   0    21.976    21.857     4.222     0.000     0.000     0.000     0.000   0   0   0   0   0   0   0     0.000     0.000     0.000     0.029     0.009    -0.009     0.002
   7 0 0 0 1 1 1 1  22  11  30   0   0   0   0     5.467    53.924     4.449     0.000     0.000     0.000     0.000   0   0   0   0   0   0   0     0.000     0.000     0.000     0.004    -0.033    -0.043    -0.012
   7 0 0 0 1 1 1 1  17  23   1   0   0   0   0    57.201     5.401    21.768     0.000     0.000     0.000     0.000   0   0   0   0   0   0   0     0.000     0.000     0.000    -0.031    -0.003    -0.025     0.005
   7 0 0 0 1 1 1 1  14  25  21   0   0   0   0    39.456     5.839    68.050     0.000     0.000     0.000     0.000   0   0   0   0   0   0   0     0.000     0.000     0.000     0.003     0.015    -0.003     0.006
   7 0 0 0 1 1 1 1  23  16  11   0   0   0   0     5.848    58.655    50.363     0.000     0.000     0.000     0.000   0   0   0   0   0   0   0     0.000     0.000     0.000    -0.004     0.007     0.036     0.007
   7 0 0 0 1 1 1 1  24   5  30   0   0   0   0     5.518    21.982     5.966     0.000     0.000     0.000     0.000   0   0   0   0   0   0   0     0.000     0.000     0.000     0.011    -0.008     0.007     0.040
   7 0 0 0 1 1 1 1   5  21  32   0   0   0   0    21.978    68.255     4.277     0.000     0.000     0.000     0.000   0   0   0   0   0   0   0     0.000     0.000     0.000     0.004     0.014    -0.006     0.002
   7 0 0 0 1 1 1 1  22   8   4   0   0   0   0     5.453    17.030    21.987     0.000     0.000     0.000     0.000   0   0   0   0   0   0   0     0.000     0.000     0.000     0.011     0.000    -0.019    -0.004
   7 0 0 0 1 1 1 1  23  21  11   0   0   0   0     5.841    68.125    50.348     0.000     0.000     0.000     0.000   0   0   0   0   0   0   0     0.000     0.000     0.000    -0.004     0.008     0.032     0.006
   7 0 0 0 1 1 1 1  32   5  23   0   0   0   0     4.277    22.026     5.855     0.000     0.000     0.000     0.000   0   0   0   0   0   0   0     0.000     0.000     0.000     0.006    -0.012     0.003     0.020
   7 0 0 0 1 1 1 1   5  29  25   0   0   0   0    23.190     5.778     5.688     0.000     0.000     0.000     0.000   0   0   0   0   0   0   0     0.000     0.000     0.000    -0.003     0.006    -0.037    -0.011
   7 0 0 0 1 1 1 1  25   5  26   0   0   0   0     5.831    21.976     5.913     0.000     0.000     0.000     0.000   0   0   0   0   0   0   0     0.000     0.000     0.000     0.010    -0.004     0.002     0.011
   7 0 0 0 1 1 1 1  12  28  13   0   0   0   0    54.883     4.948    54.412     0.000     0.000     0.000     0.000   0   0   0   0   0   0   0     0.000     0.000     0.000    -0.026     0.001    -0.020    -0.037
   7 0 0 0 1 1 1 1  23  13   7   0   0   0   0     5.553    47.799    20.078     0.000     0.000     0.000     0.000   0   0   0   0   0   0   0     0.000     0.000     0.000     0.013    -0.012     0.016     0.001
   7 0 0 0 1 1 1 1  13  26  32   0   0   0   0    49.167     5.896     4.313     0.000     0.000     0.000     0.000   0   0   0   0   0   0   0     0.000     0.000     0.000    -0.011     0.001    -0.000     0.011
   7 0 0 0 1 1 1 1   4   5  26   0   0   0   0    23.781    22.021     5.917     0.000     0.000     0.000     0.000   0   0   0   0   0   0   0     0.000     0.000     0.000     0.005    -0.002     0.006     0.017
   7 0 0 0 1 1 1 1  25  10  28   0   0   0   0     5.792    15.023     5.604     0.000     0.000     0.000     0.000   0   0   0   0   0   0   0     0.000     0.000     0.000     0.016    -0.004    -0.001     0.010
   7 0 0 0 1 1 1 1  28  17  30   0   0   0   0     5.707    58.847     5.979     0.000     0.000     0.000     0.000   0   0   0   0   0   0   0     0.000     0.000     0.000    -0.006     0.005     0.010     0.037
   7 0 0 0 1 1 1 1   5  32  25   0   0   0   0    23.063     4.277     5.792     0.000     0.000     0.000     0.000   0   0   0   0   0   0   0     0.000     0.000     0.000    -0.003     0.005    -0.026    -0.006
   7 0 0 0 1 1 1 1  31   5  10   0   0   0   0     5.361    22.026    15.075     0.000     0.000     0.000     0.000   0   0   0   0   0   0   0     0.000     0.000     0.000     0.003    -0.007     0.014     0.001
   7 0 0 0 1 1 1 1  12  24  13   0   0   0   0    54.883     4.870    54.742     0.000     0.000     0.000     0.000   0   0   0   0   0   0   0     0.000     0.000     0.000    -0.028     0.001    -0.023    -0.038
   7 0 0 0 1 1 1 1  23  25  30   0   0   0   0     5.530     5.968     5.810     0.000     0.000     0.000     0.000   0   0   0   0   0   0   0     0.000     0.000     0.000    -0.012     0.009     0.002     0.020
   7 0 0 0 1 1 1 1   5   5  12   0   0   0   0    21.980    21.950    45.260     0.000     0.000     0.000     0.000   0   0   0   0   0   0   0     0.000     0.000     0.000     0.013     0.005    -0.019    -0.001
   7 0 0 0 1 1 1 1  25  12  14   0   0   0   0     4.996    45.047    39.429     0.000     0.000     0.000     0.000   0   0   0   0   0   0   0     0.000     0.000     0.000    -0.024    -0.010     0.009    -0.000
   7 0 0 0 1 1 1 1  23  16  11   0   0   0   0     5.841    58.103    50.311     0.000     0.000     0.000     0.000   0   0   0   0   0   0   0     0.000     0.000     0.000    -0.004     0.005     0.030     0.005
   7 0 0 0 1 1 1 1  11  22  17   0   0   0   0    57.393     5.518    58.080     0.000     0.000     0.000     0.000   0   0   0   0   0   0   0     0.000     0.000     0.000     0.002    -0.014    -0.051    -0.029
   7 0 0 0 1 1 1 1  16  30  32   0   0   0   0    54.715     5.619     4.313     0.000     0.000     0.000     0.000   0   0   0   0   0   0   0     0.000     0.000     0.000    -0.015    -0.001    -0.001     0.008
   7 0 0 0 1 1 1 1  25  28  26   0   0   0   0     5.906     5.694     5.917     0.000     0.000     0.000     0.000   0   0   0   0   0   0   0     0.000     0.000     0.000    -0.002     0.005     0.004     0.014
   7 0 0 0 1 1 1 1  11  28  27   0   0   0   0    52.935     5.207     5.400     0.000     0.000     0.000     0.000   0   0   0   0   0   0   0     0.000     0.000     0.000    -0.008     0.002    -0.002    -0.028
   7 0 0 0 1 1 1 1  24   5  23   0   0   0   0     5.520    22.032     5.985     0.000     0.000     0.000     0.000   0   0   0   0   0   0   0     0.000     0.000     0.000     0.005    -0.007     0.004     0.027
   7 0 0 0 1 1 1 1  12  13   1   0   0   0   0    55.055    49.820    21.486     0.000     0.000     0.000     0.000   0   0   0   0   0   0   0     0.000     0.000     0.000    -0.003     0.003    -0.039    -0.020
   7 0 0 0 1 1 1 1  24  12   8   0   0   0   0     5.191    45.118    17.008     0.000     0.000     0.000     0.000   0   0   0   0   0   0   0     0.000     0.000     0.000    -0.020    -0.004     0.010     0.000
   7 0 0 0 1 1 1 1  32   5   6   0   0   0   0     4.507    21.982    21.322     0.000     0.000     0.000     0.000   0   0   0   0   0   0   0     0.000     0.000     0.000     0.008    -0.002     0.012     0.030
   7 0 0 0 1 1 1 1  32   5  22   0   0   0   0     4.277    22.035     5.050     0.000     0.000     0.000     0.000   0   0   0   0   0   0   0     0.000     0.000     0.000     0.005    -0.010    -0.002     0.007
   7 0 0 0 1 1 1 1  12   4  11   0   0   0   0    45.490    21.944    52.831     0.000     0.000     0.000     0.000   0   0   0   0   0   0   0     0.000     0.000     0.000    -0.023    -0.009     0.001    -0.014
   7 0 0 0 1 1 1 1  25   1  26   0   0   0   0     5.834    21.912     5.914     0.000     0.000     0.000     0.000   0   0   0   0   0   0   0     0.000     0.000     0.000     0.001    -0.005     0.001     0.009
   7 0 0 0 1 1 1 1  25  25  11   0   0   0   0     4.932     4.915    52.856     0.000     0.000     0.000     0.000   0   0   0   0   0   0   0     0.000     0.000     0.000    -0.032    -0.021     0.001    -0.014
   7 0 0 0 1 1 1 1  11  11  14   0   0   0   0    57.393    45.895    44.995     0.000     0.000     0.000     0.000   0   0   0   0   0   0   0     0.000     0.000     0.000    -0.008     0.002    -0.029    -0.051
   7 0 0 0 1 1 1 1   5   7  24   0   0   0   0    21.980    20.065     5.485     0.000     0.000     0.000     0.000   0   0   0   0   0   0   0     0.000     0.000     0.000     0.011     0.004    -0.004     0.002
   7 0 0 0 1 1 1 1   4  10  26   0   0   0   0    23.781    15.112     5.919     0.000     0.000     0.000     0.000   0   0   0   0   0   0   0     0.000     0.000     0.000     0.005    -0.002     0.005     0.013
   7 0 0 0 1 1 1 1  23   0  12   0   0   0   0     5.707    21.099    48.033     0.000     0.000     0.000     0.000   0   0   0   0   0   0   0     0.000     0.000     0.000    -0.016    -0.000     0.013     0.001
   7 0 0 0 1 1 1 1  28   5  30   0   0   0   0     5.713    21.979     5.987     0.000     0.000     0.000     0.000   0   0   0   0   0   0   0     0.000     0.000     0.000     0.008    -0.003     0.008     0.030
   7 0 0 0 1 1 1 1  18  25  32   0   0   0   0    42.861     5.704     4.310     0.000     0.000     0.000     0.000   0   0   0   0   0   0   0     0.000     0.000     0.000    -0.026    -0.006    -0.002     0.005
   7 0 0 0 1 1 1 1  25   1   6   0   0   0   0     5.800    21.874    19.472     0.000     0.000     0.000     0.000   0   0   0   0   0   0   0     0.000     0.000     0.000     0.002    -0.005     0.022     0.002
   7 0 0 0 1 1 1 1  25   5   5   0   0   0   0     5.810    21.975    23.108     0.000     0.000     0.000     0.000   0   0   0   0   0   0   0     0.000     0.000     0.000     0.010    -0.003     0.002     0.014
   7 0 0 0 1 1 1 1  11  16  11   0   0   0   0    41.255    55.829    56.644     0.000     0.000     0.000     0.000   0   0   0   0   0   0   0     0.000     0.000     0.000    -0.025    -0.422     0.001    -0.028
   7 0 0 0 1 1 1 1  16  30  30   0   0   0   0    54.738     5.619     5.303     0.000     0.000     0.000     0.000   0   0   0   0   0   0   0     0.000     0.000     0.000    -0.012    -0.001    -0.002     0.005
   7 0 0 0 1 1 1 1  25  12  14   0   0   0   0     4.986    45.025    39.258     0.000     0.000     0.000     0.000   0   0   0   0   0   0   0     0.000     0.000     0.000    -0.019    -0.008     0.008    -0.000
   7 0 0 0 1 1 1 1  28  28  22   0   0   0   0     4.937     4.909     5.534     0.000     0.000     0.000     0.000   0   0   0   0   0   0   0     0.000     0.000     0.000    -0.028    -0.012     0.000     0.021
   7 0 0 0 1 1 1 1  13  11  23   0   0   0   0    47.779    50.817     5.470     0.000     0.000     0.000     0.000   0   0   0   0   0   0   0     0.000     0.000     0.000     0.013     0.000    -0.011     0.001
   7 0 0 0 1 1 1 1  12  17   1   0   0   0   0    55.017    57.147    21.480     0.000     0.000     0.000     0.000   0   0   0   0   0   0   0     0.000     0.000     0.000    -0.002     0.003    -0.034    -0.016
   7 0 0 0 1 1 1 1  10   0  25   0   0   0   0    15.112    21.236     5.843     0.000     0.000     0.000     0.000   0   0   0   0   0   0   0     0.000     0.000     0.000     0.003     0.018    -0.002     0.003
   7 0 0 0 1 1 1 1  17  23   4   0   0   0   0    59.941     5.770    22.788     0.000     0.000     0.000     0.000   0   0   0   0   0   0   0     0.000     0.000     0.000    -0.003     0.004     0.002     0.010
   7 0 0 0 1 1 1 1  25  28  11   0   0   0   0     4.925     4.902    57.440     0.000     0.000     0.000     0.000   0   0   0   0   0   0   0     0.000     0.000     0.000    -0.037    -0.024     0.001    -0.028
   7 0 0 0 1 1 1 1  12   4  16   0   0   0   0    45.200    21.914    54.893     0.000     0.000     0.000     0.000   0   0   0   0   0   0   0     0.000     0.000     0.000    -0.023    -0.011    -0.004     0.002
   7 0 0 0 1 1 1 1  28  10  22   0   0   0   0     5.706    15.215     5.313     0.000     0.000     0.000     0.000   0   0   0   0   0   0   0     0.000     0.000     0.000     0.003    -0.002     0.006     0.002
   7 0 0 0 1 1 1 1   5  18  32   0   0   0   0    21.983    49.111     4.230     0.000     0.000     0.000     0.000   0   0   0   0   0   0   0     0.000     0.000     0.000     0.012     0.000    -0.006     0.001
   7 0 0 0 1 1 1 1  23  12  23   0   0   0   0     5.859    48.374     6.019     0.000     0.000     0.000     0.000   0   0   0   0   0   0   0     0.000     0.000     0.000    -0.007     0.001     0.009     0.030
   7 0 0 0 1 1 1 1   5   1  10   0   0   0   0    21.982    21.849    15.311     0.000     0.000     0.000     0.000   0   0   0   0   0   0   0     0.000     0.000     0.000     0.018     0.005    -0.006     0.000
   7 0 0 0 1 1 1 1   4  28  17   0   0   0   0    23.755     5.691    59.245     0.000     0.000     0.000     0.000   0   0   0   0   0   0   0     0.000     0.000     0.000    -0.001     0.004     0.004     0.010
   7 0 0 0 1 1 1 1   9  16  23   0   0   0   0    18.846    54.986     5.283     0.000     0.000     0.000     0.000   0   0   0   0   0   0   0     0.000     0.000     0.000     0.005    -0.001    -0.050    -0.026
   7 0 0 0 1 1 1 1  13  11  23   0   0   0   0    47.786    50.799     5.446     0.000     0.000     0.000     0.000   0   0   0   0   0   0   0     0.000     0.000     0.000     0.011     0.000    -0.010     0.000
   7 0 0 0 1 1 1 1  12  13  20   0   0   0   0    55.103    49.114    63.014     0.000     0.000     0.000     0.000   0   0   0   0   0   0   0     0.000     0.000     0.000    -0.003     0.002    -0.014    -0.030
   7 0 0 0 1 1 1 1  25   5  26   0   0   0   0     5.871    21.976     5.915     0.000     0.000     0.000     0.000   0   0   0   0   0   0   0     0.000     0.000     0.000     0.006    -0.002     0.002     0.008
   7 0 0 0 1 1 1 1  22  17   5   0   0   0   0     5.537    59.878    22.513     0.000     0.000     0.000     0.000   0   0   0   0   0   0   0     0.000     0.000     0.000    -0.001     0.005     0.015     0.040
   7 0 0 0 1 1 1 1  28   5  30   0   0   0   0     5.714    22.060     5.996     0.000     0.000     0.000     0.000   0   0   0   0   0   0   0     0.000     0.000     0.000     0.004    -0.003     0.006     0.025
   7 0 0 0 1 1 1 1  18  25  29   0   0   0   0    42.460     5.798     5.778     0.000     0.000     0.000     0.000   0   0   0   0   0   0   0     0.000     0.000     0.000    -0.020    -0.004    -0.002     0.003
   7 0 0 0 1 1 1 1  28   0  22   0   0   0   0     5.717    21.231     5.312     0.000     0.000     0.000     0.000   0   0   0   0   0   0   0     0.000     0.000     0.000    -0.002     0.002     0.006     0.003
   7 0 0 0 1 1 1 1  11  28  25   0   0   0   0    52.649     5.595     5.592     0.000     0.000     0.000     0.000   0   0   0   0   0   0   0     0.000     0.000     0.000    -0.001     0.004    -0.032    -0.006
   7 0 0 0 1 1 1 1  32   5   4   0   0   0   0     4.277    22.061    23.599     0.000     0.000     0.000     0.000   0   0   0   0   0   0   0     0.000     0.000     0.000     0.004    -0.007     0.004    -0.003
   7 0 0 0 1 1 1 1  12   4  11   0   0   0   0    45.221    21.919    53.924     0.000     0.000     0.000     0.000   0   0   0   0   0   0   0     0.000     0.000     0.000    -0.019    -0.009     0.001    -0.012
   7 0 0 0 1 1 1 1  10   0  28   0   0   0   0    15.204    21.240     5.678     0.000     0.000     0.000     0.000   0   0   0   0   0   0   0     0.000     0.000     0.000     0.002     0.013    -0.002     0.003
   7 0 0 0 1 1 1 1   6  11  32   0   0   0   0    19.353    45.802     4.177     0.000     0.000     0.000     0.000   0   0   0   0   0   0   0     0.000     0.000     0.000     0.000     0.013    -0.006     0.001
   7 0 0 0 1 1 1 1  11  28  12   0   0   0   0    58.048     4.911    56.535     0.000     0.000     0.000     0.000   0   0   0   0   0   0   0     0.000     0.000     0.000    -0.026     0.000    -0.022    -0.039
   7 0 0 0 1 1 1 1   5   7  24   0   0   0   0    21.962    20.064     5.485     0.000     0.000     0.000     0.000   0   0   0   0   0   0   0     0.000     0.000     0.000     0.012     0.002    -0.002     0.002
   7 0 0 0 1 1 1 1  28  12   4   0   0   0   0     4.924    44.986    23.753     0.000     0.000     0.000     0.000   0   0   0   0   0   0   0     0.000     0.000     0.000    -0.017    -0.010    -0.000     0.005
   7 0 0 0 1 1 1 1  22   5  24   0   0   0   0     5.534    22.028     5.449     0.000     0.000     0.000     0.000   0   0   0   0   0   0   0     0.000     0.000     0.000     0.004    -0.002     0.011     0.032
   7 0 0 0 1 1 1 1  13  11   3   0   0   0   0    47.832    50.817    24.348     0.000     0.000     0.000     0.000   0   0   0   0   0   0   0     0.000     0.000     0.000     0.010    -0.000    -0.000    -0.017
   7 0 0 0 1 1 1 1  16  20  32   0   0   0   0    54.645    62.583     4.325     0.000     0.000     0.000     0.000   0   0   0   0   0   0   0     0.000     0.000     0.000    -0.003    -0.029    -0.001     0.006
   7 0 0 0 1 1 1 1  10   0  25   0   0   0   0    15.133    21.240     5.831     0.000     0.000     0.000     0.000   0   0   0   0   0   0   0     0.000     0.000     0.000     0.002     0.016    -0.002     0.002
   7 0 0 0 1 1 1 1  25   4  22   0   0   0   0     4.928    21.894     5.427     0.000     0.000     0.000     0.000   0   0   0   0   0   0   0     0.000     0.000     0.000    -0.026    -0.017    -0.001     0.004
   7 0 0 0 1 1 1 1   5   1  32   0   0   0   0    21.978    21.851     4.268     0.000     0.000     0.000     0.000   0   0   0   0   0   0   0     0.000     0.000     0.000     0.026     0.005    -0.005     0.002
   7 0 0 0 1 1 1 1  22  18   5   0   0   0   0     5.524    42.861    22.068     0.000     0.000     0.000     0.000   0   0   0   0   0   0   0     0.000     0.000     0.000    -0.006     0.001     0.002    -0.010
   7 0 0 0 1 1 1 1  28  17  11   0   0   0   0     5.685    57.490    51.639     0.000     0.000     0.000     0.000   0   0   0   0   0   0   0     0.000     0.000     0.000    -0.003     0.001     0.000     0.005
   7 0 0 0 1 1 1 1  26  22  29   0   0   0   0     5.903     5.427     6.152     0.000     0.000     0.000     0.000   0   0   0   0   0   0   0     0.000     0.000     0.000    -0.003     0.002     0.003     0.021
   7 0 0 0 1 1 1 1  11  25  17   0   0   0   0    56.135     4.928    58.080     0.000     0.000     0.000     0.000   0   0   0   0   0   0   0     0.000     0.000     0.000    -0.022     0.001    -0.027    -0.011
   7 0 0 0 1 1 1 1  12  16   1   0   0   0   0    55.204    54.935    21.475     0.000     0.000     0.000     0.000   0   0   0   0   0   0   0     0.000     0.000     0.000    -0.003     0.001    -0.027    -0.012
   7 0 0 0 1 1 1 1  10   0  28   0   0   0   0    15.215    21.239     5.677     0.000     0.000     0.000     0.000   0   0   0   0   0   0   0     0.000     0.000     0.000     0.001     0.010    -0.002     0.003
   7 0 0 0 1 1 1 1  23  17  11   0   0   0   0     5.839    59.857    50.208     0.000     0.000     0.000     0.000   0   0   0   0   0   0   0     0.000     0.000     0.000    -0.002     0.004     0.026     0.003
   7 0 0 0 1 1 1 1  28   5  23   0   0   0   0     5.713    21.979     6.027     0.000     0.000     0.000     0.000   0   0   0   0   0   0   0     0.000     0.000     0.000     0.005    -0.002     0.005     0.024
   7 0 0 0 1 1 1 1   5   7  10   0   0   0   0    21.983    20.064    15.311     0.000     0.000     0.000     0.000   0   0   0   0   0   0   0     0.000     0.000     0.000     0.008     0.002    -0.005     0.000
   7 0 0 0 1 1 1 1   4  10  22   0   0   0   0    23.747    15.204     4.941     0.000     0.000     0.000     0.000   0   0   0   0   0   0   0     0.000     0.000     0.000     0.002    -0.001     0.003     0.013
   7 0 0 0 1 1 1 1   1  16  24   0   0   0   0    22.557    55.051     5.281     0.000     0.000     0.000     0.000   0   0   0   0   0   0   0     0.000     0.000     0.000     0.004    -0.001    -0.040    -0.017
   7 0 0 0 1 1 1 1  13  11   3   0   0   0   0    47.742    50.850    24.348     0.000     0.000     0.000     0.000   0   0   0   0   0   0   0     0.000     0.000     0.000     0.009    -0.001    -0.000    -0.015
   7 0 0 0 1 1 1 1  22  24  16   0   0   0   0     5.569     5.494    54.234     0.000     0.000     0.000     0.000   0   0   0   0   0   0   0     0.000     0.000     0.000    -0.001     0.002    -0.042    -0.025
   7 0 0 0 1 1 1 1  14   1  12   0   0   0   0    39.290    22.479    48.929     0.000     0.000     0.000     0.000   0   0   0   0   0   0   0     0.000     0.000     0.000     0.004     0.010    -0.003     0.001
   7 0 0 0 1 1 1 1  25   4  22   0   0   0   0     4.970    21.912     5.427     0.000     0.000     0.000     0.000   0   0   0   0   0   0   0     0.000     0.000     0.000    -0.021    -0.008    -0.001     0.004
   7 0 0 0 1 1 1 1  32   7  27   0   0   0   0     4.315    20.285     5.225     0.000     0.000     0.000     0.000   0   0   0   0   0   0   0     0.000     0.000     0.000     0.001    -0.008     0.007    -0.000
   7 0 0 0 1 1 1 1   5  32  25   0   0   0   0    23.190     4.312     5.680     0.000     0.000     0.000     0.000   0   0   0   0   0   0   0     0.000     0.000     0.000    -0.001     0.003    -0.019    -0.004
   7 0 0 0 1 1 1 1  28  12  14   0   0   0   0     4.919    44.972    39.506     0.000     0.000     0.000     0.000   0   0   0   0   0   0   0     0.000     0.000     0.000    -0.015    -0.009     0.004    -0.000
   7 0 0 0 1 1 1 1  12  10  26   0   0   0   0    54.883    15.022     5.870     0.000     0.000     0.000     0.000   0   0   0   0   0   0   0     0.000     0.000     0.000     0.011    -0.000    -0.014    -0.041
   7 0 0 0 1 1 1 1  24   5  23   0   0   0   0     5.578    22.080     6.014     0.000     0.000     0.000     0.000   0   0   0   0   0   0   0     0.000     0.000     0.000     0.003    -0.003     0.003     0.018
   7 0 0 0 1 1 1 1   5   1  10   0   0   0   0    22.102    21.857    15.300     0.000     0.000     0.000     0.000   0   0   0   0   0   0   0     0.000     0.000     0.000     0.009     0.001    -0.011    -0.000
   7 0 0 0 1 1 1 1  10  20   0   0   0   0   0    15.132    62.234    20.866     0.000     0.000     0.000     0.000   0   0   0   0   0   0   0     0.000     0.000     0.000     0.012     0.002     0.003    -0.001
   7 0 0 0 1 1 1 1  25  22  26   0   0   0   0     5.823     5.427     5.856     0.000     0.000     0.000     0.000   0   0   0   0   0   0   0     0.000     0.000     0.000    -0.004     0.002     0.021     0.002
   7 0 0 0 1 1 1 1  25  25  11   0   0   0   0     4.919     4.906    58.146     0.000     0.000     0.000     0.000   0   0   0   0   0   0   0     0.000     0.000     0.000    -0.027    -0.018     0.000    -0.022
   7 0 0 0 1 1 1 1   6  30  22   0   0   0   0    20.435     5.310     5.332     0.000     0.000     0.000     0.000   0   0   0   0   0   0   0     0.000     0.000     0.000    -0.001     0.004    -0.001    -0.021
   7 0 0 0 1 1 1 1  25   5  31   0   0   0   0     5.905    22.024     5.466     0.000     0.000     0.000     0.000   0   0   0   0   0   0   0     0.000     0.000     0.000     0.002    -0.001     0.005     0.001
   7 0 0 0 1 1 1 1  23   0  22   0   0   0   0     5.770    21.098     5.469     0.000     0.000     0.000     0.000   0   0   0   0   0   0   0     0.000     0.000     0.000    -0.010     0.000     0.003     0.021
   7 0 0 0 1 1 1 1  22   3   4   0   0   0   0     4.868    24.474    23.758     0.000     0.000     0.000     0.000   0   0   0   0   0   0   0     0.000     0.000     0.000     0.012     0.004     0.000    -0.016
   7 0 0 0 1 1 1 1  25   4   7   0   0   0   0     4.947    21.904    20.069     0.000     0.000     0.000     0.000   0   0   0   0   0   0   0     0.000     0.000     0.000    -0.015    -0.008     0.003    -0.001
   7 0 0 0 1 1 1 1  28  25  18   0   0   0   0     5.729     5.800    47.889     0.000     0.000     0.000     0.000   0   0   0   0   0   0   0     0.000     0.000     0.000    -0.002     0.001     0.007     0.002
   7 0 0 0 1 1 1 1  23   0  11   0   0   0   0     5.770    21.098    50.398     0.000     0.000     0.000     0.000   0   0   0   0   0   0   0     0.000     0.000     0.000    -0.009     0.000     0.011     0.001
   7 0 0 0 1 1 1 1  22  11  11   0   0   0   0     5.526    53.607    40.860     0.000     0.000     0.000     0.000   0   0   0   0   0   0   0     0.000     0.000     0.000     0.001    -0.010    -0.021    -0.005
   7 0 0 0 1 1 1 1  18  17  32   0   0   0   0    42.410    56.511     4.313     0.000     0.000     0.000     0.000   0   0   0   0   0   0   0     0.000     0.000     0.000    -0.004    -0.021    -0.001     0.003
   7 0 0 0 1 1 1 1  18   2   4   0   0   0   0    50.639    21.993    21.908     0.000     0.000     0.000     0.000   0   0   0   0   0   0   0     0.000     0.000     0.000     0.001    -0.001    -0.012    -0.004
   7 0 0 0 1 1 1 1  25  28   9   0   0   0   0     4.986     4.909    18.844     0.000     0.000     0.000     0.000   0   0   0   0   0   0   0     0.000     0.000     0.000    -0.019    -0.007     0.000    -0.026
   7 0 0 0 1 1 1 1  29  20  30   0   0   0   0     5.441    62.315     4.998     0.000     0.000     0.000     0.000   0   0   0   0   0   0   0     0.000     0.000     0.000    -0.014    -0.003     0.013     0.000
   7 0 0 0 1 1 1 1  12  16   6   0   0   0   0    55.267    54.579    20.227     0.000     0.000     0.000     0.000   0   0   0   0   0   0   0     0.000     0.000     0.000    -0.003     0.001    -0.018    -0.004
   7 0 0 0 1 1 1 1  14  25  12   0   0   0   0    39.226     5.882    48.850     0.000     0.000     0.000     0.000   0   0   0   0   0   0   0     0.000     0.000     0.000     0.003     0.008    -0.002     0.001
   7 0 0 0 1 1 1 1  22  25   1   0   0   0   0     5.534     5.581    21.940     0.000     0.000     0.000     0.000   0   0   0   0   0   0   0     0.000     0.000     0.000    -0.003     0.001     0.019     0.005
   7 0 0 0 1 1 1 1  23  12  23   0   0   0   0     5.852    48.398     6.035     0.000     0.000     0.000     0.000   0   0   0   0   0   0   0     0.000     0.000     0.000    -0.005     0.001     0.006     0.022
   7 0 0 0 1 1 1 1  23   0   7   0   0   0   0     5.553    21.468    20.066     0.000     0.000     0.000     0.000   0   0   0   0   0   0   0     0.000     0.000     0.000    -0.004     0.003     0.008    -0.000
   7 0 0 0 1 1 1 1   4   2  22   0   0   0   0    23.718    21.994     4.928     0.000     0.000     0.000     0.000   0   0   0   0   0   0   0     0.000     0.000     0.000     0.001    -0.002     0.002     0.009
   7 0 0 0 1 1 1 1  10   0  32   0   0   0   0    15.119    21.136     4.226     0.000     0.000     0.000     0.000   0   0   0   0   0   0   0     0.000     0.000     0.000    -0.005     0.008    -0.004     0.001
   7 0 0 0 1 1 1 1  25   4  24   0   0   0   0     5.986    23.754     5.354     0.000     0.000     0.000     0.000   0   0   0   0   0   0   0     0.000     0.000     0.000     0.000    -0.014     0.002     0.016
   7 0 0 0 1 1 1 1  22  23  16   0   0   0   0     5.569     5.575    54.234     0.000     0.000     0.000     0.000   0   0   0   0   0   0   0     0.000     0.000     0.000    -0.002     0.001    -0.035    -0.020
   7 0 0 0 1 1 1 1  14  11  10   0   0   0   0    39.607    51.071    15.632     0.000     0.000     0.000     0.000   0   0   0   0   0   0   0     0.000     0.000     0.000     0.004    -0.004     0.000    -0.003
   7 0 0 0 1 1 1 1  26  25  16   0   0   0   0     5.649     5.481    55.129     0.000     0.000     0.000     0.000   0   0   0   0   0   0   0     0.000     0.000     0.000    -0.040    -0.026     0.003    -0.001
   7 0 0 0 1 1 1 1  32   7  27   0   0   0   0     4.313    20.285     5.226     0.000     0.000     0.000     0.000   0   0   0   0   0   0   0     0.000     0.000     0.000     0.001    -0.007     0.006    -0.000
   7 0 0 0 1 1 1 1   5   1  13   0   0   0   0    21.983    21.851    52.921     0.000     0.000     0.000     0.000   0   0   0   0   0   0   0     0.000     0.000     0.000     0.012     0.002     0.000    -0.005
   7 0 0 0 1 1 1 1  18  10  12   0   0   0   0    50.639    15.265    45.035     0.000     0.000     0.000     0.000   0   0   0   0   0   0   0     0.000     0.000     0.000     0.002    -0.000    -0.010    -0.003
   7 0 0 0 1 1 1 1  17  23  14   0   0   0   0    59.910     5.765    46.239     0.000     0.000     0.000     0.000   0   0   0   0   0   0   0     0.000     0.000     0.000    -0.002     0.003     0.007    -0.001
   7 0 0 0 1 1 1 1  23   1   7   0   0   0   0     5.760    21.822    21.462     0.000     0.000     0.000     0.000   0   0   0   0   0   0   0     0.000     0.000     0.000    -0.012    -0.001     0.002     0.011
   7 0 0 0 1 1 1 1   6  30  22   0   0   0   0    20.429     5.363     5.328     0.000     0.000     0.000     0.000   0   0   0   0   0   0   0     0.000     0.000     0.000    -0.001     0.004    -0.000    -0.017
   7 0 0 0 1 1 1 1  28  24  11   0   0   0   0     5.685     5.508    51.639     0.000     0.000     0.000     0.000   0   0   0   0   0   0   0     0.000     0.000     0.000     0.001    -0.003     0.000     0.003
   7 0 0 0 1 1 1 1   6  27  23   0   0   0   0    19.379     5.342     5.707     0.000     0.000     0.000     0.000   0   0   0   0   0   0   0     0.000     0.000     0.000     0.002     0.016    -0.003     0.002
   7 0 0 0 1 1 1 1  32   7  11   0   0   0   0     4.352    21.115    50.415     0.000     0.000     0.000     0.000   0   0   0   0   0   0   0     0.000     0.000     0.000    -0.000    -0.016     0.006     0.001
   7 0 0 0 1 1 1 1  19  13  27   0   0   0   0    66.279    52.804     5.350     0.000     0.000     0.000     0.000   0   0   0   0   0   0   0     0.000     0.000     0.000     0.000    -0.007     0.002     0.013
   7 0 0 0 1 1 1 1  25   3   8   0   0   0   0     5.814    23.136    17.212     0.000     0.000     0.000     0.000   0   0   0   0   0   0   0     0.000     0.000     0.000     0.000    -0.006     0.008     0.001
   7 0 0 0 1 1 1 1  22  25  13   0   0   0   0     5.534     5.826    48.040     0.000     0.000     0.000     0.000   0   0   0   0   0   0   0     0.000     0.000     0.000    -0.001     0.002     0.031     0.010
   7 0 0 0 1 1 1 1   5  18  24   0   0   0   0    21.960    49.030     5.572     0.000     0.000     0.000     0.000   0   0   0   0   0   0   0     0.000     0.000     0.000     0.018     0.001    -0.001     0.003
   7 0 0 0 1 1 1 1  12   4  16   0   0   0   0    45.162    21.907    54.752     0.000     0.000     0.000     0.000   0   0   0   0   0   0   0     0.000     0.000     0.000    -0.013    -0.006    -0.003     0.001
   7 0 0 0 1 1 1 1  30  23   4   0   0   0   0     5.651     5.848    22.508     0.000     0.000     0.000     0.000   0   0   0   0   0   0   0     0.000     0.000     0.000    -0.000    -0.018     0.004     0.000
   7 0 0 0 1 1 1 1  11  10  25   0   0   0   0    52.585    15.133     5.550     0.000     0.000     0.000     0.000   0   0   0   0   0   0   0     0.000     0.000     0.000     0.005    -0.000    -0.027    -0.004
   7 0 0 0 1 1 1 1   5  10  30   0   0   0   0    22.102    14.983     5.245     0.000     0.000     0.000     0.000   0   0   0   0   0   0   0     0.000     0.000     0.000     0.017     0.002    -0.006     0.000
   7 0 0 0 1 1 1 1  23  27   7   0   0   0   0     5.575     5.494    20.066     0.000     0.000     0.000     0.000   0   0   0   0   0   0   0     0.000     0.000     0.000    -0.001    -0.014     0.007    -0.000
   7 0 0 0 1 1 1 1  24  12   8   0   0   0   0     5.200    45.069    17.002     0.000     0.000     0.000     0.000   0   0   0   0   0   0   0     0.000     0.000     0.000    -0.009    -0.002     0.006    -0.000
   7 0 0 0 1 1 1 1  30  22   6   0   0   0   0     5.981     5.534    21.389     0.000     0.000     0.000     0.000   0   0   0   0   0   0   0     0.000     0.000     0.000    -0.000     0.011     0.010     0.025
   7 0 0 0 1 1 1 1  22  18   4   0   0   0   0     4.872    43.279    23.754     0.000     0.000     0.000     0.000   0   0   0   0   0   0   0     0.000     0.000     0.000     0.004     0.011     0.000    -0.013
   7 0 0 0 1 1 1 1  32  23   3   0   0   0   0     4.309     5.850    24.163     0.000     0.000     0.000     0.000   0   0   0   0   0   0   0     0.000     0.000     0.000    -0.001    -0.023     0.004    -0.002
   7 0 0 0 1 1 1 1  14  25  12   0   0   0   0    39.213     5.882    49.418     0.000     0.000     0.000     0.000   0   0   0   0   0   0   0     0.000     0.000     0.000     0.003     0.006    -0.001     0.001
   7 0 0 0 1 1 1 1  25   4  22   0   0   0   0     4.933    21.891     5.428     0.000     0.000     0.000     0.000   0   0   0   0   0   0   0     0.000     0.000     0.000    -0.018    -0.011    -0.001     0.003
   7 0 0 0 1 1 1 1  11  30   0   0   0   0   0    58.517     4.449    20.629     0.000     0.000     0.000     0.000   0   0   0   0   0   0   0     0.000     0.000     0.000    -0.012     0.000    -0.025    -0.013
   7 0 0 0 1 1 1 1  12  16   7   0   0   0   0    45.736    55.828    20.066     0.000     0.000     0.000     0.000   0   0   0   0   0   0   0     0.000     0.000     0.000    -0.006     0.001     0.003    -0.000
   7 0 0 0 1 1 1 1   4   9  22   0   0   0   0    23.718    18.017     4.928     0.000     0.000     0.000     0.000   0   0   0   0   0   0   0     0.000     0.000     0.000     0.001    -0.002     0.002     0.008
   7 0 0 0 1 1 1 1  25  22  26   0   0   0   0     5.810     5.428     5.856     0.000     0.000     0.000     0.000   0   0   0   0   0   0   0     0.000     0.000     0.000    -0.003     0.002     0.018     0.001
   7 0 0 0 1 1 1 1   5   5   0   0   0   0   0    23.291    22.202    21.566     0.000     0.000     0.000     0.000   0   0   0   0   0   0   0     0.000     0.000     0.000     0.002    -0.002     0.009    -0.024
   7 0 0 0 1 1 1 1  32  23  10   0   0   0   0     4.312     5.850    15.754     0.000     0.000     0.000     0.000   0   0   0   0   0   0   0     0.000     0.000     0.000    -0.001    -0.021     0.003    -0.002
   7 0 0 0 1 1 1 1  25   9   6   0   0   0   0     5.797    17.999    19.429     0.000     0.000     0.000     0.000   0   0   0   0   0   0   0     0.000     0.000     0.000     0.000    -0.006     0.014     0.001
   7 0 0 0 1 1 1 1  23   0  22   0   0   0   0     5.770    21.083     5.470     0.000     0.000     0.000     0.000   0   0   0   0   0   0   0     0.000     0.000     0.000    -0.009    -0.000     0.002     0.016
   7 0 0 0 1 1 1 1  32   9  27   0   0   0   0     4.306    17.846     5.226     0.000     0.000     0.000     0.000   0   0   0   0   0   0   0     0.000     0.000     0.000     0.001    -0.005     0.005    -0.000
   7 0 0 0 1 1 1 1  13  13  19   0   0   0   0    52.738    50.784    66.220     0.000     0.000     0.000     0.000   0   0   0   0   0   0   0     0.000     0.000     0.000    -0.001     0.005    -0.007     0.002
   7 0 0 0 1 1 1 1  30  23  25   0   0   0   0     5.661     5.849     5.714     0.000     0.000     0.000     0.000   0   0   0   0   0   0   0     0.000     0.000     0.000    -0.000    -0.017     0.005     0.001
   7 0 0 0 1 1 1 1  25   5  22   0   0   0   0     5.068    22.078     5.428     0.000     0.000     0.000     0.000   0   0   0   0   0   0   0     0.000     0.000     0.000    -0.002    -0.010    -0.001     0.003
   7 0 0 0 1 1 1 1  23  12  23   0   0   0   0     5.852    48.395     6.041     0.000     0.000     0.000     0.000   0   0   0   0   0   0   0     0.000     0.000     0.000    -0.004     0.001     0.004     0.018
   7 0 0 0 1 1 1 1  25   0  24   0   0   0   0     5.730    21.176     5.531     0.000     0.000     0.000     0.000   0   0   0   0   0   0   0     0.000     0.000     0.000    -0.000    -0.011     0.000     0.004
   7 0 0 0 1 1 1 1  26   1  25   0   0   0   0     5.912    21.962     5.788     0.000     0.000     0.000     0.000   0   0   0   0   0   0   0     0.000     0.000     0.000     0.000    -0.002    -0.007     0.003
   7 0 0 0 1 1 1 1  26  32  27   0   0   0   0     5.903     4.384     6.085     0.000     0.000     0.000     0.000   0   0   0   0   0   0   0     0.000     0.000     0.000    -0.000    -0.014     0.002     0.017
   7 0 0 0 1 1 1 1  22  19   4   0   0   0   0     4.877    58.152    23.758     0.000     0.000     0.000     0.000   0   0   0   0   0   0   0     0.000     0.000     0.000     0.003     0.009     0.000    -0.013
