  220
   1 1   0     0.000   0     4.861
   1 1   0     0.000   0     5.458
   1 1   0     0.000   0     5.761
   1 1   0     0.000   0     5.951
   7 0 0 0 1 1 1 1   0   0  19   0   0   0   0    21.148    21.020    66.242     0.000     0.000     0.000     0.000   0   0   0   0   0   0   0     0.000     0.000     0.000    -0.005    -0.278     0.037     0.147
   7 0 0 0 1 1 1 1   2   3   0   0   0   0   0    21.624    21.620    21.222     0.000     0.000     0.000     0.000   0   0   0   0   0   0   0     0.000     0.000     0.000    -0.023    -0.301     0.038     0.142
   7 0 1 0 1 1 1 1   2   3  12   0   0   0   0    21.624    21.620    51.428     0.000     0.000     0.000     0.000   0   0   0   0   0   0   0     0.000    -0.299     0.000    -0.023    -0.301     0.081     0.155
   7 0 1 0 1 1 1 1   7   3  11   0   0   0   0    19.994    21.620    49.552     0.000     0.000     0.000     0.000   0   0   0   0   0   0   0     0.000    -0.497     0.000    -0.023    -0.301     0.099     0.265
   7 0 0 0 1 1 1 1   0   2  19   0   0   0   0    21.148    22.055    66.242     0.000     0.000     0.000     0.000   0   0   0   0   0   0   0     0.000    -0.497     0.000    -0.251    -0.005     0.033     0.132
   7 0 0 0 1 1 1 1   2   3   0   0   0   0   0    21.624    21.620    21.222     0.000     0.000     0.000     0.000   0   0   0   0   0   0   0     0.000    -0.497     0.000    -0.021    -0.272     0.035     0.128
   7 0 1 0 1 1 1 1   2   3  12   0   0   0   0    21.624    21.620    51.428     0.000     0.000     0.000     0.000   0   0   0   0   0   0   0     0.000    -0.270     0.000    -0.021    -0.272     0.073     0.140
   7 0 0 0 1 1 1 1   7   7  23   0   0   0   0    19.994    19.953     5.677     0.000     0.000     0.000     0.000   0   0   0   0   0   0   0     0.000    -0.270     0.000    -0.464    -0.183     0.089     0.239
   7 0 0 0 1 1 1 1   0   0  11   0   0   0   0    21.148    21.020    49.552     0.000     0.000     0.000     0.000   0   0   0   0   0   0   0     0.000    -0.270     0.000    -0.004    -0.227     0.034     0.122
   7 0 0 0 1 1 1 1   2   3  27   0   0   0   0    21.624    21.620     5.270     0.000     0.000     0.000     0.000   0   0   0   0   0   0   0     0.000    -0.270     0.000    -0.020    -0.246     0.114     0.020
   7 0 0 0 1 1 1 1   2   1  12   0   0   0   0    21.624    21.943    50.700     0.000     0.000     0.000     0.000   0   0   0   0   0   0   0     0.000    -0.270     0.000    -0.098    -0.252     0.063     0.125
   7 0 0 0 1 1 1 1  11   3  11   0   0   0   0    45.592    21.987    49.552     0.000     0.000     0.000     0.000   0   0   0   0   0   0   0     0.000    -0.270     0.000    -0.419    -0.171     0.081     0.216
   7 0 0 0 1 1 1 1   0   0  19   0   0   0   0    21.148    21.020    66.167     0.000     0.000     0.000     0.000   0   0   0   0   0   0   0     0.000    -0.270     0.000    -0.004    -0.205     0.021     0.106
   7 0 0 0 1 1 1 1   2   1   4   0   0   0   0    21.624    22.015    22.876     0.000     0.000     0.000     0.000   0   0   0   0   0   0   0     0.000    -0.270     0.000    -0.222    -0.019     0.078     0.144
   7 0 0 0 1 1 1 1   2   2  12   0   0   0   0    21.624    21.552    51.428     0.000     0.000     0.000     0.000   0   0   0   0   0   0   0     0.000    -0.270     0.000    -0.228    -0.092     0.060     0.114
   7 0 0 0 1 1 1 1   4   1  11   0   0   0   0    22.439    22.015    48.808     0.000     0.000     0.000     0.000   0   0   0   0   0   0   0     0.000    -0.270     0.000    -0.333    -0.643     0.065     0.192
   7 0 0 0 1 1 1 1   0   1  11   0   0   0   0    21.148    21.943    49.552     0.000     0.000     0.000     0.000   0   0   0   0   0   0   0     0.000    -0.270     0.000    -0.036    -0.193     0.027     0.100
   7 0 0 0 1 1 1 1   2   1   0   0   0   0   0    21.681    21.943    21.522     0.000     0.000     0.000     0.000   0   0   0   0   0   0   0     0.000    -0.270     0.000    -0.071    -0.201     0.074     0.133
   7 0 0 0 1 1 1 1   2   1  12   0   0   0   0    21.624    21.943    50.700     0.000     0.000     0.000     0.000   0   0   0   0   0   0   0     0.000    -0.270     0.000    -0.085    -0.206     0.052     0.102
   7 0 0 0 1 1 1 1   4   1  23   0   0   0   0    22.439    22.015     5.677     0.000     0.000     0.000     0.000   0   0   0   0   0   0   0     0.000    -0.270     0.000    -0.301    -0.611     0.066     0.176
   7 0 0 0 1 1 1 1   0   2   3   0   0   0   0    21.148    22.055    21.620     0.000     0.000     0.000     0.000   0   0   0   0   0   0   0     0.000    -0.270     0.000    -0.168    -0.001     0.243     0.063
   7 0 0 0 1 1 1 1   2   1   4   0   0   0   0    21.681    22.015    22.876     0.000     0.000     0.000     0.000   0   0   0   0   0   0   0     0.000    -0.270     0.000    -0.178    -0.008     0.066     0.119
   7 0 1 0 1 1 1 1   2   1  12   0   0   0   0    21.624    22.015    51.428     0.000     0.000     0.000     0.000   0   0   0   0   0   0   0     0.000    -0.181     0.000    -0.178    -0.008     0.049     0.093
   7 0 0 0 1 1 1 1  11   1  11   0   0   0   0    45.592    22.015    48.808     0.000     0.000     0.000     0.000   0   0   0   0   0   0   0     0.000    -0.181     0.000    -0.272    -0.580     0.053     0.157
   7 0 0 0 1 1 1 1   0   2   3   0   0   0   0    21.148    21.552    21.620     0.000     0.000     0.000     0.000   0   0   0   0   0   0   0     0.000    -0.181     0.000    -0.158    -0.028     0.231     0.056
   7 0 0 0 1 1 1 1   2   3   0   0   0   0   0    21.624    21.620    21.222     0.000     0.000     0.000     0.000   0   0   0   0   0   0   0     0.000    -0.181     0.000    -0.008    -0.165     0.013     0.079
   7 0 0 0 1 1 1 1   2   1  12   0   0   0   0    21.681    21.943    51.428     0.000     0.000     0.000     0.000   0   0   0   0   0   0   0     0.000    -0.181     0.000    -0.062    -0.169     0.049     0.084
   7 0 0 0 1 1 1 1   2   1  11   0   0   0   0    21.624    22.015    49.552     0.000     0.000     0.000     0.000   0   0   0   0   0   0   0     0.000    -0.181     0.000    -0.246    -0.551     0.053     0.143
   7 0 0 0 1 1 1 1   2   1  12   0   0   0   0    21.681    22.015    50.700     0.000     0.000     0.000     0.000   0   0   0   0   0   0   0     0.000    -0.181     0.000    -0.144     0.220     0.009     0.077
   7 0 0 0 1 1 1 1   2   1   0   0   0   0   0    21.624    22.015    21.222     0.000     0.000     0.000     0.000   0   0   0   0   0   0   0     0.000    -0.181     0.000    -0.150    -0.008     0.012     0.071
   7 0 0 0 1 1 1 1   2   2  12   0   0   0   0    21.681    21.552    51.428     0.000     0.000     0.000     0.000   0   0   0   0   0   0   0     0.000    -0.181     0.000    -0.152    -0.058     0.044     0.076
   7 0 0 0 1 1 1 1   2   1  11   0   0   0   0    21.681    22.015    49.552     0.000     0.000     0.000     0.000   0   0   0   0   0   0   0     0.000    -0.181     0.000    -0.217    -0.524     0.056     0.129
   7 0 0 0 1 1 1 1   2   1  12   0   0   0   0    21.681    22.015    51.428     0.000     0.000     0.000     0.000   0   0   0   0   0   0   0     0.000    -0.181     0.000    -0.130     0.209     0.011     0.071
   7 0 0 0 1 1 1 1   2   3   0   0   0   0   0    21.624    21.620    21.522     0.000     0.000     0.000     0.000   0   0   0   0   0   0   0     0.000    -0.181     0.000    -0.007    -0.135     0.046     0.096
   7 0 0 0 1 1 1 1   2   3  12   0   0   0   0    21.624    21.620    50.700     0.000     0.000     0.000     0.000   0   0   0   0   0   0   0     0.000    -0.181     0.000    -0.242    -0.121     0.034     0.068
   7 0 0 0 1 1 1 1   2   1  11   0   0   0   0    21.624    22.015    48.808     0.000     0.000     0.000     0.000   0   0   0   0   0   0   0     0.000    -0.181     0.000    -0.202    -0.497     0.040     0.115
   7 0 0 0 1 1 1 1   0   1   3   0   0   0   0    21.148    21.943    21.620     0.000     0.000     0.000     0.000   0   0   0   0   0   0   0     0.000    -0.181     0.000    -0.017    -0.117     0.198     0.041
   7 0 0 0 1 1 1 1   2   2   0   0   0   0   0    21.681    21.552    21.522     0.000     0.000     0.000     0.000   0   0   0   0   0   0   0     0.000    -0.181     0.000    -0.124    -0.031     0.043     0.087
   7 0 0 0 1 1 1 1   2   1  12   0   0   0   0    21.681    22.015    51.428     0.000     0.000     0.000     0.000   0   0   0   0   0   0   0     0.000    -0.181     0.000    -0.106    -0.230     0.036     0.062
   7 0 0 0 1 1 1 1   2   3  28   0   0   0   0    21.681    21.620     5.605     0.000     0.000     0.000     0.000   0   0   0   0   0   0   0     0.000    -0.181     0.000    -0.472    -0.178     0.060     0.117
   7 0 0 0 1 1 1 1   2   1  12   0   0   0   0    21.681    22.015    51.428     0.000     0.000     0.000     0.000   0   0   0   0   0   0   0     0.000    -0.181     0.000    -0.109     0.188     0.007     0.060
   7 0 0 0 1 1 1 1   2   1   4   0   0   0   0    21.681    21.943    22.840     0.000     0.000     0.000     0.000   0   0   0   0   0   0   0     0.000    -0.181     0.000    -0.029    -0.112     0.037     0.075
   7 0 0 0 1 1 1 1   2   1  11   0   0   0   0    21.624    22.015    48.808     0.000     0.000     0.000     0.000   0   0   0   0   0   0   0     0.000    -0.181     0.000    -0.099    -0.218     0.026     0.054
   7 0 0 0 1 1 1 1   2   3  28   0   0   0   0    21.624    21.620     5.597     0.000     0.000     0.000     0.000   0   0   0   0   0   0   0     0.000    -0.181     0.000    -0.449    -0.165     0.046     0.102
   7 0 0 0 1 1 1 1   2   1  12   0   0   0   0    21.681    22.015    50.700     0.000     0.000     0.000     0.000   0   0   0   0   0   0   0     0.000    -0.181     0.000    -0.098     0.179     0.003     0.053
   7 0 0 0 1 1 1 1   2   6   0   0   0   0   0    21.681    19.358    21.522     0.000     0.000     0.000     0.000   0   0   0   0   0   0   0     0.000    -0.181     0.000    -0.048    -0.108     0.035     0.072
   7 0 0 0 1 1 1 1   2   3  12   0   0   0   0    21.681    21.620    51.428     0.000     0.000     0.000     0.000   0   0   0   0   0   0   0     0.000    -0.181     0.000    -0.207    -0.087     0.030     0.050
   7 0 0 0 1 1 1 1   2   1  11   0   0   0   0    21.552    22.015    48.808     0.000     0.000     0.000     0.000   0   0   0   0   0   0   0     0.000    -0.181     0.000    -0.158    -0.426     0.019     0.086
   7 0 0 0 1 1 1 1  14  12   1   0   0   0   0    47.647    50.700    22.015     0.000     0.000     0.000     0.000   0   0   0   0   0   0   0     0.000    -0.181     0.000     0.002     0.048    -0.091     0.170
   7 0 0 0 1 1 1 1   2   1  25   0   0   0   0    21.681    22.015     5.812     0.000     0.000     0.000     0.000   0   0   0   0   0   0   0     0.000    -0.181     0.000    -0.089     0.007     0.018     0.049
   7 0 0 0 1 1 1 1   2   1   3   0   0   0   0    21.624    22.015    22.783     0.000     0.000     0.000     0.000   0   0   0   0   0   0   0     0.000    -0.181     0.000    -0.081    -0.197    -0.001     0.041
   7 0 0 0 1 1 1 1   2   1  11   0   0   0   0    21.681    22.015    51.254     0.000     0.000     0.000     0.000   0   0   0   0   0   0   0     0.000    -0.181     0.000    -0.132    -0.405     0.056     0.124
   7 0 0 0 1 1 1 1   2   1  12   0   0   0   0    21.573    22.015    52.298     0.000     0.000     0.000     0.000   0   0   0   0   0   0   0     0.000    -0.181     0.000    -0.085     0.161     0.012     0.053
   7 0 0 0 1 1 1 1   2   3   0   0   0   0   0    21.573    21.620    21.197     0.000     0.000     0.000     0.000   0   0   0   0   0   0   0     0.000    -0.181     0.000     0.007    -0.085    -0.009     0.039
   7 0 0 0 1 1 1 1   2   1  12   0   0   0   0    21.624    22.015    50.700     0.000     0.000     0.000     0.000   0   0   0   0   0   0   0     0.000    -0.181     0.000    -0.073    -0.187     0.020     0.041
   7 0 0 0 1 1 1 1   2   1  11   0   0   0   0    21.552    22.015    48.808     0.000     0.000     0.000     0.000   0   0   0   0   0   0   0     0.000    -0.181     0.000    -0.130    -0.385     0.015     0.071
   7 0 0 0 1 1 1 1   2   1  12   0   0   0   0    21.552    22.015    50.700     0.000     0.000     0.000     0.000   0   0   0   0   0   0   0     0.000    -0.181     0.000    -0.080     0.153    -0.001     0.039
   7 0 0 0 1 1 1 1   2   1   0   0   0   0   0    21.552    22.015    21.197     0.000     0.000     0.000     0.000   0   0   0   0   0   0   0     0.000    -0.181     0.000    -0.080     0.007    -0.009     0.035
   7 0 0 0 1 1 1 1   2   1   5   0   0   0   0    21.681    22.015    21.976     0.000     0.000     0.000     0.000   0   0   0   0   0   0   0     0.000    -0.181     0.000    -0.065    -0.178     0.041     0.025
   7 0 0 0 1 1 1 1  14  28   1   0   0   0   0    48.381     5.614    22.015     0.000     0.000     0.000     0.000   0   0   0   0   0   0   0     0.000    -0.181     0.000     0.031     0.080    -0.117    -0.366
   7 0 0 0 1 1 1 1   2   1  12   0   0   0   0    21.681    22.015    52.298     0.000     0.000     0.000     0.000   0   0   0   0   0   0   0     0.000    -0.181     0.000    -0.066     0.146     0.011     0.044
   7 0 0 0 1 1 1 1   2   3   0   0   0   0   0    21.552    21.620    21.222     0.000     0.000     0.000     0.000   0   0   0   0   0   0   0     0.000    -0.181     0.000     0.006    -0.072    -0.005     0.033
   7 0 0 0 1 1 1 1  14   3   3   0   0   0   0    47.647    22.783    21.620     0.000     0.000     0.000     0.000   0   0   0   0   0   0   0     0.000    -0.181     0.000    -0.002     0.030    -0.169    -0.060
   7 0 0 0 1 1 1 1   2   1  23   0   0   0   0    21.681    22.015     5.746     0.000     0.000     0.000     0.000   0   0   0   0   0   0   0     0.000    -0.181     0.000    -0.099    -0.347     0.041     0.103
   7 0 0 0 1 1 1 1  14  12   1   0   0   0   0    48.381    52.121    22.015     0.000     0.000     0.000     0.000   0   0   0   0   0   0   0     0.000    -0.181     0.000     0.005     0.037    -0.066     0.138
   7 0 0 0 1 1 1 1   3   1   0   0   0   0   0    22.721    21.967    21.522     0.000     0.000     0.000     0.000   0   0   0   0   0   0   0     0.000    -0.181     0.000    -0.019    -0.065     0.020     0.051
   7 0 0 0 1 1 1 1   2   0   3   0   0   0   0    21.573    21.148    22.783     0.000     0.000     0.000     0.000   0   0   0   0   0   0   0     0.000    -0.181     0.000    -0.054    -0.141    -0.005     0.027
   7 0 0 0 1 1 1 1   2   1  23   0   0   0   0    21.552    22.015     5.715     0.000     0.000     0.000     0.000   0   0   0   0   0   0   0     0.000    -0.181     0.000    -0.097    -0.330     0.030     0.080
   7 0 0 0 1 1 1 1   2   1  12   0   0   0   0    21.517    22.015    50.700     0.000     0.000     0.000     0.000   0   0   0   0   0   0   0     0.000    -0.181     0.000    -0.064     0.132    -0.002     0.030
   7 0 0 0 1 1 1 1   3   2   0   0   0   0   0    22.783    21.517    21.522     0.000     0.000     0.000     0.000   0   0   0   0   0   0   0     0.000    -0.181     0.000    -0.058    -0.017     0.018     0.046
   7 0 0 0 1 1 1 1   2   1   3   0   0   0   0    21.552    22.015    22.783     0.000     0.000     0.000     0.000   0   0   0   0   0   0   0     0.000    -0.181     0.000    -0.052    -0.153    -0.007     0.025
   7 0 0 0 1 1 1 1  14  11   1   0   0   0   0    48.728    48.808    22.015     0.000     0.000     0.000     0.000   0   0   0   0   0   0   0     0.000    -0.181     0.000     0.002     0.049    -0.092    -0.313
   7 0 0 0 1 1 1 1   2   1  12   0   0   0   0    21.517    22.015    52.450     0.000     0.000     0.000     0.000   0   0   0   0   0   0   0     0.000    -0.181     0.000    -0.058     0.125     0.008     0.038
   7 0 0 0 1 1 1 1   2   3  25   0   0   0   0    21.552    21.620     5.812     0.000     0.000     0.000     0.000   0   0   0   0   0   0   0     0.000    -0.181     0.000     0.012    -0.054     0.004     0.028
   7 0 0 0 1 1 1 1   2   1  11   0   0   0   0    21.552    22.015    48.808     0.000     0.000     0.000     0.000   0   0   0   0   0   0   0     0.000    -0.181     0.000    -0.047    -0.146     0.006     0.025
   7 0 0 0 1 1 1 1   2   1  23   0   0   0   0    21.681    22.015     5.746     0.000     0.000     0.000     0.000   0   0   0   0   0   0   0     0.000    -0.181     0.000    -0.074    -0.298     0.030     0.083
   7 0 0 0 1 1 1 1   2   1  12   0   0   0   0    21.681    22.015    53.341     0.000     0.000     0.000     0.000   0   0   0   0   0   0   0     0.000    -0.181     0.000    -0.045     0.119     0.013     0.057
   7 0 0 0 1 1 1 1   3   2   0   0   0   0   0    22.783    21.517    21.522     0.000     0.000     0.000     0.000   0   0   0   0   0   0   0     0.000    -0.181     0.000    -0.048    -0.015     0.015     0.039
   7 0 0 0 1 1 1 1   2   1   5   0   0   0   0    21.681    22.015    21.976     0.000     0.000     0.000     0.000   0   0   0   0   0   0   0     0.000    -0.181     0.000    -0.039    -0.138     0.026     0.014
   7 0 0 0 1 1 1 1   2   1  28   0   0   0   0    21.517    22.015     5.605     0.000     0.000     0.000     0.000   0   0   0   0   0   0   0     0.000    -0.181     0.000    -0.076    -0.283     0.012     0.048
   7 0 0 0 1 1 1 1   2   1  12   0   0   0   0    21.517    22.015    51.428     0.000     0.000     0.000     0.000   0   0   0   0   0   0   0     0.000    -0.181     0.000    -0.048     0.113    -0.002     0.024
   7 0 0 0 1 1 1 1   3   1   0   0   0   0   0    22.783    21.967    21.522     0.000     0.000     0.000     0.000   0   0   0   0   0   0   0     0.000    -0.181     0.000    -0.013    -0.043     0.013     0.036
   7 0 0 0 1 1 1 1   2   1   3   0   0   0   0    21.517    22.015    22.721     0.000     0.000     0.000     0.000   0   0   0   0   0   0   0     0.000    -0.181     0.000    -0.041    -0.131    -0.009     0.018
   7 0 0 0 1 1 1 1   2   1   0   0   0   0   0    21.681    22.015    21.046     0.000     0.000     0.000     0.000   0   0   0   0   0   0   0     0.000    -0.181     0.000    -0.062    -0.269     0.092     0.026
   7 0 0 0 1 1 1 1   2   1  12   0   0   0   0    21.517    22.015    53.341     0.000     0.000     0.000     0.000   0   0   0   0   0   0   0     0.000    -0.181     0.000    -0.043     0.107     0.009     0.050
   7 0 0 0 1 1 1 1   3   3   4   0   0   0   0    22.783    21.620    22.840     0.000     0.000     0.000     0.000   0   0   0   0   0   0   0     0.000    -0.181     0.000     0.016    -0.036     0.011     0.031
   7 0 0 0 1 1 1 1  14   3   1   0   0   0   0    48.728    22.783    22.015     0.000     0.000     0.000     0.000   0   0   0   0   0   0   0     0.000    -0.181     0.000    -0.007     0.017    -0.037    -0.125
   7 0 0 0 1 1 1 1  14  11   1   0   0   0   0    48.728    51.254    22.015     0.000     0.000     0.000     0.000   0   0   0   0   0   0   0     0.000    -0.181     0.000     0.017     0.064    -0.063    -0.255
   7 0 0 0 1 1 1 1  12   3   1   0   0   0   0    50.356    21.620    21.919     0.000     0.000     0.000     0.000   0   0   0   0   0   0   0     0.000    -0.181     0.000     0.102    -0.022     0.015     0.050
   7 0 0 0 1 1 1 1   2   1   0   0   0   0   0    21.552    22.015    21.243     0.000     0.000     0.000     0.000   0   0   0   0   0   0   0     0.000    -0.181     0.000    -0.037     0.015     0.001     0.019
   7 0 0 0 1 1 1 1   2   1  12   0   0   0   0    21.517    22.015    51.428     0.000     0.000     0.000     0.000   0   0   0   0   0   0   0     0.000    -0.181     0.000    -0.033    -0.119     0.003     0.018
   7 0 0 0 1 1 1 1   2   1   0   0   0   0   0    21.681    22.015    21.046     0.000     0.000     0.000     0.000   0   0   0   0   0   0   0     0.000    -0.181     0.000    -0.051    -0.243     0.080     0.021
   7 0 0 0 1 1 1 1   2   1  21   0   0   0   0    21.517    22.015    68.212     0.000     0.000     0.000     0.000   0   0   0   0   0   0   0     0.000    -0.181     0.000    -0.037     0.097     0.005     0.030
   7 0 0 0 1 1 1 1   4  13   7   0   0   0   0    22.640    49.069    20.124     0.000     0.000     0.000     0.000   0   0   0   0   0   0   0     0.000    -0.181     0.000     0.002    -0.031     0.008     0.024
   7 0 0 0 1 1 1 1   2   1  23   0   0   0   0    21.517    22.015     5.696     0.000     0.000     0.000     0.000   0   0   0   0   0   0   0     0.000    -0.181     0.000    -0.030    -0.113     0.003     0.017
   7 0 0 0 1 1 1 1   2   1  11   0   0   0   0    21.517    22.015    50.576     0.000     0.000     0.000     0.000   0   0   0   0   0   0   0     0.000    -0.181     0.000    -0.052    -0.230     0.011     0.042
   7 0 0 0 1 1 1 1   2   1   5   0   0   0   0    21.533    22.015    21.920     0.000     0.000     0.000     0.000   0   0   0   0   0   0   0     0.000    -0.181     0.000    -0.032     0.092     0.043     0.007
   7 0 0 0 1 1 1 1   2   3   0   0   0   0   0    21.552    21.620    21.522     0.000     0.000     0.000     0.000   0   0   0   0   0   0   0     0.000    -0.181     0.000     0.014    -0.031     0.007     0.026
   7 0 0 0 1 1 1 1   2   1   5   0   0   0   0    21.681    22.001    21.976     0.000     0.000     0.000     0.000   0   0   0   0   0   0   0     0.000    -0.181     0.000    -0.022    -0.083     0.017     0.007
   7 0 0 0 1 1 1 1   2   1   0   0   0   0   0    21.517    22.015    21.020     0.000     0.000     0.000     0.000   0   0   0   0   0   0   0     0.000    -0.181     0.000    -0.047    -0.219     0.071     0.014
   7 0 0 0 1 1 1 1  12   3   1   0   0   0   0    50.700    21.620    21.919     0.000     0.000     0.000     0.000   0   0   0   0   0   0   0     0.000    -0.181     0.000     0.087    -0.017     0.012     0.040
   7 0 0 0 1 1 1 1   0   2   7   0   0   0   0    21.197    21.517    20.130     0.000     0.000     0.000     0.000   0   0   0   0   0   0   0     0.000    -0.181     0.000    -0.027    -0.006     0.008     0.023
   7 0 0 0 1 1 1 1   2   1   4   0   0   0   0    21.517    22.015    22.640     0.000     0.000     0.000     0.000   0   0   0   0   0   0   0     0.000    -0.181     0.000    -0.025    -0.103    -0.006     0.011
   7 0 0 0 1 1 1 1   2   1   0   0   0   0   0    21.681    22.015    21.046     0.000     0.000     0.000     0.000   0   0   0   0   0   0   0     0.000    -0.181     0.000    -0.039    -0.208     0.065     0.016
   7 0 0 0 1 1 1 1   2   1   5   0   0   0   0    21.517    22.015    21.968     0.000     0.000     0.000     0.000   0   0   0   0   0   0   0     0.000    -0.181     0.000    -0.029     0.083     0.027     0.005
   7 0 0 0 1 1 1 1   0   1   7   0   0   0   0    21.197    21.967    20.126     0.000     0.000     0.000     0.000   0   0   0   0   0   0   0     0.000    -0.181     0.000    -0.006    -0.025     0.007     0.020
   7 0 0 0 1 1 1 1   2   1  28   0   0   0   0    21.517    22.015     5.605     0.000     0.000     0.000     0.000   0   0   0   0   0   0   0     0.000    -0.181     0.000    -0.022    -0.098     0.003     0.014
   7 0 0 0 1 1 1 1  14   3   3   0   0   0   0    48.986    22.783    21.620     0.000     0.000     0.000     0.000   0   0   0   0   0   0   0     0.000    -0.181     0.000    -0.027     0.019    -0.198    -0.064
   7 0 1 0 1 1 1 1   3   3   2   0   0   0   0    21.620    22.783    21.480     0.000     0.000     0.000     0.000   0   0   0   0   0   0   0     0.000     0.079     0.000    -0.027     0.019    -0.133     0.002
   7 0 0 0 1 1 1 1   0   3   7   0   0   0   0    21.197    21.620    20.130     0.000     0.000     0.000     0.000   0   0   0   0   0   0   0     0.000     0.079     0.000     0.016    -0.019     0.006     0.019
   7 0 0 0 1 1 1 1   2   1   2   0   0   0   0    21.497    22.015    21.681     0.000     0.000     0.000     0.000   0   0   0   0   0   0   0     0.000     0.079     0.000    -0.031    -0.093    -0.012     0.009
   7 0 0 0 1 1 1 1   2   1   3   0   0   0   0    21.490    22.015    22.721     0.000     0.000     0.000     0.000   0   0   0   0   0   0   0     0.000     0.079     0.000    -0.059    -0.188    -0.026     0.017
   7 0 0 0 1 1 1 1  12   1   5   0   0   0   0    48.392    22.015    21.920     0.000     0.000     0.000     0.000   0   0   0   0   0   0   0     0.000     0.079     0.000    -0.022     0.075     0.034     0.006
   7 0 0 0 1 1 1 1   2   3  26   0   0   0   0    21.517    21.620     5.891     0.000     0.000     0.000     0.000   0   0   0   0   0   0   0     0.000     0.079     0.000     0.016    -0.023     0.001     0.012
   7 0 0 0 1 1 1 1   3   1   4   0   0   0   0    21.731    22.015    22.640     0.000     0.000     0.000     0.000   0   0   0   0   0   0   0     0.000     0.079     0.000    -0.027    -0.088    -0.010     0.008
   7 0 0 0 1 1 1 1   2   3   3   0   0   0   0    21.486    21.620    22.783     0.000     0.000     0.000     0.000   0   0   0   0   0   0   0     0.000     0.079     0.000    -0.178    -0.053    -0.024     0.015
   7 0 1 0 1 1 1 1   3   3   2   0   0   0   0    21.620    21.620    21.480     0.000     0.000     0.000     0.000   0   0   0   0   0   0   0     0.000     0.071     0.000    -0.178    -0.053    -0.125     0.002
   7 0 0 0 1 1 1 1   4   3   7   0   0   0   0    22.588    21.620    20.121     0.000     0.000     0.000     0.000   0   0   0   0   0   0   0     0.000     0.071     0.000     0.015    -0.017     0.002     0.013
   7 0 0 0 1 1 1 1   2   1   3   0   0   0   0    21.490    22.015    22.721     0.000     0.000     0.000     0.000   0   0   0   0   0   0   0     0.000     0.071     0.000    -0.029    -0.084    -0.012     0.008
   7 0 0 0 1 1 1 1   2   3  11   0   0   0   0    21.490    21.620    48.808     0.000     0.000     0.000     0.000   0   0   0   0   0   0   0     0.000     0.071     0.000    -0.169    -0.051    -0.015     0.018
   7 0 0 0 1 1 1 1  12   3   1   0   0   0   0    50.700    21.620    21.919     0.000     0.000     0.000     0.000   0   0   0   0   0   0   0     0.000     0.071     0.000     0.068    -0.013     0.009     0.031
   7 0 0 0 1 1 1 1   2   3   0   0   0   0   0    21.517    21.620    21.522     0.000     0.000     0.000     0.000   0   0   0   0   0   0   0     0.000     0.071     0.000     0.014    -0.019     0.004     0.015
   7 0 0 0 1 1 1 1  14   2   1   0   0   0   0    48.986    21.681    22.015     0.000     0.000     0.000     0.000   0   0   0   0   0   0   0     0.000     0.071     0.000    -0.011     0.007    -0.027    -0.080
   7 0 0 0 1 1 1 1   2   1   3   0   0   0   0    21.486    22.015    22.721     0.000     0.000     0.000     0.000   0   0   0   0   0   0   0     0.000     0.071     0.000    -0.046    -0.161    -0.021     0.012
   7 0 0 0 1 1 1 1   2   1  12   0   0   0   0    21.517    22.015    53.341     0.000     0.000     0.000     0.000   0   0   0   0   0   0   0     0.000     0.071     0.000    -0.022     0.064     0.005     0.027
   7 0 0 0 1 1 1 1  25   1   7   0   0   0   0     5.735    21.978    20.124     0.000     0.000     0.000     0.000   0   0   0   0   0   0   0     0.000     0.071     0.000    -0.006    -0.019     0.004     0.012
   7 0 0 0 1 1 1 1  14   4   1   0   0   0   0    48.986    22.640    22.015     0.000     0.000     0.000     0.000   0   0   0   0   0   0   0     0.000     0.071     0.000    -0.009     0.006    -0.025    -0.076
   7 0 1 0 1 1 1 1   2   4  11   0   0   0   0    21.480    22.640    48.808     0.000     0.000     0.000     0.000   0   0   0   0   0   0   0     0.000    -0.126     0.000    -0.009     0.006    -0.014     0.015
   7 0 0 0 1 1 1 1   3   1  12   0   0   0   0    21.731    22.015    52.207     0.000     0.000     0.000     0.000   0   0   0   0   0   0   0     0.000    -0.126     0.000    -0.041     0.061    -0.001     0.013
   7 0 0 0 1 1 1 1  17   1   7   0   0   0   0    55.965    22.015    20.121     0.000     0.000     0.000     0.000   0   0   0   0   0   0   0     0.000    -0.126     0.000    -0.015     0.014     0.001     0.010
   7 0 0 0 1 1 1 1   2   1   3   0   0   0   0    21.490    22.015    22.783     0.000     0.000     0.000     0.000   0   0   0   0   0   0   0     0.000    -0.126     0.000    -0.023    -0.072    -0.008     0.006
   7 0 1 0 1 1 1 1   3   1   2   0   0   0   0    21.620    22.015    21.517     0.000     0.000     0.000     0.000   0   0   0   0   0   0   0     0.000    -0.147     0.000    -0.023    -0.072    -0.025     0.009
   7 0 0 1 1 1 1 1  14   2   2   0   0   0   0    49.094    21.480    21.517     0.000     0.000     0.000     0.000   0   0   0   0   0   0   0     0.000    -0.147     0.058    -0.115     0.002    -0.025     0.009
   7 0 0 0 1 1 1 1   2   1   0   0   0   0   0    21.517    22.015    21.239     0.000     0.000     0.000     0.000   0   0   0   0   0   0   0     0.000    -0.147     0.058    -0.015     0.014    -0.001     0.007
   7 0 0 0 1 1 1 1   2   1  28   0   0   0   0    21.497    22.015     5.597     0.000     0.000     0.000     0.000   0   0   0   0   0   0   0     0.000    -0.147     0.058    -0.020    -0.068    -0.003     0.008
   7 0 1 0 1 1 1 1   3   1   2   0   0   0   0    21.620    22.015    21.517     0.000     0.000     0.000     0.000   0   0   0   0   0   0   0     0.000    -0.139     0.058    -0.020    -0.068    -0.022     0.008
   7 0 0 1 1 1 1 1  14   2   2   0   0   0   0    49.094    21.480    21.517     0.000     0.000     0.000     0.000   0   0   0   0   0   0   0     0.000    -0.139     0.055    -0.109     0.002    -0.022     0.008
   7 0 0 0 1 1 1 1  25   1   7   0   0   0   0     5.735    21.980    20.130     0.000     0.000     0.000     0.000   0   0   0   0   0   0   0     0.000    -0.139     0.055    -0.005    -0.017     0.003     0.010
   7 0 0 0 1 1 1 1   2   1   4   0   0   0   0    21.490    22.015    22.640     0.000     0.000     0.000     0.000   0   0   0   0   0   0   0     0.000    -0.139     0.055    -0.020    -0.065    -0.007     0.005
   7 0 1 0 1 1 1 1   3   1  23   0   0   0   0    21.620    22.015     5.696     0.000     0.000     0.000     0.000   0   0   0   0   0   0   0     0.000    -0.132     0.055    -0.020    -0.065    -0.011     0.014
   7 0 0 0 1 1 1 1   2   1  12   0   0   0   0    21.501    22.015    52.196     0.000     0.000     0.000     0.000   0   0   0   0   0   0   0     0.000    -0.132     0.055    -0.029     0.052    -0.001     0.011
   7 0 0 0 1 1 1 1   2   1   0   0   0   0   0    21.517    22.015    21.522     0.000     0.000     0.000     0.000   0   0   0   0   0   0   0     0.000    -0.132     0.055    -0.012     0.014     0.002     0.010
   7 0 0 0 1 1 1 1   2   1  11   0   0   0   0    21.490    22.015    48.808     0.000     0.000     0.000     0.000   0   0   0   0   0   0   0     0.000    -0.132     0.055    -0.018    -0.062    -0.005     0.006
   7 0 0 0 1 1 1 1   2   1   0   0   0   0   0    21.490    22.015    21.020     0.000     0.000     0.000     0.000   0   0   0   0   0   0   0     0.000    -0.132     0.055    -0.036    -0.126     0.051    -0.000
   7 0 0 0 1 1 1 1   2   1   5   0   0   0   0    21.490    22.015    21.977     0.000     0.000     0.000     0.000   0   0   0   0   0   0   0     0.000    -0.132     0.055    -0.063     0.050     0.010    -0.002
   7 0 0 0 1 1 1 1   4   1   7   0   0   0   0    22.729    21.984    20.130     0.000     0.000     0.000     0.000   0   0   0   0   0   0   0     0.000    -0.132     0.055    -0.004    -0.015     0.003     0.009
   7 0 0 0 1 1 1 1  14  28   1   0   0   0   0    48.957     5.610    22.015     0.000     0.000     0.000     0.000   0   0   0   0   0   0   0     0.000    -0.132     0.055    -0.002     0.007    -0.017    -0.059
   7 0 0 0 1 1 1 1  14  23   1   0   0   0   0    48.933     5.746    22.015     0.000     0.000     0.000     0.000   0   0   0   0   0   0   0     0.000    -0.132     0.055     0.000     0.034    -0.033    -0.119
   7 0 1 0 1 1 1 1   3  23   2   0   0   0   0    21.620     5.746    21.480     0.000     0.000     0.000     0.000   0   0   0   0   0   0   0     0.000     0.047     0.055     0.000     0.034    -0.099     0.002
   7 0 0 0 1 1 1 1   3   1   0   0   0   0   0    21.750    22.015    21.241     0.000     0.000     0.000     0.000   0   0   0   0   0   0   0     0.000     0.047     0.055    -0.013     0.014    -0.001     0.005
   7 0 1 0 1 1 1 1   3   1   2   0   0   0   0    21.620    22.015    21.502     0.000     0.000     0.000     0.000   0   0   0   0   0   0   0     0.000    -0.056     0.055    -0.013     0.014    -0.012     0.003
   7 0 0 1 1 1 1 1  14   3   2   0   0   0   0    49.094    21.750    21.502     0.000     0.000     0.000     0.000   0   0   0   0   0   0   0     0.000    -0.056    -0.113    -0.021     0.006    -0.012     0.003
   7 0 1 0 1 1 1 1   3   3   2   0   0   0   0    21.620    21.750    21.480     0.000     0.000     0.000     0.000   0   0   0   0   0   0   0     0.000     0.045    -0.113    -0.021     0.006    -0.094     0.002
   7 0 0 0 1 1 1 1   4   1   7   0   0   0   0    22.735    22.015    20.130     0.000     0.000     0.000     0.000   0   0   0   0   0   0   0     0.000     0.045    -0.113    -0.007     0.013     0.002     0.008
   7 0 1 0 1 1 1 1   3   1   3   0   0   0   0    21.620    22.015    21.750     0.000     0.000     0.000     0.000   0   0   0   0   0   0   0     0.000    -0.053    -0.113    -0.007     0.013    -0.010     0.003
   7 0 1 0 1 1 1 1   3   1  28   0   0   0   0    21.620    22.015     5.610     0.000     0.000     0.000     0.000   0   0   0   0   0   0   0     0.000    -0.108    -0.113    -0.007     0.013    -0.007     0.015
   7 0 1 0 1 1 1 1   3   1   2   0   0   0   0    21.620    22.015    21.480     0.000     0.000     0.000     0.000   0   0   0   0   0   0   0     0.000     0.043    -0.113    -0.007     0.013    -0.090     0.001
   7 0 0 0 1 1 1 1   3   1   7   0   0   0   0    21.746    22.015    20.121     0.000     0.000     0.000     0.000   0   0   0   0   0   0   0     0.000     0.043    -0.113    -0.012     0.012    -0.000     0.005
   7 0 1 0 1 1 1 1   3   1   4   0   0   0   0    21.620    22.015    22.588     0.000     0.000     0.000     0.000   0   0   0   0   0   0   0     0.000    -0.050    -0.113    -0.012     0.012    -0.007     0.003
   7 0 0 0 1 1 1 1   2   3   0   0   0   0   0    21.486    21.620    21.020     0.000     0.000     0.000     0.000   0   0   0   0   0   0   0     0.000    -0.050    -0.113    -0.102    -0.028     0.043    -0.001
   7 0 0 0 1 1 1 1  12   3   1   0   0   0   0    50.700    21.620    21.919     0.000     0.000     0.000     0.000   0   0   0   0   0   0   0     0.000    -0.050    -0.113     0.040    -0.008     0.004     0.023
   7 0 0 0 1 1 1 1   3   1   4   0   0   0   0    21.736    22.015    22.778     0.000     0.000     0.000     0.000   0   0   0   0   0   0   0     0.000    -0.050    -0.113    -0.013     0.012    -0.002     0.004
   7 0 1 0 1 1 1 1   3   1   2   0   0   0   0    21.620    22.015    21.501     0.000     0.000     0.000     0.000   0   0   0   0   0   0   0     0.000    -0.048    -0.113    -0.013     0.012    -0.011     0.002
   7 0 0 0 1 1 1 1   2   3   0   0   0   0   0    21.497    21.620    21.020     0.000     0.000     0.000     0.000   0   0   0   0   0   0   0     0.000    -0.048    -0.113    -0.097    -0.027     0.040     0.001
   7 0 0 0 1 1 1 1   2   1   5   0   0   0   0    21.490    22.015    21.920     0.000     0.000     0.000     0.000   0   0   0   0   0   0   0     0.000    -0.048    -0.113    -0.051     0.038     0.021     0.000
   7 0 0 0 1 1 1 1   2   1   0   0   0   0   0    21.497    22.015    21.239     0.000     0.000     0.000     0.000   0   0   0   0   0   0   0     0.000    -0.048    -0.113    -0.015     0.011    -0.002     0.003
   7 0 1 0 1 1 1 1   3   1  28   0   0   0   0    21.620    22.015     5.610     0.000     0.000     0.000     0.000   0   0   0   0   0   0   0     0.000    -0.045    -0.113    -0.015     0.011    -0.003     0.006
   7 0 0 1 1 1 1 1  14   2  28   0   0   0   0    49.094    21.681     5.610     0.000     0.000     0.000     0.000   0   0   0   0   0   0   0     0.000    -0.045    -0.092    -0.013     0.006    -0.003     0.006
   7 0 0 0 1 1 1 1   2  21  12   0   0   0   0    21.486    67.876    52.534     0.000     0.000     0.000     0.000   0   0   0   0   0   0   0     0.000    -0.045    -0.092     0.019    -0.082    -0.001     0.011
   7 0 0 0 1 1 1 1   2   1   7   0   0   0   0    21.497    22.015    20.123     0.000     0.000     0.000     0.000   0   0   0   0   0   0   0     0.000    -0.045    -0.092    -0.014     0.011    -0.001     0.004
   7 0 0 0 1 1 1 1  14  28   1   0   0   0   0    49.027     5.608    22.015     0.000     0.000     0.000     0.000   0   0   0   0   0   0   0     0.000    -0.045    -0.092    -0.002     0.005    -0.012    -0.043
   7 0 1 0 1 1 1 1   3  28  11   0   0   0   0    21.620     5.608    50.677     0.000     0.000     0.000     0.000   0   0   0   0   0   0   0     0.000    -0.088    -0.092    -0.002     0.005    -0.004     0.017
   7 0 0 0 1 1 1 1   2  10   5   0   0   0   0    21.486    15.193    21.920     0.000     0.000     0.000     0.000   0   0   0   0   0   0   0     0.000    -0.088    -0.092    -0.078     0.018     0.019     0.000
   7 0 0 0 1 1 1 1  17   1   7   0   0   0   0    55.874    22.015    20.130     0.000     0.000     0.000     0.000   0   0   0   0   0   0   0     0.000    -0.088    -0.092    -0.006     0.010     0.001     0.006
   7 0 0 0 1 1 1 1   2   1   4   0   0   0   0    21.490    22.015    22.640     0.000     0.000     0.000     0.000   0   0   0   0   0   0   0     0.000    -0.088    -0.092    -0.012    -0.041    -0.004     0.003
   7 0 0 0 1 1 1 1   2   3   0   0   0   0   0    21.490    21.620    21.020     0.000     0.000     0.000     0.000   0   0   0   0   0   0   0     0.000    -0.088    -0.092    -0.083    -0.024     0.035    -0.000
   7 0 0 0 1 1 1 1   3   1   5   0   0   0   0    21.752    22.015    21.920     0.000     0.000     0.000     0.000   0   0   0   0   0   0   0     0.000    -0.088    -0.092    -0.014     0.035     0.017     0.002
   7 0 0 0 1 1 1 1   2   1   4   0   0   0   0    21.495    22.015    22.778     0.000     0.000     0.000     0.000   0   0   0   0   0   0   0     0.000    -0.088    -0.092    -0.013     0.010    -0.001     0.003
   7 0 1 0 1 1 1 1   3   1   2   0   0   0   0    21.620    22.015    21.501     0.000     0.000     0.000     0.000   0   0   0   0   0   0   0     0.000    -0.039    -0.092    -0.013     0.010    -0.009     0.001
   7 0 0 0 1 1 1 1   2   1   0   0   0   0   0    21.497    22.015    21.020     0.000     0.000     0.000     0.000   0   0   0   0   0   0   0     0.000    -0.039    -0.092    -0.022    -0.079     0.033     0.001
   7 0 0 0 1 1 1 1  14  12  10   0   0   0   0    49.027    52.423    15.193     0.000     0.000     0.000     0.000   0   0   0   0   0   0   0     0.000    -0.039    -0.092    -0.001     0.008    -0.073     0.016
   7 0 0 0 1 1 1 1   2   1   7   0   0   0   0    21.493    22.015    20.117     0.000     0.000     0.000     0.000   0   0   0   0   0   0   0     0.000    -0.039    -0.092    -0.016     0.009    -0.001     0.003
   7 0 1 0 1 1 1 1   3   1   2   0   0   0   0    21.620    22.015    21.501     0.000     0.000     0.000     0.000   0   0   0   0   0   0   0     0.000    -0.037    -0.092    -0.016     0.009    -0.008     0.001
   7 0 1 0 1 1 1 1   3   1  23   0   0   0   0    21.620    22.015     5.694     0.000     0.000     0.000     0.000   0   0   0   0   0   0   0     0.000    -0.075    -0.092    -0.016     0.009    -0.006     0.008
   7 0 0 0 1 1 1 1   2  10   5   0   0   0   0    21.486    15.193    21.978     0.000     0.000     0.000     0.000   0   0   0   0   0   0   0     0.000    -0.075    -0.092    -0.070     0.015     0.006    -0.002
   7 0 0 0 1 1 1 1   2   1   4   0   0   0   0    21.490    22.015    22.832     0.000     0.000     0.000     0.000   0   0   0   0   0   0   0     0.000    -0.075    -0.092    -0.017     0.009    -0.000     0.004
   7 0 1 0 1 1 1 1   3   1  28   0   0   0   0    21.620    22.015     5.610     0.000     0.000     0.000     0.000   0   0   0   0   0   0   0     0.000    -0.035    -0.092    -0.017     0.009    -0.002     0.004
   7 0 0 0 1 1 1 1   3   1   0   0   0   0   0    21.731    22.015    21.020     0.000     0.000     0.000     0.000   0   0   0   0   0   0   0     0.000    -0.035    -0.092    -0.019    -0.071     0.029     0.001
   7 0 0 0 1 1 1 1   2   1  12   0   0   0   0    21.486    22.015    52.652     0.000     0.000     0.000     0.000   0   0   0   0   0   0   0     0.000    -0.035    -0.092    -0.051     0.031    -0.000     0.009
   7 0 0 0 1 1 1 1   1   1   6   0   0   0   0    22.015    21.993    20.260     0.000     0.000     0.000     0.000   0   0   0   0   0   0   0     0.000    -0.035    -0.092    -0.000    -0.016     0.006     0.003
   7 0 0 0 1 1 1 1   2   3   5   0   0   0   0    21.486    21.620    21.977     0.000     0.000     0.000     0.000   0   0   0   0   0   0   0     0.000    -0.035    -0.092    -0.033    -0.009     0.004    -0.002
   7 0 0 0 1 1 1 1   2   3  28   0   0   0   0    21.486    21.620     5.626     0.000     0.000     0.000     0.000   0   0   0   0   0   0   0     0.000    -0.035    -0.092    -0.068    -0.019    -0.002     0.015
   7 0 1 0 1 1 1 1   3   3   2   0   0   0   0    21.620    21.620    21.480     0.000     0.000     0.000     0.000   0   0   0   0   0   0   0     0.000     0.030    -0.092    -0.068    -0.019    -0.064     0.001
   7 0 0 0 1 1 1 1  17   1   7   0   0   0   0    55.863    22.015    20.130     0.000     0.000     0.000     0.000   0   0   0   0   0   0   0     0.000     0.030    -0.092    -0.005     0.008     0.000     0.004
   7 0 0 0 1 1 1 1   2   3   1   0   0   0   0    21.490    21.620    21.923     0.000     0.000     0.000     0.000   0   0   0   0   0   0   0     0.000     0.030    -0.092    -0.032    -0.009     0.003    -0.002
   7 0 1 0 1 1 1 1   3   3   3   0   0   0   0    21.620    21.620    21.746     0.000     0.000     0.000     0.000   0   0   0   0   0   0   0     0.000    -0.065    -0.092    -0.032    -0.009    -0.014     0.003
   7 0 0 0 1 1 1 1   2  10   5   0   0   0   0    21.486    15.193    21.920     0.000     0.000     0.000     0.000   0   0   0   0   0   0   0     0.000    -0.065    -0.092    -0.061     0.014     0.014     0.000
   7 0 0 0 1 1 1 1  14   7   1   0   0   0   0    48.986    20.115    22.015     0.000     0.000     0.000     0.000   0   0   0   0   0   0   0     0.000    -0.065    -0.092    -0.001     0.002    -0.014     0.008
   7 0 1 0 1 1 1 1   3   7   4   0   0   0   0    21.620    20.115    22.640     0.000     0.000     0.000     0.000   0   0   0   0   0   0   0     0.000    -0.030    -0.092    -0.001     0.002    -0.004     0.002
   7 0 1 0 1 1 1 1   3   7  28   0   0   0   0    21.620    20.115     5.600     0.000     0.000     0.000     0.000   0   0   0   0   0   0   0     0.000    -0.061    -0.092    -0.001     0.002    -0.004     0.007
   7 0 1 0 1 1 1 1   3   7   2   0   0   0   0    21.620    20.115    21.480     0.000     0.000     0.000     0.000   0   0   0   0   0   0   0     0.000     0.028    -0.092    -0.001     0.002    -0.058     0.001
   7 0 0 0 1 1 1 1   3   1  26   0   0   0   0    21.711    22.015     5.891     0.000     0.000     0.000     0.000   0   0   0   0   0   0   0     0.000     0.028    -0.092    -0.010     0.007    -0.001     0.002
   7 0 1 0 1 1 1 1   3   1   2   0   0   0   0    21.620    22.015    21.499     0.000     0.000     0.000     0.000   0   0   0   0   0   0   0     0.000    -0.029    -0.092    -0.010     0.007    -0.007     0.001
   7 0 1 0 1 1 1 1   2   1   6   0   0   0   0    21.480    22.015    20.530     0.000     0.000     0.000     0.000   0   0   0   0   0   0   0     0.000    -0.048    -0.092    -0.010     0.007    -0.001     0.025
   7 0 0 0 1 1 1 1   2   1  11   0   0   0   0    21.497    22.015    51.844     0.000     0.000     0.000     0.000   0   0   0   0   0   0   0     0.000    -0.048    -0.092    -0.020     0.026     0.000     0.013
   7 0 0 0 1 1 1 1   2   1   4   0   0   0   0    21.490    22.015    22.753     0.000     0.000     0.000     0.000   0   0   0   0   0   0   0     0.000    -0.048    -0.092    -0.012     0.007    -0.001     0.001
   7 0 0 1 1 1 1 1  14  28   4   0   0   0   0    49.094     5.610    22.753     0.000     0.000     0.000     0.000   0   0   0   0   0   0   0     0.000    -0.048    -0.027    -0.002     0.003    -0.001     0.001
   7 0 1 0 1 1 1 1   3  28   2   0   0   0   0    21.620     5.610    21.501     0.000     0.000     0.000     0.000   0   0   0   0   0   0   0     0.000    -0.056    -0.027    -0.002     0.003    -0.013     0.002
   7 0 0 0 1 1 1 1   2   1   5   0   0   0   0    21.486    22.015    21.978     0.000     0.000     0.000     0.000   0   0   0   0   0   0   0     0.000    -0.056    -0.027    -0.041     0.025     0.004    -0.002
   7 0 0 0 1 1 1 1   1   2   6   0   0   0   0    22.015    21.490    20.258     0.000     0.000     0.000     0.000   0   0   0   0   0   0   0     0.000    -0.056    -0.027    -0.011    -0.000     0.005     0.003
   7 0 0 0 1 1 1 1   2   3   4   0   0   0   0    21.490    21.620    22.819     0.000     0.000     0.000     0.000   0   0   0   0   0   0   0     0.000    -0.056    -0.027    -0.026    -0.008    -0.001     0.003
   7 0 1 0 1 1 1 1   3   3   0   0   0   0   0    21.620    21.620    21.020     0.000     0.000     0.000     0.000   0   0   0   0   0   0   0     0.000    -0.053    -0.027    -0.026    -0.008     0.023    -0.001
   7 0 1 0 1 1 1 1   3   3   2   0   0   0   0    21.620    21.620    21.480     0.000     0.000     0.000     0.000   0   0   0   0   0   0   0     0.000     0.024    -0.027    -0.026    -0.008    -0.052     0.001
   7 0 0 0 1 1 1 1   1   2   0   0   0   0   0    22.015    21.486    21.464     0.000     0.000     0.000     0.000   0   0   0   0   0   0   0     0.000     0.024    -0.027    -0.012    -0.000     0.006     0.003
   7 0 1 0 1 1 1 1   2   2  10   0   0   0   0    21.480    21.486    15.170     0.000     0.000     0.000     0.000   0   0   0   0   0   0   0     0.000    -0.020    -0.027    -0.012    -0.000     0.002    -0.002
   7 0 0 0 1 1 1 1   3   3   0   0   0   0   0    21.711    21.620    21.020     0.000     0.000     0.000     0.000   0   0   0   0   0   0   0     0.000    -0.020    -0.027    -0.050    -0.015     0.022     0.000
