  348
   1 1   0     0.000   0     4.838
   1 1   0     0.000   0     5.480
   1 1   0     0.000   0     5.781
   1 1   0     0.000   0     5.994
   7 0 0 0 1 1 1 1  17  22  29   0   0   0   0    57.378     5.465     5.621     0.000     0.000     0.000     0.000   0   0   0   0   0   0   0     0.000     0.000     0.000    -0.072    -0.190     0.579     0.088
   7 0 0 0 1 1 1 1   3   3  25   0   0   0   0    22.590    22.190     5.814     0.000     0.000     0.000     0.000   0   0   0   0   0   0   0     0.000     0.000     0.000    -0.253    -0.127     0.033     0.150
   7 0 0 0 1 1 1 1  24   4  15   0   0   0   0     5.314    22.355    53.832     0.000     0.000     0.000     0.000   0   0   0   0   0   0   0     0.000     0.000     0.000    -0.241    -0.138     0.051     0.123
   7 0 0 0 1 1 1 1  24  20  28   0   0   0   0     5.308    62.417     5.598     0.000     0.000     0.000     0.000   0   0   0   0   0   0   0     0.000     0.000     0.000    -0.440    -0.275     0.065     0.214
   7 0 0 0 1 1 1 1  17  18  20   0   0   0   0    57.378    49.572    62.408     0.000     0.000     0.000     0.000   0   0   0   0   0   0   0     0.000     0.000     0.000    -0.067    -0.175     0.055     0.172
   7 0 0 0 1 1 1 1   3  18  25   0   0   0   0    22.590    49.190     5.825     0.000     0.000     0.000     0.000   0   0   0   0   0   0   0     0.000     0.000     0.000    -0.067    -0.184     0.031     0.135
   7 0 0 0 1 1 1 1  24  29  27   0   0   0   0     5.314     5.318     5.504     0.000     0.000     0.000     0.000   0   0   0   0   0   0   0     0.000     0.000     0.000    -0.242    -0.138     0.068     0.001
   7 0 0 0 1 1 1 1  29  20  28   0   0   0   0     5.615    62.417     5.541     0.000     0.000     0.000     0.000   0   0   0   0   0   0   0     0.000     0.000     0.000    -0.398    -0.248     0.053     0.180
   7 0 0 0 1 1 1 1  12  22  29   0   0   0   0    49.008     5.470     5.621     0.000     0.000     0.000     0.000   0   0   0   0   0   0   0     0.000     0.000     0.000    -0.086    -0.167     0.542     0.059
   7 0 0 0 1 1 1 1   4  25  25   0   0   0   0    22.575     5.266     5.906     0.000     0.000     0.000     0.000   0   0   0   0   0   0   0     0.000     0.000     0.000    -0.215    -0.103     0.047     0.134
   7 0 0 0 1 1 1 1  24   1  13   0   0   0   0     5.308    21.912    53.552     0.000     0.000     0.000     0.000   0   0   0   0   0   0   0     0.000     0.000     0.000    -0.115    -0.200     0.041     0.108
   7 0 0 0 1 1 1 1  24  20  28   0   0   0   0     5.308    62.434     5.598     0.000     0.000     0.000     0.000   0   0   0   0   0   0   0     0.000     0.000     0.000    -0.332    -0.208     0.053     0.175
   7 0 0 0 1 1 1 1  17  18  29   0   0   0   0    57.925    49.535     5.621     0.000     0.000     0.000     0.000   0   0   0   0   0   0   0     0.000     0.000     0.000    -0.055    -0.142     0.515     0.066
   7 0 0 0 1 1 1 1   4  25  25   0   0   0   0    22.575     5.583     5.805     0.000     0.000     0.000     0.000   0   0   0   0   0   0   0     0.000     0.000     0.000    -0.150    -0.045     0.021     0.110
   7 0 0 0 1 1 1 1  24   3  27   0   0   0   0     5.314    22.072     5.504     0.000     0.000     0.000     0.000   0   0   0   0   0   0   0     0.000     0.000     0.000    -0.210    -0.114     0.056    -0.003
   7 0 0 0 1 1 1 1  29   0  28   0   0   0   0     5.615    21.142     5.523     0.000     0.000     0.000     0.000   0   0   0   0   0   0   0     0.000     0.000     0.000    -0.222    -0.481     0.041     0.146
   7 0 0 0 1 1 1 1  17  22  14   0   0   0   0    57.925     5.467    46.650     0.000     0.000     0.000     0.000   0   0   0   0   0   0   0     0.000     0.000     0.000    -0.052    -0.135     0.054     0.263
   7 0 0 0 1 1 1 1   4   1  25   0   0   0   0    22.575    21.915     5.906     0.000     0.000     0.000     0.000   0   0   0   0   0   0   0     0.000     0.000     0.000    -0.085    -0.191     0.037     0.110
   7 0 0 0 1 1 1 1  31   1  13   0   0   0   0     5.328    21.904    53.552     0.000     0.000     0.000     0.000   0   0   0   0   0   0   0     0.000     0.000     0.000    -0.087    -0.161     0.032     0.092
   7 0 0 0 1 1 1 1  24  20  28   0   0   0   0     5.308    62.411     5.598     0.000     0.000     0.000     0.000   0   0   0   0   0   0   0     0.000     0.000     0.000    -0.313    -0.180     0.042     0.144
   7 0 0 0 1 1 1 1  12  18  11   0   0   0   0    49.139    49.989    47.969     0.000     0.000     0.000     0.000   0   0   0   0   0   0   0     0.000     0.000     0.000    -0.074    -0.162     0.476     0.045
   7 0 0 0 1 1 1 1  17  12  23   0   0   0   0    57.378    47.730     5.620     0.000     0.000     0.000     0.000   0   0   0   0   0   0   0     0.000     0.000     0.000    -0.143    -0.057     0.100     0.033
   7 0 0 0 1 1 1 1  24  24  27   0   0   0   0     5.314     5.042     5.504     0.000     0.000     0.000     0.000   0   0   0   0   0   0   0     0.000     0.000     0.000    -0.175    -0.092     0.046    -0.006
   7 0 0 0 1 1 1 1  24   0  28   0   0   0   0     5.308    21.142     5.516     0.000     0.000     0.000     0.000   0   0   0   0   0   0   0     0.000     0.000     0.000    -0.179    -0.428     0.033     0.119
   7 0 0 0 1 1 1 1  17  22   3   0   0   0   0    57.925     5.456    22.656     0.000     0.000     0.000     0.000   0   0   0   0   0   0   0     0.000     0.000     0.000    -0.029    -0.096     0.452     0.049
   7 0 0 0 1 1 1 1   4   1  28   0   0   0   0    22.635    21.926     5.444     0.000     0.000     0.000     0.000   0   0   0   0   0   0   0     0.000     0.000     0.000    -0.071    -0.177     0.097     0.037
   7 0 0 0 1 1 1 1  24   3  13   0   0   0   0     5.308    22.026    53.258     0.000     0.000     0.000     0.000   0   0   0   0   0   0   0     0.000     0.000     0.000    -0.166    -0.086     0.025     0.076
   7 0 0 0 1 1 1 1  29  23  28   0   0   0   0     5.615     5.498     5.627     0.000     0.000     0.000     0.000   0   0   0   0   0   0   0     0.000     0.000     0.000    -0.245    -0.135     0.041     0.153
   7 0 0 0 1 1 1 1  17  22  20   0   0   0   0    57.925     5.473    62.408     0.000     0.000     0.000     0.000   0   0   0   0   0   0   0     0.000     0.000     0.000    -0.041    -0.109     0.024     0.121
   7 0 0 0 1 1 1 1  17  18  23   0   0   0   0    57.378    48.746     5.620     0.000     0.000     0.000     0.000   0   0   0   0   0   0   0     0.000     0.000     0.000    -0.020    -0.103     0.082     0.026
   7 0 0 0 1 1 1 1  24  18  17   0   0   0   0     5.314    49.597    59.140     0.000     0.000     0.000     0.000   0   0   0   0   0   0   0     0.000     0.000     0.000    -0.061    -0.121     0.011     0.047
   7 0 0 0 1 1 1 1  29   0  24   0   0   0   0     5.615    21.142     5.372     0.000     0.000     0.000     0.000   0   0   0   0   0   0   0     0.000     0.000     0.000    -0.145    -0.380     0.016     0.088
   7 0 0 0 1 1 1 1  12  18  11   0   0   0   0    49.008    50.058    47.969     0.000     0.000     0.000     0.000   0   0   0   0   0   0   0     0.000     0.000     0.000    -0.057    -0.143     0.423     0.032
   7 0 0 0 1 1 1 1  17  25   9   0   0   0   0    57.378     5.294    17.820     0.000     0.000     0.000     0.000   0   0   0   0   0   0   0     0.000     0.000     0.000    -0.122    -0.047     0.004     0.066
   7 0 0 0 1 1 1 1  24   3  19   0   0   0   0     5.314    21.900    66.157     0.000     0.000     0.000     0.000   0   0   0   0   0   0   0     0.000     0.000     0.000    -0.157    -0.071     0.019     0.059
   7 0 0 0 1 1 1 1  24   7  28   0   0   0   0     5.308    20.017     5.627     0.000     0.000     0.000     0.000   0   0   0   0   0   0   0     0.000     0.000     0.000    -0.120    -0.260     0.033     0.130
   7 0 0 0 1 1 1 1  12  22  11   0   0   0   0    49.272     5.472    47.969     0.000     0.000     0.000     0.000   0   0   0   0   0   0   0     0.000     0.000     0.000    -0.036    -0.089     0.402     0.034
   7 0 0 0 1 1 1 1  12  14  25   0   0   0   0    48.732    48.527     5.699     0.000     0.000     0.000     0.000   0   0   0   0   0   0   0     0.000     0.000     0.000    -0.073    -0.177    -0.006     0.059
   7 0 0 0 1 1 1 1  24   3  27   0   0   0   0     5.308    22.005     5.504     0.000     0.000     0.000     0.000   0   0   0   0   0   0   0     0.000     0.000     0.000    -0.136    -0.063     0.032    -0.011
   7 0 0 0 1 1 1 1  24   0  24   0   0   0   0     5.308    21.142     5.387     0.000     0.000     0.000     0.000   0   0   0   0   0   0   0     0.000     0.000     0.000    -0.117    -0.339     0.014     0.077
   7 0 0 0 1 1 1 1  17  18  23   0   0   0   0    57.378    50.058     5.668     0.000     0.000     0.000     0.000   0   0   0   0   0   0   0     0.000     0.000     0.000    -0.039    -0.122     0.017     0.109
   7 0 0 0 1 1 1 1  12   3  25   0   0   0   0    48.732    21.900     5.719     0.000     0.000     0.000     0.000   0   0   0   0   0   0   0     0.000     0.000     0.000    -0.161    -0.066    -0.005     0.054
   7 0 0 0 1 1 1 1  24   1  17   0   0   0   0     5.308    21.900    59.248     0.000     0.000     0.000     0.000   0   0   0   0   0   0   0     0.000     0.000     0.000    -0.042    -0.092     0.012     0.047
   7 0 0 0 1 1 1 1  24  20  28   0   0   0   0     5.308    62.434     5.627     0.000     0.000     0.000     0.000   0   0   0   0   0   0   0     0.000     0.000     0.000    -0.171    -0.075     0.026     0.110
   7 0 0 0 1 1 1 1  15  25   3   0   0   0   0    52.990     5.616    22.656     0.000     0.000     0.000     0.000   0   0   0   0   0   0   0     0.000     0.000     0.000    -0.050     0.011     0.381     0.065
   7 0 0 0 1 1 1 1  12   3  23   0   0   0   0    49.008    22.026     5.620     0.000     0.000     0.000     0.000   0   0   0   0   0   0   0     0.000     0.000     0.000    -0.131    -0.052     0.056     0.009
   7 0 0 0 1 1 1 1  24   3  26   0   0   0   0     5.314    21.900     5.792     0.000     0.000     0.000     0.000   0   0   0   0   0   0   0     0.000     0.000     0.000    -0.122    -0.051    -0.026     0.024
   7 0 0 0 1 1 1 1  24   0  28   0   0   0   0     5.308    21.142     5.516     0.000     0.000     0.000     0.000   0   0   0   0   0   0   0     0.000     0.000     0.000    -0.094    -0.306     0.014     0.071
   7 0 0 0 1 1 1 1  15  25   3   0   0   0   0    52.990     5.616    22.656     0.000     0.000     0.000     0.000   0   0   0   0   0   0   0     0.000     0.000     0.000    -0.045     0.010     0.362     0.058
   7 0 0 0 1 1 1 1   4   1  28   0   0   0   0    22.635    21.920     5.444     0.000     0.000     0.000     0.000   0   0   0   0   0   0   0     0.000     0.000     0.000    -0.036    -0.102     0.056     0.018
   7 0 0 0 1 1 1 1  24  20  17   0   0   0   0     5.308    62.421    60.123     0.000     0.000     0.000     0.000   0   0   0   0   0   0   0     0.000     0.000     0.000    -0.091    -0.041     0.012     0.053
   7 0 0 0 1 1 1 1  24  20   5   0   0   0   0     5.308    62.411    22.540     0.000     0.000     0.000     0.000   0   0   0   0   0   0   0     0.000     0.000     0.000    -0.172    -0.070     0.055     0.003
   7 0 0 0 1 1 1 1  13  18   0   0   0   0   0    53.258    48.957    21.228     0.000     0.000     0.000     0.000   0   0   0   0   0   0   0     0.000     0.000     0.000     0.008    -0.045     0.041     0.093
   7 0 0 0 1 1 1 1  12   1  26   0   0   0   0    48.464    21.966     5.870     0.000     0.000     0.000     0.000   0   0   0   0   0   0   0     0.000     0.000     0.000    -0.049    -0.125    -0.003     0.041
   7 0 0 0 1 1 1 1  24   3  17   0   0   0   0     5.314    21.900    58.983     0.000     0.000     0.000     0.000   0   0   0   0   0   0   0     0.000     0.000     0.000    -0.104    -0.041    -0.000     0.027
   7 0 0 0 1 1 1 1  24   0  28   0   0   0   0     5.308    21.142     5.627     0.000     0.000     0.000     0.000   0   0   0   0   0   0   0     0.000     0.000     0.000    -0.075    -0.275     0.018     0.087
   7 0 0 0 1 1 1 1  13  12  27   0   0   0   0    53.258    48.121     5.149     0.000     0.000     0.000     0.000   0   0   0   0   0   0   0     0.000     0.000     0.000    -0.046     0.005     0.084     0.037
   7 0 0 0 1 1 1 1  31   3  26   0   0   0   0     5.376    22.287     5.900     0.000     0.000     0.000     0.000   0   0   0   0   0   0   0     0.000     0.000     0.000    -0.062    -0.017     0.016     0.042
   7 0 0 0 1 1 1 1  24  20  19   0   0   0   0     5.308    62.434    66.157     0.000     0.000     0.000     0.000   0   0   0   0   0   0   0     0.000     0.000     0.000    -0.069    -0.027     0.008     0.038
   7 0 0 0 1 1 1 1  29   1  24   0   0   0   0     5.619    21.872     5.372     0.000     0.000     0.000     0.000   0   0   0   0   0   0   0     0.000     0.000     0.000    -0.340    -0.070     0.002     0.049
   7 0 0 0 1 1 1 1  16  32   3   0   0   0   0    57.843     4.276    22.656     0.000     0.000     0.000     0.000   0   0   0   0   0   0   0     0.000     0.000     0.000    -0.034     0.006     0.343     0.035
   7 0 0 0 1 1 1 1  12   3  28   0   0   0   0    49.008    21.900     5.444     0.000     0.000     0.000     0.000   0   0   0   0   0   0   0     0.000     0.000     0.000    -0.109    -0.036     0.043     0.009
   7 0 0 0 1 1 1 1  24   3  26   0   0   0   0     5.314    21.900     5.759     0.000     0.000     0.000     0.000   0   0   0   0   0   0   0     0.000     0.000     0.000    -0.089    -0.033    -0.035     0.016
   7 0 0 0 1 1 1 1  24   1  24   0   0   0   0     5.094    21.959     5.353     0.000     0.000     0.000     0.000   0   0   0   0   0   0   0     0.000     0.000     0.000    -0.081    -0.172    -0.010     0.040
   7 0 0 0 1 1 1 1  15  18   5   0   0   0   0    53.853    49.476    21.965     0.000     0.000     0.000     0.000   0   0   0   0   0   0   0     0.000     0.000     0.000     0.002    -0.047     0.081     0.049
   7 0 0 0 1 1 1 1  31  12  26   0   0   0   0     5.376    47.021     5.900     0.000     0.000     0.000     0.000   0   0   0   0   0   0   0     0.000     0.000     0.000    -0.078    -0.023     0.014     0.034
   7 0 0 0 1 1 1 1  24   4  17   0   0   0   0     5.316    22.402    56.761     0.000     0.000     0.000     0.000   0   0   0   0   0   0   0     0.000     0.000     0.000    -0.054    -0.018    -0.010     0.018
   7 0 0 0 1 1 1 1  14  29   1   0   0   0   0    47.783     5.743    21.959     0.000     0.000     0.000     0.000   0   0   0   0   0   0   0     0.000     0.000     0.000     0.005     0.056    -0.064    -0.157
   7 0 0 0 1 1 1 1  27   2  18   0   0   0   0     5.184    21.768    48.848     0.000     0.000     0.000     0.000   0   0   0   0   0   0   0     0.000     0.000     0.000     0.078     0.051     0.007    -0.031
   7 0 0 0 1 1 1 1  12   3  28   0   0   0   0    48.732    21.900     5.444     0.000     0.000     0.000     0.000   0   0   0   0   0   0   0     0.000     0.000     0.000    -0.092    -0.033     0.036     0.006
   7 0 0 0 1 1 1 1  24   3  17   0   0   0   0     5.316    21.900    60.123     0.000     0.000     0.000     0.000   0   0   0   0   0   0   0     0.000     0.000     0.000    -0.076    -0.026     0.006     0.038
   7 0 0 0 1 1 1 1  29  20  24   0   0   0   0     5.636    62.434     5.393     0.000     0.000     0.000     0.000   0   0   0   0   0   0   0     0.000     0.000     0.000    -0.096    -0.029     0.004     0.043
   7 0 0 0 1 1 1 1  15  17   3   0   0   0   0    52.990    56.220    22.656     0.000     0.000     0.000     0.000   0   0   0   0   0   0   0     0.000     0.000     0.000    -0.082    -0.006     0.326     0.033
   7 0 0 0 1 1 1 1   4   3   0   0   0   0   0    22.641    22.005    21.175     0.000     0.000     0.000     0.000   0   0   0   0   0   0   0     0.000     0.000     0.000    -0.078    -0.022     0.131     0.019
   7 0 0 0 1 1 1 1  25   1  17   0   0   0   0     5.294    21.966    58.983     0.000     0.000     0.000     0.000   0   0   0   0   0   0   0     0.000     0.000     0.000    -0.035    -0.070    -0.006     0.018
   7 0 0 0 1 1 1 1  24   3  29   0   0   0   0     5.332    22.120     5.761     0.000     0.000     0.000     0.000   0   0   0   0   0   0   0     0.000     0.000     0.000    -0.101    -0.028     0.009     0.059
   7 0 0 0 1 1 1 1  17  18  17   0   0   0   0    59.248    49.850    60.123     0.000     0.000     0.000     0.000   0   0   0   0   0   0   0     0.000     0.000     0.000    -0.005    -0.059     0.020     0.056
   7 0 0 0 1 1 1 1  31  12  26   0   0   0   0     5.376    47.535     5.894     0.000     0.000     0.000     0.000   0   0   0   0   0   0   0     0.000     0.000     0.000    -0.045    -0.013     0.009     0.026
   7 0 0 0 1 1 1 1  17  20  19   0   0   0   0    58.355    62.434    66.620     0.000     0.000     0.000     0.000   0   0   0   0   0   0   0     0.000     0.000     0.000    -0.044    -0.007     0.009     0.033
   7 0 0 0 1 1 1 1  28   1  24   0   0   0   0     5.194    21.959     5.353     0.000     0.000     0.000     0.000   0   0   0   0   0   0   0     0.000     0.000     0.000    -0.058    -0.126    -0.008     0.028
   7 0 0 0 1 1 1 1  12   3  11   0   0   0   0    49.847    21.900    47.969     0.000     0.000     0.000     0.000   0   0   0   0   0   0   0     0.000     0.000     0.000    -0.079    -0.010     0.310     0.019
   7 0 0 0 1 1 1 1  12   3  11   0   0   0   0    49.008    21.900    47.969     0.000     0.000     0.000     0.000   0   0   0   0   0   0   0     0.000     0.000     0.000    -0.072    -0.023     0.125     0.013
   7 0 0 0 1 1 1 1  24  17  21   0   0   0   0     5.332    56.935    68.155     0.000     0.000     0.000     0.000   0   0   0   0   0   0   0     0.000     0.000     0.000    -0.038    -0.006     0.006     0.030
   7 0 0 0 1 1 1 1  29   3  28   0   0   0   0     5.641    22.523     5.643     0.000     0.000     0.000     0.000   0   0   0   0   0   0   0     0.000     0.000     0.000    -0.036    -0.164     0.010     0.061
   7 0 0 0 1 1 1 1  17  18  17   0   0   0   0    59.248    48.848    60.123     0.000     0.000     0.000     0.000   0   0   0   0   0   0   0     0.000     0.000     0.000     0.003    -0.024     0.017     0.049
   7 0 0 0 1 1 1 1  31   1  26   0   0   0   0     5.376    21.912     5.913     0.000     0.000     0.000     0.000   0   0   0   0   0   0   0     0.000     0.000     0.000    -0.012    -0.043     0.011     0.026
   7 0 0 0 1 1 1 1  17  20  19   0   0   0   0    58.355    62.446    66.157     0.000     0.000     0.000     0.000   0   0   0   0   0   0   0     0.000     0.000     0.000    -0.033    -0.004     0.007     0.023
   7 0 0 0 1 1 1 1  28   1  12   0   0   0   0     5.194    21.959    50.459     0.000     0.000     0.000     0.000   0   0   0   0   0   0   0     0.000     0.000     0.000    -0.049    -0.112    -0.002     0.032
   7 0 0 0 1 1 1 1  17  17  21   0   0   0   0    59.248    56.141    68.233     0.000     0.000     0.000     0.000   0   0   0   0   0   0   0     0.000     0.000     0.000    -0.065    -0.005     0.019     0.050
   7 0 0 0 1 1 1 1  17   3   3   0   0   0   0    57.378    21.900    22.656     0.000     0.000     0.000     0.000   0   0   0   0   0   0   0     0.000     0.000     0.000    -0.062    -0.016     0.119     0.013
   7 0 0 0 1 1 1 1  24  17  17   0   0   0   0     5.332    56.689    59.354     0.000     0.000     0.000     0.000   0   0   0   0   0   0   0     0.000     0.000     0.000    -0.036    -0.008     0.003     0.019
   7 0 0 0 1 1 1 1  24  15  29   0   0   0   0     5.335    52.990     5.761     0.000     0.000     0.000     0.000   0   0   0   0   0   0   0     0.000     0.000     0.000    -0.028    -0.152     0.006     0.045
   7 0 0 0 1 1 1 1  12   3  11   0   0   0   0    49.382    21.900    47.969     0.000     0.000     0.000     0.000   0   0   0   0   0   0   0     0.000     0.000     0.000    -0.064    -0.011     0.294     0.011
   7 0 0 0 1 1 1 1  31  12  26   0   0   0   0     5.376    46.951     5.914     0.000     0.000     0.000     0.000   0   0   0   0   0   0   0     0.000     0.000     0.000    -0.047    -0.012     0.009     0.022
   7 0 0 0 1 1 1 1  17  20  21   0   0   0   0    58.355    62.409    68.184     0.000     0.000     0.000     0.000   0   0   0   0   0   0   0     0.000     0.000     0.000    -0.038    -0.007     0.006     0.021
   7 0 0 0 1 1 1 1  28   1  29   0   0   0   0     5.194    21.959     5.709     0.000     0.000     0.000     0.000   0   0   0   0   0   0   0     0.000     0.000     0.000    -0.041    -0.099    -0.003     0.024
   7 0 0 0 1 1 1 1  29   4   6   0   0   0   0     5.737    22.656    20.461     0.000     0.000     0.000     0.000   0   0   0   0   0   0   0     0.000     0.000     0.000    -0.018     0.006     0.034    -0.009
   7 0 0 0 1 1 1 1  12   3  11   0   0   0   0    48.823    21.900    47.969     0.000     0.000     0.000     0.000   0   0   0   0   0   0   0     0.000     0.000     0.000    -0.052    -0.018     0.114     0.008
   7 0 0 0 1 1 1 1  24  17   9   0   0   0   0     5.332    56.635    17.923     0.000     0.000     0.000     0.000   0   0   0   0   0   0   0     0.000     0.000     0.000    -0.031    -0.008    -0.003     0.011
   7 0 0 0 1 1 1 1  28   1  28   0   0   0   0     5.200    21.959     5.643     0.000     0.000     0.000     0.000   0   0   0   0   0   0   0     0.000     0.000     0.000    -0.037    -0.090     0.003     0.046
   7 0 0 0 1 1 1 1  15  18   3   0   0   0   0    52.990    49.967    22.656     0.000     0.000     0.000     0.000   0   0   0   0   0   0   0     0.000     0.000     0.000    -0.003    -0.044     0.279     0.017
   7 0 0 0 1 1 1 1  31  11  26   0   0   0   0     5.376    45.457     5.912     0.000     0.000     0.000     0.000   0   0   0   0   0   0   0     0.000     0.000     0.000    -0.025    -0.006     0.007     0.018
   7 0 0 0 1 1 1 1  24   0  26   0   0   0   0     5.308    21.142     5.759     0.000     0.000     0.000     0.000   0   0   0   0   0   0   0     0.000     0.000     0.000    -0.013    -0.069    -0.021     0.007
   7 0 0 0 1 1 1 1  25   3  24   0   0   0   0     5.583    22.586     5.405     0.000     0.000     0.000     0.000   0   0   0   0   0   0   0     0.000     0.000     0.000    -0.021    -0.300     0.001     0.031
   7 0 0 0 1 1 1 1  29   4  24   0   0   0   0     5.742    22.656     5.438     0.000     0.000     0.000     0.000   0   0   0   0   0   0   0     0.000     0.000     0.000    -0.016     0.005    -0.000     0.033
   7 0 0 0 1 1 1 1   4   1   0   0   0   0   0    22.649    21.969    21.176     0.000     0.000     0.000     0.000   0   0   0   0   0   0   0     0.000     0.000     0.000    -0.011    -0.045     0.108     0.010
   7 0 0 0 1 1 1 1  11   1  17   0   0   0   0    45.020    21.966    59.212     0.000     0.000     0.000     0.000   0   0   0   0   0   0   0     0.000     0.000     0.000    -0.014    -0.043    -0.001     0.013
   7 0 0 0 1 1 1 1  11   1  24   0   0   0   0    44.815    21.959     5.368     0.000     0.000     0.000     0.000   0   0   0   0   0   0   0     0.000     0.000     0.000    -0.032    -0.080    -0.003     0.018
   7 0 0 0 1 1 1 1  27   2  17   0   0   0   0     5.201    21.768    56.220     0.000     0.000     0.000     0.000   0   0   0   0   0   0   0     0.000     0.000     0.000     0.043     0.017    -0.046    -0.002
   7 0 0 0 1 1 1 1  25  12  13   0   0   0   0     5.676    47.874    48.145     0.000     0.000     0.000     0.000   0   0   0   0   0   0   0     0.000     0.000     0.000    -0.021    -0.004     0.017     0.008
   7 0 0 0 1 1 1 1   0  20  11   0   0   0   0    21.181    62.446    52.345     0.000     0.000     0.000     0.000   0   0   0   0   0   0   0     0.000     0.000     0.000    -0.020    -0.002     0.008    -0.026
   7 0 0 0 1 1 1 1  25   3  24   0   0   0   0     5.583    22.586     5.413     0.000     0.000     0.000     0.000   0   0   0   0   0   0   0     0.000     0.000     0.000    -0.018    -0.285     0.001     0.026
   7 0 0 0 1 1 1 1  21  29  19   0   0   0   0    68.158     5.698    66.096     0.000     0.000     0.000     0.000   0   0   0   0   0   0   0     0.000     0.000     0.000    -0.016     0.003     0.265     0.013
   7 0 0 0 1 1 1 1  31   1   0   0   0   0   0     5.376    21.966    21.635     0.000     0.000     0.000     0.000   0   0   0   0   0   0   0     0.000     0.000     0.000    -0.008    -0.039     0.006     0.015
   7 0 0 0 1 1 1 1  24   8  21   0   0   0   0     5.332    16.883    68.155     0.000     0.000     0.000     0.000   0   0   0   0   0   0   0     0.000     0.000     0.000    -0.005    -0.028     0.002     0.017
   7 0 0 0 1 1 1 1  11   3  28   0   0   0   0    44.815    21.900     5.651     0.000     0.000     0.000     0.000   0   0   0   0   0   0   0     0.000     0.000     0.000    -0.071    -0.027     0.002     0.037
   7 0 0 0 1 1 1 1  28  17  11   0   0   0   0     5.627    56.991    51.409     0.000     0.000     0.000     0.000   0   0   0   0   0   0   0     0.000     0.000     0.000    -0.016     0.004     0.013     0.034
   7 0 0 0 1 1 1 1  12   1  28   0   0   0   0    48.080    21.966     5.437     0.000     0.000     0.000     0.000   0   0   0   0   0   0   0     0.000     0.000     0.000    -0.013    -0.036     0.013     0.001
   7 0 0 0 1 1 1 1  24   3  17   0   0   0   0     5.094    21.900    59.210     0.000     0.000     0.000     0.000   0   0   0   0   0   0   0     0.000     0.000     0.000    -0.036    -0.011    -0.001     0.010
   7 0 0 0 1 1 1 1  14  11   1   0   0   0   0    47.720    52.345    21.940     0.000     0.000     0.000     0.000   0   0   0   0   0   0   0     0.000     0.000     0.000     0.007    -0.046    -0.020    -0.063
   7 0 0 0 1 1 1 1  15  18   3   0   0   0   0    52.990    50.100    22.656     0.000     0.000     0.000     0.000   0   0   0   0   0   0   0     0.000     0.000     0.000    -0.002    -0.042     0.252     0.011
   7 0 0 0 1 1 1 1  12   3  11   0   0   0   0    49.139    21.900    47.969     0.000     0.000     0.000     0.000   0   0   0   0   0   0   0     0.000     0.000     0.000    -0.033    -0.009     0.103     0.005
   7 0 0 0 1 1 1 1   0  27  11   0   0   0   0    21.181     5.227    52.345     0.000     0.000     0.000     0.000   0   0   0   0   0   0   0     0.000     0.000     0.000    -0.026    -0.004     0.007    -0.022
   7 0 0 0 1 1 1 1  25   3  24   0   0   0   0     5.583    22.586     5.415     0.000     0.000     0.000     0.000   0   0   0   0   0   0   0     0.000     0.000     0.000    -0.013    -0.271     0.000     0.022
   7 0 0 0 1 1 1 1  17  14  23   0   0   0   0    59.212    48.527     5.736     0.000     0.000     0.000     0.000   0   0   0   0   0   0   0     0.000     0.000     0.000    -0.003    -0.040     0.011     0.033
   7 0 0 0 1 1 1 1  25   1  26   0   0   0   0     5.676    21.865     5.914     0.000     0.000     0.000     0.000   0   0   0   0   0   0   0     0.000     0.000     0.000     0.001    -0.013     0.005     0.012
   7 0 0 0 1 1 1 1  24   1  19   0   0   0   0     5.094    21.959    66.157     0.000     0.000     0.000     0.000   0   0   0   0   0   0   0     0.000     0.000     0.000    -0.010    -0.030    -0.000     0.011
   7 0 0 0 1 1 1 1   3  26  17   0   0   0   0    22.125     5.798    56.408     0.000     0.000     0.000     0.000   0   0   0   0   0   0   0     0.000     0.000     0.000    -0.054    -0.020     0.041     0.001
   7 0 0 0 1 1 1 1  28  17  11   0   0   0   0     5.634    57.008    51.409     0.000     0.000     0.000     0.000   0   0   0   0   0   0   0     0.000     0.000     0.000    -0.012     0.004     0.010     0.029
   7 0 0 0 1 1 1 1  31   1  29   0   0   0   0     5.376    21.920     5.696     0.000     0.000     0.000     0.000   0   0   0   0   0   0   0     0.000     0.000     0.000    -0.005    -0.021    -0.012     0.008
   7 0 0 0 1 1 1 1  26   1   5   0   0   0   0     5.789    21.933    21.979     0.000     0.000     0.000     0.000   0   0   0   0   0   0   0     0.000     0.000     0.000    -0.007    -0.027     0.014     0.000
   7 0 0 0 1 1 1 1  24  15  29   0   0   0   0     5.348    52.990     5.761     0.000     0.000     0.000     0.000   0   0   0   0   0   0   0     0.000     0.000     0.000    -0.010    -0.064     0.003     0.024
   7 0 0 0 1 1 1 1  21  29  19   0   0   0   0    68.158     5.698    66.096     0.000     0.000     0.000     0.000   0   0   0   0   0   0   0     0.000     0.000     0.000    -0.012     0.002     0.239     0.009
   7 0 0 0 1 1 1 1   4   1   0   0   0   0   0    22.657    21.969    21.176     0.000     0.000     0.000     0.000   0   0   0   0   0   0   0     0.000     0.000     0.000    -0.006    -0.027     0.098     0.005
   7 0 0 0 1 1 1 1   9   4  11   0   0   0   0    17.830    22.708    52.345     0.000     0.000     0.000     0.000   0   0   0   0   0   0   0     0.000     0.000     0.000    -0.009     0.009     0.005    -0.018
   7 0 0 0 1 1 1 1  30   2  11   0   0   0   0     4.659    21.577    52.345     0.000     0.000     0.000     0.000   0   0   0   0   0   0   0     0.000     0.000     0.000    -0.021    -0.054     0.004    -0.041
   7 0 0 0 1 1 1 1  29  17   0   0   0   0   0     5.742    56.126    21.456     0.000     0.000     0.000     0.000   0   0   0   0   0   0   0     0.000     0.000     0.000    -0.033    -0.002     0.019    -0.008
   7 0 0 0 1 1 1 1  26  27   4   0   0   0   0     5.883     5.223    22.763     0.000     0.000     0.000     0.000   0   0   0   0   0   0   0     0.000     0.000     0.000    -0.023    -0.004    -0.003     0.008
   7 0 0 0 1 1 1 1   9   4  24   0   0   0   0    17.830    22.708     5.345     0.000     0.000     0.000     0.000   0   0   0   0   0   0   0     0.000     0.000     0.000    -0.008     0.008    -0.009     0.005
   7 0 0 0 1 1 1 1  25   3  11   0   0   0   0     5.583    22.586    52.345     0.000     0.000     0.000     0.000   0   0   0   0   0   0   0     0.000     0.000     0.000    -0.010    -0.255     0.008    -0.037
   7 0 0 0 1 1 1 1  21  29  19   0   0   0   0    68.158     5.698    66.096     0.000     0.000     0.000     0.000   0   0   0   0   0   0   0     0.000     0.000     0.000    -0.010     0.002     0.227     0.007
   7 0 0 0 1 1 1 1  12   1  28   0   0   0   0    48.080    21.986     5.437     0.000     0.000     0.000     0.000   0   0   0   0   0   0   0     0.000     0.000     0.000    -0.008    -0.024     0.009    -0.000
   7 0 0 0 1 1 1 1  28  14  18   0   0   0   0     5.194    48.677    49.605     0.000     0.000     0.000     0.000   0   0   0   0   0   0   0     0.000     0.000     0.000    -0.008    -0.024     0.000     0.013
   7 0 0 0 1 1 1 1  11  26  17   0   0   0   0    44.776     5.798    56.408     0.000     0.000     0.000     0.000   0   0   0   0   0   0   0     0.000     0.000     0.000    -0.043    -0.014     0.036     0.001
   7 0 0 0 1 1 1 1  28  26   1   0   0   0   0     5.634     5.803    21.933     0.000     0.000     0.000     0.000   0   0   0   0   0   0   0     0.000     0.000     0.000    -0.012     0.002     0.017     0.030
   7 0 0 0 1 1 1 1  17   1   4   0   0   0   0    59.115    21.865    22.763     0.000     0.000     0.000     0.000   0   0   0   0   0   0   0     0.000     0.000     0.000     0.002    -0.007    -0.002     0.007
   7 0 0 0 1 1 1 1  26   1   5   0   0   0   0     5.789    21.933    21.979     0.000     0.000     0.000     0.000   0   0   0   0   0   0   0     0.000     0.000     0.000    -0.004    -0.021     0.011    -0.000
   7 0 0 0 1 1 1 1  25   3  11   0   0   0   0     5.583    22.586    52.345     0.000     0.000     0.000     0.000   0   0   0   0   0   0   0     0.000     0.000     0.000    -0.008    -0.242     0.007    -0.034
   7 0 0 0 1 1 1 1  21   3  19   0   0   0   0    68.158    21.900    66.096     0.000     0.000     0.000     0.000   0   0   0   0   0   0   0     0.000     0.000     0.000    -0.030    -0.002     0.216     0.006
   7 0 0 0 1 1 1 1  12   1  28   0   0   0   0    48.056    21.986     5.437     0.000     0.000     0.000     0.000   0   0   0   0   0   0   0     0.000     0.000     0.000    -0.006    -0.022     0.007    -0.000
   7 0 0 0 1 1 1 1   9  27   2   0   0   0   0    17.830     5.226    23.206     0.000     0.000     0.000     0.000   0   0   0   0   0   0   0     0.000     0.000     0.000    -0.016    -0.003     0.004    -0.014
   7 0 0 0 1 1 1 1   3   1  17   0   0   0   0    22.137    21.986    56.408     0.000     0.000     0.000     0.000   0   0   0   0   0   0   0     0.000     0.000     0.000    -0.017    -0.047     0.032     0.001
   7 0 0 0 1 1 1 1  17  18   4   0   0   0   0    59.212    49.850    22.736     0.000     0.000     0.000     0.000   0   0   0   0   0   0   0     0.000     0.000     0.000    -0.001    -0.019     0.026     0.009
   7 0 0 0 1 1 1 1  12  17  11   0   0   0   0    49.139    56.456    47.969     0.000     0.000     0.000     0.000   0   0   0   0   0   0   0     0.000     0.000     0.000    -0.014    -0.004     0.092     0.002
   7 0 0 0 1 1 1 1   0   4  22   0   0   0   0    21.181    22.656     5.421     0.000     0.000     0.000     0.000   0   0   0   0   0   0   0     0.000     0.000     0.000    -0.003    -0.041     0.001     0.009
   7 0 0 0 1 1 1 1  14   3   4   0   0   0   0    47.720    22.371    22.101     0.000     0.000     0.000     0.000   0   0   0   0   0   0   0     0.000     0.000     0.000     0.023     0.000    -0.043    -0.012
   7 0 0 0 1 1 1 1  28  17  11   0   0   0   0     5.634    56.456    51.958     0.000     0.000     0.000     0.000   0   0   0   0   0   0   0     0.000     0.000     0.000    -0.014     0.001     0.012     0.022
   7 0 0 0 1 1 1 1  32  21  10   0   0   0   0     4.267    68.158    15.675     0.000     0.000     0.000     0.000   0   0   0   0   0   0   0     0.000     0.000     0.000    -0.006     0.003     0.005    -0.007
   7 0 0 0 1 1 1 1  28   3  18   0   0   0   0     5.194    21.792    49.605     0.000     0.000     0.000     0.000   0   0   0   0   0   0   0     0.000     0.000     0.000    -0.019    -0.006     0.000     0.010
   7 0 0 0 1 1 1 1  17  18   5   0   0   0   0    59.212    49.948    21.976     0.000     0.000     0.000     0.000   0   0   0   0   0   0   0     0.000     0.000     0.000    -0.003    -0.029     0.022     0.008
   7 0 0 0 1 1 1 1  27   2  18   0   0   0   0     5.195    21.710    50.100     0.000     0.000     0.000     0.000   0   0   0   0   0   0   0     0.000     0.000     0.000     0.023     0.011    -0.001    -0.023
   7 0 0 0 1 1 1 1  32  21  24   0   0   0   0     4.267    68.102     5.332     0.000     0.000     0.000     0.000   0   0   0   0   0   0   0     0.000     0.000     0.000    -0.006     0.001    -0.007     0.005
   7 0 0 0 1 1 1 1  17   1  24   0   0   0   0    56.729    21.966     5.393     0.000     0.000     0.000     0.000   0   0   0   0   0   0   0     0.000     0.000     0.000    -0.003    -0.017    -0.000     0.008
   7 0 0 0 1 1 1 1  24  15  29   0   0   0   0     5.348    52.990     5.761     0.000     0.000     0.000     0.000   0   0   0   0   0   0   0     0.000     0.000     0.000    -0.005    -0.053     0.001     0.017
   7 0 0 0 1 1 1 1  21  29  19   0   0   0   0    68.158     5.698    66.096     0.000     0.000     0.000     0.000   0   0   0   0   0   0   0     0.000     0.000     0.000    -0.008     0.002     0.205     0.004
   7 0 0 0 1 1 1 1  12   1  10   0   0   0   0    47.874    21.986    15.062     0.000     0.000     0.000     0.000   0   0   0   0   0   0   0     0.000     0.000     0.000    -0.005    -0.017     0.013     0.001
   7 0 0 0 1 1 1 1   9   4  24   0   0   0   0    17.830    22.755     5.345     0.000     0.000     0.000     0.000   0   0   0   0   0   0   0     0.000     0.000     0.000    -0.005     0.007    -0.007     0.004
   7 0 0 0 1 1 1 1  25   3  11   0   0   0   0     5.583    22.586    52.345     0.000     0.000     0.000     0.000   0   0   0   0   0   0   0     0.000     0.000     0.000    -0.005    -0.227     0.005    -0.031
   7 0 0 0 1 1 1 1  28  26  11   0   0   0   0     5.643     5.802    51.778     0.000     0.000     0.000     0.000   0   0   0   0   0   0   0     0.000     0.000     0.000    -0.009     0.002     0.009     0.019
   7 0 0 0 1 1 1 1  32  10   1   0   0   0   0     4.267    15.062    21.907     0.000     0.000     0.000     0.000   0   0   0   0   0   0   0     0.000     0.000     0.000     0.004    -0.005     0.010     0.002
   7 0 0 0 1 1 1 1   4   3  24   0   0   0   0    22.436    21.792     5.421     0.000     0.000     0.000     0.000   0   0   0   0   0   0   0     0.000     0.000     0.000    -0.016    -0.003    -0.000     0.008
   7 0 0 0 1 1 1 1  23  17   1   0   0   0   0     5.530    59.083    21.888     0.000     0.000     0.000     0.000   0   0   0   0   0   0   0     0.000     0.000     0.000    -0.015     0.001    -0.001     0.021
   7 0 0 0 1 1 1 1  21  29  19   0   0   0   0    68.158     5.698    66.096     0.000     0.000     0.000     0.000   0   0   0   0   0   0   0     0.000     0.000     0.000    -0.007     0.001     0.195     0.003
   7 0 0 0 1 1 1 1   3   1  28   0   0   0   0    22.296    21.998     5.437     0.000     0.000     0.000     0.000   0   0   0   0   0   0   0     0.000     0.000     0.000    -0.005    -0.016     0.005    -0.001
   7 0 0 0 1 1 1 1   4   2  24   0   0   0   0    22.174    21.615     5.385     0.000     0.000     0.000     0.000   0   0   0   0   0   0   0     0.000     0.000     0.000    -0.014    -0.007    -0.001     0.004
   7 0 0 0 1 1 1 1  22  23   1   0   0   0   0     5.478     5.620    21.998     0.000     0.000     0.000     0.000   0   0   0   0   0   0   0     0.000     0.000     0.000    -0.003     0.009    -0.011    -0.036
   7 0 0 0 1 1 1 1  17  17   5   0   0   0   0    59.215    55.815    21.963     0.000     0.000     0.000     0.000   0   0   0   0   0   0   0     0.000     0.000     0.000    -0.022    -0.001     0.015     0.006
   7 0 0 0 1 1 1 1  17   0   4   0   0   0   0    59.161    20.886    22.763     0.000     0.000     0.000     0.000   0   0   0   0   0   0   0     0.000     0.000     0.000     0.010    -0.003    -0.003     0.005
   7 0 0 0 1 1 1 1  17   0  24   0   0   0   0    56.729    21.548     5.392     0.000     0.000     0.000     0.000   0   0   0   0   0   0   0     0.000     0.000     0.000    -0.003    -0.023    -0.000     0.006
   7 0 0 0 1 1 1 1  22  24   1   0   0   0   0     5.478     5.405    21.998     0.000     0.000     0.000     0.000   0   0   0   0   0   0   0     0.000     0.000     0.000    -0.002     0.010    -0.010    -0.033
   7 0 0 0 1 1 1 1  15  17   3   0   0   0   0    52.967    55.815    22.656     0.000     0.000     0.000     0.000   0   0   0   0   0   0   0     0.000     0.000     0.000    -0.021    -0.001     0.185     0.002
   7 0 0 0 1 1 1 1  12   1  25   0   0   0   0    47.575    21.998     6.023     0.000     0.000     0.000     0.000   0   0   0   0   0   0   0     0.000     0.000     0.000    -0.004    -0.015     0.001     0.007
   7 0 0 0 1 1 1 1   4   5  22   0   0   0   0    22.436    22.298     5.430     0.000     0.000     0.000     0.000   0   0   0   0   0   0   0     0.000     0.000     0.000    -0.006    -0.000    -0.001     0.005
   7 0 0 0 1 1 1 1  17  23   1   0   0   0   0    59.212     5.518    21.906     0.000     0.000     0.000     0.000   0   0   0   0   0   0   0     0.000     0.000     0.000    -0.009     0.002    -0.001     0.011
   7 0 0 0 1 1 1 1  28  26  11   0   0   0   0     5.643     5.802    51.778     0.000     0.000     0.000     0.000   0   0   0   0   0   0   0     0.000     0.000     0.000    -0.007     0.001     0.007     0.016
   7 0 0 0 1 1 1 1  17   0   4   0   0   0   0    59.152    20.886    22.763     0.000     0.000     0.000     0.000   0   0   0   0   0   0   0     0.000     0.000     0.000     0.009    -0.003    -0.003     0.004
   7 0 0 0 1 1 1 1  14  31   4   0   0   0   0    46.496     5.523    22.657     0.000     0.000     0.000     0.000   0   0   0   0   0   0   0     0.000     0.000     0.000     0.002    -0.021    -0.002    -0.022
   7 0 0 0 1 1 1 1  22  17  18   0   0   0   0     5.478    56.408    50.058     0.000     0.000     0.000     0.000   0   0   0   0   0   0   0     0.000     0.000     0.000     0.024     0.000    -0.007    -0.024
   7 0 0 0 1 1 1 1  17   6  31   0   0   0   0    59.212    19.336     5.462     0.000     0.000     0.000     0.000   0   0   0   0   0   0   0     0.000     0.000     0.000     0.004    -0.004     0.003     0.009
   7 0 0 0 1 1 1 1  31   1  24   0   0   0   0     5.217    21.986     5.308     0.000     0.000     0.000     0.000   0   0   0   0   0   0   0     0.000     0.000     0.000    -0.003    -0.013     0.013     0.000
   7 0 0 0 1 1 1 1   0   4   2   0   0   0   0    21.179    22.656    23.206     0.000     0.000     0.000     0.000   0   0   0   0   0   0   0     0.000     0.000     0.000    -0.001    -0.048     0.002    -0.010
   7 0 0 0 1 1 1 1  27   1  23   0   0   0   0     5.204    21.907     5.518     0.000     0.000     0.000     0.000   0   0   0   0   0   0   0     0.000     0.000     0.000    -0.003     0.012    -0.007     0.002
   7 0 0 0 1 1 1 1  28  17  11   0   0   0   0     5.643    56.456    51.778     0.000     0.000     0.000     0.000   0   0   0   0   0   0   0     0.000     0.000     0.000    -0.009     0.001     0.006     0.015
   7 0 0 0 1 1 1 1  14  24   1   0   0   0   0    46.776     5.308    21.998     0.000     0.000     0.000     0.000   0   0   0   0   0   0   0     0.000     0.000     0.000     0.086     0.001    -0.003    -0.012
   7 0 0 0 1 1 1 1   4   0  23   0   0   0   0    22.174    21.121     5.899     0.000     0.000     0.000     0.000   0   0   0   0   0   0   0     0.000     0.000     0.000    -0.005    -0.012     0.000     0.011
   7 0 0 0 1 1 1 1   6  29   0   0   0   0   0    20.603     5.761    21.548     0.000     0.000     0.000     0.000   0   0   0   0   0   0   0     0.000     0.000     0.000    -0.001     0.012    -0.012    -0.032
   7 0 0 0 1 1 1 1  21  29  19   0   0   0   0    68.158     5.698    66.096     0.000     0.000     0.000     0.000   0   0   0   0   0   0   0     0.000     0.000     0.000    -0.005     0.001     0.176     0.001
   7 0 0 0 1 1 1 1  17  10   4   0   0   0   0    59.179    15.062    22.763     0.000     0.000     0.000     0.000   0   0   0   0   0   0   0     0.000     0.000     0.000     0.004    -0.003    -0.002     0.004
   7 0 0 0 1 1 1 1   0   4  12   0   0   0   0    21.177    22.653    48.732     0.000     0.000     0.000     0.000   0   0   0   0   0   0   0     0.000     0.000     0.000    -0.001    -0.072     0.018     0.001
   7 0 0 0 1 1 1 1  22  10   1   0   0   0   0     5.478    15.062    22.000     0.000     0.000     0.000     0.000   0   0   0   0   0   0   0     0.000     0.000     0.000    -0.012     0.003    -0.008    -0.028
   7 0 0 0 1 1 1 1  29  12   0   0   0   0   0     5.743    49.888    21.483     0.000     0.000     0.000     0.000   0   0   0   0   0   0   0     0.000     0.000     0.000     0.001    -0.007     0.009    -0.006
   7 0 0 0 1 1 1 1   7   1   2   0   0   0   0    20.046    22.000    21.706     0.000     0.000     0.000     0.000   0   0   0   0   0   0   0     0.000     0.000     0.000    -0.002    -0.012     0.082     0.001
   7 0 0 0 1 1 1 1  26   0   5   0   0   0   0     5.789    21.548    21.980     0.000     0.000     0.000     0.000   0   0   0   0   0   0   0     0.000     0.000     0.000    -0.003    -0.019     0.006    -0.000
   7 0 0 0 1 1 1 1   6  29   0   0   0   0   0    20.603     5.761    21.548     0.000     0.000     0.000     0.000   0   0   0   0   0   0   0     0.000     0.000     0.000    -0.001     0.011    -0.011    -0.030
   7 0 0 0 1 1 1 1  12  13  14   0   0   0   0    47.898    49.043    46.624     0.000     0.000     0.000     0.000   0   0   0   0   0   0   0     0.000     0.000     0.000    -0.015    -0.003    -0.001     0.014
   7 0 0 0 1 1 1 1  17   0   0   0   0   0   0    59.115    20.886    21.818     0.000     0.000     0.000     0.000   0   0   0   0   0   0   0     0.000     0.000     0.000     0.009    -0.002     0.002     0.017
   7 0 0 0 1 1 1 1  14   5  26   0   0   0   0    48.011    21.980     5.798     0.000     0.000     0.000     0.000   0   0   0   0   0   0   0     0.000     0.000     0.000     0.004    -0.000    -0.009    -0.002
   7 0 0 0 1 1 1 1  17   2  10   0   0   0   0    55.815    21.615    15.849     0.000     0.000     0.000     0.000   0   0   0   0   0   0   0     0.000     0.000     0.000    -0.026    -0.010     0.001    -0.016
   7 0 0 0 1 1 1 1  17  10  30   0   0   0   0    59.210    15.062     5.376     0.000     0.000     0.000     0.000   0   0   0   0   0   0   0     0.000     0.000     0.000     0.007    -0.003     0.005     0.018
   7 0 0 0 1 1 1 1  30   1  10   0   0   0   0     4.662    22.000    15.062     0.000     0.000     0.000     0.000   0   0   0   0   0   0   0     0.000     0.000     0.000    -0.004    -0.010     0.007     0.000
   7 0 0 0 1 1 1 1  26  20   1   0   0   0   0     5.890    62.446    21.950     0.000     0.000     0.000     0.000   0   0   0   0   0   0   0     0.000     0.000     0.000    -0.004     0.001     0.005     0.001
   7 0 0 0 1 1 1 1  11  26  17   0   0   0   0    44.525     5.807    56.408     0.000     0.000     0.000     0.000   0   0   0   0   0   0   0     0.000     0.000     0.000    -0.016     0.002     0.020     0.000
   7 0 0 0 1 1 1 1  15  17   3   0   0   0   0    52.967    55.815    22.656     0.000     0.000     0.000     0.000   0   0   0   0   0   0   0     0.000     0.000     0.000    -0.015    -0.001     0.166     0.001
   7 0 0 0 1 1 1 1  17   0   0   0   0   0   0    59.179    20.886    21.818     0.000     0.000     0.000     0.000   0   0   0   0   0   0   0     0.000     0.000     0.000     0.008    -0.002     0.002     0.017
   7 0 0 0 1 1 1 1  26   1   5   0   0   0   0     5.789    22.582    21.980     0.000     0.000     0.000     0.000   0   0   0   0   0   0   0     0.000     0.000     0.000    -0.005     0.019     0.005    -0.000
   7 0 0 0 1 1 1 1  10   5   5   0   0   0   0    15.062    21.969    21.996     0.000     0.000     0.000     0.000   0   0   0   0   0   0   0     0.000     0.000     0.000     0.004    -0.215     0.011    -0.001
   7 0 0 0 1 1 1 1  12  22  14   0   0   0   0    47.931     5.501    46.624     0.000     0.000     0.000     0.000   0   0   0   0   0   0   0     0.000     0.000     0.000    -0.003    -0.011    -0.001     0.013
   7 0 0 0 1 1 1 1   7  20   2   0   0   0   0    20.046    62.387    21.706     0.000     0.000     0.000     0.000   0   0   0   0   0   0   0     0.000     0.000     0.000    -0.009    -0.002     0.077     0.000
   7 0 0 0 1 1 1 1  23  14   0   0   0   0   0     5.899    46.496    21.146     0.000     0.000     0.000     0.000   0   0   0   0   0   0   0     0.000     0.000     0.000     0.001    -0.003     0.005     0.011
   7 0 0 0 1 1 1 1  11  25   1   0   0   0   0    52.345     5.579    22.582     0.000     0.000     0.000     0.000   0   0   0   0   0   0   0     0.000     0.000     0.000    -0.005     0.003    -0.024     0.002
   7 0 0 0 1 1 1 1  17  15  30   0   0   0   0    59.210    53.015     5.376     0.000     0.000     0.000     0.000   0   0   0   0   0   0   0     0.000     0.000     0.000    -0.000    -0.010     0.004     0.017
   7 0 0 0 1 1 1 1  25  28   0   0   0   0   0     6.025     5.627    21.818     0.000     0.000     0.000     0.000   0   0   0   0   0   0   0     0.000     0.000     0.000    -0.001     0.005     0.005     0.016
   7 0 0 0 1 1 1 1   4   0  11   0   0   0   0    22.174    21.121    52.345     0.000     0.000     0.000     0.000   0   0   0   0   0   0   0     0.000     0.000     0.000    -0.003    -0.009     0.001    -0.009
   7 0 0 0 1 1 1 1  10   5  23   0   0   0   0    15.062    21.969     5.531     0.000     0.000     0.000     0.000   0   0   0   0   0   0   0     0.000     0.000     0.000     0.004    -0.204    -0.003     0.006
   7 0 0 0 1 1 1 1  15  24   3   0   0   0   0    52.967     5.347    22.656     0.000     0.000     0.000     0.000   0   0   0   0   0   0   0     0.000     0.000     0.000    -0.004     0.001     0.157     0.001
   7 0 0 0 1 1 1 1  17  27   0   0   0   0   0    59.115     5.233    21.773     0.000     0.000     0.000     0.000   0   0   0   0   0   0   0     0.000     0.000     0.000    -0.007    -0.000     0.002     0.013
   7 0 0 0 1 1 1 1  23  14   0   0   0   0   0     5.899    46.496    21.146     0.000     0.000     0.000     0.000   0   0   0   0   0   0   0     0.000     0.000     0.000     0.001    -0.002     0.005     0.010
   7 0 0 0 1 1 1 1  10   5  10   0   0   0   0    15.062    21.969    15.083     0.000     0.000     0.000     0.000   0   0   0   0   0   0   0     0.000     0.000     0.000     0.003    -0.194     0.017    -0.000
   7 0 0 0 1 1 1 1  15  17   3   0   0   0   0    52.967    55.815    22.656     0.000     0.000     0.000     0.000   0   0   0   0   0   0   0     0.000     0.000     0.000    -0.013    -0.001     0.149     0.000
   7 0 0 0 1 1 1 1  28  17   1   0   0   0   0     5.627    56.574    21.933     0.000     0.000     0.000     0.000   0   0   0   0   0   0   0     0.000     0.000     0.000    -0.004     0.000     0.006    -0.002
   7 0 0 0 1 1 1 1   5   4  10   0   0   0   0    21.980    22.759    15.062     0.000     0.000     0.000     0.000   0   0   0   0   0   0   0     0.000     0.000     0.000     0.001     0.006    -0.068    -0.000
   7 0 0 0 1 1 1 1  17  23   1   0   0   0   0    59.179     5.501    21.908     0.000     0.000     0.000     0.000   0   0   0   0   0   0   0     0.000     0.000     0.000    -0.009     0.001    -0.004     0.006
   7 0 0 0 1 1 1 1  15   0   3   0   0   0   0    52.967    20.775    22.656     0.000     0.000     0.000     0.000   0   0   0   0   0   0   0     0.000     0.000     0.000     0.009    -0.001     0.141     0.000
   7 0 0 0 1 1 1 1  25  21   0   0   0   0   0     6.025    68.158    21.818     0.000     0.000     0.000     0.000   0   0   0   0   0   0   0     0.000     0.000     0.000    -0.001     0.002     0.004     0.014
   7 0 0 1 1 1 1 1   1  11   0   0   0   0   0    22.582    52.345    21.818     0.000     0.000     0.000     0.000   0   0   0   0   0   0   0     0.000     0.000     0.018     0.000    -0.014     0.004     0.014
   7 0 0 0 1 1 1 1  10  19   5   0   0   0   0    15.062    66.143    21.996     0.000     0.000     0.000     0.000   0   0   0   0   0   0   0     0.000     0.000     0.018    -0.184     0.003     0.009    -0.001
   7 0 0 0 1 1 1 1  17   9  30   0   0   0   0    59.179    17.727     5.376     0.000     0.000     0.000     0.000   0   0   0   0   0   0   0     0.000     0.000     0.018     0.002    -0.004     0.003     0.015
   7 0 0 0 1 1 1 1   7  20   2   0   0   0   0    20.046    62.403    21.706     0.000     0.000     0.000     0.000   0   0   0   0   0   0   0     0.000     0.000     0.018    -0.005    -0.001     0.073     0.000
   7 0 0 1 1 1 1 1   1   2   2   0   0   0   0    22.582    23.231    21.706     0.000     0.000     0.000     0.000   0   0   0   0   0   0   0     0.000     0.000     0.017     0.000    -0.013     0.073     0.000
   7 0 0 0 1 1 1 1  10   5  23   0   0   0   0    15.062    21.969     5.531     0.000     0.000     0.000     0.000   0   0   0   0   0   0   0     0.000     0.000     0.017     0.003    -0.175    -0.003     0.005
   7 0 0 0 1 1 1 1  15  24   3   0   0   0   0    52.967     5.347    22.656     0.000     0.000     0.000     0.000   0   0   0   0   0   0   0     0.000     0.000     0.017    -0.003     0.001     0.134     0.000
   7 0 0 0 1 1 1 1  25   1   0   0   0   0   0     5.970    21.937    21.818     0.000     0.000     0.000     0.000   0   0   0   0   0   0   0     0.000     0.000     0.017     0.000    -0.005     0.002     0.014
   7 0 0 0 1 1 1 1  23  14   0   0   0   0   0     5.899    46.496    21.163     0.000     0.000     0.000     0.000   0   0   0   0   0   0   0     0.000     0.000     0.017     0.001    -0.002     0.005     0.010
   7 0 0 0 1 1 1 1  10  10   0   0   0   0   0    15.849    15.062    21.548     0.000     0.000     0.000     0.000   0   0   0   0   0   0   0     0.000     0.000     0.017    -0.009     0.001    -0.008    -0.023
   7 0 0 0 1 1 1 1  29  12   0   0   0   0   0     5.736    49.888    21.483     0.000     0.000     0.000     0.000   0   0   0   0   0   0   0     0.000     0.000     0.017     0.001    -0.006     0.005    -0.004
   7 0 0 0 1 1 1 1  28  25   1   0   0   0   0     5.627     5.968    21.906     0.000     0.000     0.000     0.000   0   0   0   0   0   0   0     0.000     0.000     0.017    -0.001     0.002     0.006    -0.000
   7 0 0 0 1 1 1 1   5   4  10   0   0   0   0    21.980    22.759    15.062     0.000     0.000     0.000     0.000   0   0   0   0   0   0   0     0.000     0.000     0.017     0.001     0.005    -0.064    -0.000
   7 0 0 0 1 1 1 1  17   0   4   0   0   0   0    55.815    21.119    22.229     0.000     0.000     0.000     0.000   0   0   0   0   0   0   0     0.000     0.000     0.017    -0.007    -0.021     0.012    -0.000
   7 0 0 0 1 1 1 1  12  13   2   0   0   0   0    47.814    49.043    21.704     0.000     0.000     0.000     0.000   0   0   0   0   0   0   0     0.000     0.000     0.017    -0.011    -0.002     0.012    -0.000
   7 0 0 0 1 1 1 1  10   5  10   0   0   0   0    15.062    21.969    15.064     0.000     0.000     0.000     0.000   0   0   0   0   0   0   0     0.000     0.000     0.017    -0.001     0.070    -0.019    -0.000
   7 0 0 1 1 1 1 1   1  26  10   0   0   0   0    22.582     5.722    15.064     0.000     0.000     0.000     0.000   0   0   0   0   0   0   0     0.000     0.000     0.016    -0.012     0.000    -0.019    -0.000
   7 0 0 0 1 1 1 1  22  17   4   0   0   0   0     5.478    56.408    22.058     0.000     0.000     0.000     0.000   0   0   0   0   0   0   0     0.000     0.000     0.016     0.016    -0.000    -0.019    -0.006
   7 0 0 0 1 1 1 1  15  24   3   0   0   0   0    52.967     5.347    22.656     0.000     0.000     0.000     0.000   0   0   0   0   0   0   0     0.000     0.000     0.016    -0.003     0.001     0.127     0.000
   7 0 0 0 1 1 1 1  25  10   0   0   0   0   0     6.027    15.062    21.818     0.000     0.000     0.000     0.000   0   0   0   0   0   0   0     0.000     0.000     0.016     0.003    -0.001     0.003     0.013
   7 0 0 0 1 1 1 1  22   5   6   0   0   0   0     5.600    21.980    20.606     0.000     0.000     0.000     0.000   0   0   0   0   0   0   0     0.000     0.000     0.016     0.003    -0.001     0.005     0.010
   7 0 0 0 1 1 1 1  17  26   1   0   0   0   0    59.172     5.834    21.908     0.000     0.000     0.000     0.000   0   0   0   0   0   0   0     0.000     0.000     0.016     0.000    -0.009    -0.004     0.005
   7 0 0 0 1 1 1 1  29  12   4   0   0   0   0     5.743    49.888    23.762     0.000     0.000     0.000     0.000   0   0   0   0   0   0   0     0.000     0.000     0.016     0.001    -0.005     0.005    -0.004
   7 0 0 0 1 1 1 1  28  17   1   0   0   0   0     5.627    56.574    21.933     0.000     0.000     0.000     0.000   0   0   0   0   0   0   0     0.000     0.000     0.016    -0.003     0.000     0.005    -0.001
   7 0 0 1 1 1 1 1   1  11   1   0   0   0   0    22.582    52.345    21.933     0.000     0.000     0.000     0.000   0   0   0   0   0   0   0     0.000     0.000     0.015     0.000    -0.012     0.005    -0.001
   7 0 0 0 1 1 1 1   6  10  30   0   0   0   0    20.603    15.062     5.514     0.000     0.000     0.000     0.000   0   0   0   0   0   0   0     0.000     0.000     0.015    -0.008     0.001    -0.016     0.002
   7 0 0 0 1 1 1 1   5  19  32   0   0   0   0    21.992    66.094     4.276     0.000     0.000     0.000     0.000   0   0   0   0   0   0   0     0.000     0.000     0.015     0.121     0.000    -0.003     0.001
   7 0 0 0 1 1 1 1   0  28   0   0   0   0   0    21.728     5.627    21.818     0.000     0.000     0.000     0.000   0   0   0   0   0   0   0     0.000     0.000     0.015    -0.001     0.003     0.003     0.012
   7 0 0 0 1 1 1 1  31   3  12   0   0   0   0     5.178    21.780    48.732     0.000     0.000     0.000     0.000   0   0   0   0   0   0   0     0.000     0.000     0.015    -0.008    -0.002     0.003    -0.000
   7 0 0 0 1 1 1 1   5  14  10   0   0   0   0    21.980    46.362    15.062     0.000     0.000     0.000     0.000   0   0   0   0   0   0   0     0.000     0.000     0.015     0.015     0.002    -0.165    -0.000
   7 0 0 0 1 1 1 1  17  15  30   0   0   0   0    59.215    53.015     5.376     0.000     0.000     0.000     0.000   0   0   0   0   0   0   0     0.000     0.000     0.015    -0.000    -0.008     0.003     0.014
   7 0 0 0 1 1 1 1  10  19  10   0   0   0   0    15.062    66.143    15.064     0.000     0.000     0.000     0.000   0   0   0   0   0   0   0     0.000     0.000     0.015     0.066    -0.001    -0.018    -0.000
   7 0 1 0 1 1 1 1  15  19   2   0   0   0   0    46.600    66.143    23.206     0.000     0.000     0.000     0.000   0   0   0   0   0   0   0     0.000     0.014     0.015     0.066    -0.001     0.000    -0.010
   7 0 0 0 1 1 1 1  22  17   1   0   0   0   0     5.478    56.408    22.003     0.000     0.000     0.000     0.000   0   0   0   0   0   0   0     0.000     0.014     0.015     0.014    -0.000    -0.005    -0.019
   7 0 0 0 1 1 1 1  15  12   3   0   0   0   0    52.967    52.104    22.656     0.000     0.000     0.000     0.000   0   0   0   0   0   0   0     0.000     0.014     0.015    -0.000    -0.017     0.115     0.000
   7 0 0 0 1 1 1 1  10   5  10   0   0   0   0    15.062    21.969    15.064     0.000     0.000     0.000     0.000   0   0   0   0   0   0   0     0.000     0.014     0.015    -0.001     0.063    -0.016    -0.000
   7 0 0 0 1 1 1 1   4   3  22   0   0   0   0    22.436    22.510     5.432     0.000     0.000     0.000     0.000   0   0   0   0   0   0   0     0.000     0.014     0.015    -0.003     0.004    -0.001     0.004
   7 0 0 0 1 1 1 1  11  22   1   0   0   0   0    52.345     5.478    22.582     0.000     0.000     0.000     0.000   0   0   0   0   0   0   0     0.000     0.014     0.015     0.001    -0.007    -0.018     0.003
   7 0 0 1 1 1 1 1  20  26   1   0   0   0   0    62.925     5.792    22.582     0.000     0.000     0.000     0.000   0   0   0   0   0   0   0     0.000     0.014     0.007    -0.006     0.001    -0.018     0.003
   7 0 0 0 1 1 1 1  25  10   0   0   0   0   0     6.021    15.062    21.818     0.000     0.000     0.000     0.000   0   0   0   0   0   0   0     0.000     0.014     0.007     0.003    -0.001     0.002     0.012
   7 0 0 0 1 1 1 1  26  26  24   0   0   0   0     5.890     5.834     5.348     0.000     0.000     0.000     0.000   0   0   0   0   0   0   0     0.000     0.014     0.007     0.000    -0.005    -0.001     0.002
   7 0 0 0 1 1 1 1   5  20  10   0   0   0   0    21.980    62.571    15.062     0.000     0.000     0.000     0.000   0   0   0   0   0   0   0     0.000     0.014     0.007     0.010     0.000    -0.157    -0.000
   7 0 0 0 1 1 1 1   5  19  32   0   0   0   0    21.992    66.094     4.276     0.000     0.000     0.000     0.000   0   0   0   0   0   0   0     0.000     0.014     0.007     0.109     0.000    -0.002     0.001
   7 0 0 0 1 1 1 1   7  20   2   0   0   0   0    20.046    62.387    21.706     0.000     0.000     0.000     0.000   0   0   0   0   0   0   0     0.000     0.014     0.007    -0.007    -0.001     0.060     0.000
   7 0 0 1 1 1 1 1   1  26   2   0   0   0   0    22.582     5.722    21.706     0.000     0.000     0.000     0.000   0   0   0   0   0   0   0     0.000     0.014     0.014    -0.009     0.000     0.060     0.000
   7 0 0 0 1 1 1 1  11  10   1   0   0   0   0    52.345    15.062    22.582     0.000     0.000     0.000     0.000   0   0   0   0   0   0   0     0.000     0.014     0.014    -0.007     0.001    -0.017     0.003
   7 0 0 0 1 1 1 1   5  19  12   0   0   0   0    21.992    66.094    45.784     0.000     0.000     0.000     0.000   0   0   0   0   0   0   0     0.000     0.014     0.014     0.103     0.000    -0.011    -0.000
   7 0 1 0 1 1 1 1   0  19  17   0   0   0   0    20.886    66.094    56.574     0.000     0.000     0.000     0.000   0   0   0   0   0   0   0     0.000     0.005     0.014     0.103     0.000    -0.003     0.000
   7 0 0 0 1 1 1 1  28  26  11   0   0   0   0     5.209     5.810    47.852     0.000     0.000     0.000     0.000   0   0   0   0   0   0   0     0.000     0.005     0.014    -0.003     0.001     0.005    -0.000
   7 0 0 0 1 1 1 1   5  14  10   0   0   0   0    21.980    46.362    15.062     0.000     0.000     0.000     0.000   0   0   0   0   0   0   0     0.000     0.005     0.014     0.013     0.002    -0.149    -0.000
   7 0 0 0 1 1 1 1  27  30  10   0   0   0   0     5.195     5.374    15.108     0.000     0.000     0.000     0.000   0   0   0   0   0   0   0     0.000     0.005     0.014     0.003     0.013     0.002    -0.001
   7 0 0 0 1 1 1 1  13  15   4   0   0   0   0    52.330    52.926    22.760     0.000     0.000     0.000     0.000   0   0   0   0   0   0   0     0.000     0.005     0.014     0.000     0.057    -0.005     0.002
   7 0 0 0 1 1 1 1   0   4  25   0   0   0   0    21.177    22.653     5.601     0.000     0.000     0.000     0.000   0   0   0   0   0   0   0     0.000     0.005     0.014    -0.000    -0.061     0.011     0.001
   7 0 0 0 1 1 1 1  17   4  28   0   0   0   0    55.867    22.051     5.374     0.000     0.000     0.000     0.000   0   0   0   0   0   0   0     0.000     0.005     0.014    -0.017    -0.007     0.003    -0.002
   7 0 0 1 1 1 1 1  20  26  28   0   0   0   0    62.925     5.792     5.374     0.000     0.000     0.000     0.000   0   0   0   0   0   0   0     0.000     0.005     0.007    -0.005     0.001     0.003    -0.002
   7 0 0 0 1 1 1 1  25   1   0   0   0   0   0     5.968    21.980    21.818     0.000     0.000     0.000     0.000   0   0   0   0   0   0   0     0.000     0.005     0.007     0.000    -0.005     0.001     0.011
   7 0 0 0 1 1 1 1  14  31   4   0   0   0   0    46.496     5.523    22.657     0.000     0.000     0.000     0.000   0   0   0   0   0   0   0     0.000     0.005     0.007     0.001    -0.011    -0.000    -0.014
   7 0 0 0 1 1 1 1  11  26  28   0   0   0   0    44.776     5.807     5.355     0.000     0.000     0.000     0.000   0   0   0   0   0   0   0     0.000     0.005     0.007    -0.010     0.002     0.007    -0.001
   7 0 0 0 1 1 1 1  11  12   0   0   0   0   0    52.644    47.947    21.548     0.000     0.000     0.000     0.000   0   0   0   0   0   0   0     0.000     0.005     0.007    -0.002     0.001    -0.014     0.001
   7 0 1 0 1 1 1 1   0  12  17   0   0   0   0    20.886    47.947    56.524     0.000     0.000     0.000     0.000   0   0   0   0   0   0   0     0.000     0.005     0.007    -0.002     0.001    -0.002     0.000
   7 0 0 1 1 1 1 1   1  11  17   0   0   0   0    22.582    52.345    56.524     0.000     0.000     0.000     0.000   0   0   0   0   0   0   0     0.000     0.005     0.012     0.000    -0.009    -0.002     0.000
   7 0 0 0 1 1 1 1  10   5  10   0   0   0   0    15.062    21.969    15.083     0.000     0.000     0.000     0.000   0   0   0   0   0   0   0     0.000     0.005     0.012     0.003    -0.141     0.013    -0.000
   7 0 0 0 1 1 1 1  19  30  19   0   0   0   0    66.090     5.361    66.094     0.000     0.000     0.000     0.000   0   0   0   0   0   0   0     0.000     0.005     0.012    -0.003     0.001     0.066     0.000
   7 0 0 1 1 1 1 1   0  28  19   0   0   0   0    21.818     5.627    66.094     0.000     0.000     0.000     0.000   0   0   0   0   0   0   0     0.000     0.005     0.010    -0.000     0.002     0.066     0.000
   7 0 0 0 1 1 1 1   0   4  25   0   0   0   0    21.177    22.653     5.601     0.000     0.000     0.000     0.000   0   0   0   0   0   0   0     0.000     0.005     0.010    -0.000    -0.057     0.010     0.001
   7 0 0 0 1 1 1 1  30   1   3   0   0   0   0     4.748    22.003    22.371     0.000     0.000     0.000     0.000   0   0   0   0   0   0   0     0.000     0.005     0.010    -0.004    -0.015     0.013    -0.001
   7 0 0 0 1 1 1 1  29  12   4   0   0   0   0     5.733    49.888    23.762     0.000     0.000     0.000     0.000   0   0   0   0   0   0   0     0.000     0.005     0.010     0.001    -0.005     0.003    -0.003
   7 0 0 0 1 1 1 1  13  15   0   0   0   0   0    52.330    52.926    21.188     0.000     0.000     0.000     0.000   0   0   0   0   0   0   0     0.000     0.005     0.010     0.000     0.054    -0.007     0.001
   7 0 0 0 1 1 1 1   3  18   1   0   0   0   0    21.792    50.543    21.868     0.000     0.000     0.000     0.000   0   0   0   0   0   0   0     0.000     0.005     0.010    -0.003    -0.007    -0.002     0.001
   7 0 0 0 1 1 1 1  17  15   1   0   0   0   0    59.212    52.990    21.910     0.000     0.000     0.000     0.000   0   0   0   0   0   0   0     0.000     0.005     0.010    -0.000    -0.011    -0.004     0.006
   7 0 0 0 1 1 1 1   5  19   0   0   0   0   0    21.992    66.094    21.818     0.000     0.000     0.000     0.000   0   0   0   0   0   0   0     0.000     0.005     0.010     0.095    -0.000    -0.001     0.014
   7 0 0 0 1 1 1 1  25  10   0   0   0   0   0     6.030    15.062    21.818     0.000     0.000     0.000     0.000   0   0   0   0   0   0   0     0.000     0.005     0.010     0.002    -0.000     0.003     0.010
   7 0 0 0 1 1 1 1  24   2  11   0   0   0   0     5.140    21.594    47.852     0.000     0.000     0.000     0.000   0   0   0   0   0   0   0     0.000     0.005     0.010    -0.000    -0.005     0.007    -0.000
   7 0 0 0 1 1 1 1   6  14  22   0   0   0   0    20.603    47.671     4.902     0.000     0.000     0.000     0.000   0   0   0   0   0   0   0     0.000     0.005     0.010     0.001    -0.004     0.002    -0.013
   7 0 0 1 1 1 1 1  20  17  22   0   0   0   0    62.925    56.456     4.902     0.000     0.000     0.000     0.000   0   0   0   0   0   0   0     0.000     0.005     0.005    -0.004     0.001     0.002    -0.013
   7 0 0 0 1 1 1 1   7  20   2   0   0   0   0    20.046    62.387    21.706     0.000     0.000     0.000     0.000   0   0   0   0   0   0   0     0.000     0.005     0.005    -0.005    -0.001     0.051     0.000
   7 0 0 0 1 1 1 1  14  31   4   0   0   0   0    46.518     5.523    22.657     0.000     0.000     0.000     0.000   0   0   0   0   0   0   0     0.000     0.005     0.005     0.001    -0.009    -0.000    -0.017
   7 0 0 0 1 1 1 1   5  20  10   0   0   0   0    21.980    62.571    15.062     0.000     0.000     0.000     0.000   0   0   0   0   0   0   0     0.000     0.005     0.005     0.009     0.000    -0.133    -0.000
   7 0 0 0 1 1 1 1  11  12   0   0   0   0   0    52.644    45.784    21.548     0.000     0.000     0.000     0.000   0   0   0   0   0   0   0     0.000     0.005     0.005    -0.009     0.000    -0.012     0.000
   7 0 0 0 1 1 1 1  13  15   4   0   0   0   0    52.330    52.926    22.760     0.000     0.000     0.000     0.000   0   0   0   0   0   0   0     0.000     0.005     0.005     0.000     0.048    -0.004     0.002
   7 0 0 0 1 1 1 1   5   4  10   0   0   0   0    21.980    22.759    15.062     0.000     0.000     0.000     0.000   0   0   0   0   0   0   0     0.000     0.005     0.005    -0.000     0.004    -0.053    -0.000
   7 0 0 0 1 1 1 1  11  10  12   0   0   0   0    52.345    15.062    48.732     0.000     0.000     0.000     0.000   0   0   0   0   0   0   0     0.000     0.005     0.005    -0.006     0.001     0.003    -0.014
   7 0 0 0 1 1 1 1  19  18  19   0   0   0   0    66.092    49.775    66.094     0.000     0.000     0.000     0.000   0   0   0   0   0   0   0     0.000     0.005     0.005    -0.000    -0.006     0.090     0.000
   7 0 0 0 1 1 1 1  25   1   0   0   0   0   0     5.968    21.980    21.818     0.000     0.000     0.000     0.000   0   0   0   0   0   0   0     0.000     0.005     0.005     0.000    -0.004     0.001     0.009
   7 0 0 1 1 1 1 1   1   2   0   0   0   0   0    22.582    23.206    21.818     0.000     0.000     0.000     0.000   0   0   0   0   0   0   0     0.000     0.005     0.011     0.000    -0.008     0.001     0.009
   7 0 0 0 1 1 1 1   5  20  10   0   0   0   0    21.980    62.571    15.062     0.000     0.000     0.000     0.000   0   0   0   0   0   0   0     0.000     0.005     0.011     0.008     0.001    -0.126    -0.000
   7 0 0 0 1 1 1 1  29  12  24   0   0   0   0     5.733    49.944     5.515     0.000     0.000     0.000     0.000   0   0   0   0   0   0   0     0.000     0.005     0.011     0.001    -0.005     0.001     0.004
   7 0 1 0 1 1 1 1   0  12  26   0   0   0   0    20.886    49.944     5.792     0.000     0.000     0.000     0.000   0   0   0   0   0   0   0     0.000     0.004     0.011     0.001    -0.005    -0.002     0.000
   7 0 0 1 1 1 1 1   1  11  26   0   0   0   0    22.582    52.345     5.792     0.000     0.000     0.000     0.000   0   0   0   0   0   0   0     0.000     0.004     0.011     0.000    -0.007    -0.002     0.000
   7 0 0 0 1 1 1 1  23  32  23   0   0   0   0     5.531     4.339     5.604     0.000     0.000     0.000     0.000   0   0   0   0   0   0   0     0.000     0.004     0.011    -0.005     0.002     0.016    -0.000
   7 0 0 0 1 1 1 1  27  10   0   0   0   0   0     5.293    15.062    21.124     0.000     0.000     0.000     0.000   0   0   0   0   0   0   0     0.000     0.004     0.011     0.085     0.000     0.001    -0.004
   7 0 0 0 1 1 1 1  13  15   0   0   0   0   0    52.330    52.926    21.188     0.000     0.000     0.000     0.000   0   0   0   0   0   0   0     0.000     0.004     0.011     0.000     0.046    -0.006     0.001
   7 0 0 0 1 1 1 1   4   3  12   0   0   0   0    22.436    22.510    48.732     0.000     0.000     0.000     0.000   0   0   0   0   0   0   0     0.000     0.004     0.011    -0.002     0.004     0.004    -0.000
   7 0 0 0 1 1 1 1   5  14  10   0   0   0   0    21.980    46.362    15.062     0.000     0.000     0.000     0.000   0   0   0   0   0   0   0     0.000     0.004     0.011     0.010     0.002    -0.120    -0.000
   7 0 0 0 1 1 1 1   5  19  32   0   0   0   0    21.996    66.094     4.276     0.000     0.000     0.000     0.000   0   0   0   0   0   0   0     0.000     0.004     0.011     0.013    -0.000    -0.002     0.001
   7 0 0 1 1 1 1 1   0   0  32   0   0   0   0    21.773    20.886     4.276     0.000     0.000     0.000     0.000   0   0   0   0   0   0   0     0.000     0.004     0.007     0.004    -0.000    -0.002     0.001
   7 0 0 0 1 1 1 1   0   4  25   0   0   0   0    21.177    22.653     5.607     0.000     0.000     0.000     0.000   0   0   0   0   0   0   0     0.000     0.004     0.007    -0.000    -0.050     0.008     0.000
   7 0 0 0 1 1 1 1  10  32  30   0   0   0   0    15.849     4.348     5.512     0.000     0.000     0.000     0.000   0   0   0   0   0   0   0     0.000     0.004     0.007    -0.000     0.007    -0.010    -0.001
   7 0 0 0 1 1 1 1  19  30  19   0   0   0   0    66.092     5.361    66.094     0.000     0.000     0.000     0.000   0   0   0   0   0   0   0     0.000     0.004     0.007    -0.003     0.001     0.080     0.000
   7 0 0 0 1 1 1 1  25  10   0   0   0   0   0     6.023    15.062    21.818     0.000     0.000     0.000     0.000   0   0   0   0   0   0   0     0.000     0.004     0.007     0.002    -0.000     0.002     0.008
   7 0 0 0 1 1 1 1  14  31   4   0   0   0   0    46.588     5.523    22.657     0.000     0.000     0.000     0.000   0   0   0   0   0   0   0     0.000     0.004     0.007     0.001    -0.007    -0.000    -0.029
   7 0 0 0 1 1 1 1  23  17  23   0   0   0   0     5.534    59.083     5.604     0.000     0.000     0.000     0.000   0   0   0   0   0   0   0     0.000     0.004     0.007    -0.005     0.001     0.018    -0.000
   7 0 0 0 1 1 1 1  19  18  19   0   0   0   0    66.092    49.775    66.094     0.000     0.000     0.000     0.000   0   0   0   0   0   0   0     0.000     0.004     0.007    -0.000    -0.005     0.076     0.000
   7 0 0 0 1 1 1 1  30  26  10   0   0   0   0     4.665     5.788    15.062     0.000     0.000     0.000     0.000   0   0   0   0   0   0   0     0.000     0.004     0.007    -0.003    -0.001     0.004     0.000
   7 0 0 0 1 1 1 1   3   4   1   0   0   0   0    21.792    22.051    21.868     0.000     0.000     0.000     0.000   0   0   0   0   0   0   0     0.000     0.004     0.007    -0.006    -0.003    -0.001     0.001
   7 0 0 0 1 1 1 1   5  18  10   0   0   0   0    21.980    49.361    15.062     0.000     0.000     0.000     0.000   0   0   0   0   0   0   0     0.000     0.004     0.007     0.007     0.000    -0.114    -0.000
   7 0 0 0 1 1 1 1  17  15  30   0   0   0   0    59.215    53.015     5.376     0.000     0.000     0.000     0.000   0   0   0   0   0   0   0     0.000     0.004     0.007     0.000    -0.006     0.002     0.011
   7 0 0 0 1 1 1 1  13  13   0   0   0   0   0    52.314    52.019    21.188     0.000     0.000     0.000     0.000   0   0   0   0   0   0   0     0.000     0.004     0.007     0.000     0.043    -0.005     0.001
   7 0 0 0 1 1 1 1  23   1   2   0   0   0   0     5.848    21.868    22.041     0.000     0.000     0.000     0.000   0   0   0   0   0   0   0     0.000     0.004     0.007    -0.003     0.000    -0.003     0.003
   7 0 0 0 1 1 1 1   5  14  10   0   0   0   0    21.980    46.362    15.062     0.000     0.000     0.000     0.000   0   0   0   0   0   0   0     0.000     0.004     0.007     0.008     0.002    -0.108    -0.000
