  256
   1 1   0     0.000   0     4.869
   1 1   0     0.000   0     5.439
   1 1   0     0.000   0     5.732
   1 1   0     0.000   0     5.934
   7 0 1 0 0 0 1 1   5   0  11   0   0   0   0    21.957     0.000    49.209     0.000     0.000     0.000     0.000   0   0   0   0   0   0   0     0.000     0.689     0.000     0.000     0.000    -0.161    -0.013
   7 0 0 0 1 1 1 1   3  11   0   0   0   0   0    22.839    50.150    21.227     0.000     0.000     0.000     0.000   0   0   0   0   0   0   0     0.000     0.689     0.000    -0.138    -0.005     0.072     0.206
   7 0 0 0 1 1 1 1   6   0   0   0   0   0   0    20.350    21.082    20.805     0.000     0.000     0.000     0.000   0   0   0   0   0   0   0     0.000     0.689     0.000    -0.015    -0.129     0.022     0.110
   7 0 0 0 1 1 1 1   2   0  11   0   0   0   0    21.810    21.192    50.515     0.000     0.000     0.000     0.000   0   0   0   0   0   0   0     0.000     0.689     0.000    -0.202    -0.447     0.069     0.297
   7 0 1 0 1 1 1 1   5   0  18   0   0   0   0    21.957    21.192    48.507     0.000     0.000     0.000     0.000   0   0   0   0   0   0   0     0.000     0.654     0.000    -0.202    -0.447    -0.012    -0.147
   7 0 0 0 1 1 1 1   3  11   6   0   0   0   0    22.839    50.150    20.732     0.000     0.000     0.000     0.000   0   0   0   0   0   0   0     0.000     0.654     0.000    -0.126    -0.005     0.191     0.066
   7 0 0 0 1 1 1 1   6   2  11   0   0   0   0    20.350    21.874    51.570     0.000     0.000     0.000     0.000   0   0   0   0   0   0   0     0.000     0.654     0.000    -0.118    -0.014     0.101     0.021
   7 0 0 0 1 1 1 1   2   0  11   0   0   0   0    21.810    21.192    50.515     0.000     0.000     0.000     0.000   0   0   0   0   0   0   0     0.000     0.654     0.000    -0.185    -0.425     0.063     0.274
   7 0 1 0 1 1 1 1   5   0  11   0   0   0   0    21.957    21.192    49.209     0.000     0.000     0.000     0.000   0   0   0   0   0   0   0     0.000     0.621     0.000    -0.185    -0.425    -0.134    -0.011
   7 0 0 0 1 1 1 1   3   3   1   0   0   0   0    22.839    22.358    21.912     0.000     0.000     0.000     0.000   0   0   0   0   0   0   0     0.000     0.621     0.000    -0.122    -0.023     0.221     0.085
   7 0 0 0 1 1 1 1   6   2  11   0   0   0   0    20.350    21.874    51.570     0.000     0.000     0.000     0.000   0   0   0   0   0   0   0     0.000     0.621     0.000    -0.108    -0.013     0.092     0.020
   7 0 0 0 1 1 1 1   2   0   3   0   0   0   0    21.810    21.192    22.358     0.000     0.000     0.000     0.000   0   0   0   0   0   0   0     0.000     0.621     0.000    -0.171    -0.404    -0.013     0.206
   7 0 1 0 1 1 1 1   5   0  11   0   0   0   0    21.957    21.192    49.209     0.000     0.000     0.000     0.000   0   0   0   0   0   0   0     0.000     0.590     0.000    -0.171    -0.404    -0.122    -0.010
   7 0 0 0 1 1 1 1   3   3   1   0   0   0   0    22.839    22.358    21.912     0.000     0.000     0.000     0.000   0   0   0   0   0   0   0     0.000     0.590     0.000    -0.112    -0.022     0.210     0.078
   7 0 0 0 1 1 1 1   6   0   0   0   0   0   0    20.350    21.082    20.805     0.000     0.000     0.000     0.000   0   0   0   0   0   0   0     0.000     0.590     0.000    -0.012    -0.099     0.019     0.084
   7 0 0 0 1 1 1 1   2   0  11   0   0   0   0    21.810    21.192    50.515     0.000     0.000     0.000     0.000   0   0   0   0   0   0   0     0.000     0.590     0.000    -0.157    -0.383     0.048     0.235
   7 0 1 0 1 1 1 1   5   0  11   0   0   0   0    21.957    21.192    49.209     0.000     0.000     0.000     0.000   0   0   0   0   0   0   0     0.000     0.561     0.000    -0.157    -0.383    -0.111    -0.009
   7 0 0 0 1 1 1 1   3  11  11   0   0   0   0    22.839    50.150    51.476     0.000     0.000     0.000     0.000   0   0   0   0   0   0   0     0.000     0.561     0.000    -0.097    -0.002     0.072     0.199
   7 0 0 0 1 1 1 1   6   0   0   0   0   0   0    20.350    21.082    20.805     0.000     0.000     0.000     0.000   0   0   0   0   0   0   0     0.000     0.561     0.000    -0.011    -0.091     0.018     0.077
   7 0 0 0 1 1 1 1   2   5  11   0   0   0   0    21.810    21.957    50.515     0.000     0.000     0.000     0.000   0   0   0   0   0   0   0     0.000     0.561     0.000    -0.364    -0.144     0.044     0.216
   7 0 1 0 1 1 1 1   5   5  18   0   0   0   0    21.957    21.957    48.507     0.000     0.000     0.000     0.000   0   0   0   0   0   0   0     0.000     0.533     0.000    -0.364    -0.144    -0.008    -0.102
   7 0 0 0 1 1 1 1   3   1   1   0   0   0   0    22.839    21.849    21.912     0.000     0.000     0.000     0.000   0   0   0   0   0   0   0     0.000     0.533     0.000    -0.017    -0.094     0.189     0.066
   7 0 0 0 1 1 1 1   6   0  11   0   0   0   0    20.350    21.082    51.570     0.000     0.000     0.000     0.000   0   0   0   0   0   0   0     0.000     0.533     0.000    -0.011    -0.083     0.071     0.017
   7 0 0 0 1 1 1 1   2   0   3   0   0   0   0    21.810    21.192    22.358     0.000     0.000     0.000     0.000   0   0   0   0   0   0   0     0.000     0.533     0.000    -0.133    -0.346    -0.018     0.162
   7 0 1 0 1 1 1 1   5   0  18   0   0   0   0    21.957    21.192    48.507     0.000     0.000     0.000     0.000   0   0   0   0   0   0   0     0.000     0.506     0.000    -0.133    -0.346    -0.008    -0.093
   7 0 0 0 1 1 1 1   3   1   1   0   0   0   0    22.839    21.849    21.912     0.000     0.000     0.000     0.000   0   0   0   0   0   0   0     0.000     0.506     0.000    -0.016    -0.086     0.180     0.060
   7 0 0 0 1 1 1 1   6   1  11   0   0   0   0    20.350    21.902    51.570     0.000     0.000     0.000     0.000   0   0   0   0   0   0   0     0.000     0.506     0.000    -0.018    -0.083     0.064     0.017
   7 0 0 0 1 1 1 1   2   0  11   0   0   0   0    21.810    21.192    50.515     0.000     0.000     0.000     0.000   0   0   0   0   0   0   0     0.000     0.506     0.000    -0.122    -0.329     0.033     0.186
   7 0 1 0 1 1 1 1   5   0  11   0   0   0   0    21.957    21.192    49.209     0.000     0.000     0.000     0.000   0   0   0   0   0   0   0     0.000     0.481     0.000    -0.122    -0.329    -0.085    -0.007
   7 0 0 0 1 1 1 1   3  11   1   0   0   0   0    22.839    50.150    21.912     0.000     0.000     0.000     0.000   0   0   0   0   0   0   0     0.000     0.481     0.000    -0.074    -0.001     0.171     0.055
   7 0 0 0 1 1 1 1   6  22  11   0   0   0   0    20.350     5.453    51.570     0.000     0.000     0.000     0.000   0   0   0   0   0   0   0     0.000     0.481     0.000    -0.076    -0.017     0.059     0.016
   7 0 0 0 1 1 1 1   6   5  11   0   0   0   0    20.350    21.957    50.515     0.000     0.000     0.000     0.000   0   0   0   0   0   0   0     0.000     0.481     0.000    -0.312    -0.089     0.060     0.171
   7 0 0 1 1 1 1 1  12  11  11   0   0   0   0    52.048    49.209    50.515     0.000     0.000     0.000     0.000   0   0   0   0   0   0   0     0.000     0.481     0.457    -0.077    -0.006     0.060     0.171
   7 0 0 0 1 1 1 1   3   3  11   0   0   0   0    22.839    22.358    51.476     0.000     0.000     0.000     0.000   0   0   0   0   0   0   0     0.000     0.481     0.457    -0.072    -0.012     0.051     0.162
   7 0 0 0 1 1 1 1   6   1   0   0   0   0   0    20.350    21.902    20.805     0.000     0.000     0.000     0.000   0   0   0   0   0   0   0     0.000     0.481     0.457    -0.016    -0.070     0.015     0.054
   7 0 0 0 1 1 1 1   2   5  11   0   0   0   0    21.810    21.957    50.515     0.000     0.000     0.000     0.000   0   0   0   0   0   0   0     0.000     0.481     0.457    -0.297    -0.105     0.030     0.158
   7 0 1 0 1 1 1 1   5   5  11   0   0   0   0    21.957    21.957    49.209     0.000     0.000     0.000     0.000   0   0   0   0   0   0   0     0.000     0.434     0.457    -0.297    -0.105    -0.070    -0.006
   7 0 0 0 1 1 1 1   0   0   1   0   0   0   0    21.167    20.995    22.139     0.000     0.000     0.000     0.000   0   0   0   0   0   0   0     0.000     0.434     0.457     0.011    -0.062     0.154     0.058
   7 0 0 0 1 1 1 1   6   0  12   0   0   0   0    20.350    21.082    48.162     0.000     0.000     0.000     0.000   0   0   0   0   0   0   0     0.000     0.434     0.457    -0.007    -0.060     0.059     0.027
   7 0 0 0 1 1 1 1   2   0   3   0   0   0   0    21.810    21.192    22.358     0.000     0.000     0.000     0.000   0   0   0   0   0   0   0     0.000     0.434     0.457    -0.097    -0.282    -0.016     0.117
   7 0 1 0 1 1 1 1   5   0  11   0   0   0   0    21.957    21.192    49.209     0.000     0.000     0.000     0.000   0   0   0   0   0   0   0     0.000     0.412     0.457    -0.097    -0.282    -0.064    -0.005
   7 0 0 0 1 1 1 1   0   0  11   0   0   0   0    21.167    20.995    51.357     0.000     0.000     0.000     0.000   0   0   0   0   0   0   0     0.000     0.412     0.457     0.010    -0.057     0.054     0.146
   7 0 0 0 1 1 1 1   6   1  12   0   0   0   0    20.350    21.902    48.162     0.000     0.000     0.000     0.000   0   0   0   0   0   0   0     0.000     0.412     0.457    -0.013    -0.060     0.055     0.025
   7 0 0 0 1 1 1 1   2   0  11   0   0   0   0    21.810    21.192    50.515     0.000     0.000     0.000     0.000   0   0   0   0   0   0   0     0.000     0.412     0.457    -0.089    -0.268     0.022     0.136
   7 0 1 0 1 1 1 1   5   0  11   0   0   0   0    21.957    21.192    49.209     0.000     0.000     0.000     0.000   0   0   0   0   0   0   0     0.000     0.392     0.457    -0.089    -0.268    -0.059    -0.005
   7 0 0 0 1 1 1 1   0   2   1   0   0   0   0    21.167    21.803    22.139     0.000     0.000     0.000     0.000   0   0   0   0   0   0   0     0.000     0.392     0.457    -0.066    -0.007     0.139     0.050
   7 0 0 0 1 1 1 1   6   0  12   0   0   0   0    20.350    21.082    48.162     0.000     0.000     0.000     0.000   0   0   0   0   0   0   0     0.000     0.392     0.457    -0.005    -0.051     0.050     0.023
   7 0 0 0 1 1 1 1   2   0  11   0   0   0   0    21.810    21.192    50.515     0.000     0.000     0.000     0.000   0   0   0   0   0   0   0     0.000     0.392     0.457    -0.082    -0.254     0.021     0.125
   7 0 1 0 1 1 1 1   5   0  12   0   0   0   0    21.957    21.192    47.897     0.000     0.000     0.000     0.000   0   0   0   0   0   0   0     0.000     0.372     0.457    -0.082    -0.254    -0.054    -0.004
   7 0 0 0 1 1 1 1   0   0   1   0   0   0   0    21.167    20.995    22.139     0.000     0.000     0.000     0.000   0   0   0   0   0   0   0     0.000     0.372     0.457     0.010    -0.048     0.132     0.046
   7 0 0 0 1 1 1 1   6   1   6   0   0   0   0    20.350    21.930    20.732     0.000     0.000     0.000     0.000   0   0   0   0   0   0   0     0.000     0.372     0.457    -0.014    -0.056     0.021     0.047
   7 0 0 0 1 1 1 1   6   0  11   0   0   0   0    20.350    21.192    50.515     0.000     0.000     0.000     0.000   0   0   0   0   0   0   0     0.000     0.372     0.457    -0.061    -0.242     0.041     0.115
   7 0 1 0 1 1 1 1   5   0  12   0   0   0   0    21.957    21.192    48.777     0.000     0.000     0.000     0.000   0   0   0   0   0   0   0     0.000     0.353     0.457    -0.061    -0.242    -0.042     0.010
   7 0 0 0 1 1 1 1   0  18  11   0   0   0   0    21.167    49.510    51.357     0.000     0.000     0.000     0.000   0   0   0   0   0   0   0     0.000     0.353     0.457    -0.008    -0.063     0.043     0.125
   7 0 0 0 1 1 1 1   6   1  12   0   0   0   0    20.350    21.930    48.162     0.000     0.000     0.000     0.000   0   0   0   0   0   0   0     0.000     0.353     0.457    -0.013    -0.052     0.043     0.020
   7 0 0 0 1 1 1 1   2   5   3   0   0   0   0    21.810    21.957    22.358     0.000     0.000     0.000     0.000   0   0   0   0   0   0   0     0.000     0.353     0.457    -0.230    -0.071    -0.013     0.085
   7 0 1 0 1 1 1 1   5   5  11   0   0   0   0    21.957    21.957    49.209     0.000     0.000     0.000     0.000   0   0   0   0   0   0   0     0.000     0.336     0.457    -0.230    -0.071    -0.046    -0.002
   7 0 0 0 1 1 1 1   3   1  11   0   0   0   0    22.839    21.924    51.476     0.000     0.000     0.000     0.000   0   0   0   0   0   0   0     0.000     0.336     0.457    -0.016    -0.058     0.033     0.119
   7 0 0 0 1 1 1 1   6   1  12   0   0   0   0    20.350    21.902    48.162     0.000     0.000     0.000     0.000   0   0   0   0   0   0   0     0.000     0.336     0.457    -0.008    -0.044     0.040     0.018
   7 0 0 0 1 1 1 1   2   5  11   0   0   0   0    21.810    21.957    50.515     0.000     0.000     0.000     0.000   0   0   0   0   0   0   0     0.000     0.336     0.457    -0.218    -0.065     0.015     0.099
   7 0 1 0 1 1 1 1   5   5  12   0   0   0   0    21.957    21.957    47.897     0.000     0.000     0.000     0.000   0   0   0   0   0   0   0     0.000     0.319     0.457    -0.218    -0.065    -0.042    -0.002
   7 0 0 0 1 1 1 1   0   3   1   0   0   0   0    21.167    22.358    22.139     0.000     0.000     0.000     0.000   0   0   0   0   0   0   0     0.000     0.319     0.457    -0.042     0.004     0.113     0.037
   7 0 0 0 1 1 1 1   6   1  12   0   0   0   0    20.350    21.930    48.162     0.000     0.000     0.000     0.000   0   0   0   0   0   0   0     0.000     0.319     0.457    -0.011    -0.045     0.037     0.017
   7 0 0 0 1 1 1 1   2   0  11   0   0   0   0    21.810    21.192    50.515     0.000     0.000     0.000     0.000   0   0   0   0   0   0   0     0.000     0.319     0.457    -0.060    -0.207     0.014     0.091
   7 0 1 0 1 1 1 1   5   0  11   0   0   0   0    21.957    21.192    49.209     0.000     0.000     0.000     0.000   0   0   0   0   0   0   0     0.000     0.303     0.457    -0.060    -0.207    -0.039    -0.001
   7 0 0 0 1 1 1 1   0  12  11   0   0   0   0    21.167    47.437    51.357     0.000     0.000     0.000     0.000   0   0   0   0   0   0   0     0.000     0.303     0.457    -0.051    -0.006     0.034     0.108
   7 0 0 0 1 1 1 1   2   0   2   0   0   0   0    21.810    21.113    22.076     0.000     0.000     0.000     0.000   0   0   0   0   0   0   0     0.000     0.303     0.457    -0.041    -0.015     0.002     0.029
   7 0 0 0 1 1 1 1   6   5  12   0   0   0   0    20.350    21.957    48.162     0.000     0.000     0.000     0.000   0   0   0   0   0   0   0     0.000     0.303     0.457    -0.197    -0.045     0.090     0.035
   7 0 1 0 1 1 1 1   5   5  12   0   0   0   0    21.957    21.957    48.777     0.000     0.000     0.000     0.000   0   0   0   0   0   0   0     0.000     0.288     0.457    -0.197    -0.045    -0.030     0.010
   7 0 0 0 1 1 1 1   3   1   1   0   0   0   0    22.839    21.924    21.912     0.000     0.000     0.000     0.000   0   0   0   0   0   0   0     0.000     0.288     0.457    -0.013    -0.047     0.102     0.027
   7 0 0 0 1 1 1 1   2   1   3   0   0   0   0    21.810    21.930    22.358     0.000     0.000     0.000     0.000   0   0   0   0   0   0   0     0.000     0.288     0.457    -0.014    -0.038    -0.002     0.024
   7 0 0 0 1 1 1 1  18   3   0   0   0   0   0    49.617    22.358    21.173     0.000     0.000     0.000     0.000   0   0   0   0   0   0   0     0.000     0.288     0.457    -0.022     0.062    -0.059    -0.187
   7 0 1 0 1 1 1 1   5   3  12   0   0   0   0    21.957    22.358    47.897     0.000     0.000     0.000     0.000   0   0   0   0   0   0   0     0.000     0.273     0.457    -0.022     0.062    -0.033    -0.000
   7 0 0 0 1 1 1 1   0  11   0   0   0   0   0    21.227    49.814    21.435     0.000     0.000     0.000     0.000   0   0   0   0   0   0   0     0.000     0.273     0.457    -0.031     0.011     0.097     0.032
   7 0 0 0 1 1 1 1   2   0   1   0   0   0   0    21.810    21.113    21.889     0.000     0.000     0.000     0.000   0   0   0   0   0   0   0     0.000     0.273     0.457    -0.035    -0.013     0.004     0.026
   7 0 0 0 1 1 1 1  27   0   3   0   0   0   0     5.241    21.173    22.358     0.000     0.000     0.000     0.000   0   0   0   0   0   0   0     0.000     0.273     0.457    -0.055    -0.178    -0.021     0.057
   7 0 1 0 1 1 1 1   5   0  17   0   0   0   0    21.957    21.173    56.785     0.000     0.000     0.000     0.000   0   0   0   0   0   0   0     0.000     0.260     0.457    -0.055    -0.178    -0.025     0.010
   7 0 0 0 1 1 1 1   0   2   0   0   0   0   0    21.227    21.803    21.435     0.000     0.000     0.000     0.000   0   0   0   0   0   0   0     0.000     0.260     0.457    -0.037     0.001     0.092     0.030
   7 0 0 0 1 1 1 1   2   1   6   0   0   0   0    21.810    21.930    20.732     0.000     0.000     0.000     0.000   0   0   0   0   0   0   0     0.000     0.260     0.457    -0.012    -0.033     0.007     0.028
   7 0 0 0 1 1 1 1  18  11   1   0   0   0   0    49.617    50.515    21.936     0.000     0.000     0.000     0.000   0   0   0   0   0   0   0     0.000     0.260     0.457    -0.003     0.068    -0.169    -0.052
   7 0 1 0 1 1 1 1   5  11  11   0   0   0   0    21.957    50.515    49.209     0.000     0.000     0.000     0.000   0   0   0   0   0   0   0     0.000     0.247     0.457    -0.003     0.068    -0.028     0.001
   7 0 0 0 1 1 1 1   0  11  11   0   0   0   0    21.227    49.814    50.756     0.000     0.000     0.000     0.000   0   0   0   0   0   0   0     0.000     0.247     0.457    -0.026     0.010     0.028     0.088
   7 0 0 0 1 1 1 1   6   2   6   0   0   0   0    20.350    21.874    20.732     0.000     0.000     0.000     0.000   0   0   0   0   0   0   0     0.000     0.247     0.457    -0.026    -0.003     0.010     0.026
   7 0 0 0 1 1 1 1  18   3   1   0   0   0   0    49.617    22.358    21.936     0.000     0.000     0.000     0.000   0   0   0   0   0   0   0     0.000     0.247     0.457    -0.019     0.048    -0.160    -0.048
   7 0 1 0 1 1 1 1   5   3  12   0   0   0   0    21.957    22.358    47.897     0.000     0.000     0.000     0.000   0   0   0   0   0   0   0     0.000     0.234     0.457    -0.019     0.048    -0.026     0.001
   7 0 0 0 1 1 1 1   0  25   0   0   0   0   0    21.227     5.277    21.435     0.000     0.000     0.000     0.000   0   0   0   0   0   0   0     0.000     0.234     0.457    -0.036     0.000     0.083     0.026
   7 0 0 0 1 1 1 1   6   1   6   0   0   0   0    20.350    21.930    20.732     0.000     0.000     0.000     0.000   0   0   0   0   0   0   0     0.000     0.234     0.457    -0.007    -0.028     0.009     0.024
   7 0 0 0 1 1 1 1  18  11   0   0   0   0   0    49.617    50.515    21.173     0.000     0.000     0.000     0.000   0   0   0   0   0   0   0     0.000     0.234     0.457    -0.003     0.059    -0.045    -0.152
   7 0 1 0 1 1 1 1   5  11  17   0   0   0   0    21.957    50.515    56.785     0.000     0.000     0.000     0.000   0   0   0   0   0   0   0     0.000     0.223     0.457    -0.003     0.059    -0.020     0.010
   7 0 0 0 1 1 1 1   0  12   1   0   0   0   0    21.167    47.437    22.139     0.000     0.000     0.000     0.000   0   0   0   0   0   0   0     0.000     0.223     0.457    -0.034    -0.003     0.079     0.023
   7 0 0 0 1 1 1 1   6   1   6   0   0   0   0    20.350    21.930    20.732     0.000     0.000     0.000     0.000   0   0   0   0   0   0   0     0.000     0.223     0.457    -0.007    -0.026     0.008     0.022
   7 0 0 0 1 1 1 1  18   3   1   0   0   0   0    49.617    22.358    21.936     0.000     0.000     0.000     0.000   0   0   0   0   0   0   0     0.000     0.223     0.457    -0.017     0.041    -0.145    -0.042
   7 0 1 0 1 1 1 1   5   3  11   0   0   0   0    21.957    22.358    49.209     0.000     0.000     0.000     0.000   0   0   0   0   0   0   0     0.000     0.212     0.457    -0.017     0.041    -0.023     0.002
   7 0 0 0 1 1 1 1   0  11  11   0   0   0   0    21.227    49.814    50.756     0.000     0.000     0.000     0.000   0   0   0   0   0   0   0     0.000     0.212     0.457    -0.021     0.009     0.023     0.075
   7 0 0 0 1 1 1 1   2   1   6   0   0   0   0    21.810    21.958    20.732     0.000     0.000     0.000     0.000   0   0   0   0   0   0   0     0.000     0.212     0.457    -0.010    -0.027     0.005     0.021
   7 0 0 0 1 1 1 1  18  13   1   0   0   0   0    49.617    47.401    21.936     0.000     0.000     0.000     0.000   0   0   0   0   0   0   0     0.000     0.212     0.457     0.058    -0.001    -0.137    -0.039
   7 0 1 0 1 1 1 1   5  13  17   0   0   0   0    21.957    47.401    56.785     0.000     0.000     0.000     0.000   0   0   0   0   0   0   0     0.000     0.201     0.457     0.058    -0.001    -0.017     0.010
   7 0 0 0 1 1 1 1   0  25  11   0   0   0   0    21.227     5.277    50.756     0.000     0.000     0.000     0.000   0   0   0   0   0   0   0     0.000     0.201     0.457    -0.030     0.001     0.021     0.071
   7 0 0 0 1 1 1 1   6   1   6   0   0   0   0    20.350    21.958    20.732     0.000     0.000     0.000     0.000   0   0   0   0   0   0   0     0.000     0.201     0.457    -0.007    -0.025     0.007     0.019
   7 0 0 0 1 1 1 1   2   0  17   0   0   0   0    21.810    21.192    54.986     0.000     0.000     0.000     0.000   0   0   0   0   0   0   0     0.000     0.201     0.457    -0.034    -0.131     0.063     0.010
   7 0 1 0 1 1 1 1   5   0  12   0   0   0   0    21.957    21.192    47.897     0.000     0.000     0.000     0.000   0   0   0   0   0   0   0     0.000     0.191     0.457    -0.034    -0.131    -0.020     0.003
   7 0 0 0 1 1 1 1   4   1   1   0   0   0   0    22.697    21.934    21.930     0.000     0.000     0.000     0.000   0   0   0   0   0   0   0     0.000     0.191     0.457    -0.004    -0.027     0.068     0.018
   7 0 0 0 1 1 1 1   2   1  13   0   0   0   0    21.810    21.958    48.382     0.000     0.000     0.000     0.000   0   0   0   0   0   0   0     0.000     0.191     0.457    -0.009    -0.024     0.014     0.000
   7 0 0 0 1 1 1 1  18  17   1   0   0   0   0    49.617    54.986    21.936     0.000     0.000     0.000     0.000   0   0   0   0   0   0   0     0.000     0.191     0.457     0.058     0.002    -0.124    -0.034
   7 0 1 0 1 1 1 1   5  17  17   0   0   0   0    21.957    54.986    56.785     0.000     0.000     0.000     0.000   0   0   0   0   0   0   0     0.000     0.181     0.457     0.058     0.002    -0.015     0.009
   7 0 0 0 1 1 1 1   0   3   0   0   0   0   0    21.227    22.358    21.435     0.000     0.000     0.000     0.000   0   0   0   0   0   0   0     0.000     0.181     0.457    -0.019     0.005     0.064     0.018
   7 0 0 0 1 1 1 1   2   3   6   0   0   0   0    21.810    22.191    20.732     0.000     0.000     0.000     0.000   0   0   0   0   0   0   0     0.000     0.181     0.457    -0.022    -0.008     0.004     0.017
   7 0 0 0 1 1 1 1   2   5  17   0   0   0   0    21.810    21.957    54.986     0.000     0.000     0.000     0.000   0   0   0   0   0   0   0     0.000     0.181     0.457    -0.118    -0.030     0.055     0.009
   7 0 1 0 1 1 1 1   5   5  11   0   0   0   0    21.957    21.957    49.209     0.000     0.000     0.000     0.000   0   0   0   0   0   0   0     0.000     0.172     0.457    -0.118    -0.030    -0.017     0.004
   7 0 0 0 1 1 1 1   0  18  11   0   0   0   0    21.227    49.510    50.756     0.000     0.000     0.000     0.000   0   0   0   0   0   0   0     0.000     0.172     0.457     0.001    -0.024     0.017     0.061
   7 0 0 0 1 1 1 1   6   1   6   0   0   0   0    20.350    21.958    20.901     0.000     0.000     0.000     0.000   0   0   0   0   0   0   0     0.000     0.172     0.457    -0.006    -0.021     0.006     0.017
   7 0 0 0 1 1 1 1  18   3   1   0   0   0   0    49.617    22.358    21.936     0.000     0.000     0.000     0.000   0   0   0   0   0   0   0     0.000     0.172     0.457    -0.014     0.030    -0.112    -0.030
   7 0 1 0 1 1 1 1   5   3  12   0   0   0   0    21.957    22.358    47.437     0.000     0.000     0.000     0.000   0   0   0   0   0   0   0     0.000     0.164     0.457    -0.014     0.030    -0.020    -0.000
   7 0 0 0 1 1 1 1   4   1   1   0   0   0   0    22.697    21.958    21.930     0.000     0.000     0.000     0.000   0   0   0   0   0   0   0     0.000     0.164     0.457    -0.004    -0.025     0.058     0.015
   7 0 0 0 1 1 1 1   2   3   6   0   0   0   0    21.810    22.191    20.901     0.000     0.000     0.000     0.000   0   0   0   0   0   0   0     0.000     0.164     0.457    -0.019    -0.007     0.004     0.016
   7 0 0 0 1 1 1 1  18  17   0   0   0   0   0    49.617    54.986    21.173     0.000     0.000     0.000     0.000   0   0   0   0   0   0   0     0.000     0.164     0.457     0.049     0.001    -0.028    -0.106
   7 0 0 1 1 1 1 1  12  11   0   0   0   0   0    52.048    49.209    21.173     0.000     0.000     0.000     0.000   0   0   0   0   0   0   0     0.000     0.164     0.156    -0.015     0.004    -0.028    -0.106
   7 0 0 0 1 1 1 1   0  11   0   0   0   0   0    21.227    49.814    21.435     0.000     0.000     0.000     0.000   0   0   0   0   0   0   0     0.000     0.164     0.156    -0.014     0.007     0.055     0.015
   7 0 0 0 1 1 1 1   6   1   6   0   0   0   0    20.350    21.958    20.901     0.000     0.000     0.000     0.000   0   0   0   0   0   0   0     0.000     0.164     0.156    -0.005    -0.018     0.005     0.015
   7 0 0 0 1 1 1 1  18  23   1   0   0   0   0    49.617     5.762    21.936     0.000     0.000     0.000     0.000   0   0   0   0   0   0   0     0.000     0.164     0.156    -0.007     0.032    -0.101    -0.026
   7 0 1 0 1 1 1 1   5  23  17   0   0   0   0    21.957     5.762    56.785     0.000     0.000     0.000     0.000   0   0   0   0   0   0   0     0.000     0.148     0.156    -0.007     0.032    -0.011     0.009
   7 0 0 0 1 1 1 1   0  18   0   0   0   0   0    21.227    49.510    21.435     0.000     0.000     0.000     0.000   0   0   0   0   0   0   0     0.000     0.148     0.156     0.001    -0.020     0.052     0.014
   7 0 0 0 1 1 1 1   6   3  12   0   0   0   0    20.350    22.191    48.005     0.000     0.000     0.000     0.000   0   0   0   0   0   0   0     0.000     0.148     0.156    -0.017    -0.005     0.014     0.005
   7 0 0 0 1 1 1 1   2   5  17   0   0   0   0    21.810    21.957    54.986     0.000     0.000     0.000     0.000   0   0   0   0   0   0   0     0.000     0.148     0.156    -0.096    -0.024     0.044     0.006
   7 0 1 0 1 1 1 1   5   5  12   0   0   0   0    21.957    21.957    47.261     0.000     0.000     0.000     0.000   0   0   0   0   0   0   0     0.000     0.140     0.156    -0.096    -0.024    -0.019     0.000
   7 0 0 0 1 1 1 1   3   1   1   0   0   0   0    22.839    21.958    21.912     0.000     0.000     0.000     0.000   0   0   0   0   0   0   0     0.000     0.140     0.156    -0.005    -0.021     0.050     0.012
   7 0 0 0 1 1 1 1  16   6   1   0   0   0   0    55.897    20.901    21.958     0.000     0.000     0.000     0.000   0   0   0   0   0   0   0     0.000     0.140     0.156     0.003     0.013    -0.006    -0.016
   7 0 0 0 1 1 1 1  18  17   1   0   0   0   0    49.617    54.986    21.936     0.000     0.000     0.000     0.000   0   0   0   0   0   0   0     0.000     0.140     0.156     0.041     0.000    -0.091    -0.023
   7 0 1 0 1 1 1 1   5  17  11   0   0   0   0    21.957    54.986    49.209     0.000     0.000     0.000     0.000   0   0   0   0   0   0   0     0.000     0.133     0.156     0.041     0.000    -0.012     0.004
   7 0 0 0 1 1 1 1   0   3   0   0   0   0   0    21.227    22.191    21.435     0.000     0.000     0.000     0.000   0   0   0   0   0   0   0     0.000     0.133     0.156    -0.020    -0.000     0.047     0.012
   7 0 0 0 1 1 1 1   6   1  12   0   0   0   0    20.350    21.958    48.005     0.000     0.000     0.000     0.000   0   0   0   0   0   0   0     0.000     0.133     0.156    -0.004    -0.015     0.012     0.004
   7 0 0 0 1 1 1 1   2   0  17   0   0   0   0    21.810    21.192    54.986     0.000     0.000     0.000     0.000   0   0   0   0   0   0   0     0.000     0.133     0.156    -0.021    -0.087     0.038     0.005
   7 0 0 1 1 1 1 1  12  12  17   0   0   0   0    52.048    47.261    54.986     0.000     0.000     0.000     0.000   0   0   0   0   0   0   0     0.000     0.133     0.127    -0.017     0.000     0.038     0.005
   7 0 0 0 1 1 1 1   0   1  11   0   0   0   0    21.167    21.958    51.357     0.000     0.000     0.000     0.000   0   0   0   0   0   0   0     0.000     0.133     0.127    -0.002    -0.018     0.012     0.045
   7 0 0 0 1 1 1 1   2   3   6   0   0   0   0    21.810    22.191    20.732     0.000     0.000     0.000     0.000   0   0   0   0   0   0   0     0.000     0.133     0.127    -0.014    -0.005     0.002     0.010
   7 0 1 0 1 1 1 1   5   3   3   0   0   0   0    21.957    22.191    22.358     0.000     0.000     0.000     0.000   0   0   0   0   0   0   0     0.000    -0.082     0.127    -0.014    -0.005    -0.016     0.020
   7 0 1 0 1 1 1 1   5   3  17   0   0   0   0    21.957    22.191    56.785     0.000     0.000     0.000     0.000   0   0   0   0   0   0   0     0.000     0.120     0.127    -0.014    -0.005    -0.009     0.008
   7 0 0 0 1 1 1 1   3   1   1   0   0   0   0    22.839    21.958    21.912     0.000     0.000     0.000     0.000   0   0   0   0   0   0   0     0.000     0.120     0.127    -0.004    -0.017     0.043     0.010
   7 0 0 0 1 1 1 1   6   1   2   0   0   0   0    20.260    21.958    23.252     0.000     0.000     0.000     0.000   0   0   0   0   0   0   0     0.000     0.120     0.127    -0.004    -0.013     0.003     0.013
   7 0 1 0 1 1 1 1   5   1   3   0   0   0   0    21.957    21.958    22.358     0.000     0.000     0.000     0.000   0   0   0   0   0   0   0     0.000    -0.078     0.127    -0.004    -0.013    -0.015     0.019
   7 0 0 1 1 1 1 1  12  11   3   0   0   0   0    52.048    49.209    22.358     0.000     0.000     0.000     0.000   0   0   0   0   0   0   0     0.000    -0.078     0.114    -0.010     0.004    -0.015     0.019
   7 0 1 0 1 1 1 1   5  11   2   0   0   0   0    21.957    49.209    22.421     0.000     0.000     0.000     0.000   0   0   0   0   0   0   0     0.000     0.041     0.114    -0.010     0.004    -0.008     0.009
   7 0 0 0 1 1 1 1   6   1   2   0   0   0   0    20.350    21.930    23.252     0.000     0.000     0.000     0.000   0   0   0   0   0   0   0     0.000     0.041     0.114    -0.003    -0.011     0.004     0.012
   7 0 1 0 1 1 1 1   5   1   3   0   0   0   0    21.957    21.930    22.358     0.000     0.000     0.000     0.000   0   0   0   0   0   0   0     0.000    -0.074     0.114    -0.003    -0.011    -0.014     0.017
   7 0 1 0 1 1 1 1   5   1  12   0   0   0   0    21.957    21.930    47.261     0.000     0.000     0.000     0.000   0   0   0   0   0   0   0     0.000     0.109     0.114    -0.003    -0.011    -0.015     0.001
   7 0 1 0 1 1 1 1   5   1  18   0   0   0   0    21.957    21.930    48.507     0.000     0.000     0.000     0.000   0   0   0   0   0   0   0     0.000     0.039     0.114    -0.003    -0.011     0.007    -0.009
   7 0 0 0 1 1 1 1   2   3   2   0   0   0   0    21.810    22.191    23.252     0.000     0.000     0.000     0.000   0   0   0   0   0   0   0     0.000     0.039     0.114    -0.011    -0.004     0.002     0.012
   7 0 1 0 1 1 1 1   5   3   6   0   0   0   0    21.957    22.191    20.732     0.000     0.000     0.000     0.000   0   0   0   0   0   0   0     0.000    -0.071     0.114    -0.011    -0.004    -0.006     0.027
   7 0 1 0 1 1 1 1   5   3  17   0   0   0   0    21.957    22.191    56.785     0.000     0.000     0.000     0.000   0   0   0   0   0   0   0     0.000     0.103     0.114    -0.011    -0.004    -0.007     0.008
   7 0 1 0 1 1 1 1   5   3   2   0   0   0   0    21.957    22.191    22.421     0.000     0.000     0.000     0.000   0   0   0   0   0   0   0     0.000     0.037     0.114    -0.011    -0.004    -0.007     0.008
   7 0 0 0 1 1 1 1   6   3   2   0   0   0   0    20.350    22.191    23.252     0.000     0.000     0.000     0.000   0   0   0   0   0   0   0     0.000     0.037     0.114    -0.010    -0.003     0.003     0.011
   7 0 1 0 1 1 1 1   5   3  17   0   0   0   0    21.957    22.191    54.986     0.000     0.000     0.000     0.000   0   0   0   0   0   0   0     0.000    -0.067     0.114    -0.010    -0.003     0.030    -0.005
   7 0 1 0 1 1 1 1   5   3  12   0   0   0   0    21.957    22.191    47.261     0.000     0.000     0.000     0.000   0   0   0   0   0   0   0     0.000     0.098     0.114    -0.010    -0.003    -0.013     0.001
   7 0 1 0 1 1 1 1   5   3   2   0   0   0   0    21.957    22.191    21.803     0.000     0.000     0.000     0.000   0   0   0   0   0   0   0     0.000     0.035     0.114    -0.010    -0.003    -0.011     0.004
   7 0 0 0 1 1 1 1   6   1   2   0   0   0   0    20.350    21.958    23.252     0.000     0.000     0.000     0.000   0   0   0   0   0   0   0     0.000     0.035     0.114    -0.003    -0.010     0.003     0.010
   7 0 0 0 1 1 1 1  27   0  17   0   0   0   0     5.241    21.173    54.986     0.000     0.000     0.000     0.000   0   0   0   0   0   0   0     0.000     0.035     0.114    -0.016    -0.064     0.028    -0.000
   7 0 1 0 1 1 1 1   5   0  11   0   0   0   0    21.957    21.173    49.209     0.000     0.000     0.000     0.000   0   0   0   0   0   0   0     0.000     0.093     0.114    -0.016    -0.064    -0.008     0.004
   7 0 1 0 1 1 1 1   5   0   3   0   0   0   0    21.957    21.173    22.191     0.000     0.000     0.000     0.000   0   0   0   0   0   0   0     0.000     0.033     0.114    -0.016    -0.064    -0.014     0.002
   7 0 0 0 1 1 1 1   2   1   2   0   0   0   0    21.810    21.958    23.252     0.000     0.000     0.000     0.000   0   0   0   0   0   0   0     0.000     0.033     0.114    -0.003    -0.009     0.002     0.010
   7 0 0 0 1 1 1 1  18  23   0   0   0   0   0    49.617     5.898    21.173     0.000     0.000     0.000     0.000   0   0   0   0   0   0   0     0.000     0.033     0.114    -0.000     0.026    -0.015    -0.061
   7 0 1 0 1 1 1 1   5  23  12   0   0   0   0    21.957     5.898    47.261     0.000     0.000     0.000     0.000   0   0   0   0   0   0   0     0.000     0.088     0.114    -0.000     0.026    -0.012     0.001
   7 0 0 0 1 1 1 1   0   3  11   0   0   0   0    21.227    22.191    50.756     0.000     0.000     0.000     0.000   0   0   0   0   0   0   0     0.000     0.088     0.114    -0.013     0.000     0.008     0.031
   7 0 0 0 1 1 1 1   6   1   2   0   0   0   0    20.350    21.902    23.252     0.000     0.000     0.000     0.000   0   0   0   0   0   0   0     0.000     0.088     0.114    -0.001    -0.007     0.003     0.009
   7 0 1 0 1 1 1 1   5   1   3   0   0   0   0    21.957    21.902    22.358     0.000     0.000     0.000     0.000   0   0   0   0   0   0   0     0.000    -0.057     0.114    -0.001    -0.007    -0.011     0.013
   7 0 1 0 1 1 1 1   5   1  11   0   0   0   0    21.957    21.902    49.209     0.000     0.000     0.000     0.000   0   0   0   0   0   0   0     0.000     0.084     0.114    -0.001    -0.007    -0.007     0.004
   7 0 0 0 1 1 1 1   0  18   0   0   0   0   0    21.227    49.617    21.435     0.000     0.000     0.000     0.000   0   0   0   0   0   0   0     0.000     0.084     0.114     0.000    -0.012     0.030     0.008
   7 0 0 0 1 1 1 1   2   1  12   0   0   0   0    22.076    21.958    47.409     0.000     0.000     0.000     0.000   0   0   0   0   0   0   0     0.000     0.084     0.114    -0.002    -0.008     0.009     0.003
   7 0 1 0 1 1 1 1   5   1  23   0   0   0   0    21.957    21.958     5.762     0.000     0.000     0.000     0.000   0   0   0   0   0   0   0     0.000    -0.055     0.114    -0.002    -0.008    -0.007     0.015
   7 0 1 0 1 1 1 1   5   1  17   0   0   0   0    21.957    21.958    56.785     0.000     0.000     0.000     0.000   0   0   0   0   0   0   0     0.000     0.080     0.114    -0.002    -0.008    -0.005     0.007
   7 0 1 0 1 1 1 1   5   1   2   0   0   0   0    21.957    21.958    22.421     0.000     0.000     0.000     0.000   0   0   0   0   0   0   0     0.000     0.028     0.114    -0.002    -0.008    -0.005     0.006
   7 0 0 0 1 1 1 1   2   1   2   0   0   0   0    21.810    21.958    23.252     0.000     0.000     0.000     0.000   0   0   0   0   0   0   0     0.000     0.028     0.114    -0.003    -0.007     0.002     0.009
   7 0 1 0 1 1 1 1   5   1  17   0   0   0   0    21.957    21.958    54.986     0.000     0.000     0.000     0.000   0   0   0   0   0   0   0     0.000    -0.052     0.114    -0.003    -0.007     0.022    -0.004
   7 0 1 0 1 1 1 1   5   1  12   0   0   0   0    21.957    21.958    47.261     0.000     0.000     0.000     0.000   0   0   0   0   0   0   0     0.000     0.076     0.114    -0.003    -0.007    -0.010     0.001
   7 0 0 1 1 1 1 1  12  18  12   0   0   0   0    52.048    49.510    47.261     0.000     0.000     0.000     0.000   0   0   0   0   0   0   0     0.000     0.076     0.027     0.002    -0.009    -0.010     0.001
   7 0 0 0 1 1 1 1   2   1   2   0   0   0   0    22.076    21.958    23.252     0.000     0.000     0.000     0.000   0   0   0   0   0   0   0     0.000     0.076     0.027    -0.002    -0.007     0.002     0.008
   7 0 0 0 1 1 1 1  18  17   0   0   0   0   0    49.617    54.986    21.173     0.000     0.000     0.000     0.000   0   0   0   0   0   0   0     0.000     0.076     0.027     0.021    -0.000    -0.013    -0.049
   7 0 1 0 1 1 1 1   5  17  11   0   0   0   0    21.957    54.986    49.209     0.000     0.000     0.000     0.000   0   0   0   0   0   0   0     0.000     0.072     0.027     0.021    -0.000    -0.006     0.004
   7 0 0 0 1 1 1 1   0  18   0   0   0   0   0    21.227    49.617    21.435     0.000     0.000     0.000     0.000   0   0   0   0   0   0   0     0.000     0.072     0.027     0.000    -0.010     0.026     0.006
   7 0 0 0 1 1 1 1   6   1   2   0   0   0   0    20.350    21.958    23.252     0.000     0.000     0.000     0.000   0   0   0   0   0   0   0     0.000     0.072     0.027    -0.002    -0.007     0.002     0.008
   7 0 0 0 1 1 1 1  18  17   0   0   0   0   0    49.617    54.986    21.173     0.000     0.000     0.000     0.000   0   0   0   0   0   0   0     0.000     0.072     0.027     0.020    -0.000    -0.012    -0.047
   7 0 1 0 1 1 1 1   5  17  12   0   0   0   0    21.957    54.986    47.261     0.000     0.000     0.000     0.000   0   0   0   0   0   0   0     0.000     0.068     0.027     0.020    -0.000    -0.009     0.001
   7 0 1 0 1 1 1 1   5  17   2   0   0   0   0    21.957    54.986    22.421     0.000     0.000     0.000     0.000   0   0   0   0   0   0   0     0.000     0.024     0.027     0.020    -0.000    -0.005     0.005
   7 0 0 0 1 1 1 1   2   1   2   0   0   0   0    21.810    21.958    23.252     0.000     0.000     0.000     0.000   0   0   0   0   0   0   0     0.000     0.024     0.027    -0.002    -0.006     0.001     0.007
   7 0 1 0 1 1 1 1   5   1   3   0   0   0   0    21.957    21.958    22.358     0.000     0.000     0.000     0.000   0   0   0   0   0   0   0     0.000    -0.044     0.027    -0.002    -0.006    -0.008     0.010
   7 0 1 0 1 1 1 1   5   1  17   0   0   0   0    21.957    21.958    56.785     0.000     0.000     0.000     0.000   0   0   0   0   0   0   0     0.000     0.065     0.027    -0.002    -0.006    -0.004     0.006
   7 0 1 0 1 1 1 1   5   1   3   0   0   0   0    21.957    21.958    22.352     0.000     0.000     0.000     0.000   0   0   0   0   0   0   0     0.000     0.023     0.027    -0.002    -0.006    -0.006     0.003
   7 0 0 0 1 1 1 1   2   1   2   0   0   0   0    22.421    21.902    23.252     0.000     0.000     0.000     0.000   0   0   0   0   0   0   0     0.000     0.023     0.027    -0.000    -0.005     0.002     0.007
   7 0 1 0 1 1 1 1   5   1   3   0   0   0   0    21.957    21.902    22.358     0.000     0.000     0.000     0.000   0   0   0   0   0   0   0     0.000    -0.042     0.027    -0.000    -0.005    -0.007     0.009
   7 0 1 0 1 1 1 1   5   1  22   0   0   0   0    21.957    21.902     5.434     0.000     0.000     0.000     0.000   0   0   0   0   0   0   0     0.000     0.062     0.027    -0.000    -0.005     0.003    -0.006
   7 0 1 0 1 1 1 1   5   1   3   0   0   0   0    21.957    21.902    22.191     0.000     0.000     0.000     0.000   0   0   0   0   0   0   0     0.000     0.022     0.027    -0.000    -0.005    -0.009     0.002
   7 0 0 0 1 1 1 1   2   1   2   0   0   0   0    22.421    21.958    23.252     0.000     0.000     0.000     0.000   0   0   0   0   0   0   0     0.000     0.022     0.027    -0.001    -0.005     0.002     0.007
   7 0 1 0 1 1 1 1   5   1  17   0   0   0   0    21.957    21.958    54.986     0.000     0.000     0.000     0.000   0   0   0   0   0   0   0     0.000    -0.040     0.027    -0.001    -0.005     0.017    -0.003
   7 0 1 0 1 1 1 1   5   1  12   0   0   0   0    21.957    21.958    47.261     0.000     0.000     0.000     0.000   0   0   0   0   0   0   0     0.000     0.059     0.027    -0.001    -0.005    -0.008     0.001
   7 0 0 0 1 1 1 1   0   3   0   0   0   0   0    21.227    22.191    21.435     0.000     0.000     0.000     0.000   0   0   0   0   0   0   0     0.000     0.059     0.027    -0.008     0.000     0.021     0.005
   7 0 0 0 1 1 1 1   2   1   2   0   0   0   0    22.076    21.958    23.252     0.000     0.000     0.000     0.000   0   0   0   0   0   0   0     0.000     0.059     0.027    -0.001    -0.005     0.002     0.006
   7 0 0 0 1 1 1 1  18  17   0   0   0   0   0    49.617    54.986    21.173     0.000     0.000     0.000     0.000   0   0   0   0   0   0   0     0.000     0.059     0.027     0.016    -0.000    -0.010    -0.038
   7 0 1 0 1 1 1 1   5  17  17   0   0   0   0    21.957    54.986    56.785     0.000     0.000     0.000     0.000   0   0   0   0   0   0   0     0.000     0.056     0.027     0.016    -0.000    -0.004     0.006
   7 0 0 0 1 1 1 1   0   3  11   0   0   0   0    21.227    22.191    50.756     0.000     0.000     0.000     0.000   0   0   0   0   0   0   0     0.000     0.056     0.027    -0.008     0.000     0.005     0.020
   7 0 0 0 1 1 1 1   2   1   2   0   0   0   0    22.421    21.902    23.252     0.000     0.000     0.000     0.000   0   0   0   0   0   0   0     0.000     0.056     0.027    -0.000    -0.004     0.002     0.006
   7 0 0 0 1 1 1 1  18  17   0   0   0   0   0    49.510    54.986    21.173     0.000     0.000     0.000     0.000   0   0   0   0   0   0   0     0.000     0.056     0.027     0.015     0.001    -0.009    -0.036
   7 0 1 0 1 1 1 1   5  17  11   0   0   0   0    21.957    54.986    49.209     0.000     0.000     0.000     0.000   0   0   0   0   0   0   0     0.000     0.053     0.027     0.015     0.001    -0.005     0.003
   7 0 1 0 1 1 1 1   5  17   2   0   0   0   0    21.957    54.986    22.421     0.000     0.000     0.000     0.000   0   0   0   0   0   0   0     0.000     0.019     0.027     0.015     0.001    -0.003     0.004
   7 0 0 0 1 1 1 1   2   1   2   0   0   0   0    22.421    21.958    23.252     0.000     0.000     0.000     0.000   0   0   0   0   0   0   0     0.000     0.019     0.027    -0.001    -0.004     0.002     0.006
   7 0 0 1 1 1 1 1  12   3   2   0   0   0   0    52.048    22.352    23.252     0.000     0.000     0.000     0.000   0   0   0   0   0   0   0     0.000     0.019    -0.034    -0.007     0.006     0.002     0.006
   7 0 1 0 1 1 1 1   5   3  12   0   0   0   0    21.957    22.352    47.261     0.000     0.000     0.000     0.000   0   0   0   0   0   0   0     0.000     0.050    -0.034    -0.007     0.006    -0.007     0.001
   7 0 1 0 1 1 1 1   5   3   2   0   0   0   0    21.957    22.352    22.421     0.000     0.000     0.000     0.000   0   0   0   0   0   0   0     0.000     0.018    -0.034    -0.007     0.006    -0.003     0.004
   7 0 0 0 1 1 1 1   2   3   2   0   0   0   0    21.810    22.191    23.252     0.000     0.000     0.000     0.000   0   0   0   0   0   0   0     0.000     0.018    -0.034    -0.004    -0.001     0.001     0.005
   7 0 1 0 1 1 1 1   5   3  13   0   0   0   0    21.957    22.191    47.401     0.000     0.000     0.000     0.000   0   0   0   0   0   0   0     0.000    -0.033    -0.034    -0.004    -0.001     0.011    -0.003
   7 0 1 0 1 1 1 1   5   3  17   0   0   0   0    21.957    22.191    56.785     0.000     0.000     0.000     0.000   0   0   0   0   0   0   0     0.000     0.048    -0.034    -0.004    -0.001    -0.003     0.005
   7 0 1 0 1 1 1 1   5   3   3   0   0   0   0    21.957    22.191    22.191     0.000     0.000     0.000     0.000   0   0   0   0   0   0   0     0.000     0.017    -0.034    -0.004    -0.001    -0.007     0.001
   7 0 0 0 1 1 1 1   2   1   2   0   0   0   0    22.421    21.958    23.252     0.000     0.000     0.000     0.000   0   0   0   0   0   0   0     0.000     0.017    -0.034    -0.001    -0.004     0.001     0.005
   7 0 0 0 1 1 1 1  18  17   0   0   0   0   0    49.617    54.986    21.173     0.000     0.000     0.000     0.000   0   0   0   0   0   0   0     0.000     0.017    -0.034     0.013    -0.000    -0.008    -0.031
   7 0 1 0 1 1 1 1   5  17  22   0   0   0   0    21.957    54.986     5.434     0.000     0.000     0.000     0.000   0   0   0   0   0   0   0     0.000     0.045    -0.034     0.013    -0.000     0.003    -0.004
   7 0 0 0 1 1 1 1   0   3   0   0   0   0   0    21.227    22.191    21.435     0.000     0.000     0.000     0.000   0   0   0   0   0   0   0     0.000     0.045    -0.034    -0.006     0.000     0.016     0.004
   7 0 0 0 1 1 1 1   6   1   2   0   0   0   0    20.350    21.958    23.252     0.000     0.000     0.000     0.000   0   0   0   0   0   0   0     0.000     0.045    -0.034    -0.001    -0.004     0.001     0.005
   7 0 0 1 1 1 1 1  12   2   2   0   0   0   0    52.048    21.803    23.252     0.000     0.000     0.000     0.000   0   0   0   0   0   0   0     0.000     0.045    -0.030    -0.007     0.005     0.001     0.005
   7 0 1 0 1 1 1 1   5   2  12   0   0   0   0    21.957    21.803    47.261     0.000     0.000     0.000     0.000   0   0   0   0   0   0   0     0.000     0.043    -0.030    -0.007     0.005    -0.006     0.001
   7 0 0 1 1 1 1 1  12  11  12   0   0   0   0    52.048    49.209    47.261     0.000     0.000     0.000     0.000   0   0   0   0   0   0   0     0.000     0.043     0.015    -0.003     0.003    -0.006     0.001
   7 0 0 0 1 1 1 1  16   6   1   0   0   0   0    55.897    20.901    21.958     0.000     0.000     0.000     0.000   0   0   0   0   0   0   0     0.000     0.043     0.015     0.000     0.004    -0.001    -0.003
   7 0 1 0 1 1 1 1   5   6  23   0   0   0   0    21.957    20.901     5.898     0.000     0.000     0.000     0.000   0   0   0   0   0   0   0     0.000    -0.028     0.015     0.000     0.004    -0.002     0.011
   7 0 1 0 1 1 1 1   5   6  17   0   0   0   0    21.957    20.901    56.785     0.000     0.000     0.000     0.000   0   0   0   0   0   0   0     0.000     0.041     0.015     0.000     0.004    -0.003     0.005
   7 0 0 1 1 1 1 1  12   3  17   0   0   0   0    52.048    22.191    56.785     0.000     0.000     0.000     0.000   0   0   0   0   0   0   0     0.000     0.041     0.015    -0.006     0.001    -0.003     0.005
   7 0 0 0 1 1 1 1   2  12   2   0   0   0   0    22.421    47.437    23.252     0.000     0.000     0.000     0.000   0   0   0   0   0   0   0     0.000     0.041     0.015    -0.003    -0.000     0.001     0.004
   7 0 0 0 1 1 1 1  18  17   0   0   0   0   0    49.617    54.986    21.173     0.000     0.000     0.000     0.000   0   0   0   0   0   0   0     0.000     0.041     0.015     0.011    -0.000    -0.007    -0.027
   7 0 1 0 1 1 1 1   5  17  11   0   0   0   0    21.957    54.986    49.209     0.000     0.000     0.000     0.000   0   0   0   0   0   0   0     0.000     0.039     0.015     0.011    -0.000    -0.003     0.003
   7 0 0 0 1 1 1 1   0   3  11   0   0   0   0    21.227    22.191    50.756     0.000     0.000     0.000     0.000   0   0   0   0   0   0   0     0.000     0.039     0.015    -0.005     0.000     0.004     0.014
   7 0 0 0 1 1 1 1   2   1   2   0   0   0   0    22.421    21.958    23.252     0.000     0.000     0.000     0.000   0   0   0   0   0   0   0     0.000     0.039     0.015    -0.000    -0.003     0.001     0.004
   7 0 1 0 1 1 1 1   5   1   2   0   0   0   0    21.957    21.958    21.803     0.000     0.000     0.000     0.000   0   0   0   0   0   0   0     0.000    -0.025     0.015    -0.000    -0.003    -0.006     0.004
   7 0 1 0 1 1 1 1   5   1  12   0   0   0   0    21.957    21.958    47.261     0.000     0.000     0.000     0.000   0   0   0   0   0   0   0     0.000     0.037     0.015    -0.000    -0.003    -0.005     0.001
   7 0 0 0 1 1 1 1   0   3   1   0   0   0   0    21.167    22.191    22.139     0.000     0.000     0.000     0.000   0   0   0   0   0   0   0     0.000     0.037     0.015    -0.005    -0.000     0.013     0.003
   7 0 0 0 1 1 1 1   2   3   2   0   0   0   0    21.810    22.191    23.252     0.000     0.000     0.000     0.000   0   0   0   0   0   0   0     0.000     0.037     0.015    -0.003    -0.001     0.001     0.004
   7 0 1 0 1 1 1 1   5   3  17   0   0   0   0    21.957    22.191    54.986     0.000     0.000     0.000     0.000   0   0   0   0   0   0   0     0.000    -0.024     0.015    -0.003    -0.001     0.010    -0.002
   7 0 1 0 1 1 1 1   5   3  11   0   0   0   0    21.957    22.191    49.209     0.000     0.000     0.000     0.000   0   0   0   0   0   0   0     0.000     0.035     0.015    -0.003    -0.001    -0.003     0.003
   7 0 1 0 1 1 1 1   5   3   2   0   0   0   0    21.957    22.191    22.707     0.000     0.000     0.000     0.000   0   0   0   0   0   0   0     0.000     0.012     0.015    -0.003    -0.001    -0.002     0.003
   7 0 0 0 1 1 1 1   2   1   2   0   0   0   0    22.421    21.902    23.252     0.000     0.000     0.000     0.000   0   0   0   0   0   0   0     0.000     0.012     0.015    -0.000    -0.002     0.001     0.004
   7 0 0 0 1 1 1 1  18  17   0   0   0   0   0    49.617    54.986    21.173     0.000     0.000     0.000     0.000   0   0   0   0   0   0   0     0.000     0.012     0.015     0.009    -0.000    -0.006    -0.023
   7 0 1 0 1 1 1 1   5  17  17   0   0   0   0    21.957    54.986    56.785     0.000     0.000     0.000     0.000   0   0   0   0   0   0   0     0.000     0.033     0.015     0.009    -0.000    -0.002     0.004
   7 0 1 0 1 1 1 1   5  17   2   0   0   0   0    21.957    54.986    21.803     0.000     0.000     0.000     0.000   0   0   0   0   0   0   0     0.000     0.012     0.015     0.009    -0.000    -0.003     0.001
   7 0 0 0 1 1 1 1   6   3   0   0   0   0   0    20.732    22.191    21.059     0.000     0.000     0.000     0.000   0   0   0   0   0   0   0     0.000     0.012     0.015    -0.002    -0.000     0.001     0.004
   7 0 0 0 1 1 1 1  18  17   0   0   0   0   0    49.510    54.986    21.173     0.000     0.000     0.000     0.000   0   0   0   0   0   0   0     0.000     0.012     0.015     0.008     0.001    -0.006    -0.022
   7 0 1 0 1 1 1 1   5  17  12   0   0   0   0    21.957    54.986    47.261     0.000     0.000     0.000     0.000   0   0   0   0   0   0   0     0.000     0.032     0.015     0.008     0.001    -0.005     0.001
   7 0 1 0 1 1 1 1   5  17   3   0   0   0   0    21.957    54.986    22.191     0.000     0.000     0.000     0.000   0   0   0   0   0   0   0     0.000     0.011     0.015     0.008     0.001    -0.004     0.001
   7 0 0 0 1 1 1 1   6   3   2   0   0   0   0    20.350    22.191    23.252     0.000     0.000     0.000     0.000   0   0   0   0   0   0   0     0.000     0.011     0.015    -0.002    -0.001     0.001     0.003
   7 0 1 0 1 1 1 1   5   3   2   0   0   0   0    21.957    22.191    21.803     0.000     0.000     0.000     0.000   0   0   0   0   0   0   0     0.000    -0.021     0.015    -0.002    -0.001    -0.005     0.003
   7 0 1 0 1 1 1 1   5   3  22   0   0   0   0    21.957    22.191     5.434     0.000     0.000     0.000     0.000   0   0   0   0   0   0   0     0.000     0.030     0.015    -0.002    -0.001     0.002    -0.003
   7 0 0 0 1 1 1 1   0   3   0   0   0   0   0    21.227    22.191    21.435     0.000     0.000     0.000     0.000   0   0   0   0   0   0   0     0.000     0.030     0.015    -0.004     0.000     0.011     0.003
   7 0 0 0 1 1 1 1   6  27  11   0   0   0   0    20.732     5.271    51.190     0.000     0.000     0.000     0.000   0   0   0   0   0   0   0     0.000     0.030     0.015    -0.002     0.000     0.003     0.001
   7 0 1 0 1 1 1 1   5  27  11   0   0   0   0    21.957     5.271    50.515     0.000     0.000     0.000     0.000   0   0   0   0   0   0   0     0.000    -0.020     0.015    -0.002     0.000    -0.002     0.006
   7 0 1 0 1 1 1 1   5  27  17   0   0   0   0    21.957     5.271    56.785     0.000     0.000     0.000     0.000   0   0   0   0   0   0   0     0.000     0.029     0.015    -0.002     0.000    -0.002     0.004
   7 0 0 1 1 1 1 1  17  18  17   0   0   0   0    58.373    49.510    56.785     0.000     0.000     0.000     0.000   0   0   0   0   0   0   0     0.000     0.029     0.008     0.001    -0.003    -0.002     0.004
   7 0 1 0 1 1 1 1  13  18   2   0   0   0   0    46.648    49.510    21.810     0.000     0.000     0.000     0.000   0   0   0   0   0   0   0     0.000     0.003     0.008     0.001    -0.003    -0.001     0.000
   7 0 1 0 1 1 1 1   5  18  17   0   0   0   0    21.957    49.510    54.986     0.000     0.000     0.000     0.000   0   0   0   0   0   0   0     0.000    -0.019     0.008     0.001    -0.003     0.007    -0.001
