  208
   1 1   0     0.000   0     4.805
   1 1   0     0.000   0     5.431
   1 1   0     0.000   0     5.704
   1 1   0     0.000   0     5.872
   7 0 0 0 1 1 1 1  11   7  17   0   0   0   0    46.755    19.923    59.435     0.000     0.000     0.000     0.000   0   0   0   0   0   0   0     0.000     0.000     0.000     0.364    -0.137     0.078     0.189
   7 0 0 0 1 1 1 1   0   1  13   0   0   0   0    21.188    21.944    52.334     0.000     0.000     0.000     0.000   0   0   0   0   0   0   0     0.000     0.000     0.000    -0.089    -0.228     0.217     0.132
   7 0 0 0 1 1 1 1   3   0   0   0   0   0   0    22.347    21.132    21.188     0.000     0.000     0.000     0.000   0   0   0   0   0   0   0     0.000     0.000     0.000    -0.110    -0.267     0.038     0.156
   7 0 0 0 1 1 1 1  29  22  24   0   0   0   0     5.518     5.513     5.380     0.000     0.000     0.000     0.000   0   0   0   0   0   0   0     0.000     0.000     0.000    -0.145    -0.477     0.172     0.308
   7 0 0 0 1 1 1 1  25   7  13   0   0   0   0     5.595    19.923    52.334     0.000     0.000     0.000     0.000   0   0   0   0   0   0   0     0.000     0.000     0.000     0.346    -0.115     0.083     0.185
   7 0 0 0 1 1 1 1   0  13  13   0   0   0   0    21.188    49.594    52.334     0.000     0.000     0.000     0.000   0   0   0   0   0   0   0     0.000     0.000     0.000    -0.247    -0.101     0.196     0.120
   7 0 0 0 1 1 1 1   3   0   0   0   0   0   0    22.347    21.132    21.188     0.000     0.000     0.000     0.000   0   0   0   0   0   0   0     0.000     0.000     0.000    -0.099    -0.243     0.035     0.141
   7 0 0 0 1 1 1 1  11   2  24   0   0   0   0    46.251    21.581     5.380     0.000     0.000     0.000     0.000   0   0   0   0   0   0   0     0.000     0.000     0.000    -0.433    -0.135     0.150     0.279
   7 0 0 0 1 1 1 1   3   7  17   0   0   0   0    22.370    19.923    59.435     0.000     0.000     0.000     0.000   0   0   0   0   0   0   0     0.000     0.000     0.000     0.328    -0.115     0.063     0.156
   7 0 0 0 1 1 1 1  25   4   0   0   0   0   0     5.595    22.178    20.981     0.000     0.000     0.000     0.000   0   0   0   0   0   0   0     0.000     0.000     0.000    -0.224    -0.098     0.011     0.164
   7 0 0 0 1 1 1 1   3   2   0   0   0   0   0    22.370    21.581    21.188     0.000     0.000     0.000     0.000   0   0   0   0   0   0   0     0.000     0.000     0.000    -0.221    -0.087     0.037     0.127
   7 0 0 0 1 1 1 1  11  11  23   0   0   0   0    46.755    43.519     5.608     0.000     0.000     0.000     0.000   0   0   0   0   0   0   0     0.000     0.000     0.000    -0.394    -0.118     0.146     0.266
   7 0 0 0 1 1 1 1   3   5  13   0   0   0   0    22.347    22.003    52.532     0.000     0.000     0.000     0.000   0   0   0   0   0   0   0     0.000     0.000     0.000     0.312    -0.107     0.059     0.155
   7 0 0 0 1 1 1 1  25   1  14   0   0   0   0     5.595    21.944    44.701     0.000     0.000     0.000     0.000   0   0   0   0   0   0   0     0.000     0.000     0.000    -0.067    -0.175     0.159     0.073
   7 0 0 0 1 1 1 1   3   0  17   0   0   0   0    22.347    21.132    59.189     0.000     0.000     0.000     0.000   0   0   0   0   0   0   0     0.000     0.000     0.000    -0.081    -0.200     0.039     0.117
   7 0 0 0 1 1 1 1  11   2   5   0   0   0   0    47.459    21.581    22.331     0.000     0.000     0.000     0.000   0   0   0   0   0   0   0     0.000     0.000     0.000    -0.358    -0.104     0.249     0.140
   7 0 0 0 1 1 1 1  25   7  12   0   0   0   0     5.595    19.923    52.425     0.000     0.000     0.000     0.000   0   0   0   0   0   0   0     0.000     0.000     0.000     0.296    -0.086     0.065     0.151
   7 0 0 0 1 1 1 1   0  13   0   0   0   0   0    21.188    49.594    21.680     0.000     0.000     0.000     0.000   0   0   0   0   0   0   0     0.000     0.000     0.000    -0.189    -0.073     0.096     0.152
   7 0 0 0 1 1 1 1   3  14  25   0   0   0   0    22.322    48.209     5.595     0.000     0.000     0.000     0.000   0   0   0   0   0   0   0     0.000     0.000     0.000    -0.076    -0.178     0.009     0.102
   7 0 0 0 1 1 1 1   3   0  24   0   0   0   0    22.322    21.130     5.341     0.000     0.000     0.000     0.000   0   0   0   0   0   0   0     0.000     0.000     0.000    -0.110    -0.326     0.014     0.163
   7 0 0 0 1 1 1 1   4   0   0   0   0   0   0    22.178    20.908    21.136     0.000     0.000     0.000     0.000   0   0   0   0   0   0   0     0.000     0.000     0.000     0.006    -0.169    -0.037     0.088
   7 0 0 0 1 1 1 1  11  21   0   0   0   0   0    46.755    67.923    21.188     0.000     0.000     0.000     0.000   0   0   0   0   0   0   0     0.000     0.000     0.000    -0.146    -0.053     0.010     0.121
   7 0 0 0 1 1 1 1   3   1   0   0   0   0   0    22.322    21.910    21.188     0.000     0.000     0.000     0.000   0   0   0   0   0   0   0     0.000     0.000     0.000    -0.033    -0.126     0.017     0.094
   7 0 0 0 1 1 1 1   3  11  23   0   0   0   0    22.370    44.135     5.608     0.000     0.000     0.000     0.000   0   0   0   0   0   0   0     0.000     0.000     0.000    -0.287    -0.088     0.102     0.204
   7 0 0 0 1 1 1 1   4   2   0   0   0   0   0    22.178    21.802    21.136     0.000     0.000     0.000     0.000   0   0   0   0   0   0   0     0.000     0.000     0.000    -0.153     0.005    -0.033     0.079
   7 0 0 0 1 1 1 1   3  13   0   0   0   0   0    22.370    49.463    21.224     0.000     0.000     0.000     0.000   0   0   0   0   0   0   0     0.000     0.000     0.000    -0.165    -0.075     0.014     0.111
   7 0 0 0 1 1 1 1  11   4  27   0   0   0   0    46.755    22.313     5.247     0.000     0.000     0.000     0.000   0   0   0   0   0   0   0     0.000     0.000     0.000    -0.114    -0.024     0.087     0.036
   7 0 0 0 1 1 1 1   3   5  24   0   0   0   0    22.294    22.005     5.380     0.000     0.000     0.000     0.000   0   0   0   0   0   0   0     0.000     0.000     0.000    -0.519    -0.123     0.075     0.177
   7 0 0 0 1 1 1 1   4   0  18   0   0   0   0    22.178    20.908    49.975     0.000     0.000     0.000     0.000   0   0   0   0   0   0   0     0.000     0.000     0.000     0.005    -0.139     0.013     0.204
   7 0 0 0 1 1 1 1  11  21   2   0   0   0   0    46.755    67.971    22.200     0.000     0.000     0.000     0.000   0   0   0   0   0   0   0     0.000     0.000     0.000    -0.107     0.001     0.037     0.108
   7 0 0 0 1 1 1 1   3   0  25   0   0   0   0    22.294    21.129     5.595     0.000     0.000     0.000     0.000   0   0   0   0   0   0   0     0.000     0.000     0.000    -0.056    -0.144     0.005     0.075
   7 0 0 0 1 1 1 1  11   7  29   0   0   0   0    47.459    19.923     5.763     0.000     0.000     0.000     0.000   0   0   0   0   0   0   0     0.000     0.000     0.000    -0.493    -0.097     0.093     0.182
   7 0 1 0 1 1 1 1  17   7   0   0   0   0   0    56.109    19.923    21.136     0.000     0.000     0.000     0.000   0   0   0   0   0   0   0     0.000    -0.138     0.000    -0.493    -0.097    -0.033     0.068
   7 0 0 0 1 1 1 1  11   4   0   0   0   0   0    46.755    22.149    21.439     0.000     0.000     0.000     0.000   0   0   0   0   0   0   0     0.000    -0.138     0.000    -0.144    -0.059     0.041     0.102
   7 0 0 0 1 1 1 1  11  14  13   0   0   0   0    46.755    48.094    52.532     0.000     0.000     0.000     0.000   0   0   0   0   0   0   0     0.000    -0.138     0.000    -0.040    -0.121     0.054     0.095
   7 0 0 0 1 1 1 1  11   5  24   0   0   0   0    45.382    22.007     5.341     0.000     0.000     0.000     0.000   0   0   0   0   0   0   0     0.000    -0.138     0.000    -0.468    -0.118    -0.004     0.111
   7 0 0 0 1 1 1 1  19  11  27   0   0   0   0    66.359    45.202     5.294     0.000     0.000     0.000     0.000   0   0   0   0   0   0   0     0.000    -0.138     0.000    -0.090     0.024     0.173     0.009
   7 0 0 0 1 1 1 1   0  20  12   0   0   0   0    21.152    62.549    49.038     0.000     0.000     0.000     0.000   0   0   0   0   0   0   0     0.000    -0.138     0.000    -0.082     0.021     0.095     0.051
   7 0 0 0 1 1 1 1   3   0  27   0   0   0   0    22.276    21.128     5.238     0.000     0.000     0.000     0.000   0   0   0   0   0   0   0     0.000    -0.138     0.000    -0.048    -0.120     0.065     0.013
   7 0 0 0 1 1 1 1  11   5  24   0   0   0   0    45.248    22.007     5.341     0.000     0.000     0.000     0.000   0   0   0   0   0   0   0     0.000    -0.138     0.000    -0.445    -0.115    -0.008     0.100
   7 0 0 0 1 1 1 1  17   2  18   0   0   0   0    56.109    21.635    50.232     0.000     0.000     0.000     0.000   0   0   0   0   0   0   0     0.000    -0.138     0.000    -0.122    -0.035     0.006     0.167
   7 0 0 0 1 1 1 1   0  13   0   0   0   0   0    21.149    49.594    21.680     0.000     0.000     0.000     0.000   0   0   0   0   0   0   0     0.000    -0.138     0.000    -0.115    -0.039     0.045     0.086
   7 0 0 0 1 1 1 1   3   0  25   0   0   0   0    22.264    21.128     5.595     0.000     0.000     0.000     0.000   0   0   0   0   0   0   0     0.000    -0.138     0.000    -0.045    -0.109     0.002     0.056
   7 0 0 0 1 1 1 1  11   5   7   0   0   0   0    45.202    22.022    20.038     0.000     0.000     0.000     0.000   0   0   0   0   0   0   0     0.000    -0.138     0.000    -0.423    -0.107    -0.014     0.088
   7 0 0 0 1 1 1 1   4   2  18   0   0   0   0    22.178    21.802    49.975     0.000     0.000     0.000     0.000   0   0   0   0   0   0   0     0.000    -0.138     0.000    -0.099     0.005     0.009     0.153
   7 0 0 0 1 1 1 1  25   1  11   0   0   0   0     5.595    21.944    48.856     0.000     0.000     0.000     0.000   0   0   0   0   0   0   0     0.000    -0.138     0.000    -0.022    -0.087     0.078     0.041
   7 0 0 0 1 1 1 1  11  19   7   0   0   0   0    45.382    66.310    20.038     0.000     0.000     0.000     0.000   0   0   0   0   0   0   0     0.000    -0.138     0.000    -0.057    -0.170    -0.006     0.049
   7 0 0 0 1 1 1 1  11   5  24   0   0   0   0    45.202    22.022     5.341     0.000     0.000     0.000     0.000   0   0   0   0   0   0   0     0.000    -0.138     0.000    -0.402    -0.097    -0.008     0.082
   7 0 0 0 1 1 1 1  29   7   6   0   0   0   0     5.701    19.923    20.142     0.000     0.000     0.000     0.000   0   0   0   0   0   0   0     0.000    -0.138     0.000     0.235    -0.046     0.072     0.030
   7 0 0 0 1 1 1 1   3   7  25   0   0   0   0    22.370    19.923     5.870     0.000     0.000     0.000     0.000   0   0   0   0   0   0   0     0.000    -0.138     0.000     0.078    -0.063     0.009     0.062
   7 0 0 0 1 1 1 1  11   5  17   0   0   0   0    45.248    22.007    59.189     0.000     0.000     0.000     0.000   0   0   0   0   0   0   0     0.000    -0.138     0.000    -0.162    -0.056     0.001     0.048
   7 0 0 0 1 1 1 1  11   5  11   0   0   0   0    45.036    22.022    47.459     0.000     0.000     0.000     0.000   0   0   0   0   0   0   0     0.000    -0.138     0.000    -0.382    -0.100    -0.017     0.072
   7 0 0 0 1 1 1 1  17   0   0   0   0   0   0    56.109    21.107    21.129     0.000     0.000     0.000     0.000   0   0   0   0   0   0   0     0.000    -0.138     0.000    -0.026    -0.098    -0.028     0.046
   7 0 0 0 1 1 1 1   3   4   0   0   0   0   0    22.347    22.149    21.188     0.000     0.000     0.000     0.000   0   0   0   0   0   0   0     0.000    -0.138     0.000    -0.100    -0.034     0.001     0.055
   7 0 0 0 1 1 1 1   3   2  13   0   0   0   0    22.294    21.588    52.532     0.000     0.000     0.000     0.000   0   0   0   0   0   0   0     0.000    -0.138     0.000    -0.087    -0.030     0.026     0.067
   7 0 0 0 1 1 1 1   3   4  11   0   0   0   0    22.027    22.198    47.459     0.000     0.000     0.000     0.000   0   0   0   0   0   0   0     0.000    -0.138     0.000    -0.117    -0.363    -0.024     0.065
   7 0 0 0 1 1 1 1  19  11   2   0   0   0   0    66.359    45.248    21.551     0.000     0.000     0.000     0.000   0   0   0   0   0   0   0     0.000    -0.138     0.000    -0.062     0.018     0.221     0.062
   7 0 0 0 1 1 1 1   3   5   3   0   0   0   0    22.347    22.003    23.343     0.000     0.000     0.000     0.000   0   0   0   0   0   0   0     0.000    -0.138     0.000     0.076    -0.053     0.013     0.054
   7 0 0 0 1 1 1 1  11   5   7   0   0   0   0    45.202    22.022    20.038     0.000     0.000     0.000     0.000   0   0   0   0   0   0   0     0.000    -0.138     0.000    -0.149    -0.047    -0.007     0.037
   7 0 0 0 1 1 1 1   3   4  24   0   0   0   0    22.027    22.198     5.380     0.000     0.000     0.000     0.000   0   0   0   0   0   0   0     0.000    -0.138     0.000    -0.106    -0.344     0.002     0.098
   7 0 0 0 1 1 1 1  19  11   2   0   0   0   0    66.295    45.382    21.551     0.000     0.000     0.000     0.000   0   0   0   0   0   0   0     0.000    -0.138     0.000    -0.053     0.018     0.210     0.055
   7 0 0 0 1 1 1 1   0  13  11   0   0   0   0    21.188    49.463    48.856     0.000     0.000     0.000     0.000   0   0   0   0   0   0   0     0.000    -0.138     0.000    -0.083    -0.020     0.054     0.028
   7 0 0 0 1 1 1 1  11   5  17   0   0   0   0    45.202    22.022    59.189     0.000     0.000     0.000     0.000   0   0   0   0   0   0   0     0.000    -0.138     0.000    -0.142    -0.042    -0.001     0.036
   7 0 0 0 1 1 1 1   3   5  28   0   0   0   0    22.264    22.006     5.607     0.000     0.000     0.000     0.000   0   0   0   0   0   0   0     0.000    -0.138     0.000    -0.327    -0.057     0.030     0.119
   7 0 1 0 1 1 1 1   7   5   3   0   0   0   0    19.923    22.006    22.264     0.000     0.000     0.000     0.000   0   0   0   0   0   0   0     0.000     0.199     0.000    -0.327    -0.057    -0.044     0.024
   7 0 0 0 1 1 1 1   3   5   0   0   0   0   0    22.322    22.005    21.680     0.000     0.000     0.000     0.000   0   0   0   0   0   0   0     0.000     0.199     0.000     0.073    -0.046     0.017     0.049
   7 0 0 0 1 1 1 1  11   5  17   0   0   0   0    45.382    22.007    59.435     0.000     0.000     0.000     0.000   0   0   0   0   0   0   0     0.000     0.199     0.000    -0.135    -0.035     0.014     0.049
   7 0 0 0 1 1 1 1   3   4  29   0   0   0   0    22.124    22.200     5.763     0.000     0.000     0.000     0.000   0   0   0   0   0   0   0     0.000     0.199     0.000    -0.088    -0.311     0.008     0.100
   7 0 1 0 1 1 1 1   7   4  11   0   0   0   0    19.923    22.200    45.202     0.000     0.000     0.000     0.000   0   0   0   0   0   0   0     0.000     0.189     0.000    -0.088    -0.311    -0.048     0.017
   7 0 0 0 1 1 1 1   3   5   0   0   0   0   0    22.322    22.005    21.188     0.000     0.000     0.000     0.000   0   0   0   0   0   0   0     0.000     0.189     0.000     0.070    -0.042     0.000     0.037
   7 0 0 0 1 1 1 1  11   7  13   0   0   0   0    46.755    19.923    52.532     0.000     0.000     0.000     0.000   0   0   0   0   0   0   0     0.000     0.189     0.000    -0.128    -0.025     0.020     0.050
   7 0 0 0 1 1 1 1   2   1  11   0   0   0   0    21.581    21.963    47.459     0.000     0.000     0.000     0.000   0   0   0   0   0   0   0     0.000     0.189     0.000    -0.295    -0.092    -0.023     0.047
   7 0 1 0 1 1 1 1   7   1  24   0   0   0   0    19.923    21.963     5.341     0.000     0.000     0.000     0.000   0   0   0   0   0   0   0     0.000     0.180     0.000    -0.295    -0.092    -0.030     0.027
   7 0 0 0 1 1 1 1   3   5   3   0   0   0   0    22.264    22.006    23.343     0.000     0.000     0.000     0.000   0   0   0   0   0   0   0     0.000     0.180     0.000     0.066    -0.041     0.006     0.036
   7 0 0 0 1 1 1 1  11   5  17   0   0   0   0    45.202    22.022    59.189     0.000     0.000     0.000     0.000   0   0   0   0   0   0   0     0.000     0.180     0.000    -0.122    -0.033     0.000     0.028
   7 0 0 0 1 1 1 1   3   4  24   0   0   0   0    22.027    22.198     5.380     0.000     0.000     0.000     0.000   0   0   0   0   0   0   0     0.000     0.180     0.000    -0.076    -0.281     0.001     0.071
   7 0 0 0 1 1 1 1  19  11   2   0   0   0   0    66.359    45.159    21.551     0.000     0.000     0.000     0.000   0   0   0   0   0   0   0     0.000     0.180     0.000    -0.043     0.009     0.171     0.047
   7 0 0 0 1 1 1 1   0   1  11   0   0   0   0    21.188    21.972    48.856     0.000     0.000     0.000     0.000   0   0   0   0   0   0   0     0.000     0.180     0.000    -0.012    -0.070     0.037     0.018
   7 0 0 0 1 1 1 1  11   5  11   0   0   0   0    45.159    22.022    47.459     0.000     0.000     0.000     0.000   0   0   0   0   0   0   0     0.000     0.180     0.000    -0.116    -0.031    -0.005     0.023
   7 0 0 0 1 1 1 1  11   5  28   0   0   0   0    45.159    22.022     5.607     0.000     0.000     0.000     0.000   0   0   0   0   0   0   0     0.000     0.180     0.000    -0.266    -0.053     0.014     0.089
   7 0 1 0 1 1 1 1   7   5  17   0   0   0   0    19.923    22.022    59.189     0.000     0.000     0.000     0.000   0   0   0   0   0   0   0     0.000     0.162     0.000    -0.266    -0.053    -0.023     0.026
   7 0 0 0 1 1 1 1   3   5   0   0   0   0   0    22.264    22.006    21.680     0.000     0.000     0.000     0.000   0   0   0   0   0   0   0     0.000     0.162     0.000     0.063    -0.034     0.009     0.034
   7 0 0 0 1 1 1 1  12   5  13   0   0   0   0    47.372    22.022    52.532     0.000     0.000     0.000     0.000   0   0   0   0   0   0   0     0.000     0.162     0.000    -0.110    -0.029     0.007     0.041
   7 0 0 0 1 1 1 1   2   1  24   0   0   0   0    21.581    21.963     5.341     0.000     0.000     0.000     0.000   0   0   0   0   0   0   0     0.000     0.162     0.000    -0.253    -0.072    -0.017     0.038
   7 0 1 0 1 1 1 1   7   1  11   0   0   0   0    19.923    21.963    44.135     0.000     0.000     0.000     0.000   0   0   0   0   0   0   0     0.000     0.154     0.000    -0.253    -0.072    -0.059     0.007
   7 0 0 0 1 1 1 1  11   5   0   0   0   0   0    45.382    22.007    21.188     0.000     0.000     0.000     0.000   0   0   0   0   0   0   0     0.000     0.154     0.000     0.060    -0.035    -0.001     0.025
   7 0 0 0 1 1 1 1  11   5  17   0   0   0   0    45.202    22.022    59.435     0.000     0.000     0.000     0.000   0   0   0   0   0   0   0     0.000     0.154     0.000    -0.104    -0.024     0.007     0.033
   7 0 0 0 1 1 1 1   2   1  11   0   0   0   0    21.581    21.963    47.459     0.000     0.000     0.000     0.000   0   0   0   0   0   0   0     0.000     0.154     0.000    -0.240    -0.065    -0.017     0.033
   7 0 0 0 1 1 1 1  19   2  14   0   0   0   0    66.359    21.588    48.177     0.000     0.000     0.000     0.000   0   0   0   0   0   0   0     0.000     0.154     0.000    -0.057     0.002     0.041     0.147
   7 0 0 0 1 1 1 1  17   2   0   0   0   0   0    56.109    21.635    21.136     0.000     0.000     0.000     0.000   0   0   0   0   0   0   0     0.000     0.154     0.000    -0.057    -0.013    -0.011     0.024
   7 0 0 0 1 1 1 1  11   7   5   0   0   0   0    47.459    19.923    22.194     0.000     0.000     0.000     0.000   0   0   0   0   0   0   0     0.000     0.154     0.000    -0.099    -0.016     0.039     0.013
   7 0 0 0 1 1 1 1   2   1  28   0   0   0   0    21.581    21.963     5.607     0.000     0.000     0.000     0.000   0   0   0   0   0   0   0     0.000     0.154     0.000    -0.228    -0.059     0.001     0.075
   7 0 1 0 1 1 1 1   7   1  17   0   0   0   0    19.923    21.963    59.189     0.000     0.000     0.000     0.000   0   0   0   0   0   0   0     0.000     0.139     0.000    -0.228    -0.059    -0.019     0.022
   7 0 0 0 1 1 1 1  17   0   0   0   0   0   0    56.109    21.107    21.136     0.000     0.000     0.000     0.000   0   0   0   0   0   0   0     0.000     0.139     0.000    -0.013    -0.052    -0.010     0.022
   7 0 0 0 1 1 1 1  11   5  29   0   0   0   0    44.962    22.022     5.701     0.000     0.000     0.000     0.000   0   0   0   0   0   0   0     0.000     0.139     0.000    -0.094    -0.024    -0.003     0.017
   7 0 0 0 1 1 1 1  11   5  28   0   0   0   0    44.962    22.022     5.607     0.000     0.000     0.000     0.000   0   0   0   0   0   0   0     0.000     0.139     0.000    -0.217    -0.043     0.007     0.068
   7 0 1 0 1 1 1 1   7   5  11   0   0   0   0    19.923    22.022    45.202     0.000     0.000     0.000     0.000   0   0   0   0   0   0   0     0.000     0.132     0.000    -0.217    -0.043    -0.029     0.011
   7 0 0 0 1 1 1 1  17   0  23   0   0   0   0    56.109    21.107     5.516     0.000     0.000     0.000     0.000   0   0   0   0   0   0   0     0.000     0.132     0.000    -0.012    -0.048     0.024    -0.005
   7 0 0 0 1 1 1 1   3   4  11   0   0   0   0    22.027    22.198    47.459     0.000     0.000     0.000     0.000   0   0   0   0   0   0   0     0.000     0.132     0.000    -0.027    -0.089    -0.006     0.015
   7 0 1 0 1 1 1 1   7   4   3   0   0   0   0    19.923    22.198    22.276     0.000     0.000     0.000     0.000   0   0   0   0   0   0   0     0.000    -0.206     0.000    -0.027    -0.089    -0.029     0.023
   7 0 0 0 1 1 1 1  19   2   2   0   0   0   0    66.359    21.588    21.551     0.000     0.000     0.000     0.000   0   0   0   0   0   0   0     0.000    -0.206     0.000    -0.047     0.002     0.126     0.035
   7 0 0 0 1 1 1 1  17   2   0   0   0   0   0    56.109    21.635    21.136     0.000     0.000     0.000     0.000   0   0   0   0   0   0   0     0.000    -0.206     0.000    -0.043    -0.012    -0.008     0.018
   7 0 0 0 1 1 1 1   2   1  25   0   0   0   0    21.581    21.963     5.621     0.000     0.000     0.000     0.000   0   0   0   0   0   0   0     0.000    -0.206     0.000    -0.085    -0.027    -0.006     0.014
   7 0 1 0 1 1 1 1   7   1   3   0   0   0   0    19.923    21.963    22.322     0.000     0.000     0.000     0.000   0   0   0   0   0   0   0     0.000    -0.196     0.000    -0.085    -0.027    -0.025     0.022
   7 0 1 0 1 1 1 1   7   1  17   0   0   0   0    19.923    21.963    59.189     0.000     0.000     0.000     0.000   0   0   0   0   0   0   0     0.000     0.119     0.000    -0.085    -0.027    -0.016     0.018
   7 0 0 0 1 1 1 1  17   0  23   0   0   0   0    56.109    21.107     5.486     0.000     0.000     0.000     0.000   0   0   0   0   0   0   0     0.000     0.119     0.000    -0.011    -0.039     0.022    -0.004
   7 0 0 0 1 1 1 1  32   5  13   0   0   0   0     3.825    22.022    52.532     0.000     0.000     0.000     0.000   0   0   0   0   0   0   0     0.000     0.119     0.000    -0.081    -0.021     0.002     0.027
   7 0 1 0 1 1 1 1   7   5   3   0   0   0   0    19.923    22.022    22.254     0.000     0.000     0.000     0.000   0   0   0   0   0   0   0     0.000    -0.186     0.000    -0.081    -0.021    -0.025     0.018
   7 0 1 0 1 1 1 1   7   5  17   0   0   0   0    19.923    22.022    59.435     0.000     0.000     0.000     0.000   0   0   0   0   0   0   0     0.000     0.113     0.000    -0.081    -0.021    -0.008     0.035
   7 0 1 0 1 1 1 1  17   5  23   0   0   0   0    56.109    22.022     5.486     0.000     0.000     0.000     0.000   0   0   0   0   0   0   0     0.000    -0.034     0.000    -0.081    -0.021     0.020    -0.003
   7 0 0 0 1 1 1 1   2   1  11   0   0   0   0    21.581    21.963    47.459     0.000     0.000     0.000     0.000   0   0   0   0   0   0   0     0.000    -0.034     0.000    -0.077    -0.023    -0.006     0.011
   7 0 1 0 1 1 1 1   7   1  24   0   0   0   0    19.923    21.963     5.341     0.000     0.000     0.000     0.000   0   0   0   0   0   0   0     0.000    -0.177     0.000    -0.077    -0.023    -0.017     0.022
   7 0 1 0 1 1 1 1   7   1  24   0   0   0   0    19.923    21.963     5.118     0.000     0.000     0.000     0.000   0   0   0   0   0   0   0     0.000     0.108     0.000    -0.077    -0.023    -0.029     0.007
   7 0 0 0 1 1 1 1  11   5   0   0   0   0   0    45.382    22.007    21.680     0.000     0.000     0.000     0.000   0   0   0   0   0   0   0     0.000     0.108     0.000     0.051    -0.020     0.004     0.015
   7 0 0 0 1 1 1 1   2   1  13   0   0   0   0    21.581    21.963    52.532     0.000     0.000     0.000     0.000   0   0   0   0   0   0   0     0.000     0.108     0.000    -0.073    -0.021     0.000     0.024
   7 0 1 0 1 1 1 1   7   1  29   0   0   0   0    19.923    21.963     5.763     0.000     0.000     0.000     0.000   0   0   0   0   0   0   0     0.000    -0.168     0.000    -0.073    -0.021    -0.006     0.049
   7 0 1 0 1 1 1 1   7   1  24   0   0   0   0    19.923    21.963     5.341     0.000     0.000     0.000     0.000   0   0   0   0   0   0   0     0.000     0.102     0.000    -0.073    -0.021    -0.014     0.014
   7 0 0 0 1 1 1 1  17   2   0   0   0   0   0    56.109    21.635    21.136     0.000     0.000     0.000     0.000   0   0   0   0   0   0   0     0.000     0.102     0.000    -0.031    -0.008    -0.006     0.013
   7 0 0 0 1 1 1 1  11   5  12   0   0   0   0    44.962    22.022    52.997     0.000     0.000     0.000     0.000   0   0   0   0   0   0   0     0.000     0.102     0.000    -0.069    -0.015     0.003     0.028
   7 0 0 0 1 1 1 1   2   1  28   0   0   0   0    21.581    21.963     5.607     0.000     0.000     0.000     0.000   0   0   0   0   0   0   0     0.000     0.102     0.000    -0.160    -0.041     0.001     0.050
   7 0 0 0 1 1 1 1  19   9  14   0   0   0   0    66.359    17.656    48.177     0.000     0.000     0.000     0.000   0   0   0   0   0   0   0     0.000     0.102     0.000    -0.035     0.002     0.027     0.097
   7 0 0 0 1 1 1 1  17   1   0   0   0   0   0    56.109    21.990    21.125     0.000     0.000     0.000     0.000   0   0   0   0   0   0   0     0.000     0.102     0.000    -0.015    -0.031    -0.007     0.011
   7 0 0 0 1 1 1 1   7   0  11   0   0   0   0    19.942    21.140    47.459     0.000     0.000     0.000     0.000   0   0   0   0   0   0   0     0.000     0.102     0.000    -0.066    -0.021    -0.006     0.009
   7 0 1 0 1 1 1 1   7   0  11   0   0   0   0    19.923    21.140    45.469     0.000     0.000     0.000     0.000   0   0   0   0   0   0   0     0.000    -0.152     0.000    -0.066    -0.021    -0.020     0.013
   7 0 1 0 1 1 1 1   7   0  17   0   0   0   0    19.923    21.140    59.435     0.000     0.000     0.000     0.000   0   0   0   0   0   0   0     0.000     0.092     0.000    -0.066    -0.021    -0.006     0.029
   7 0 0 0 1 1 1 1  17   2  23   0   0   0   0    56.109    21.635     5.486     0.000     0.000     0.000     0.000   0   0   0   0   0   0   0     0.000     0.092     0.000    -0.026    -0.007     0.014    -0.002
   7 0 0 0 1 1 1 1   7   0  17   0   0   0   0    19.942    21.140    59.189     0.000     0.000     0.000     0.000   0   0   0   0   0   0   0     0.000     0.092     0.000    -0.062    -0.019    -0.005     0.009
   7 0 1 0 1 1 1 1   7   0  24   0   0   0   0    19.923    21.140     5.380     0.000     0.000     0.000     0.000   0   0   0   0   0   0   0     0.000    -0.144     0.000    -0.062    -0.019    -0.007     0.031
   7 0 1 0 1 1 1 1   7   0   2   0   0   0   0    19.923    21.140    21.581     0.000     0.000     0.000     0.000   0   0   0   0   0   0   0     0.000     0.088     0.000    -0.062    -0.019    -0.033     0.004
   7 0 0 0 1 1 1 1  17   1   2   0   0   0   0    56.109    21.990    21.551     0.000     0.000     0.000     0.000   0   0   0   0   0   0   0     0.000     0.088     0.000    -0.013    -0.026     0.046     0.002
   7 0 0 0 1 1 1 1   7   2  12   0   0   0   0    19.942    21.496    52.997     0.000     0.000     0.000     0.000   0   0   0   0   0   0   0     0.000     0.088     0.000    -0.018    -0.059    -0.000     0.024
   7 0 0 0 1 1 1 1   7   2  28   0   0   0   0    19.942    21.496     5.607     0.000     0.000     0.000     0.000   0   0   0   0   0   0   0     0.000     0.088     0.000    -0.039    -0.137    -0.002     0.042
   7 0 1 0 1 1 1 1   7   2  17   0   0   0   0    19.923    21.496    59.435     0.000     0.000     0.000     0.000   0   0   0   0   0   0   0     0.000     0.083     0.000    -0.039    -0.137    -0.005     0.026
   7 0 0 0 1 1 1 1  11   5  13   0   0   0   0    45.291    22.007    48.249     0.000     0.000     0.000     0.000   0   0   0   0   0   0   0     0.000     0.083     0.000     0.044    -0.015     0.010     0.002
   7 0 0 0 1 1 1 1   3   4  17   0   0   0   0    21.994    22.188    59.435     0.000     0.000     0.000     0.000   0   0   0   0   0   0   0     0.000     0.083     0.000    -0.014    -0.056    -0.000     0.015
   7 0 0 0 1 1 1 1   2   1  20   0   0   0   0    21.581    21.963    62.863     0.000     0.000     0.000     0.000   0   0   0   0   0   0   0     0.000     0.083     0.000    -0.130    -0.033     0.001     0.043
   7 0 1 0 1 1 1 1   7   1  32   0   0   0   0    19.923    21.963     3.825     0.000     0.000     0.000     0.000   0   0   0   0   0   0   0     0.000     0.079     0.000    -0.130    -0.033    -0.023     0.005
   7 0 0 0 1 1 1 1   4   0   2   0   0   0   0    22.178    20.908    21.551     0.000     0.000     0.000     0.000   0   0   0   0   0   0   0     0.000     0.079     0.000     0.003    -0.018     0.042     0.002
   7 0 0 0 1 1 1 1  12   5  12   0   0   0   0    47.332    22.022    52.997     0.000     0.000     0.000     0.000   0   0   0   0   0   0   0     0.000     0.079     0.000    -0.054    -0.011     0.002     0.021
   7 0 1 0 1 1 1 1   7   5  11   0   0   0   0    19.923    22.022    45.113     0.000     0.000     0.000     0.000   0   0   0   0   0   0   0     0.000    -0.123     0.000    -0.054    -0.011    -0.021     0.009
   7 0 1 0 1 1 1 1   7   5  26   0   0   0   0    19.923    22.022     5.834     0.000     0.000     0.000     0.000   0   0   0   0   0   0   0     0.000     0.075     0.000    -0.054    -0.011    -0.011     0.010
   7 0 0 0 1 1 1 1   3   5   0   0   0   0   0    22.245    22.007    21.241     0.000     0.000     0.000     0.000   0   0   0   0   0   0   0     0.000     0.075     0.000     0.040    -0.013     0.001     0.008
   7 0 1 0 1 1 1 1   7   5   3   0   0   0   0    19.923    22.007    22.347     0.000     0.000     0.000     0.000   0   0   0   0   0   0   0     0.000    -0.051     0.000     0.040    -0.013    -0.006     0.006
   7 0 1 0 1 1 1 1   7   5  24   0   0   0   0    19.923    22.007     5.341     0.000     0.000     0.000     0.000   0   0   0   0   0   0   0     0.000    -0.117     0.000     0.040    -0.013    -0.011     0.013
   7 0 0 0 1 1 1 1  19   9   2   0   0   0   0    66.359    17.656    21.551     0.000     0.000     0.000     0.000   0   0   0   0   0   0   0     0.000    -0.117     0.000    -0.026     0.002     0.071     0.020
   7 0 0 0 1 1 1 1  11   5  24   0   0   0   0    45.159    22.022     5.341     0.000     0.000     0.000     0.000   0   0   0   0   0   0   0     0.000    -0.117     0.000     0.038    -0.013    -0.001     0.007
   7 0 1 0 1 1 1 1   7   5   3   0   0   0   0    19.923    22.022    22.254     0.000     0.000     0.000     0.000   0   0   0   0   0   0   0     0.000    -0.048     0.000     0.038    -0.013    -0.007     0.005
   7 0 1 0 1 1 1 1   7   5  28   0   0   0   0    19.923    22.022     5.613     0.000     0.000     0.000     0.000   0   0   0   0   0   0   0     0.000    -0.111     0.000     0.038    -0.013    -0.003     0.035
   7 0 1 0 1 1 1 1   7   5  17   0   0   0   0    19.923    22.022    59.435     0.000     0.000     0.000     0.000   0   0   0   0   0   0   0     0.000     0.068     0.000     0.038    -0.013    -0.004     0.021
   7 0 0 0 1 1 1 1   3   1   2   0   0   0   0    21.785    21.990    21.551     0.000     0.000     0.000     0.000   0   0   0   0   0   0   0     0.000     0.068     0.000    -0.007    -0.019     0.036     0.001
   7 0 0 0 1 1 1 1   7   0   5   0   0   0   0    19.942    21.140    21.894     0.000     0.000     0.000     0.000   0   0   0   0   0   0   0     0.000     0.068     0.000    -0.046    -0.013     0.020    -0.000
   7 0 0 0 1 1 1 1   7   0  20   0   0   0   0    19.942    21.140    62.863     0.000     0.000     0.000     0.000   0   0   0   0   0   0   0     0.000     0.068     0.000    -0.106    -0.031    -0.001     0.035
   7 0 1 0 1 1 1 1   7   0  14   0   0   0   0    19.923    21.140    48.583     0.000     0.000     0.000     0.000   0   0   0   0   0   0   0     0.000     0.065     0.000    -0.106    -0.031     0.003    -0.024
   7 0 0 0 1 1 1 1  11   5   0   0   0   0   0    45.248    22.007    21.680     0.000     0.000     0.000     0.000   0   0   0   0   0   0   0     0.000     0.065     0.000     0.034    -0.011     0.001     0.008
   7 0 1 0 1 1 1 1   7   5  24   0   0   0   0    19.923    22.007     5.341     0.000     0.000     0.000     0.000   0   0   0   0   0   0   0     0.000    -0.044     0.000     0.034    -0.011    -0.005     0.005
   7 0 0 0 1 1 1 1   2   3  24   0   0   0   0    21.581    21.785     5.447     0.000     0.000     0.000     0.000   0   0   0   0   0   0   0     0.000    -0.044     0.000    -0.026    -0.101    -0.000     0.023
   7 0 1 0 1 1 1 1   7   3  24   0   0   0   0    19.923    21.785     5.341     0.000     0.000     0.000     0.000   0   0   0   0   0   0   0     0.000     0.061     0.000    -0.026    -0.101    -0.008     0.008
   7 0 0 0 1 1 1 1   3   1   2   0   0   0   0    21.785    21.990    21.551     0.000     0.000     0.000     0.000   0   0   0   0   0   0   0     0.000     0.061     0.000    -0.006    -0.016     0.032     0.001
   7 0 1 0 1 1 1 1   7   1  11   0   0   0   0    19.923    21.990    45.202     0.000     0.000     0.000     0.000   0   0   0   0   0   0   0     0.000    -0.041     0.000    -0.006    -0.016    -0.007     0.003
   7 0 1 0 1 1 1 1   7   1  12   0   0   0   0    19.923    21.990    47.332     0.000     0.000     0.000     0.000   0   0   0   0   0   0   0     0.000    -0.096     0.000    -0.006    -0.016    -0.017     0.006
   7 0 1 0 1 1 1 1   7   1  17   0   0   0   0    19.923    21.990    59.667     0.000     0.000     0.000     0.000   0   0   0   0   0   0   0     0.000     0.058     0.000    -0.006    -0.016    -0.004     0.019
   7 0 0 0 1 1 1 1  11   5  29   0   0   0   0    45.085    22.022     5.701     0.000     0.000     0.000     0.000   0   0   0   0   0   0   0     0.000     0.058     0.000     0.031    -0.011    -0.001     0.005
   7 0 0 0 1 1 1 1   7   0  12   0   0   0   0    19.942    21.140    52.997     0.000     0.000     0.000     0.000   0   0   0   0   0   0   0     0.000     0.058     0.000    -0.039    -0.011    -0.000     0.016
   7 0 1 0 1 1 1 1   7   0  11   0   0   0   0    19.923    21.140    44.900     0.000     0.000     0.000     0.000   0   0   0   0   0   0   0     0.000    -0.091     0.000    -0.039    -0.011    -0.017     0.005
   7 0 1 0 1 1 1 1   7   0   2   0   0   0   0    19.923    21.140    21.581     0.000     0.000     0.000     0.000   0   0   0   0   0   0   0     0.000     0.055     0.000    -0.039    -0.011    -0.021     0.003
   7 0 1 0 1 1 1 1   7   0  11   0   0   0   0    19.923    21.140    45.085     0.000     0.000     0.000     0.000   0   0   0   0   0   0   0     0.000     0.029     0.000    -0.039    -0.011    -0.010     0.003
   7 0 1 0 1 1 1 1   7   0  17   0   0   0   0    19.923    21.140    59.435     0.000     0.000     0.000     0.000   0   0   0   0   0   0   0     0.000    -0.037     0.000    -0.039    -0.011    -0.002     0.010
   7 0 1 0 1 1 1 1   7   0  24   0   0   0   0    19.935    21.140     5.380     0.000     0.000     0.000     0.000   0   0   0   0   0   0   0     0.000    -0.070     0.000    -0.039    -0.011    -0.004     0.018
   7 0 1 0 1 1 1 1   7   0  17   0   0   0   0    19.923    21.140    59.667     0.000     0.000     0.000     0.000   0   0   0   0   0   0   0     0.000     0.053     0.000    -0.039    -0.011    -0.003     0.017
   7 0 1 0 1 1 1 1   7   0   3   0   0   0   0    19.923    21.140    22.222     0.000     0.000     0.000     0.000   0   0   0   0   0   0   0     0.000     0.028     0.000    -0.039    -0.011    -0.009     0.002
   7 0 0 0 1 1 1 1   2   0   5   0   0   0   0    21.581    21.140    21.894     0.000     0.000     0.000     0.000   0   0   0   0   0   0   0     0.000     0.028     0.000    -0.031    -0.008     0.016     0.000
   7 0 1 0 1 1 1 1   7   0  20   0   0   0   0    19.923    21.140    62.863     0.000     0.000     0.000     0.000   0   0   0   0   0   0   0     0.000    -0.083     0.000    -0.031    -0.008    -0.002     0.027
   7 0 1 0 1 1 1 1   7   0  12   0   0   0   0    19.923    21.140    47.332     0.000     0.000     0.000     0.000   0   0   0   0   0   0   0     0.000     0.050     0.000    -0.031    -0.008    -0.012     0.004
   7 0 1 0 1 1 1 1   7   0  11   0   0   0   0    19.923    21.140    44.962     0.000     0.000     0.000     0.000   0   0   0   0   0   0   0     0.000     0.026     0.000    -0.031    -0.008    -0.009     0.002
   7 0 1 0 1 1 1 1   7   0  17   0   0   0   0    19.935    21.140    59.189     0.000     0.000     0.000     0.000   0   0   0   0   0   0   0     0.000    -0.028     0.000    -0.031    -0.008    -0.003     0.004
   7 0 1 0 1 1 1 1   7   0   3   0   0   0   0    19.923    21.140    22.339     0.000     0.000     0.000     0.000   0   0   0   0   0   0   0     0.000    -0.079     0.000    -0.031    -0.008    -0.008     0.008
   7 0 1 0 1 1 1 1   7   0   9   0   0   0   0    19.923    21.140    17.656     0.000     0.000     0.000     0.000   0   0   0   0   0   0   0     0.000     0.047     0.000    -0.031    -0.008    -0.016     0.002
   7 0 1 0 1 1 1 1   7   0  24   0   0   0   0    19.923    21.140     5.341     0.000     0.000     0.000     0.000   0   0   0   0   0   0   0     0.000     0.025     0.000    -0.031    -0.008    -0.004     0.004
   7 0 1 0 1 1 1 1   7   0   3   0   0   0   0    19.923    21.140    21.710     0.000     0.000     0.000     0.000   0   0   0   0   0   0   0     0.000    -0.033     0.000    -0.031    -0.008    -0.011     0.001
   7 0 1 0 1 1 1 1   7   0   3   0   0   0   0    19.923    21.140    22.124     0.000     0.000     0.000     0.000   0   0   0   0   0   0   0     0.000    -0.075     0.000    -0.031    -0.008    -0.016     0.004
   7 0 0 0 1 1 1 1  19   9   5   0   0   0   0    66.359    17.656    21.963     0.000     0.000     0.000     0.000   0   0   0   0   0   0   0     0.000    -0.075     0.000    -0.015     0.001     0.010     0.040
   7 0 1 0 1 1 1 1   7   9  11   0   0   0   0    19.923    17.656    45.085     0.000     0.000     0.000     0.000   0   0   0   0   0   0   0     0.000     0.024     0.000    -0.015     0.001    -0.007     0.002
   7 0 1 0 1 1 1 1   7   9   5   0   0   0   0    19.923    17.656    21.894     0.000     0.000     0.000     0.000   0   0   0   0   0   0   0     0.000    -0.031     0.000    -0.015     0.001     0.014    -0.001
   7 0 1 0 1 1 1 1   7   9  20   0   0   0   0    19.923    17.656    62.863     0.000     0.000     0.000     0.000   0   0   0   0   0   0   0     0.000    -0.071     0.000    -0.015     0.001    -0.002     0.024
   7 0 1 0 1 1 1 1   7   9  29   0   0   0   0    19.923    17.656     5.787     0.000     0.000     0.000     0.000   0   0   0   0   0   0   0     0.000     0.043     0.000    -0.015     0.001    -0.002     0.017
   7 0 1 0 1 1 1 1   7   9  24   0   0   0   0    19.923    17.656     5.341     0.000     0.000     0.000     0.000   0   0   0   0   0   0   0     0.000     0.023     0.000    -0.015     0.001    -0.004     0.003
   7 0 1 0 1 1 1 1   7   9   3   0   0   0   0    19.923    17.656    22.255     0.000     0.000     0.000     0.000   0   0   0   0   0   0   0     0.000    -0.029     0.000    -0.015     0.001    -0.004     0.003
   7 0 0 0 1 1 1 1   7   0  20   0   0   0   0    19.942    21.140    62.863     0.000     0.000     0.000     0.000   0   0   0   0   0   0   0     0.000    -0.029     0.000    -0.067    -0.020    -0.000     0.022
   7 0 1 0 1 1 1 1   7   0  26   0   0   0   0    19.923    21.140     5.834     0.000     0.000     0.000     0.000   0   0   0   0   0   0   0     0.000     0.041     0.000    -0.067    -0.020    -0.006     0.005
   7 0 1 0 1 1 1 1   7   0  24   0   0   0   0    19.923    21.140     5.118     0.000     0.000     0.000     0.000   0   0   0   0   0   0   0     0.000     0.021     0.000    -0.067    -0.020    -0.007     0.001
   7 0 1 0 1 1 1 1   7   0  19   0   0   0   0    19.923    21.140    66.295     0.000     0.000     0.000     0.000   0   0   0   0   0   0   0     0.000    -0.028     0.000    -0.067    -0.020    -0.001     0.010
   7 0 1 0 1 1 1 1   7   0  11   0   0   0   0    19.923    21.140    45.202     0.000     0.000     0.000     0.000   0   0   0   0   0   0   0     0.000    -0.064     0.000    -0.067    -0.020    -0.009     0.005
   7 0 1 0 1 1 1 1   7   0  29   0   0   0   0    19.923    21.140     5.787     0.000     0.000     0.000     0.000   0   0   0   0   0   0   0     0.000     0.039     0.000    -0.067    -0.020    -0.002     0.015
   7 0 1 0 1 1 1 1   7   0   3   0   0   0   0    19.923    21.140    22.222     0.000     0.000     0.000     0.000   0   0   0   0   0   0   0     0.000     0.020     0.000    -0.067    -0.020    -0.006     0.001
   7 0 1 0 1 1 1 1   7   0   3   0   0   0   0    19.923    21.140    21.710     0.000     0.000     0.000     0.000   0   0   0   0   0   0   0     0.000    -0.027     0.000    -0.067    -0.020    -0.010     0.001
   7 0 1 0 1 1 1 1   7   0   3   0   0   0   0    19.923    21.140    21.710     0.000     0.000     0.000     0.000   0   0   0   0   0   0   0     0.000    -0.061     0.000    -0.067    -0.020    -0.020     0.002
   7 0 1 0 1 1 1 1   7   0   3   0   0   0   0    19.923    21.140    21.710     0.000     0.000     0.000     0.000   0   0   0   0   0   0   0     0.000     0.037     0.000    -0.067    -0.020    -0.017     0.001
   7 0 1 0 1 1 1 1   7   0  24   0   0   0   0    19.923    21.140     5.341     0.000     0.000     0.000     0.000   0   0   0   0   0   0   0     0.000     0.019     0.000    -0.067    -0.020    -0.003     0.003
   7 0 1 0 1 1 1 1   7   0   5   0   0   0   0    19.923    21.140    21.894     0.000     0.000     0.000     0.000   0   0   0   0   0   0   0     0.000    -0.025     0.000    -0.067    -0.020     0.012    -0.001
   7 0 1 0 1 1 1 1   7   0  24   0   0   0   0    19.923    21.140     5.380     0.000     0.000     0.000     0.000   0   0   0   0   0   0   0     0.000    -0.058     0.000    -0.067    -0.020    -0.003     0.012
   7 0 1 0 1 1 1 1   7   0  24   0   0   0   0    19.923    21.140     5.341     0.000     0.000     0.000     0.000   0   0   0   0   0   0   0     0.000     0.035     0.000    -0.067    -0.020    -0.005     0.005
   7 0 1 0 1 1 1 1   7   0  24   0   0   0   0    19.923    21.140     5.114     0.000     0.000     0.000     0.000   0   0   0   0   0   0   0     0.000     0.018     0.000    -0.067    -0.020    -0.006     0.001
   7 0 0 0 1 1 1 1  28   5   5   0   0   0   0     5.177    22.022    21.894     0.000     0.000     0.000     0.000   0   0   0   0   0   0   0     0.000     0.018     0.000    -0.024    -0.005     0.011     0.001
   7 0 1 0 1 1 1 1   7   5  24   0   0   0   0    19.923    22.022     5.341     0.000     0.000     0.000     0.000   0   0   0   0   0   0   0     0.000    -0.055     0.000    -0.024    -0.005    -0.005     0.006
