  272
   1 1   0     0.000   0     4.982
   1 1   0     0.000   0     5.493
   1 1   0     0.000   0     5.756
   1 1   0     0.000   0     5.938
   7 0 0 1 1 1 0 0   2   5   0   0   0   0   0    22.055    22.133     0.000     0.000     0.000     0.000     0.000   0   0   0   0   0   0   0     0.000     0.000     0.515    -0.026    -0.218     0.000     0.000
   7 0 0 0 1 1 1 1   3   0   0   0   0   0   0    22.606    20.801    21.092     0.000     0.000     0.000     0.000   0   0   0   0   0   0   0     0.000     0.000     0.515    -0.036    -0.166     0.142     0.046
   7 0 1 0 1 1 1 1  24   0   0   0   0   0   0     5.368    20.801    21.054     0.000     0.000     0.000     0.000   0   0   0   0   0   0   0     0.000    -0.109     0.515    -0.036    -0.166     0.012     0.097
   7 0 0 0 1 1 1 1  24   2   6   0   0   0   0     5.368    22.035    19.538     0.000     0.000     0.000     0.000   0   0   0   0   0   0   0     0.000    -0.109     0.515    -0.136    -0.565     0.033     0.245
   7 0 0 1 1 1 1 1   2   5   6   0   0   0   0    22.055    22.133    19.538     0.000     0.000     0.000     0.000   0   0   0   0   0   0   0     0.000    -0.109     0.490    -0.024    -0.202     0.033     0.245
   7 0 0 0 1 1 1 1   3   0   0   0   0   0   0    22.606    20.801    21.092     0.000     0.000     0.000     0.000   0   0   0   0   0   0   0     0.000    -0.109     0.490    -0.034    -0.155     0.132     0.043
   7 0 1 0 1 1 1 1  24   0   5   0   0   0   0     5.368    20.801    22.026     0.000     0.000     0.000     0.000   0   0   0   0   0   0   0     0.000    -0.101     0.490    -0.034    -0.155     0.090     0.011
   7 0 0 0 1 1 1 1  24   2   2   0   0   0   0     5.368    22.035    21.895     0.000     0.000     0.000     0.000   0   0   0   0   0   0   0     0.000    -0.101     0.490    -0.127    -0.537     0.225     0.032
   7 0 0 1 1 1 1 1   2   0   2   0   0   0   0    22.055    21.189    21.895     0.000     0.000     0.000     0.000   0   0   0   0   0   0   0     0.000    -0.101     0.465    -0.154     0.011     0.225     0.032
   7 0 0 0 1 1 1 1   3   0   0   0   0   0   0    22.606    20.801    21.092     0.000     0.000     0.000     0.000   0   0   0   0   0   0   0     0.000    -0.101     0.465    -0.032    -0.145     0.123     0.039
   7 0 1 0 1 1 1 1  24   0   0   0   0   0   0     5.368    20.801    21.054     0.000     0.000     0.000     0.000   0   0   0   0   0   0   0     0.000    -0.093     0.465    -0.032    -0.145     0.010     0.083
   7 0 0 0 1 1 1 1  24   2   6   0   0   0   0     5.368    22.035    19.538     0.000     0.000     0.000     0.000   0   0   0   0   0   0   0     0.000    -0.093     0.465    -0.118    -0.510     0.030     0.206
   7 0 0 1 1 1 1 1   2   5   6   0   0   0   0    22.055    22.133    19.538     0.000     0.000     0.000     0.000   0   0   0   0   0   0   0     0.000    -0.093     0.442    -0.018    -0.175     0.030     0.206
   7 0 0 0 1 1 1 1   3   0   2   0   0   0   0    22.606    20.801    22.055     0.000     0.000     0.000     0.000   0   0   0   0   0   0   0     0.000    -0.093     0.442    -0.030    -0.135     0.045     0.134
   7 0 1 0 1 1 1 1  24   0   0   0   0   0   0     5.368    20.801    21.054     0.000     0.000     0.000     0.000   0   0   0   0   0   0   0     0.000    -0.086     0.442    -0.030    -0.135     0.009     0.077
   7 0 0 0 1 1 1 1  24   0   6   0   0   0   0     5.368    21.028    19.538     0.000     0.000     0.000     0.000   0   0   0   0   0   0   0     0.000    -0.086     0.442    -0.484    -0.110     0.028     0.189
   7 0 0 1 1 1 1 1   2   5   6   0   0   0   0    22.055    22.133    19.538     0.000     0.000     0.000     0.000   0   0   0   0   0   0   0     0.000    -0.086     0.420    -0.016    -0.162     0.028     0.189
   7 0 0 0 1 1 1 1   3   6   2   0   0   0   0    22.606    20.282    22.055     0.000     0.000     0.000     0.000   0   0   0   0   0   0   0     0.000    -0.086     0.420    -0.126    -0.028     0.041     0.127
   7 0 0 0 1 1 1 1  24   0   0   0   0   0   0     5.368    21.125    21.054     0.000     0.000     0.000     0.000   0   0   0   0   0   0   0     0.000    -0.086     0.420    -0.091    -0.023     0.009     0.071
   7 0 1 0 1 1 1 1  23   0   2   0   0   0   0     5.549    21.125    21.876     0.000     0.000     0.000     0.000   0   0   0   0   0   0   0     0.000    -0.379     0.420    -0.091    -0.023     0.173    -0.013
   7 0 0 1 1 1 1 1   2   0   2   0   0   0   0    22.055    21.189    21.876     0.000     0.000     0.000     0.000   0   0   0   0   0   0   0     0.000    -0.379     0.399    -0.123     0.013     0.173    -0.013
   7 0 0 0 1 1 1 1   3   0  13   0   0   0   0    22.606    20.801    54.472     0.000     0.000     0.000     0.000   0   0   0   0   0   0   0     0.000    -0.379     0.399    -0.026    -0.118     0.121     0.038
   7 0 0 0 1 1 1 1  24  12   0   0   0   0   0     5.368    47.104    21.054     0.000     0.000     0.000     0.000   0   0   0   0   0   0   0     0.000    -0.379     0.399    -0.022    -0.085     0.008     0.066
   7 0 1 0 1 1 1 1  23  12   2   0   0   0   0     5.549    47.104    21.876     0.000     0.000     0.000     0.000   0   0   0   0   0   0   0     0.000    -0.353     0.399    -0.022    -0.085     0.159    -0.012
   7 0 0 1 1 1 1 1   2   5   2   0   0   0   0    22.055    22.133    21.876     0.000     0.000     0.000     0.000   0   0   0   0   0   0   0     0.000    -0.353     0.379    -0.011    -0.141     0.159    -0.012
   7 0 0 0 1 1 1 1   3   0  13   0   0   0   0    22.606    20.801    54.472     0.000     0.000     0.000     0.000   0   0   0   0   0   0   0     0.000    -0.353     0.379    -0.024    -0.110     0.115     0.035
   7 0 0 0 1 1 1 1  24  12   5   0   0   0   0     5.368    47.104    22.026     0.000     0.000     0.000     0.000   0   0   0   0   0   0   0     0.000    -0.353     0.379    -0.021    -0.079     0.061     0.007
   7 0 0 0 1 1 1 1  24   0   6   0   0   0   0     5.368    21.028    19.538     0.000     0.000     0.000     0.000   0   0   0   0   0   0   0     0.000    -0.353     0.379    -0.423    -0.078     0.028     0.145
   7 0 0 1 1 1 1 1   2   5   6   0   0   0   0    22.055    22.133    19.538     0.000     0.000     0.000     0.000   0   0   0   0   0   0   0     0.000    -0.353     0.360    -0.010    -0.130     0.028     0.145
   7 0 0 0 1 1 1 1   3   0   2   0   0   0   0    22.606    20.801    22.055     0.000     0.000     0.000     0.000   0   0   0   0   0   0   0     0.000    -0.353     0.360    -0.023    -0.103     0.032     0.109
   7 0 0 0 1 1 1 1  24   0   5   0   0   0   0     5.368    21.125    22.026     0.000     0.000     0.000     0.000   0   0   0   0   0   0   0     0.000    -0.353     0.360    -0.074    -0.020     0.056     0.007
   7 0 0 1 1 1 1 1   2   1   5   0   0   0   0    22.055    21.924    22.026     0.000     0.000     0.000     0.000   0   0   0   0   0   0   0     0.000    -0.353    -0.402     0.122    -0.073     0.056     0.007
   7 0 0 1 1 1 1 1   2   1   5   0   0   0   0    22.055    21.924    22.026     0.000     0.000     0.000     0.000   0   0   0   0   0   0   0     0.000    -0.353     0.342    -0.018    -0.138     0.056     0.007
   7 0 0 0 1 1 1 1   3   0  13   0   0   0   0    22.606    20.801    54.472     0.000     0.000     0.000     0.000   0   0   0   0   0   0   0     0.000    -0.353     0.342    -0.021    -0.096     0.104     0.029
   7 0 1 0 1 1 1 1  24   0   0   0   0   0   0     5.368    20.801    21.054     0.000     0.000     0.000     0.000   0   0   0   0   0   0   0     0.000    -0.061     0.342    -0.021    -0.096     0.006     0.052
   7 0 0 1 1 1 1 1   2   1   0   0   0   0   0    22.055    21.924    21.054     0.000     0.000     0.000     0.000   0   0   0   0   0   0   0     0.000    -0.061    -0.382     0.111    -0.068     0.006     0.052
   7 0 0 1 1 1 1 1   2   0   0   0   0   0   0    22.055    21.189    21.054     0.000     0.000     0.000     0.000   0   0   0   0   0   0   0     0.000    -0.061     0.325    -0.093     0.015     0.006     0.052
   7 0 0 0 1 1 1 1   3   6   2   0   0   0   0    22.606    20.282    22.055     0.000     0.000     0.000     0.000   0   0   0   0   0   0   0     0.000    -0.061     0.325    -0.089    -0.020     0.027     0.099
   7 0 0 0 1 1 1 1  24  12   0   0   0   0   0     5.368    47.104    20.699     0.000     0.000     0.000     0.000   0   0   0   0   0   0   0     0.000    -0.061     0.325    -0.016    -0.065    -0.001     0.044
   7 0 0 1 1 1 1 1   2   1   0   0   0   0   0    22.055    21.924    20.699     0.000     0.000     0.000     0.000   0   0   0   0   0   0   0     0.000    -0.061    -0.363     0.102    -0.063    -0.001     0.044
   7 0 0 1 1 1 1 1   2   1   0   0   0   0   0    22.055    21.924    20.699     0.000     0.000     0.000     0.000   0   0   0   0   0   0   0     0.000    -0.061     0.309    -0.013    -0.122    -0.001     0.044
   7 0 0 0 1 1 1 1   3   0   2   0   0   0   0    22.606    20.801    22.055     0.000     0.000     0.000     0.000   0   0   0   0   0   0   0     0.000    -0.061     0.309    -0.018    -0.084     0.025     0.094
   7 0 0 0 1 1 1 1  24  12   0   0   0   0   0     5.368    47.104    21.054     0.000     0.000     0.000     0.000   0   0   0   0   0   0   0     0.000    -0.061     0.309    -0.015    -0.060     0.005     0.045
   7 0 0 1 1 1 1 1   2   5   0   0   0   0   0    22.055    22.133    21.054     0.000     0.000     0.000     0.000   0   0   0   0   0   0   0     0.000    -0.061    -0.345     0.105    -0.039     0.005     0.045
   7 0 0 1 1 1 1 1   2   1   0   0   0   0   0    22.055    21.924    21.054     0.000     0.000     0.000     0.000   0   0   0   0   0   0   0     0.000    -0.061     0.293    -0.012    -0.114     0.005     0.045
   7 0 0 0 1 1 1 1   3   0   2   0   0   0   0    22.606    20.801    22.055     0.000     0.000     0.000     0.000   0   0   0   0   0   0   0     0.000    -0.061     0.293    -0.017    -0.078     0.023     0.089
   7 0 0 0 1 1 1 1  24  12   6   0   0   0   0     5.368    47.104    19.970     0.000     0.000     0.000     0.000   0   0   0   0   0   0   0     0.000    -0.061     0.293    -0.014    -0.056     0.037    -0.001
   7 0 1 0 1 1 1 1  14  12   1   0   0   0   0    44.002    47.104    21.924     0.000     0.000     0.000     0.000   0   0   0   0   0   0   0     0.000    -0.328     0.293    -0.014    -0.056     0.086    -0.056
   7 0 0 1 1 1 1 1   2   0   1   0   0   0   0    22.055    21.189    21.924     0.000     0.000     0.000     0.000   0   0   0   0   0   0   0     0.000    -0.328     0.278    -0.076     0.015     0.086    -0.056
   7 0 0 0 1 1 1 1   3   6   2   0   0   0   0    22.606    20.282    22.055     0.000     0.000     0.000     0.000   0   0   0   0   0   0   0     0.000    -0.328     0.278    -0.073    -0.016     0.021     0.084
   7 0 0 0 1 1 1 1  24  12   0   0   0   0   0     5.368    47.104    21.054     0.000     0.000     0.000     0.000   0   0   0   0   0   0   0     0.000    -0.328     0.278    -0.014    -0.053     0.004     0.039
   7 0 0 1 1 1 1 1   2   5   0   0   0   0   0    22.055    22.133    21.054     0.000     0.000     0.000     0.000   0   0   0   0   0   0   0     0.000    -0.328    -0.311     0.089    -0.036     0.004     0.039
   7 0 0 1 1 1 1 1   2  11   0   0   0   0   0    22.055    47.953    21.054     0.000     0.000     0.000     0.000   0   0   0   0   0   0   0     0.000    -0.328     0.265    -0.101    -0.008     0.004     0.039
   7 0 0 0 1 1 1 1   3   0   2   0   0   0   0    22.606    20.801    21.895     0.000     0.000     0.000     0.000   0   0   0   0   0   0   0     0.000    -0.328     0.265    -0.015    -0.068     0.013     0.069
   7 0 0 0 1 1 1 1  24   0   0   0   0   0   0     5.368    21.125    21.054     0.000     0.000     0.000     0.000   0   0   0   0   0   0   0     0.000    -0.328     0.265    -0.049    -0.013     0.003     0.036
   7 0 0 1 1 1 1 1   2   1   0   0   0   0   0    22.055    21.924    21.054     0.000     0.000     0.000     0.000   0   0   0   0   0   0   0     0.000    -0.328    -0.296     0.073    -0.050     0.003     0.036
   7 0 0 1 1 1 1 1   2   5   0   0   0   0   0    22.055    22.133    21.054     0.000     0.000     0.000     0.000   0   0   0   0   0   0   0     0.000    -0.328     0.251    -0.001    -0.083     0.003     0.036
   7 0 0 0 1 1 1 1   3   6  13   0   0   0   0    22.606    20.282    54.472     0.000     0.000     0.000     0.000   0   0   0   0   0   0   0     0.000    -0.328     0.251    -0.063    -0.014     0.077     0.017
   7 0 0 0 1 1 1 1  24  12   6   0   0   0   0     5.368    47.104    19.970     0.000     0.000     0.000     0.000   0   0   0   0   0   0   0     0.000    -0.328     0.251    -0.012    -0.046     0.030    -0.001
   7 0 0 1 1 1 1 1   2   5   6   0   0   0   0    22.055    22.133    19.970     0.000     0.000     0.000     0.000   0   0   0   0   0   0   0     0.000    -0.328    -0.281     0.076    -0.032     0.030    -0.001
   7 0 0 1 1 1 1 1   2   1   6   0   0   0   0    22.055    21.924    19.970     0.000     0.000     0.000     0.000   0   0   0   0   0   0   0     0.000    -0.328     0.239    -0.006    -0.089     0.030    -0.001
   7 0 0 0 1 1 1 1   3   0  13   0   0   0   0    22.606    20.801    54.472     0.000     0.000     0.000     0.000   0   0   0   0   0   0   0     0.000    -0.328     0.239    -0.013    -0.059     0.073     0.016
   7 0 1 0 1 1 1 1  24   0   0   0   0   0   0     5.368    20.801    21.054     0.000     0.000     0.000     0.000   0   0   0   0   0   0   0     0.000    -0.038     0.239    -0.013    -0.059     0.002     0.031
   7 0 0 1 1 1 1 1   2   0   0   0   0   0   0    22.055    20.699    21.054     0.000     0.000     0.000     0.000   0   0   0   0   0   0   0     0.000    -0.038    -0.267     0.107    -0.003     0.002     0.031
   7 0 1 0 1 1 1 1  14   0   0   0   0   0   0    44.002    20.699    21.189     0.000     0.000     0.000     0.000   0   0   0   0   0   0   0     0.000     0.227    -0.267     0.107    -0.003    -0.059     0.015
   7 0 0 0 1 1 1 1   3   6   2   0   0   0   0    22.606    20.282    22.055     0.000     0.000     0.000     0.000   0   0   0   0   0   0   0     0.000     0.227    -0.267    -0.055    -0.012     0.015     0.069
   7 0 0 0 1 1 1 1  24  12   0   0   0   0   0     5.368    47.104    21.054     0.000     0.000     0.000     0.000   0   0   0   0   0   0   0     0.000     0.227    -0.267    -0.010    -0.040     0.002     0.029
   7 0 1 0 1 1 1 1  14  12   1   0   0   0   0    44.002    47.104    21.924     0.000     0.000     0.000     0.000   0   0   0   0   0   0   0     0.000    -0.254    -0.267    -0.010    -0.040     0.059    -0.045
   7 0 0 1 1 1 1 1   2   1   1   0   0   0   0    22.055    21.924    21.924     0.000     0.000     0.000     0.000   0   0   0   0   0   0   0     0.000    -0.254     0.215    -0.004    -0.079     0.059    -0.045
   7 0 0 0 1 1 1 1   3   6   2   0   0   0   0    22.606    20.282    22.055     0.000     0.000     0.000     0.000   0   0   0   0   0   0   0     0.000    -0.254     0.215    -0.052    -0.011     0.013     0.066
   7 0 0 0 1 1 1 1  24  12   0   0   0   0   0     5.368    47.104    20.699     0.000     0.000     0.000     0.000   0   0   0   0   0   0   0     0.000    -0.254     0.215    -0.009    -0.038    -0.002     0.024
   7 0 0 1 1 1 1 1   2   0   0   0   0   0   0    22.055    20.699    20.699     0.000     0.000     0.000     0.000   0   0   0   0   0   0   0     0.000    -0.254    -0.241     0.096    -0.005    -0.002     0.024
   7 0 0 1 1 1 1 1   2   1   0   0   0   0   0    22.055    21.924    20.699     0.000     0.000     0.000     0.000   0   0   0   0   0   0   0     0.000    -0.254     0.205    -0.004    -0.074    -0.002     0.024
   7 0 0 0 1 1 1 1   3   0   2   0   0   0   0    22.606    20.801    22.055     0.000     0.000     0.000     0.000   0   0   0   0   0   0   0     0.000    -0.254     0.205    -0.011    -0.048     0.012     0.063
   7 0 0 0 1 1 1 1  24  12   0   0   0   0   0     5.368    47.104    21.054     0.000     0.000     0.000     0.000   0   0   0   0   0   0   0     0.000    -0.254     0.205    -0.009    -0.035     0.001     0.025
   7 0 1 0 1 1 1 1  23  12   0   0   0   0   0     5.549    47.104    20.699     0.000     0.000     0.000     0.000   0   0   0   0   0   0   0     0.000    -0.182     0.205    -0.009    -0.035     0.089     0.009
   7 0 0 1 1 1 1 1   2   0   0   0   0   0   0    22.055    21.189    20.699     0.000     0.000     0.000     0.000   0   0   0   0   0   0   0     0.000    -0.182     0.194    -0.048     0.015     0.089     0.009
   7 0 0 0 1 1 1 1   3   0   2   0   0   0   0    22.606    20.801    22.055     0.000     0.000     0.000     0.000   0   0   0   0   0   0   0     0.000    -0.182     0.194    -0.010    -0.045     0.011     0.059
   7 0 0 0 1 1 1 1  24   0   0   0   0   0   0     5.368    21.125    21.054     0.000     0.000     0.000     0.000   0   0   0   0   0   0   0     0.000    -0.182     0.194    -0.033    -0.008     0.001     0.023
   7 0 0 1 1 1 1 1   2   0   0   0   0   0   0    22.055    20.699    21.054     0.000     0.000     0.000     0.000   0   0   0   0   0   0   0     0.000    -0.182    -0.220     0.083    -0.003     0.001     0.023
   7 0 0 1 1 1 1 1   2   1   0   0   0   0   0    22.055    21.924    21.054     0.000     0.000     0.000     0.000   0   0   0   0   0   0   0     0.000    -0.182     0.185    -0.002    -0.066     0.001     0.023
   7 0 0 0 1 1 1 1   3   0   0   0   0   0   0    22.606    20.801    21.092     0.000     0.000     0.000     0.000   0   0   0   0   0   0   0     0.000    -0.182     0.185    -0.009    -0.042     0.048     0.006
   7 0 0 0 1 1 1 1  24   2   0   0   0   0   0     5.368    21.851    20.699     0.000     0.000     0.000     0.000   0   0   0   0   0   0   0     0.000    -0.182     0.185    -0.036    -0.012    -0.002     0.019
   7 0 0 1 1 1 1 1   2   5   0   0   0   0   0    22.055    22.133    20.699     0.000     0.000     0.000     0.000   0   0   0   0   0   0   0     0.000    -0.182    -0.209     0.052    -0.024    -0.002     0.019
   7 0 0 1 1 1 1 1   2   1   0   0   0   0   0    22.055    21.924    20.699     0.000     0.000     0.000     0.000   0   0   0   0   0   0   0     0.000    -0.182     0.176    -0.002    -0.061    -0.002     0.019
   7 0 0 0 1 1 1 1   3   6   2   0   0   0   0    22.606    20.282    22.055     0.000     0.000     0.000     0.000   0   0   0   0   0   0   0     0.000    -0.182     0.176    -0.039    -0.009     0.009     0.054
   7 0 0 0 1 1 1 1  24   2   0   0   0   0   0     5.368    21.851    21.054     0.000     0.000     0.000     0.000   0   0   0   0   0   0   0     0.000    -0.182     0.176    -0.034    -0.011     0.001     0.020
   7 0 1 0 1 1 1 1  14   2   0   0   0   0   0    44.002    21.851    20.699     0.000     0.000     0.000     0.000   0   0   0   0   0   0   0     0.000    -0.198     0.176    -0.034    -0.011     0.074    -0.004
   7 0 0 1 1 1 1 1   2   5   0   0   0   0   0    22.055    22.026    20.699     0.000     0.000     0.000     0.000   0   0   0   0   0   0   0     0.000    -0.198     0.167     0.014    -0.040     0.074    -0.004
   7 0 0 1 1 1 1 1   2   1   0   0   0   0   0    21.997    21.924    20.699     0.000     0.000     0.000     0.000   0   0   0   0   0   0   0     0.000    -0.198     0.042    -0.001    -0.036     0.074    -0.004
   7 0 0 0 1 1 1 1  24   1   0   0   0   0   0     5.368    21.954    21.054     0.000     0.000     0.000     0.000   0   0   0   0   0   0   0     0.000    -0.198     0.042    -0.010    -0.032     0.001     0.018
   7 0 0 1 1 1 1 1   2   1   0   0   0   0   0    22.055    21.924    21.054     0.000     0.000     0.000     0.000   0   0   0   0   0   0   0     0.000    -0.198    -0.188     0.041    -0.033     0.001     0.018
   7 0 0 1 1 1 1 1   2   1   0   0   0   0   0    22.055    21.924    21.054     0.000     0.000     0.000     0.000   0   0   0   0   0   0   0     0.000    -0.198     0.158    -0.000    -0.055     0.001     0.018
   7 0 0 0 1 1 1 1   3   0   2   0   0   0   0    22.606    20.801    22.055     0.000     0.000     0.000     0.000   0   0   0   0   0   0   0     0.000    -0.198     0.158    -0.008    -0.034     0.008     0.049
   7 0 0 0 1 1 1 1  24   1   0   0   0   0   0     5.368    21.954    20.699     0.000     0.000     0.000     0.000   0   0   0   0   0   0   0     0.000    -0.198     0.158    -0.010    -0.031    -0.002     0.015
   7 0 0 1 1 1 1 1   2   0   0   0   0   0   0    22.055    20.699    20.699     0.000     0.000     0.000     0.000   0   0   0   0   0   0   0     0.000    -0.198    -0.179     0.067    -0.005    -0.002     0.015
   7 0 0 1 1 1 1 1   2   0   0   0   0   0   0    22.055    21.189    20.699     0.000     0.000     0.000     0.000   0   0   0   0   0   0   0     0.000    -0.198     0.150    -0.035     0.013    -0.002     0.015
   7 0 0 1 1 1 1 1   2   1   0   0   0   0   0    21.997    21.924    20.699     0.000     0.000     0.000     0.000   0   0   0   0   0   0   0     0.000    -0.198     0.038    -0.001    -0.032    -0.002     0.015
   7 0 0 0 1 1 1 1  24   1   5   0   0   0   0     5.368    21.954    22.026     0.000     0.000     0.000     0.000   0   0   0   0   0   0   0     0.000    -0.198     0.038    -0.009    -0.029     0.016     0.000
   7 0 0 1 1 1 1 1   2   1   5   0   0   0   0    22.055    21.924    22.026     0.000     0.000     0.000     0.000   0   0   0   0   0   0   0     0.000    -0.198    -0.170     0.036    -0.031     0.016     0.000
   7 0 0 1 1 1 1 1   2   1   5   0   0   0   0    22.055    21.924    22.026     0.000     0.000     0.000     0.000   0   0   0   0   0   0   0     0.000    -0.198     0.143     0.001    -0.049     0.016     0.000
   7 0 0 0 1 1 1 1   3   0   2   0   0   0   0    22.606    20.801    22.055     0.000     0.000     0.000     0.000   0   0   0   0   0   0   0     0.000    -0.198     0.143    -0.007    -0.030     0.006     0.045
   7 0 0 0 1 1 1 1  24   1   0   0   0   0   0     5.368    21.954    21.054     0.000     0.000     0.000     0.000   0   0   0   0   0   0   0     0.000    -0.198     0.143    -0.008    -0.028     0.000     0.015
   7 0 0 1 1 1 1 1   2   0   0   0   0   0   0    22.055    20.699    21.054     0.000     0.000     0.000     0.000   0   0   0   0   0   0   0     0.000    -0.198    -0.162     0.060    -0.005     0.000     0.015
   7 0 0 1 1 1 1 1   2   1   0   0   0   0   0    22.055    21.924    21.054     0.000     0.000     0.000     0.000   0   0   0   0   0   0   0     0.000    -0.198     0.136     0.000    -0.045     0.000     0.015
   7 0 0 1 1 1 1 1   2   1   0   0   0   0   0    21.997    21.924    21.054     0.000     0.000     0.000     0.000   0   0   0   0   0   0   0     0.000    -0.198     0.033    -0.001    -0.028     0.000     0.015
   7 0 0 0 1 1 1 1  24   1   0   0   0   0   0     5.368    21.954    20.699     0.000     0.000     0.000     0.000   0   0   0   0   0   0   0     0.000    -0.198     0.033    -0.008    -0.026    -0.002     0.012
   7 0 1 0 1 1 1 1  23   1   0   0   0   0   0     5.549    21.954    20.699     0.000     0.000     0.000     0.000   0   0   0   0   0   0   0     0.000    -0.122     0.033    -0.008    -0.026     0.056     0.004
   7 0 0 1 1 1 1 1   2   0   0   0   0   0   0    22.055    21.189    20.699     0.000     0.000     0.000     0.000   0   0   0   0   0   0   0     0.000    -0.122     0.129    -0.029     0.012     0.056     0.004
   7 0 0 1 1 1 1 1   2   3   0   0   0   0   0    22.055    22.606    20.699     0.000     0.000     0.000     0.000   0   0   0   0   0   0   0     0.000    -0.122     0.041    -0.020     0.005     0.056     0.004
   7 0 0 0 1 1 1 1  24   2   0   0   0   0   0     5.368    21.851    21.054     0.000     0.000     0.000     0.000   0   0   0   0   0   0   0     0.000    -0.122     0.041    -0.025    -0.007     0.000     0.013
   7 0 0 1 1 1 1 1   2   0   0   0   0   0   0    22.055    20.699    21.054     0.000     0.000     0.000     0.000   0   0   0   0   0   0   0     0.000    -0.122    -0.147     0.052    -0.004     0.000     0.013
   7 0 0 1 1 1 1 1   2   1   0   0   0   0   0    22.055    21.924    21.054     0.000     0.000     0.000     0.000   0   0   0   0   0   0   0     0.000    -0.122     0.123     0.001    -0.041     0.000     0.013
   7 0 0 1 1 1 1 1   2   1   0   0   0   0   0    22.055    21.924    21.054     0.000     0.000     0.000     0.000   0   0   0   0   0   0   0     0.000    -0.122     0.039     0.001    -0.025     0.000     0.013
   7 0 0 0 1 1 1 1  24   2   6   0   0   0   0     5.368    21.851    19.970     0.000     0.000     0.000     0.000   0   0   0   0   0   0   0     0.000    -0.122     0.039    -0.024    -0.007     0.010    -0.002
   7 0 0 1 1 1 1 1   2   1   6   0   0   0   0    22.055    21.924    19.970     0.000     0.000     0.000     0.000   0   0   0   0   0   0   0     0.000    -0.122    -0.140     0.028    -0.024     0.010    -0.002
   7 0 0 1 1 1 1 1   2   1   6   0   0   0   0    22.055    21.924    19.970     0.000     0.000     0.000     0.000   0   0   0   0   0   0   0     0.000    -0.122     0.116     0.001    -0.038     0.010    -0.002
   7 0 0 1 1 1 1 1   2  14   6   0   0   0   0    22.055    47.131    19.970     0.000     0.000     0.000     0.000   0   0   0   0   0   0   0     0.000    -0.122     0.037     0.003    -0.020     0.010    -0.002
   7 0 0 0 1 1 1 1  24   2   0   0   0   0   0     5.368    21.851    21.054     0.000     0.000     0.000     0.000   0   0   0   0   0   0   0     0.000    -0.122     0.037    -0.023    -0.006    -0.000     0.011
   7 0 0 1 1 1 1 1   2   0   0   0   0   0   0    22.055    20.699    21.054     0.000     0.000     0.000     0.000   0   0   0   0   0   0   0     0.000    -0.122    -0.133     0.047    -0.004    -0.000     0.011
   7 0 1 0 1 1 1 1  14   0   0   0   0   0   0    44.002    20.699    21.189     0.000     0.000     0.000     0.000   0   0   0   0   0   0   0     0.000     0.111    -0.133     0.047    -0.004    -0.024     0.011
   7 0 0 1 1 1 1 1   2   1   0   0   0   0   0    22.055    21.924    21.189     0.000     0.000     0.000     0.000   0   0   0   0   0   0   0     0.000     0.111     0.035     0.001    -0.022    -0.024     0.011
   7 0 0 0 1 1 1 1  24   2   0   0   0   0   0     5.368    21.851    21.054     0.000     0.000     0.000     0.000   0   0   0   0   0   0   0     0.000     0.111     0.035    -0.021    -0.006    -0.000     0.010
   7 0 0 1 1 1 1 1   2   0   0   0   0   0   0    22.055    20.699    21.054     0.000     0.000     0.000     0.000   0   0   0   0   0   0   0     0.000     0.111    -0.126     0.044    -0.004    -0.000     0.010
   7 0 0 1 1 1 1 1   2   1   0   0   0   0   0    22.055    21.924    21.054     0.000     0.000     0.000     0.000   0   0   0   0   0   0   0     0.000     0.111     0.105     0.002    -0.034    -0.000     0.010
   7 0 0 1 1 1 1 1   2   3   0   0   0   0   0    22.055    22.606    21.054     0.000     0.000     0.000     0.000   0   0   0   0   0   0   0     0.000     0.111     0.033    -0.015     0.004    -0.000     0.010
   7 0 0 0 1 1 1 1  24   1   0   0   0   0   0     5.368    21.954    20.699     0.000     0.000     0.000     0.000   0   0   0   0   0   0   0     0.000     0.111     0.033    -0.006    -0.020    -0.001     0.008
   7 0 0 1 1 1 1 1   2   1   0   0   0   0   0    22.055    21.924    20.699     0.000     0.000     0.000     0.000   0   0   0   0   0   0   0     0.000     0.111    -0.120     0.024    -0.022    -0.001     0.008
   7 0 0 1 1 1 1 1   2   5   0   0   0   0   0    22.055    22.133    20.699     0.000     0.000     0.000     0.000   0   0   0   0   0   0   0     0.000     0.111     0.100     0.004    -0.027    -0.001     0.008
   7 0 0 1 1 1 1 1   2   1   0   0   0   0   0    22.055    21.924    20.699     0.000     0.000     0.000     0.000   0   0   0   0   0   0   0     0.000     0.111     0.032     0.001    -0.019    -0.001     0.008
   7 0 0 0 1 1 1 1  24   1   0   0   0   0   0     5.368    21.954    21.054     0.000     0.000     0.000     0.000   0   0   0   0   0   0   0     0.000     0.111     0.032    -0.005    -0.019    -0.000     0.009
   7 0 0 1 1 1 1 1   2   0   0   0   0   0   0    22.055    20.699    21.054     0.000     0.000     0.000     0.000   0   0   0   0   0   0   0     0.000     0.111    -0.114     0.039    -0.004    -0.000     0.009
   7 0 0 1 1 1 1 1   2   0   0   0   0   0   0    22.055    21.189    21.054     0.000     0.000     0.000     0.000   0   0   0   0   0   0   0     0.000     0.111     0.095    -0.020     0.010    -0.000     0.009
   7 0 0 1 1 1 1 1   2   1   0   0   0   0   0    22.055    21.924    21.054     0.000     0.000     0.000     0.000   0   0   0   0   0   0   0     0.000     0.111     0.030     0.001    -0.018    -0.000     0.009
   7 0 0 0 1 1 1 1  24   1   0   0   0   0   0     5.368    21.954    21.054     0.000     0.000     0.000     0.000   0   0   0   0   0   0   0     0.000     0.111     0.030    -0.005    -0.018    -0.000     0.008
   7 0 0 1 1 1 1 1   2   5   0   0   0   0   0    22.055    22.133    21.054     0.000     0.000     0.000     0.000   0   0   0   0   0   0   0     0.000     0.111    -0.108     0.024    -0.015    -0.000     0.008
   7 0 0 1 1 1 1 1   2   1   0   0   0   0   0    22.055    21.924    21.054     0.000     0.000     0.000     0.000   0   0   0   0   0   0   0     0.000     0.111     0.090     0.002    -0.028    -0.000     0.008
   7 0 0 1 1 1 1 1   2   1   0   0   0   0   0    21.997    21.924    21.054     0.000     0.000     0.000     0.000   0   0   0   0   0   0   0     0.000     0.111     0.022    -0.001    -0.017    -0.000     0.008
   7 0 0 0 1 1 1 1  24   2   0   0   0   0   0     5.368    21.851    20.699     0.000     0.000     0.000     0.000   0   0   0   0   0   0   0     0.000     0.111     0.022    -0.017    -0.005    -0.001     0.007
   7 0 0 1 1 1 1 1   2   0   0   0   0   0   0    22.055    20.699    20.699     0.000     0.000     0.000     0.000   0   0   0   0   0   0   0     0.000     0.111    -0.103     0.035    -0.004    -0.001     0.007
   7 0 0 1 1 1 1 1   2   5   0   0   0   0   0    22.055    22.348    20.699     0.000     0.000     0.000     0.000   0   0   0   0   0   0   0     0.000     0.111     0.086    -0.000    -0.033    -0.001     0.007
   7 0 0 1 1 1 1 1   2   3   0   0   0   0   0    22.055    22.606    20.699     0.000     0.000     0.000     0.000   0   0   0   0   0   0   0     0.000     0.111     0.028    -0.012     0.003    -0.001     0.007
   7 0 1 0 1 1 1 1  23   3   6   0   0   0   0     5.549    22.606    19.875     0.000     0.000     0.000     0.000   0   0   0   0   0   0   0     0.000    -0.014     0.028    -0.012     0.003     0.006    -0.002
   7 0 1 0 1 1 1 1  23   3   0   0   0   0   0     5.549    22.606    20.699     0.000     0.000     0.000     0.000   0   0   0   0   0   0   0     0.000    -0.078     0.028    -0.012     0.003     0.033     0.002
   7 0 0 1 1 1 1 1   2   1   0   0   0   0   0    22.055    21.924    20.699     0.000     0.000     0.000     0.000   0   0   0   0   0   0   0     0.000    -0.078     0.081     0.002    -0.025     0.033     0.002
   7 0 1 0 1 1 1 1  14   1   1   0   0   0   0    44.002    21.924    21.924     0.000     0.000     0.000     0.000   0   0   0   0   0   0   0     0.000     0.026     0.081     0.002    -0.025     0.001    -0.015
   7 0 1 0 1 1 1 1  23   1   5   0   0   0   0     5.549    21.924    22.026     0.000     0.000     0.000     0.000   0   0   0   0   0   0   0     0.000    -0.013     0.081     0.002    -0.025     0.006    -0.001
   7 0 0 1 1 1 1 1   2   1   5   0   0   0   0    22.055    21.924    22.026     0.000     0.000     0.000     0.000   0   0   0   0   0   0   0     0.000    -0.013    -0.094     0.017    -0.017     0.006    -0.001
   7 0 0 1 1 1 1 1   2   0   5   0   0   0   0    22.055    21.189    22.026     0.000     0.000     0.000     0.000   0   0   0   0   0   0   0     0.000    -0.013     0.077    -0.016     0.009     0.006    -0.001
   7 0 0 1 1 1 1 1   2   3   5   0   0   0   0    22.055    22.606    22.026     0.000     0.000     0.000     0.000   0   0   0   0   0   0   0     0.000    -0.013     0.025    -0.010     0.003     0.006    -0.001
   7 0 0 1 1 1 1 1   1   6   5   0   0   0   0    21.954    19.574    22.026     0.000     0.000     0.000     0.000   0   0   0   0   0   0   0     0.000    -0.013    -0.015     0.005    -0.003     0.006    -0.001
   7 0 1 0 1 1 1 1  14   6   6   0   0   0   0    44.002    19.574    20.282     0.000     0.000     0.000     0.000   0   0   0   0   0   0   0     0.000    -0.089    -0.015     0.005    -0.003    -0.003     0.029
   7 0 1 0 1 1 1 1  14   6   5   0   0   0   0    44.002    19.574    22.348     0.000     0.000     0.000     0.000   0   0   0   0   0   0   0     0.000     0.073    -0.015     0.005    -0.003     0.000    -0.029
   7 0 0 1 1 1 1 1   2   1   5   0   0   0   0    22.055    21.924    22.348     0.000     0.000     0.000     0.000   0   0   0   0   0   0   0     0.000     0.073     0.024     0.001    -0.013     0.000    -0.029
   7 0 0 1 1 1 1 1   1   6   5   0   0   0   0    21.954    19.574    22.348     0.000     0.000     0.000     0.000   0   0   0   0   0   0   0     0.000     0.073    -0.015     0.005    -0.002     0.000    -0.029
   7 0 0 1 1 1 1 1   2  23   5   0   0   0   0    22.055     5.698    22.348     0.000     0.000     0.000     0.000   0   0   0   0   0   0   0     0.000     0.073    -0.085    -0.008     0.020     0.000    -0.029
   7 0 0 1 1 1 1 1   2   5   5   0   0   0   0    22.055    22.348    22.348     0.000     0.000     0.000     0.000   0   0   0   0   0   0   0     0.000     0.073     0.070     0.000    -0.027     0.000    -0.029
   7 0 0 1 1 1 1 1   2  11   5   0   0   0   0    22.055    47.953    22.348     0.000     0.000     0.000     0.000   0   0   0   0   0   0   0     0.000     0.073     0.022    -0.012     0.001     0.000    -0.029
   7 0 0 1 1 1 1 1   1  31   5   0   0   0   0    21.954     5.371    22.348     0.000     0.000     0.000     0.000   0   0   0   0   0   0   0     0.000     0.073    -0.014    -0.002     0.004     0.000    -0.029
   7 0 0 1 1 1 1 1   2   0   5   0   0   0   0    22.055    20.699    22.348     0.000     0.000     0.000     0.000   0   0   0   0   0   0   0     0.000     0.073    -0.080     0.026    -0.003     0.000    -0.029
   7 0 0 1 1 1 1 1   2  12   5   0   0   0   0    22.055    47.104    22.348     0.000     0.000     0.000     0.000   0   0   0   0   0   0   0     0.000     0.073     0.066    -0.026     0.000     0.000    -0.029
   7 0 0 1 1 1 1 1   2   6   5   0   0   0   0    22.055    19.591    22.348     0.000     0.000     0.000     0.000   0   0   0   0   0   0   0     0.000     0.073     0.021     0.003    -0.009     0.000    -0.029
   7 0 0 1 1 1 1 1   1   6   5   0   0   0   0    21.954    19.574    22.348     0.000     0.000     0.000     0.000   0   0   0   0   0   0   0     0.000     0.073    -0.013     0.004    -0.002     0.000    -0.029
   7 0 0 1 1 1 1 1   2   1   5   0   0   0   0    22.055    21.924    22.348     0.000     0.000     0.000     0.000   0   0   0   0   0   0   0     0.000     0.073    -0.076     0.014    -0.015     0.000    -0.029
   7 0 0 1 1 1 1 1   2   0   5   0   0   0   0    22.055    21.189    22.348     0.000     0.000     0.000     0.000   0   0   0   0   0   0   0     0.000     0.073     0.063    -0.013     0.008     0.000    -0.029
   7 0 1 0 1 1 1 1  14   0   1   0   0   0   0    44.002    21.189    21.924     0.000     0.000     0.000     0.000   0   0   0   0   0   0   0     0.000     0.020     0.063    -0.013     0.008     0.001    -0.011
   7 0 0 1 1 1 1 1   1   0   1   0   0   0   0    21.954    21.189    21.924     0.000     0.000     0.000     0.000   0   0   0   0   0   0   0     0.000     0.020    -0.012    -0.001     0.005     0.001    -0.011
   7 0 0 1 1 1 1 1   2   0   1   0   0   0   0    22.055    20.699    21.924     0.000     0.000     0.000     0.000   0   0   0   0   0   0   0     0.000     0.020    -0.073     0.023    -0.003     0.001    -0.011
   7 0 0 1 1 1 1 1   2   5   1   0   0   0   0    22.055    22.348    21.924     0.000     0.000     0.000     0.000   0   0   0   0   0   0   0     0.000     0.020     0.060     0.001    -0.024     0.001    -0.011
   7 0 0 1 1 1 1 1   2   1   1   0   0   0   0    22.055    21.924    21.924     0.000     0.000     0.000     0.000   0   0   0   0   0   0   0     0.000     0.020     0.019     0.001    -0.010     0.001    -0.011
   7 0 0 1 1 1 1 1   1  31   1   0   0   0   0    21.954     5.371    21.924     0.000     0.000     0.000     0.000   0   0   0   0   0   0   0     0.000     0.020    -0.012    -0.002     0.004     0.001    -0.011
   7 0 0 1 1 1 1 1   2   1   1   0   0   0   0    22.055    21.924    21.924     0.000     0.000     0.000     0.000   0   0   0   0   0   0   0     0.000     0.020    -0.069     0.012    -0.013     0.001    -0.011
   7 0 0 1 1 1 1 1   2   5   1   0   0   0   0    22.055    22.348    21.924     0.000     0.000     0.000     0.000   0   0   0   0   0   0   0     0.000     0.020     0.057     0.001    -0.023     0.001    -0.011
   7 0 0 1 1 1 1 1   2   1   1   0   0   0   0    21.997    21.924    21.924     0.000     0.000     0.000     0.000   0   0   0   0   0   0   0     0.000     0.020     0.014    -0.000    -0.009     0.001    -0.011
   7 0 0 1 1 1 1 1   1   6   1   0   0   0   0    21.954    19.574    21.924     0.000     0.000     0.000     0.000   0   0   0   0   0   0   0     0.000     0.020    -0.011     0.003    -0.002     0.001    -0.011
   7 0 0 1 1 1 1 1   2   0   1   0   0   0   0    22.055    20.699    21.924     0.000     0.000     0.000     0.000   0   0   0   0   0   0   0     0.000     0.020    -0.066     0.021    -0.003     0.001    -0.011
   7 0 1 0 1 1 1 1  14   0   0   0   0   0   0    44.002    20.699    21.189     0.000     0.000     0.000     0.000   0   0   0   0   0   0   0     0.000     0.054    -0.066     0.021    -0.003    -0.011     0.007
   7 0 1 0 1 1 1 1  14   0   3   0   0   0   0    44.002    20.699    22.606     0.000     0.000     0.000     0.000   0   0   0   0   0   0   0     0.000     0.018    -0.066     0.021    -0.003    -0.007     0.002
   7 0 0 1 1 1 1 1   1  31   3   0   0   0   0    21.954     5.371    22.606     0.000     0.000     0.000     0.000   0   0   0   0   0   0   0     0.000     0.018    -0.011    -0.002     0.003    -0.007     0.002
   7 0 0 1 1 1 1 1   2   1   3   0   0   0   0    22.055    21.924    22.606     0.000     0.000     0.000     0.000   0   0   0   0   0   0   0     0.000     0.018    -0.062     0.011    -0.012    -0.007     0.002
   7 0 0 1 1 1 1 1   2   5   3   0   0   0   0    22.055    22.348    22.606     0.000     0.000     0.000     0.000   0   0   0   0   0   0   0     0.000     0.018     0.051     0.001    -0.021    -0.007     0.002
   7 0 0 1 1 1 1 1   2  11   3   0   0   0   0    22.055    47.953    22.606     0.000     0.000     0.000     0.000   0   0   0   0   0   0   0     0.000     0.018     0.017    -0.008     0.001    -0.007     0.002
   7 0 0 1 1 1 1 1   1  13   3   0   0   0   0    21.954    54.472    22.606     0.000     0.000     0.000     0.000   0   0   0   0   0   0   0     0.000     0.018    -0.010    -0.002     0.003    -0.007     0.002
   7 0 0 1 1 1 1 1   2   0   3   0   0   0   0    22.055    20.699    22.606     0.000     0.000     0.000     0.000   0   0   0   0   0   0   0     0.000     0.018    -0.059     0.019    -0.003    -0.007     0.002
   7 0 1 0 1 1 1 1  14   0   5   0   0   0   0    44.002    20.699    22.348     0.000     0.000     0.000     0.000   0   0   0   0   0   0   0     0.000     0.049    -0.059     0.019    -0.003     0.001    -0.020
   7 0 0 1 1 1 1 1   2   3   5   0   0   0   0    22.055    22.606    22.348     0.000     0.000     0.000     0.000   0   0   0   0   0   0   0     0.000     0.049     0.016    -0.006     0.002     0.001    -0.020
   7 0 0 1 1 1 1 1   1  31   5   0   0   0   0    21.954     5.371    22.348     0.000     0.000     0.000     0.000   0   0   0   0   0   0   0     0.000     0.049    -0.010    -0.002     0.003     0.001    -0.020
   7 0 1 0 1 1 1 1  23  31   6   0   0   0   0     5.549     5.371    20.282     0.000     0.000     0.000     0.000   0   0   0   0   0   0   0     0.000    -0.045    -0.010    -0.002     0.003     0.000     0.018
   7 0 0 1 1 1 1 1   2   5   6   0   0   0   0    22.055    22.096    20.282     0.000     0.000     0.000     0.000   0   0   0   0   0   0   0     0.000    -0.045     0.046     0.005    -0.011     0.000     0.018
   7 0 0 1 1 1 1 1   2  11   6   0   0   0   0    22.055    47.953    20.282     0.000     0.000     0.000     0.000   0   0   0   0   0   0   0     0.000    -0.045     0.015    -0.007     0.001     0.000     0.018
   7 0 1 0 1 1 1 1  23  11  14   0   0   0   0     5.549    47.953    47.131     0.000     0.000     0.000     0.000   0   0   0   0   0   0   0     0.000    -0.007     0.015    -0.007     0.001     0.002    -0.001
   7 0 0 1 1 1 1 1   2   0  14   0   0   0   0    22.055    20.699    47.131     0.000     0.000     0.000     0.000   0   0   0   0   0   0   0     0.000    -0.007    -0.054     0.016    -0.002     0.002    -0.001
   7 0 0 1 1 1 1 1   2   5  14   0   0   0   0    22.055    22.348    47.131     0.000     0.000     0.000     0.000   0   0   0   0   0   0   0     0.000    -0.007     0.044     0.001    -0.019     0.002    -0.001
   7 0 0 1 1 1 1 1   2   1  14   0   0   0   0    22.055    21.924    47.131     0.000     0.000     0.000     0.000   0   0   0   0   0   0   0     0.000    -0.007     0.014     0.001    -0.007     0.002    -0.001
   7 0 0 1 1 1 1 1   1   6  14   0   0   0   0    21.954    19.574    47.131     0.000     0.000     0.000     0.000   0   0   0   0   0   0   0     0.000    -0.007    -0.009     0.002    -0.001     0.002    -0.001
   7 0 1 0 1 1 1 1  14   6   5   0   0   0   0    44.002    19.574    22.133     0.000     0.000     0.000     0.000   0   0   0   0   0   0   0     0.000    -0.051    -0.009     0.002    -0.001     0.010    -0.007
   7 0 0 1 1 1 1 1   2   5   5   0   0   0   0    22.055    22.348    22.133     0.000     0.000     0.000     0.000   0   0   0   0   0   0   0     0.000    -0.051     0.042     0.001    -0.018     0.010    -0.007
   7 0 0 1 1 1 1 1   2   3   5   0   0   0   0    22.055    22.606    22.133     0.000     0.000     0.000     0.000   0   0   0   0   0   0   0     0.000    -0.051     0.014    -0.005     0.002     0.010    -0.007
   7 0 0 1 1 1 1 1   1   5   5   0   0   0   0    21.954    22.026    22.133     0.000     0.000     0.000     0.000   0   0   0   0   0   0   0     0.000    -0.051    -0.008     0.003    -0.001     0.010    -0.007
   7 0 0 1 1 1 1 1   2   0   5   0   0   0   0    22.055    20.699    22.133     0.000     0.000     0.000     0.000   0   0   0   0   0   0   0     0.000    -0.051    -0.049     0.015    -0.002     0.010    -0.007
   7 0 1 0 1 1 1 1  14   0   0   0   0   0   0    44.002    20.699    21.189     0.000     0.000     0.000     0.000   0   0   0   0   0   0   0     0.000     0.040    -0.049     0.015    -0.002    -0.009     0.006
   7 0 0 1 1 1 1 1   2   1   0   0   0   0   0    22.055    21.924    21.189     0.000     0.000     0.000     0.000   0   0   0   0   0   0   0     0.000     0.040     0.013     0.001    -0.006    -0.009     0.006
   7 0 0 1 1 1 1 1   1  31   0   0   0   0   0    21.954     5.371    21.189     0.000     0.000     0.000     0.000   0   0   0   0   0   0   0     0.000     0.040    -0.008    -0.001     0.002    -0.009     0.006
   7 0 0 1 1 1 1 1   2   1   0   0   0   0   0    22.055    21.924    21.189     0.000     0.000     0.000     0.000   0   0   0   0   0   0   0     0.000     0.040    -0.046     0.008    -0.009    -0.009     0.006
   7 0 0 1 1 1 1 1   2   5   0   0   0   0   0    22.055    22.348    21.189     0.000     0.000     0.000     0.000   0   0   0   0   0   0   0     0.000     0.040     0.038     0.001    -0.016    -0.009     0.006
   7 0 0 1 1 1 1 1   2  14   0   0   0   0   0    22.055    47.131    21.189     0.000     0.000     0.000     0.000   0   0   0   0   0   0   0     0.000     0.040     0.012     0.001    -0.005    -0.009     0.006
   7 0 0 1 1 1 1 1   1   6   0   0   0   0   0    21.954    19.574    21.189     0.000     0.000     0.000     0.000   0   0   0   0   0   0   0     0.000     0.040    -0.008     0.002    -0.001    -0.009     0.006
   7 0 0 1 1 1 1 1   2   0   0   0   0   0   0    22.055    20.699    21.189     0.000     0.000     0.000     0.000   0   0   0   0   0   0   0     0.000     0.040    -0.044     0.013    -0.002    -0.009     0.006
   7 0 0 1 1 1 1 1   2   1   0   0   0   0   0    22.055    21.924    21.189     0.000     0.000     0.000     0.000   0   0   0   0   0   0   0     0.000     0.040     0.036     0.002    -0.012    -0.009     0.006
   7 0 0 1 1 1 1 1   2  11   0   0   0   0   0    22.055    47.953    21.189     0.000     0.000     0.000     0.000   0   0   0   0   0   0   0     0.000     0.040     0.012    -0.005     0.000    -0.009     0.006
   7 0 0 1 1 1 1 1   1  31   0   0   0   0   0    21.954     5.371    21.189     0.000     0.000     0.000     0.000   0   0   0   0   0   0   0     0.000     0.040    -0.007    -0.001     0.002    -0.009     0.006
   7 0 0 1 1 1 1 1   2   1   0   0   0   0   0    22.055    21.924    21.189     0.000     0.000     0.000     0.000   0   0   0   0   0   0   0     0.000     0.040    -0.042     0.007    -0.008    -0.009     0.006
   7 0 0 1 1 1 1 1   2   5   0   0   0   0   0    22.055    22.348    21.189     0.000     0.000     0.000     0.000   0   0   0   0   0   0   0     0.000     0.040     0.034     0.001    -0.015    -0.009     0.006
   7 0 0 1 1 1 1 1   2   1   0   0   0   0   0    21.997    21.924    21.189     0.000     0.000     0.000     0.000   0   0   0   0   0   0   0     0.000     0.040     0.009    -0.000    -0.005    -0.009     0.006
   7 0 0 1 1 1 1 1   1   6   0   0   0   0   0    21.954    19.574    21.189     0.000     0.000     0.000     0.000   0   0   0   0   0   0   0     0.000     0.040    -0.007     0.002    -0.001    -0.009     0.006
   7 0 0 1 1 1 1 1   2   6   0   0   0   0   0    22.055    20.282    21.189     0.000     0.000     0.000     0.000   0   0   0   0   0   0   0     0.000     0.040    -0.040    -0.002     0.012    -0.009     0.006
   7 0 0 1 1 1 1 1   2   0   0   0   0   0   0    22.055    21.189    21.189     0.000     0.000     0.000     0.000   0   0   0   0   0   0   0     0.000     0.040     0.032    -0.007     0.005    -0.009     0.006
   7 0 0 1 1 1 1 1   2   3   0   0   0   0   0    22.055    22.606    21.189     0.000     0.000     0.000     0.000   0   0   0   0   0   0   0     0.000     0.040     0.011    -0.004     0.001    -0.009     0.006
   7 0 0 1 1 1 1 1   1   0   0   0   0   0   0    21.954    21.222    21.189     0.000     0.000     0.000     0.000   0   0   0   0   0   0   0     0.000     0.040    -0.006    -0.000     0.002    -0.009     0.006
   7 0 0 1 1 1 1 1   2  23   0   0   0   0   0    22.055     5.698    21.189     0.000     0.000     0.000     0.000   0   0   0   0   0   0   0     0.000     0.040    -0.038    -0.004     0.008    -0.009     0.006
   7 0 0 1 1 1 1 1   2   5   0   0   0   0   0    22.055    22.348    21.189     0.000     0.000     0.000     0.000   0   0   0   0   0   0   0     0.000     0.040     0.031     0.001    -0.014    -0.009     0.006
   7 0 0 1 1 1 1 1   2   1   0   0   0   0   0    22.055    21.924    21.189     0.000     0.000     0.000     0.000   0   0   0   0   0   0   0     0.000     0.040     0.010     0.000    -0.004    -0.009     0.006
   7 0 1 0 1 1 1 1   8   1   0   0   0   0   0    17.131    21.924    21.222     0.000     0.000     0.000     0.000   0   0   0   0   0   0   0     0.000    -0.006     0.010     0.000    -0.004    -0.000     0.002
   7 0 1 0 1 1 1 1  14   1   1   0   0   0   0    44.002    21.924    21.924     0.000     0.000     0.000     0.000   0   0   0   0   0   0   0     0.000    -0.036     0.010     0.000    -0.004     0.006    -0.007
   7 0 0 1 1 1 1 1   2   5   1   0   0   0   0    22.055    22.348    21.924     0.000     0.000     0.000     0.000   0   0   0   0   0   0   0     0.000    -0.036     0.029     0.001    -0.013     0.006    -0.007
   7 0 1 0 1 1 1 1  14   5   3   0   0   0   0    44.002    22.348    22.957     0.000     0.000     0.000     0.000   0   0   0   0   0   0   0     0.000     0.010     0.029     0.001    -0.013    -0.003     0.002
   7 0 0 1 1 1 1 1   1  31   3   0   0   0   0    21.954     5.371    22.957     0.000     0.000     0.000     0.000   0   0   0   0   0   0   0     0.000     0.010    -0.006    -0.001     0.001    -0.003     0.002
   7 0 0 1 1 1 1 1   2   0   3   0   0   0   0    22.055    20.699    22.957     0.000     0.000     0.000     0.000   0   0   0   0   0   0   0     0.000     0.010    -0.034     0.010    -0.002    -0.003     0.002
   7 0 0 1 1 1 1 1   2   0   3   0   0   0   0    22.055    21.189    22.957     0.000     0.000     0.000     0.000   0   0   0   0   0   0   0     0.000     0.010     0.028    -0.006     0.005    -0.003     0.002
   7 0 0 1 1 1 1 1   2   1   3   0   0   0   0    22.055    21.924    22.957     0.000     0.000     0.000     0.000   0   0   0   0   0   0   0     0.000     0.010     0.009     0.000    -0.004    -0.003     0.002
   7 0 1 0 1 1 1 1   8   1   6   0   0   0   0    17.131    21.924    19.574     0.000     0.000     0.000     0.000   0   0   0   0   0   0   0     0.000    -0.006     0.009     0.000    -0.004     0.001    -0.001
   7 0 1 0 1 1 1 1  23   1   0   0   0   0   0     5.549    21.924    20.699     0.000     0.000     0.000     0.000   0   0   0   0   0   0   0     0.000    -0.026     0.009     0.000    -0.004     0.010    -0.000
   7 0 0 1 1 1 1 1   2   5   0   0   0   0   0    22.055    22.348    20.699     0.000     0.000     0.000     0.000   0   0   0   0   0   0   0     0.000    -0.026     0.026     0.001    -0.012     0.010    -0.000
   7 0 0 1 1 1 1 1   2   3   0   0   0   0   0    22.055    22.606    20.699     0.000     0.000     0.000     0.000   0   0   0   0   0   0   0     0.000    -0.026     0.009    -0.003     0.001     0.010    -0.000
   7 0 0 1 1 1 1 1   1   0   0   0   0   0   0    21.954    21.222    20.699     0.000     0.000     0.000     0.000   0   0   0   0   0   0   0     0.000    -0.026    -0.005    -0.000     0.002     0.010    -0.000
   7 0 1 0 1 1 1 1  14   0   0   0   0   0   0    44.002    21.222    20.699     0.000     0.000     0.000     0.000   0   0   0   0   0   0   0     0.000    -0.031    -0.005    -0.000     0.002     0.009    -0.002
   7 0 0 1 1 1 1 1   2   5   0   0   0   0   0    22.055    22.348    20.699     0.000     0.000     0.000     0.000   0   0   0   0   0   0   0     0.000    -0.031     0.025     0.001    -0.012     0.009    -0.002
   7 0 0 1 1 1 1 1   2   1   0   0   0   0   0    22.055    21.954    20.699     0.000     0.000     0.000     0.000   0   0   0   0   0   0   0     0.000    -0.031     0.008     0.000    -0.004     0.009    -0.002
   7 0 0 1 1 1 1 1   1  29   0   0   0   0   0    21.954     5.779    20.699     0.000     0.000     0.000     0.000   0   0   0   0   0   0   0     0.000    -0.031    -0.005    -0.001     0.001     0.009    -0.002
   7 0 0 1 1 1 1 1   2   1   0   0   0   0   0    22.055    21.924    20.699     0.000     0.000     0.000     0.000   0   0   0   0   0   0   0     0.000    -0.031    -0.029     0.005    -0.006     0.009    -0.002
   7 0 0 1 1 1 1 1   2   5   0   0   0   0   0    22.055    22.026    20.699     0.000     0.000     0.000     0.000   0   0   0   0   0   0   0     0.000    -0.031     0.024     0.004    -0.005     0.009    -0.002
   7 0 0 1 1 1 1 1   2   1   0   0   0   0   0    22.055    21.924    20.699     0.000     0.000     0.000     0.000   0   0   0   0   0   0   0     0.000    -0.031     0.008     0.000    -0.003     0.009    -0.002
   7 0 0 1 1 1 1 1   1   6   0   0   0   0   0    21.954    19.574    20.699     0.000     0.000     0.000     0.000   0   0   0   0   0   0   0     0.000    -0.031    -0.005     0.001    -0.001     0.009    -0.002
   7 0 1 0 1 1 1 1  14   6   0   0   0   0   0    44.002    19.574    20.699     0.000     0.000     0.000     0.000   0   0   0   0   0   0   0     0.000    -0.028    -0.005     0.001    -0.001     0.008    -0.002
   7 0 0 1 1 1 1 1   2   5   0   0   0   0   0    22.055    22.348    20.699     0.000     0.000     0.000     0.000   0   0   0   0   0   0   0     0.000    -0.028     0.023     0.001    -0.011     0.008    -0.002
   7 0 0 1 1 1 1 1   2   3   0   0   0   0   0    22.055    22.957    20.699     0.000     0.000     0.000     0.000   0   0   0   0   0   0   0     0.000    -0.028     0.007    -0.002     0.001     0.008    -0.002
   7 0 0 1 1 1 1 1   1  29   0   0   0   0   0    21.954     5.779    20.699     0.000     0.000     0.000     0.000   0   0   0   0   0   0   0     0.000    -0.028    -0.005    -0.000     0.001     0.008    -0.002
   7 0 0 1 1 1 1 1   2   1   0   0   0   0   0    22.055    21.924    20.699     0.000     0.000     0.000     0.000   0   0   0   0   0   0   0     0.000    -0.028    -0.027     0.004    -0.005     0.008    -0.002
   7 0 0 1 1 1 1 1   2   5   0   0   0   0   0    22.055    22.348    20.699     0.000     0.000     0.000     0.000   0   0   0   0   0   0   0     0.000    -0.028     0.021     0.001    -0.010     0.008    -0.002
   7 0 0 1 1 1 1 1   2   1   0   0   0   0   0    22.055    21.954    20.699     0.000     0.000     0.000     0.000   0   0   0   0   0   0   0     0.000    -0.028     0.007     0.000    -0.004     0.008    -0.002
   7 0 1 0 1 1 1 1  23   1  14   0   0   0   0     5.549    21.954    47.131     0.000     0.000     0.000     0.000   0   0   0   0   0   0   0     0.000    -0.003     0.007     0.000    -0.004     0.001    -0.001
   7 0 0 1 1 1 1 1   2   0  14   0   0   0   0    22.055    20.699    47.131     0.000     0.000     0.000     0.000   0   0   0   0   0   0   0     0.000    -0.003    -0.025     0.007    -0.001     0.001    -0.001
   7 0 0 1 1 1 1 1   2   5  14   0   0   0   0    22.055    22.133    47.131     0.000     0.000     0.000     0.000   0   0   0   0   0   0   0     0.000    -0.003     0.020     0.002    -0.007     0.001    -0.001
   7 0 1 0 1 1 1 1  10   5   1   0   0   0   0    15.070    22.133    21.954     0.000     0.000     0.000     0.000   0   0   0   0   0   0   0     0.000     0.005     0.020     0.002    -0.007    -0.000    -0.004
   7 0 0 1 1 1 1 1   1   0   1   0   0   0   0    21.954    21.222    21.954     0.000     0.000     0.000     0.000   0   0   0   0   0   0   0     0.000     0.005    -0.004    -0.000     0.001    -0.000    -0.004
   7 0 0 1 1 1 1 1   2   1   1   0   0   0   0    22.055    21.924    21.954     0.000     0.000     0.000     0.000   0   0   0   0   0   0   0     0.000     0.005    -0.024     0.004    -0.005    -0.000    -0.004
   7 0 0 1 1 1 1 1   2   5   1   0   0   0   0    22.055    22.348    21.954     0.000     0.000     0.000     0.000   0   0   0   0   0   0   0     0.000     0.005     0.019     0.001    -0.009    -0.000    -0.004
   7 0 0 1 1 1 1 1   2   1   1   0   0   0   0    22.055    21.954    21.954     0.000     0.000     0.000     0.000   0   0   0   0   0   0   0     0.000     0.005     0.006     0.000    -0.004    -0.000    -0.004
   7 0 0 1 1 1 1 1   1   6   1   0   0   0   0    21.954    19.574    21.954     0.000     0.000     0.000     0.000   0   0   0   0   0   0   0     0.000     0.005    -0.004     0.001    -0.001    -0.000    -0.004
   7 0 0 1 1 1 1 1   2  23   1   0   0   0   0    22.055     5.700    21.954     0.000     0.000     0.000     0.000   0   0   0   0   0   0   0     0.000     0.005    -0.023    -0.002     0.005    -0.000    -0.004
   7 0 0 1 1 1 1 1   2   0   1   0   0   0   0    22.055    21.189    21.954     0.000     0.000     0.000     0.000   0   0   0   0   0   0   0     0.000     0.005     0.018    -0.004     0.004    -0.000    -0.004
   7 0 0 1 1 1 1 1   2   1   1   0   0   0   0    22.055    21.954    21.954     0.000     0.000     0.000     0.000   0   0   0   0   0   0   0     0.000     0.005     0.006     0.000    -0.003    -0.000    -0.004
   7 0 0 1 1 1 1 1   1  29   1   0   0   0   0    21.954     5.779    21.954     0.000     0.000     0.000     0.000   0   0   0   0   0   0   0     0.000     0.005    -0.004    -0.000     0.001    -0.000    -0.004
   7 0 0 1 1 1 1 1   2   0   1   0   0   0   0    22.055    20.699    21.954     0.000     0.000     0.000     0.000   0   0   0   0   0   0   0     0.000     0.005    -0.022     0.006    -0.001    -0.000    -0.004
   7 0 0 1 1 1 1 1   2   5   1   0   0   0   0    22.055    22.348    21.954     0.000     0.000     0.000     0.000   0   0   0   0   0   0   0     0.000     0.005     0.017     0.001    -0.009    -0.000    -0.004
   7 0 0 1 1 1 1 1   2   3   1   0   0   0   0    22.055    22.957    21.954     0.000     0.000     0.000     0.000   0   0   0   0   0   0   0     0.000     0.005     0.006    -0.002     0.001    -0.000    -0.004
   7 0 0 1 1 1 1 1   1   6   1   0   0   0   0    21.954    19.574    21.954     0.000     0.000     0.000     0.000   0   0   0   0   0   0   0     0.000     0.005    -0.004     0.001    -0.000    -0.000    -0.004
   7 0 1 0 1 1 1 1  23   6   0   0   0   0   0     5.549    19.574    20.699     0.000     0.000     0.000     0.000   0   0   0   0   0   0   0     0.000    -0.017    -0.004     0.001    -0.000     0.006    -0.000
