  404
   1 1   0     0.000   0     4.849
   1 1   0     0.000   0     5.485
   1 1   0     0.000   0     5.789
   1 1   0     0.000   0     6.052
   7 0 0 0 1 1 1 1  25  12  27   0   0   0   0     5.505    46.583     5.204     0.000     0.000     0.000     0.000   0   0   0   0   0   0   0     0.000     0.000     0.000    -0.318    -0.127     0.150     0.004
   7 0 0 0 1 1 1 1  25  31  25   0   0   0   0     5.527     5.137     5.754     0.000     0.000     0.000     0.000   0   0   0   0   0   0   0     0.000     0.000     0.000    -0.379    -0.174    -0.010     0.107
   7 0 0 0 1 1 1 1  25  25  26   0   0   0   0     5.407     5.147     5.889     0.000     0.000     0.000     0.000   0   0   0   0   0   0   0     0.000     0.000     0.000    -0.371    -0.167    -0.004     0.102
   7 0 0 0 1 1 1 1  24  18  29   0   0   0   0     5.251    50.016     5.767     0.000     0.000     0.000     0.000   0   0   0   0   0   0   0     0.000     0.000     0.000    -0.309    -0.647    -0.015     0.199
   7 0 0 0 1 1 1 1  25  11  16   0   0   0   0     5.505    43.549    59.454     0.000     0.000     0.000     0.000   0   0   0   0   0   0   0     0.000     0.000     0.000    -0.285    -0.113     0.009     0.148
   7 0 0 0 1 1 1 1  25  24  25   0   0   0   0     5.527     5.014     5.784     0.000     0.000     0.000     0.000   0   0   0   0   0   0   0     0.000     0.000     0.000    -0.339    -0.155    -0.001     0.099
   7 0 0 0 1 1 1 1  25  18  26   0   0   0   0     5.434    49.963     5.893     0.000     0.000     0.000     0.000   0   0   0   0   0   0   0     0.000     0.000     0.000    -0.143    -0.331     0.001     0.093
   7 0 0 0 1 1 1 1  24   3  24   0   0   0   0     5.251    21.973     5.483     0.000     0.000     0.000     0.000   0   0   0   0   0   0   0     0.000     0.000     0.000    -0.586    -0.279     0.005     0.193
   7 0 0 0 1 1 1 1  31  14  17   0   0   0   0     5.346    48.593    60.031     0.000     0.000     0.000     0.000   0   0   0   0   0   0   0     0.000     0.000     0.000    -0.100    -0.259     0.011     0.136
   7 0 0 0 1 1 1 1  25  25  25   0   0   0   0     5.505     5.090     5.733     0.000     0.000     0.000     0.000   0   0   0   0   0   0   0     0.000     0.000     0.000    -0.309    -0.144    -0.020     0.085
   7 0 0 0 1 1 1 1  11  21  31   0   0   0   0    46.142    67.953     5.432     0.000     0.000     0.000     0.000   0   0   0   0   0   0   0     0.000     0.000     0.000    -0.303    -0.138    -0.007     0.082
   7 0 0 0 1 1 1 1  24  11  29   0   0   0   0     5.304    43.924     5.767     0.000     0.000     0.000     0.000   0   0   0   0   0   0   0     0.000     0.000     0.000    -0.518    -0.239    -0.012     0.163
   7 0 0 0 1 1 1 1  22  27   1   0   0   0   0     5.459     5.249    21.986     0.000     0.000     0.000     0.000   0   0   0   0   0   0   0     0.000     0.000     0.000     0.108    -0.005    -0.109    -0.234
   7 0 0 0 1 1 1 1  25  18  25   0   0   0   0     5.505    49.844     5.809     0.000     0.000     0.000     0.000   0   0   0   0   0   0   0     0.000     0.000     0.000    -0.126    -0.272     0.002     0.083
   7 0 0 0 1 1 1 1  25  27  31   0   0   0   0     5.454     5.248     5.477     0.000     0.000     0.000     0.000   0   0   0   0   0   0   0     0.000     0.000     0.000    -0.267    -0.107     0.013     0.083
   7 0 0 0 1 1 1 1  25  17  24   0   0   0   0     5.418    55.996     5.478     0.000     0.000     0.000     0.000   0   0   0   0   0   0   0     0.000     0.000     0.000    -0.478    -0.256    -0.010     0.156
   7 0 0 0 1 1 1 1  22  16  11   0   0   0   0     5.459    59.887    43.924     0.000     0.000     0.000     0.000   0   0   0   0   0   0   0     0.000     0.000     0.000     0.005     0.118    -0.206    -0.094
   7 0 0 0 1 1 1 1  25  29  25   0   0   0   0     5.614     5.317     5.817     0.000     0.000     0.000     0.000   0   0   0   0   0   0   0     0.000     0.000     0.000    -0.244    -0.108     0.009     0.076
   7 0 0 0 1 1 1 1  11   1  26   0   0   0   0    45.953    21.975     5.833     0.000     0.000     0.000     0.000   0   0   0   0   0   0   0     0.000     0.000     0.000    -0.114    -0.247    -0.029     0.061
   7 0 0 0 1 1 1 1  29  29  24   0   0   0   0     5.610     5.317     5.456     0.000     0.000     0.000     0.000   0   0   0   0   0   0   0     0.000     0.000     0.000    -0.419    -0.186     0.003     0.143
   7 0 0 0 1 1 1 1  29  18  27   0   0   0   0     5.645    49.844     5.182     0.000     0.000     0.000     0.000   0   0   0   0   0   0   0     0.000     0.000     0.000    -0.072    -0.185     0.100     0.006
   7 0 0 0 1 1 1 1   3  11  25   0   0   0   0    22.432    44.478     5.870     0.000     0.000     0.000     0.000   0   0   0   0   0   0   0     0.000     0.000     0.000    -0.208    -0.084     0.026     0.077
   7 0 0 0 1 1 1 1  29  32  29   0   0   0   0     5.553     3.745     5.834     0.000     0.000     0.000     0.000   0   0   0   0   0   0   0     0.000     0.000     0.000    -0.216    -0.085     0.017     0.078
   7 0 0 0 1 1 1 1  25   1  28   0   0   0   0     5.392    21.975     5.622     0.000     0.000     0.000     0.000   0   0   0   0   0   0   0     0.000     0.000     0.000    -0.214    -0.389     0.010     0.149
   7 0 0 0 1 1 1 1  12   4  16   0   0   0   0    48.471    22.406    60.106     0.000     0.000     0.000     0.000   0   0   0   0   0   0   0     0.000     0.000     0.000    -0.142    -0.041     0.014     0.099
   7 0 0 0 1 1 1 1  25  17  25   0   0   0   0     5.544    55.996     5.724     0.000     0.000     0.000     0.000   0   0   0   0   0   0   0     0.000     0.000     0.000    -0.207    -0.093    -0.017     0.056
   7 0 0 0 1 1 1 1  25  14  26   0   0   0   0     5.327    48.593     5.860     0.000     0.000     0.000     0.000   0   0   0   0   0   0   0     0.000     0.000     0.000    -0.101    -0.201    -0.024     0.052
   7 0 0 0 1 1 1 1  29  25  30   0   0   0   0     5.654     5.252     5.627     0.000     0.000     0.000     0.000   0   0   0   0   0   0   0     0.000     0.000     0.000    -0.318    -0.135     0.043     0.175
   7 0 0 0 1 1 1 1  29  11  17   0   0   0   0     5.652    42.867    59.947     0.000     0.000     0.000     0.000   0   0   0   0   0   0   0     0.000     0.000     0.000    -0.158    -0.061     0.005     0.083
   7 0 0 0 1 1 1 1  22  25   1   0   0   0   0     5.459     5.661    21.986     0.000     0.000     0.000     0.000   0   0   0   0   0   0   0     0.000     0.000     0.000    -0.031     0.049    -0.102    -0.186
   7 0 0 0 1 1 1 1  25  18  26   0   0   0   0     5.618    49.693     5.924     0.000     0.000     0.000     0.000   0   0   0   0   0   0   0     0.000     0.000     0.000    -0.061    -0.169     0.025     0.088
   7 0 0 0 1 1 1 1  29   1  24   0   0   0   0     5.654    21.975     5.406     0.000     0.000     0.000     0.000   0   0   0   0   0   0   0     0.000     0.000     0.000    -0.139    -0.319    -0.015     0.103
   7 0 0 0 1 1 1 1  12  32  16   0   0   0   0    48.383     3.745    61.045     0.000     0.000     0.000     0.000   0   0   0   0   0   0   0     0.000     0.000     0.000    -0.137    -0.046     0.014     0.088
   7 0 0 0 1 1 1 1  22   4   3   0   0   0   0     5.459    22.653    21.879     0.000     0.000     0.000     0.000   0   0   0   0   0   0   0     0.000     0.000     0.000    -0.022     0.046    -0.168    -0.092
   7 0 0 0 1 1 1 1  29   1  31   0   0   0   0     5.645    21.907     5.477     0.000     0.000     0.000     0.000   0   0   0   0   0   0   0     0.000     0.000     0.000    -0.049    -0.144     0.006     0.054
   7 0 0 0 1 1 1 1  25  25  23   0   0   0   0     5.369     5.020     5.829     0.000     0.000     0.000     0.000   0   0   0   0   0   0   0     0.000     0.000     0.000    -0.289    -0.164     0.023     0.152
   7 0 0 0 1 1 1 1  31  22  18   0   0   0   0     5.372     5.501    48.099     0.000     0.000     0.000     0.000   0   0   0   0   0   0   0     0.000     0.000     0.000    -0.047    -0.126     0.005     0.072
   7 0 0 0 1 1 1 1  22  25  12   0   0   0   0     5.459     5.838    46.177     0.000     0.000     0.000     0.000   0   0   0   0   0   0   0     0.000     0.000     0.000    -0.003     0.049    -0.151    -0.082
   7 0 0 0 1 1 1 1  11  11  26   0   0   0   0    45.315    42.430     5.893     0.000     0.000     0.000     0.000   0   0   0   0   0   0   0     0.000     0.000     0.000    -0.151    -0.074    -0.010     0.045
   7 0 0 0 1 1 1 1  29   3  23   0   0   0   0     5.675    22.200     5.835     0.000     0.000     0.000     0.000   0   0   0   0   0   0   0     0.000     0.000     0.000    -0.225    -0.086     0.036     0.149
   7 0 0 0 1 1 1 1  12  22  27   0   0   0   0    48.119     5.467     5.256     0.000     0.000     0.000     0.000   0   0   0   0   0   0   0     0.000     0.000     0.000    -0.029    -0.096     0.057     0.001
   7 0 0 0 1 1 1 1   3  18  25   0   0   0   0    22.706    49.514     5.913     0.000     0.000     0.000     0.000   0   0   0   0   0   0   0     0.000     0.000     0.000    -0.038    -0.118     0.022     0.060
   7 0 0 0 1 1 1 1  29  11  29   0   0   0   0     5.654    42.867     6.047     0.000     0.000     0.000     0.000   0   0   0   0   0   0   0     0.000     0.000     0.000    -0.135    -0.050     0.020     0.095
   7 0 0 0 1 1 1 1  29  25  23   0   0   0   0     5.701     5.292     5.855     0.000     0.000     0.000     0.000   0   0   0   0   0   0   0     0.000     0.000     0.000    -0.201    -0.066     0.043     0.147
   7 0 0 0 1 1 1 1  31  17  22   0   0   0   0     5.374    56.261     5.328     0.000     0.000     0.000     0.000   0   0   0   0   0   0   0     0.000     0.000     0.000    -0.106    -0.037     0.007     0.064
   7 0 0 0 1 1 1 1   4  18  25   0   0   0   0    22.509    49.486     5.914     0.000     0.000     0.000     0.000   0   0   0   0   0   0   0     0.000     0.000     0.000    -0.036    -0.107     0.018     0.055
   7 0 0 0 1 1 1 1  25  18  27   0   0   0   0     5.629    49.568     5.876     0.000     0.000     0.000     0.000   0   0   0   0   0   0   0     0.000     0.000     0.000    -0.032    -0.106     0.021     0.086
   7 0 0 0 1 1 1 1  29  25  23   0   0   0   0     5.730     5.313     5.881     0.000     0.000     0.000     0.000   0   0   0   0   0   0   0     0.000     0.000     0.000    -0.172    -0.042     0.051     0.141
   7 0 0 0 1 1 1 1  12   4  17   0   0   0   0    48.471    22.420    60.121     0.000     0.000     0.000     0.000   0   0   0   0   0   0   0     0.000     0.000     0.000    -0.079    -0.023     0.007     0.055
   7 0 0 0 1 1 1 1  25  12  25   0   0   0   0     5.611    46.177     5.910     0.000     0.000     0.000     0.000   0   0   0   0   0   0   0     0.000     0.000     0.000    -0.114    -0.050     0.012     0.048
   7 0 0 0 1 1 1 1  26  18  23   0   0   0   0     5.833    49.514     5.646     0.000     0.000     0.000     0.000   0   0   0   0   0   0   0     0.000     0.000     0.000    -0.023    -0.092     0.005     0.044
   7 0 0 0 1 1 1 1  24  32  29   0   0   0   0     5.344     3.663     5.767     0.000     0.000     0.000     0.000   0   0   0   0   0   0   0     0.000     0.000     0.000    -0.200    -0.081    -0.012     0.068
   7 0 0 0 1 1 1 1  12  14  27   0   0   0   0    48.119    48.751     5.182     0.000     0.000     0.000     0.000   0   0   0   0   0   0   0     0.000     0.000     0.000    -0.032    -0.088     0.048     0.004
   7 0 0 0 1 1 1 1   4  18  25   0   0   0   0    22.509    49.468     5.918     0.000     0.000     0.000     0.000   0   0   0   0   0   0   0     0.000     0.000     0.000    -0.030    -0.087     0.016     0.046
   7 0 0 0 1 1 1 1  26  25  28   0   0   0   0     5.833     5.176     5.611     0.000     0.000     0.000     0.000   0   0   0   0   0   0   0     0.000     0.000     0.000    -0.100    -0.027     0.009     0.044
   7 0 0 0 1 1 1 1  24  20  28   0   0   0   0     5.191    62.391     5.622     0.000     0.000     0.000     0.000   0   0   0   0   0   0   0     0.000     0.000     0.000    -0.181    -0.092     0.000     0.074
   7 0 0 0 1 1 1 1  31  17  25   0   0   0   0     5.374    56.390     5.618     0.000     0.000     0.000     0.000   0   0   0   0   0   0   0     0.000     0.000     0.000    -0.075    -0.027     0.462     0.018
   7 0 0 0 1 1 1 1  25  12  25   0   0   0   0     5.651    47.538     5.919     0.000     0.000     0.000     0.000   0   0   0   0   0   0   0     0.000     0.000     0.000    -0.078    -0.026     0.016     0.041
   7 0 0 0 1 1 1 1  25  29  31   0   0   0   0     5.317     5.158     5.416     0.000     0.000     0.000     0.000   0   0   0   0   0   0   0     0.000     0.000     0.000    -0.093    -0.047    -0.010     0.027
   7 0 0 0 1 1 1 1  24  25  23   0   0   0   0     5.368     5.268     5.926     0.000     0.000     0.000     0.000   0   0   0   0   0   0   0     0.000     0.000     0.000    -0.138    -0.040     0.037     0.133
   7 0 0 0 1 1 1 1  12   4  16   0   0   0   0    48.534    22.428    61.710     0.000     0.000     0.000     0.000   0   0   0   0   0   0   0     0.000     0.000     0.000    -0.058    -0.017     0.008     0.053
   7 0 0 0 1 1 1 1   3  24   4   0   0   0   0    22.407     4.971    22.928     0.000     0.000     0.000     0.000   0   0   0   0   0   0   0     0.000     0.000     0.000    -0.086    -0.037     0.004     0.030
   7 0 0 0 1 1 1 1  24  11  12   0   0   0   0     5.251    42.057    46.365     0.000     0.000     0.000     0.000   0   0   0   0   0   0   0     0.000     0.000     0.000    -0.084    -0.034     0.072     0.011
   7 0 0 0 1 1 1 1  29   3  30   0   0   0   0     5.730    22.138     5.792     0.000     0.000     0.000     0.000   0   0   0   0   0   0   0     0.000     0.000     0.000    -0.137    -0.040     0.034     0.105
   7 0 0 0 1 1 1 1  32  16  18   0   0   0   0     4.222    57.431    45.714     0.000     0.000     0.000     0.000   0   0   0   0   0   0   0     0.000     0.000     0.000    -0.051    -0.014    -0.005     0.033
   7 0 0 0 1 1 1 1  25  18  25   0   0   0   0     5.605    50.638     5.866     0.000     0.000     0.000     0.000   0   0   0   0   0   0   0     0.000     0.000     0.000    -0.034    -0.078     0.004     0.028
   7 0 0 0 1 1 1 1  26  25  23   0   0   0   0     5.833     5.286     5.627     0.000     0.000     0.000     0.000   0   0   0   0   0   0   0     0.000     0.000     0.000    -0.062    -0.016     0.001     0.031
   7 0 0 0 1 1 1 1  29   4  30   0   0   0   0     5.701    22.049     5.635     0.000     0.000     0.000     0.000   0   0   0   0   0   0   0     0.000     0.000     0.000    -0.136    -0.049     0.019     0.077
   7 0 0 0 1 1 1 1  32  18   6   0   0   0   0     4.226    50.638    20.671     0.000     0.000     0.000     0.000   0   0   0   0   0   0   0     0.000     0.000     0.000    -0.020    -0.062     0.026    -0.013
   7 0 0 0 1 1 1 1   4  27  25   0   0   0   0    22.509     5.255     5.973     0.000     0.000     0.000     0.000   0   0   0   0   0   0   0     0.000     0.000     0.000    -0.067    -0.026     0.015     0.062
   7 0 0 0 1 1 1 1  31  12  17   0   0   0   0     5.377    45.666    53.903     0.000     0.000     0.000     0.000   0   0   0   0   0   0   0     0.000     0.000     0.000    -0.069    -0.021     0.068     0.013
   7 0 0 0 1 1 1 1  25   4  23   0   0   0   0     5.618    22.049     5.624     0.000     0.000     0.000     0.000   0   0   0   0   0   0   0     0.000     0.000     0.000    -0.131    -0.049    -0.011     0.048
   7 0 0 0 1 1 1 1  12  11  16   0   0   0   0    47.905    42.057    62.289     0.000     0.000     0.000     0.000   0   0   0   0   0   0   0     0.000     0.000     0.000    -0.056    -0.021     0.006     0.050
   7 0 0 0 1 1 1 1  22   4  11   0   0   0   0     5.459    22.915    42.057     0.000     0.000     0.000     0.000   0   0   0   0   0   0   0     0.000     0.000     0.000    -0.000     0.022    -0.064    -0.035
   7 0 0 0 1 1 1 1  26  18  28   0   0   0   0     5.836    49.650     5.613     0.000     0.000     0.000     0.000   0   0   0   0   0   0   0     0.000     0.000     0.000    -0.016    -0.055     0.004     0.030
   7 0 0 0 1 1 1 1  24  25  23   0   0   0   0     5.376     5.327     5.951     0.000     0.000     0.000     0.000   0   0   0   0   0   0   0     0.000     0.000     0.000    -0.086    -0.021     0.026     0.099
   7 0 0 0 1 1 1 1  32  16  15   0   0   0   0     4.231    57.440    51.709     0.000     0.000     0.000     0.000   0   0   0   0   0   0   0     0.000     0.000     0.000    -0.039    -0.010    -0.001     0.028
   7 0 0 0 1 1 1 1  25  18  25   0   0   0   0     5.655    49.401     5.973     0.000     0.000     0.000     0.000   0   0   0   0   0   0   0     0.000     0.000     0.000    -0.013    -0.045     0.013     0.054
   7 0 0 0 1 1 1 1  26  25   6   0   0   0   0     5.842     5.290    21.205     0.000     0.000     0.000     0.000   0   0   0   0   0   0   0     0.000     0.000     0.000    -0.046    -0.012     0.011     0.058
   7 0 0 0 1 1 1 1  31  32  24   0   0   0   0     5.376     3.735     5.523     0.000     0.000     0.000     0.000   0   0   0   0   0   0   0     0.000     0.000     0.000    -0.098    -0.037     0.009     0.053
   7 0 0 0 1 1 1 1  32  13   8   0   0   0   0     4.231    50.371    18.694     0.000     0.000     0.000     0.000   0   0   0   0   0   0   0     0.000     0.000     0.000    -0.040    -0.012     0.019    -0.018
   7 0 0 0 1 1 1 1  25  17  25   0   0   0   0     5.614    56.261     5.918     0.000     0.000     0.000     0.000   0   0   0   0   0   0   0     0.000     0.000     0.000    -0.052    -0.023     0.006     0.025
   7 0 0 0 1 1 1 1  31  23   5   0   0   0   0     5.382     5.424    21.992     0.000     0.000     0.000     0.000   0   0   0   0   0   0   0     0.000     0.000     0.000    -0.052    -0.015     0.046     0.009
   7 0 0 0 1 1 1 1  24  25  30   0   0   0   0     5.368     5.323     5.903     0.000     0.000     0.000     0.000   0   0   0   0   0   0   0     0.000     0.000     0.000    -0.071    -0.019     0.020     0.084
   7 0 0 0 1 1 1 1  16  32  15   0   0   0   0    59.183     4.266    56.533     0.000     0.000     0.000     0.000   0   0   0   0   0   0   0     0.000     0.000     0.000    -0.022     0.004     0.017     0.054
   7 0 0 0 1 1 1 1   4  22  25   0   0   0   0    22.509     5.462     5.977     0.000     0.000     0.000     0.000   0   0   0   0   0   0   0     0.000     0.000     0.000    -0.011    -0.037     0.010     0.047
   7 0 0 0 1 1 1 1  31  23  26   0   0   0   0     5.376     5.422     6.034     0.000     0.000     0.000     0.000   0   0   0   0   0   0   0     0.000     0.000     0.000    -0.048    -0.015     0.007     0.045
   7 0 0 0 1 1 1 1  22  23  11   0   0   0   0     5.459     5.600    41.720     0.000     0.000     0.000     0.000   0   0   0   0   0   0   0     0.000     0.000     0.000    -0.010     0.031    -0.085    -0.045
   7 0 0 0 1 1 1 1  12  32  19   0   0   0   0    47.888     3.630    66.093     0.000     0.000     0.000     0.000   0   0   0   0   0   0   0     0.000     0.000     0.000    -0.040    -0.014     0.002     0.030
   7 0 0 0 1 1 1 1   4   3  25   0   0   0   0    22.511    21.719     5.973     0.000     0.000     0.000     0.000   0   0   0   0   0   0   0     0.000     0.000     0.000    -0.044    -0.016     0.009     0.042
   7 0 0 0 1 1 1 1  23  17  25   0   0   0   0     5.552    56.916     5.812     0.000     0.000     0.000     0.000   0   0   0   0   0   0   0     0.000     0.000     0.000    -0.035    -0.008    -0.002     0.023
   7 0 0 0 1 1 1 1  32   0  23   0   0   0   0     4.271    20.731     5.970     0.000     0.000     0.000     0.000   0   0   0   0   0   0   0     0.000     0.000     0.000    -0.407    -0.030     0.019     0.074
   7 0 0 0 1 1 1 1  24  17  16   0   0   0   0     5.368    56.698    62.920     0.000     0.000     0.000     0.000   0   0   0   0   0   0   0     0.000     0.000     0.000    -0.034    -0.010     0.006     0.044
   7 0 0 0 1 1 1 1  25  20  25   0   0   0   0     5.544    62.430     5.866     0.000     0.000     0.000     0.000   0   0   0   0   0   0   0     0.000     0.000     0.000    -0.038    -0.017     0.000     0.015
   7 0 0 0 1 1 1 1  26  23   5   0   0   0   0     5.810     5.495    21.985     0.000     0.000     0.000     0.000   0   0   0   0   0   0   0     0.000     0.000     0.000    -0.035    -0.010     0.039     0.006
   7 0 0 0 1 1 1 1  22  23  14   0   0   0   0     5.459     5.600    49.042     0.000     0.000     0.000     0.000   0   0   0   0   0   0   0     0.000     0.000     0.000    -0.008     0.026    -0.038    -0.074
   7 0 0 0 1 1 1 1  24  17  12   0   0   0   0     5.368    56.704    49.275     0.000     0.000     0.000     0.000   0   0   0   0   0   0   0     0.000     0.000     0.000    -0.030    -0.009    -0.009     0.016
   7 0 0 0 1 1 1 1   3  13  25   0   0   0   0    22.348    49.131     5.866     0.000     0.000     0.000     0.000   0   0   0   0   0   0   0     0.000     0.000     0.000    -0.036    -0.018    -0.000     0.014
   7 0 0 0 1 1 1 1  23  17  25   0   0   0   0     5.552    56.926     5.812     0.000     0.000     0.000     0.000   0   0   0   0   0   0   0     0.000     0.000     0.000    -0.029    -0.007    -0.002     0.020
   7 0 0 0 1 1 1 1  24  12  23   0   0   0   0     5.376    47.570     5.838     0.000     0.000     0.000     0.000   0   0   0   0   0   0   0     0.000     0.000     0.000    -0.053    -0.014     0.011     0.046
   7 0 0 0 1 1 1 1  27  15  22   0   0   0   0     5.166    56.963     5.462     0.000     0.000     0.000     0.000   0   0   0   0   0   0   0     0.000     0.000     0.000     0.013     0.044    -0.001    -0.022
   7 0 0 0 1 1 1 1  25  22   1   0   0   0   0     5.666     5.461    22.428     0.000     0.000     0.000     0.000   0   0   0   0   0   0   0     0.000     0.000     0.000    -0.006    -0.025     0.007     0.037
   7 0 0 0 1 1 1 1  23  17  25   0   0   0   0     5.552    56.698     5.812     0.000     0.000     0.000     0.000   0   0   0   0   0   0   0     0.000     0.000     0.000    -0.029    -0.008    -0.002     0.018
   7 0 0 0 1 1 1 1  31  19  28   0   0   0   0     5.376    61.414     5.643     0.000     0.000     0.000     0.000   0   0   0   0   0   0   0     0.000     0.000     0.000    -0.154    -0.028     0.004     0.034
   7 0 0 0 1 1 1 1  23  25  19   0   0   0   0     5.541     5.923    66.118     0.000     0.000     0.000     0.000   0   0   0   0   0   0   0     0.000     0.000     0.000    -0.019     0.005     0.002     0.023
   7 0 0 0 1 1 1 1  25  15   4   0   0   0   0     5.382    51.064    22.928     0.000     0.000     0.000     0.000   0   0   0   0   0   0   0     0.000     0.000     0.000    -0.031    -0.016    -0.001     0.012
   7 0 0 0 1 1 1 1  31  23   6   0   0   0   0     5.385     5.454    19.464     0.000     0.000     0.000     0.000   0   0   0   0   0   0   0     0.000     0.000     0.000    -0.029    -0.008     0.046     0.006
   7 0 0 0 1 1 1 1  22  30  25   0   0   0   0     5.459     5.617     4.997     0.000     0.000     0.000     0.000   0   0   0   0   0   0   0     0.000     0.000     0.000     0.002     0.032    -0.058    -0.027
   7 0 0 0 1 1 1 1  12  22  11   0   0   0   0    49.290     5.489    52.806     0.000     0.000     0.000     0.000   0   0   0   0   0   0   0     0.000     0.000     0.000    -0.006    -0.024     0.013    -0.014
   7 0 0 0 1 1 1 1   4  27  25   0   0   0   0    22.473     5.503     5.956     0.000     0.000     0.000     0.000   0   0   0   0   0   0   0     0.000     0.000     0.000    -0.020    -0.003     0.004     0.024
   7 0 0 0 1 1 1 1  25   1  28   0   0   0   0     5.789    21.887     5.640     0.000     0.000     0.000     0.000   0   0   0   0   0   0   0     0.000     0.000     0.000    -0.001    -0.019     0.001     0.029
   7 0 0 0 1 1 1 1  24   3  23   0   0   0   0     5.376    21.719     5.985     0.000     0.000     0.000     0.000   0   0   0   0   0   0   0     0.000     0.000     0.000    -0.052    -0.015     0.011     0.056
   7 0 0 0 1 1 1 1  27  14  12   0   0   0   0     5.016    46.849    47.730     0.000     0.000     0.000     0.000   0   0   0   0   0   0   0     0.000     0.000     0.000     0.017     0.040    -0.014     0.001
   7 0 0 0 1 1 1 1  25  23  11   0   0   0   0     5.677     5.499    49.062     0.000     0.000     0.000     0.000   0   0   0   0   0   0   0     0.000     0.000     0.000    -0.022    -0.007     0.032     0.005
   7 0 0 0 1 1 1 1  23  17   6   0   0   0   0     5.589    57.085    19.463     0.000     0.000     0.000     0.000   0   0   0   0   0   0   0     0.000     0.000     0.000    -0.018    -0.003     0.039     0.006
   7 0 0 0 1 1 1 1  32  23  23   0   0   0   0     4.271     5.824     5.990     0.000     0.000     0.000     0.000   0   0   0   0   0   0   0     0.000     0.000     0.000    -0.017    -0.379     0.011     0.051
   7 0 0 0 1 1 1 1  23  25  13   0   0   0   0     5.553     5.919    50.171     0.000     0.000     0.000     0.000   0   0   0   0   0   0   0     0.000     0.000     0.000    -0.015     0.003    -0.005     0.013
   7 0 0 0 1 1 1 1  25  22  26   0   0   0   0     5.804     5.462     5.909     0.000     0.000     0.000     0.000   0   0   0   0   0   0   0     0.000     0.000     0.000    -0.003    -0.017     0.003     0.016
   7 0 0 0 1 1 1 1  25  16  28   0   0   0   0     5.789    58.189     5.627     0.000     0.000     0.000     0.000   0   0   0   0   0   0   0     0.000     0.000     0.000    -0.011     0.023     0.000     0.023
   7 0 0 0 1 1 1 1  23  24  23   0   0   0   0     5.552     5.344     5.918     0.000     0.000     0.000     0.000   0   0   0   0   0   0   0     0.000     0.000     0.000    -0.030    -0.003     0.010     0.041
   7 0 0 0 1 1 1 1  32   5  25   0   0   0   0     4.268    22.007     5.618     0.000     0.000     0.000     0.000   0   0   0   0   0   0   0     0.000     0.000     0.000     0.001    -0.016     0.420     0.005
   7 0 0 0 1 1 1 1  25  22  26   0   0   0   0     5.828     5.449     5.909     0.000     0.000     0.000     0.000   0   0   0   0   0   0   0     0.000     0.000     0.000    -0.002    -0.015     0.003     0.017
   7 0 0 0 1 1 1 1  13   2  16   0   0   0   0    43.691    23.426    59.183     0.000     0.000     0.000     0.000   0   0   0   0   0   0   0     0.000     0.000     0.000     0.022     0.048    -0.007     0.011
   7 0 0 0 1 1 1 1  22  11  12   0   0   0   0     5.459    52.801    45.493     0.000     0.000     0.000     0.000   0   0   0   0   0   0   0     0.000     0.000     0.000     0.011    -0.017    -0.045    -0.020
   7 0 0 0 1 1 1 1  17  12  13   0   0   0   0    61.306    47.442    57.255     0.000     0.000     0.000     0.000   0   0   0   0   0   0   0     0.000     0.000     0.000    -0.012     0.001     0.016     0.036
   7 0 0 0 1 1 1 1  25  22  26   0   0   0   0     5.829     5.489     5.909     0.000     0.000     0.000     0.000   0   0   0   0   0   0   0     0.000     0.000     0.000    -0.004    -0.019     0.003     0.015
   7 0 0 0 1 1 1 1  31  23  12   0   0   0   0     5.390     5.454    45.690     0.000     0.000     0.000     0.000   0   0   0   0   0   0   0     0.000     0.000     0.000    -0.021    -0.005     0.036     0.004
   7 0 0 0 1 1 1 1  23  25  23   0   0   0   0     5.552     5.953     5.995     0.000     0.000     0.000     0.000   0   0   0   0   0   0   0     0.000     0.000     0.000    -0.020     0.012     0.008     0.041
   7 0 0 0 1 1 1 1  23  25  13   0   0   0   0     5.524     5.922    56.573     0.000     0.000     0.000     0.000   0   0   0   0   0   0   0     0.000     0.000     0.000    -0.013     0.005     0.003     0.026
   7 0 0 0 1 1 1 1   3  15   3   0   0   0   0    22.351    51.049    22.354     0.000     0.000     0.000     0.000   0   0   0   0   0   0   0     0.000     0.000     0.000    -0.020    -0.008     0.108     0.003
   7 0 0 0 1 1 1 1  23   3  12   0   0   0   0     5.552    21.633    45.554     0.000     0.000     0.000     0.000   0   0   0   0   0   0   0     0.000     0.000     0.000    -0.021    -0.005     0.039     0.004
   7 0 0 0 1 1 1 1  25   0  28   0   0   0   0     5.618    20.731     5.640     0.000     0.000     0.000     0.000   0   0   0   0   0   0   0     0.000     0.000     0.000    -0.355    -0.017     0.000     0.020
   7 0 0 0 1 1 1 1   0  26  18   0   0   0   0    21.248     5.730    42.847     0.000     0.000     0.000     0.000   0   0   0   0   0   0   0     0.000     0.000     0.000     0.021    -0.006    -0.027     0.010
   7 0 0 0 1 1 1 1  25  22  26   0   0   0   0     5.860     5.469     5.915     0.000     0.000     0.000     0.000   0   0   0   0   0   0   0     0.000     0.000     0.000    -0.002    -0.013     0.003     0.019
   7 0 0 0 1 1 1 1  25  16  28   0   0   0   0     5.789    58.157     5.640     0.000     0.000     0.000     0.000   0   0   0   0   0   0   0     0.000     0.000     0.000    -0.009     0.019     0.001     0.019
   7 0 0 0 1 1 1 1  22  23   1   0   0   0   0     5.460     5.876    22.009     0.000     0.000     0.000     0.000   0   0   0   0   0   0   0     0.000     0.000     0.000     0.003     0.026    -0.015    -0.037
   7 0 0 0 1 1 1 1  23  10  13   0   0   0   0     5.553    15.846    50.171     0.000     0.000     0.000     0.000   0   0   0   0   0   0   0     0.000     0.000     0.000    -0.005    -0.049    -0.004     0.009
   7 0 0 0 1 1 1 1  25  22  27   0   0   0   0     5.839     5.489     5.140     0.000     0.000     0.000     0.000   0   0   0   0   0   0   0     0.000     0.000     0.000    -0.003    -0.014    -0.001     0.010
   7 0 0 0 1 1 1 1  23  11  12   0   0   0   0     5.552    41.594    45.773     0.000     0.000     0.000     0.000   0   0   0   0   0   0   0     0.000     0.000     0.000    -0.019    -0.004     0.026     0.003
   7 0 0 0 1 1 1 1  23  25  17   0   0   0   0     5.552     5.953    53.736     0.000     0.000     0.000     0.000   0   0   0   0   0   0   0     0.000     0.000     0.000    -0.016     0.011     0.034     0.007
   7 0 0 0 1 1 1 1  32   5  25   0   0   0   0     4.268    22.008     5.618     0.000     0.000     0.000     0.000   0   0   0   0   0   0   0     0.000     0.000     0.000     0.002    -0.012     0.390     0.003
   7 0 0 0 1 1 1 1  25  22  26   0   0   0   0     5.895     5.449     5.916     0.000     0.000     0.000     0.000   0   0   0   0   0   0   0     0.000     0.000     0.000    -0.001    -0.009     0.003     0.020
   7 0 0 0 1 1 1 1  25  16  28   0   0   0   0     5.789    58.189     5.630     0.000     0.000     0.000     0.000   0   0   0   0   0   0   0     0.000     0.000     0.000    -0.007     0.018     0.000     0.016
   7 0 0 0 1 1 1 1  22  23  11   0   0   0   0     5.466     5.569    41.534     0.000     0.000     0.000     0.000   0   0   0   0   0   0   0     0.000     0.000     0.000    -0.005     0.010    -0.036    -0.017
   7 0 0 0 1 1 1 1  17   4  14   0   0   0   0    61.530    22.016    47.076     0.000     0.000     0.000     0.000   0   0   0   0   0   0   0     0.000     0.000     0.000    -0.014     0.000     0.012     0.029
   7 0 0 0 1 1 1 1   4  19  25   0   0   0   0    22.468    61.414     5.935     0.000     0.000     0.000     0.000   0   0   0   0   0   0   0     0.000     0.000     0.000     0.003    -0.009     0.001     0.011
   7 0 0 0 1 1 1 1  16  17   6   0   0   0   0    59.288    54.406    19.433     0.000     0.000     0.000     0.000   0   0   0   0   0   0   0     0.000     0.000     0.000     0.017    -0.005     0.030     0.005
   7 0 0 0 1 1 1 1   3  13  11   0   0   0   0    22.407    50.295    52.371     0.000     0.000     0.000     0.000   0   0   0   0   0   0   0     0.000     0.000     0.000    -0.032    -0.002     0.009    -0.012
   7 0 0 0 1 1 1 1  12  11  25   0   0   0   0    49.191    51.945     5.618     0.000     0.000     0.000     0.000   0   0   0   0   0   0   0     0.000     0.000     0.000    -0.005    -0.049     0.066     0.003
   7 0 0 0 1 1 1 1  25  14  26   0   0   0   0     5.895    49.058     5.916     0.000     0.000     0.000     0.000   0   0   0   0   0   0   0     0.000     0.000     0.000    -0.002    -0.013     0.003     0.017
   7 0 0 0 1 1 1 1  23  26   6   0   0   0   0     5.505     5.789    21.282     0.000     0.000     0.000     0.000   0   0   0   0   0   0   0     0.000     0.000     0.000    -0.013    -0.002     0.002     0.030
   7 0 0 0 1 1 1 1   3  14  28   0   0   0   0    22.407    46.659     5.646     0.000     0.000     0.000     0.000   0   0   0   0   0   0   0     0.000     0.000     0.000    -0.083    -0.010     0.000     0.016
   7 0 0 0 1 1 1 1  32   5  25   0   0   0   0     4.271    22.060     5.618     0.000     0.000     0.000     0.000   0   0   0   0   0   0   0     0.000     0.000     0.000     0.001    -0.011     0.360     0.003
   7 0 0 0 1 1 1 1   4  19  25   0   0   0   0    22.468    61.414     5.935     0.000     0.000     0.000     0.000   0   0   0   0   0   0   0     0.000     0.000     0.000     0.003    -0.007     0.001     0.009
   7 0 0 0 1 1 1 1  16  26   6   0   0   0   0    59.288     6.007    19.443     0.000     0.000     0.000     0.000   0   0   0   0   0   0   0     0.000     0.000     0.000    -0.004     0.013     0.027     0.004
   7 0 0 0 1 1 1 1  23  13   6   0   0   0   0     5.552    48.027    21.224     0.000     0.000     0.000     0.000   0   0   0   0   0   0   0     0.000     0.000     0.000     0.012    -0.011     0.004     0.027
   7 0 0 0 1 1 1 1  17  26  11   0   0   0   0    57.487     5.730    54.102     0.000     0.000     0.000     0.000   0   0   0   0   0   0   0     0.000     0.000     0.000     0.016    -0.006     0.007    -0.011
   7 0 0 0 1 1 1 1   4  15   1   0   0   0   0    22.967    51.695    22.432     0.000     0.000     0.000     0.000   0   0   0   0   0   0   0     0.000     0.000     0.000    -0.007    -0.000     0.003     0.017
   7 0 0 0 1 1 1 1  31  13   8   0   0   0   0     5.384    50.295    17.191     0.000     0.000     0.000     0.000   0   0   0   0   0   0   0     0.000     0.000     0.000    -0.011    -0.002     0.021     0.002
   7 0 0 0 1 1 1 1  22  24   1   0   0   0   0     5.489     5.711    22.020     0.000     0.000     0.000     0.000   0   0   0   0   0   0   0     0.000     0.000     0.000    -0.000     0.015    -0.018    -0.042
   7 0 0 0 1 1 1 1  15   9  23   0   0   0   0    56.514    18.645     5.758     0.000     0.000     0.000     0.000   0   0   0   0   0   0   0     0.000     0.000     0.000    -0.000    -0.018     0.014     0.032
   7 0 0 0 1 1 1 1  25  15  10   0   0   0   0     5.387    51.019    15.304     0.000     0.000     0.000     0.000   0   0   0   0   0   0   0     0.000     0.000     0.000    -0.017    -0.005     0.006    -0.000
   7 0 0 0 1 1 1 1   6  16   1   0   0   0   0    21.270    57.662    22.489     0.000     0.000     0.000     0.000   0   0   0   0   0   0   0     0.000     0.000     0.000    -0.004     0.004     0.020     0.038
   7 0 0 0 1 1 1 1   3  14  11   0   0   0   0    22.389    46.659    52.302     0.000     0.000     0.000     0.000   0   0   0   0   0   0   0     0.000     0.000     0.000    -0.223    -0.008     0.006    -0.009
   7 0 0 0 1 1 1 1   4  30   4   0   0   0   0    22.016     5.650    22.017     0.000     0.000     0.000     0.000   0   0   0   0   0   0   0     0.000     0.000     0.000    -0.014     0.003     0.599     0.000
   7 0 0 0 1 1 1 1  25  21  24   0   0   0   0     5.935    68.693     5.369     0.000     0.000     0.000     0.000   0   0   0   0   0   0   0     0.000     0.000     0.000    -0.002     0.013     0.016     0.004
   7 0 0 0 1 1 1 1  13  12  16   0   0   0   0    43.814    45.167    57.572     0.000     0.000     0.000     0.000   0   0   0   0   0   0   0     0.000     0.000     0.000     0.027     0.010    -0.004     0.004
   7 0 0 0 1 1 1 1  24  23  25   0   0   0   0     5.351     5.569     5.618     0.000     0.000     0.000     0.000   0   0   0   0   0   0   0     0.000     0.000     0.000    -0.010     0.024    -0.019     0.005
   7 0 0 0 1 1 1 1  15  11  13   0   0   0   0    56.209    51.870    57.255     0.000     0.000     0.000     0.000   0   0   0   0   0   0   0     0.000     0.000     0.000     0.001    -0.008     0.008     0.022
   7 0 0 0 1 1 1 1  26  26   1   0   0   0   0     5.830     5.730    22.376     0.000     0.000     0.000     0.000   0   0   0   0   0   0   0     0.000     0.000     0.000     0.005    -0.005     0.001     0.012
   7 0 0 0 1 1 1 1  31   5   6   0   0   0   0     5.390    21.983    19.584     0.000     0.000     0.000     0.000   0   0   0   0   0   0   0     0.000     0.000     0.000     0.003    -0.006     0.019     0.002
   7 0 0 0 1 1 1 1  24   0  23   0   0   0   0     5.711    20.724     6.024     0.000     0.000     0.000     0.000   0   0   0   0   0   0   0     0.000     0.000     0.000    -0.566    -0.001     0.011     0.035
   7 0 0 0 1 1 1 1  17   0  11   0   0   0   0    57.487    21.051    54.152     0.000     0.000     0.000     0.000   0   0   0   0   0   0   0     0.000     0.000     0.000     0.004    -0.007     0.006    -0.010
   7 0 0 0 1 1 1 1  25  21  24   0   0   0   0     5.935    68.693     5.369     0.000     0.000     0.000     0.000   0   0   0   0   0   0   0     0.000     0.000     0.000    -0.002     0.012     0.014     0.003
   7 0 0 0 1 1 1 1  23  16  12   0   0   0   0     5.926    57.662    45.296     0.000     0.000     0.000     0.000   0   0   0   0   0   0   0     0.000     0.000     0.000    -0.004     0.003     0.023     0.008
   7 0 0 0 1 1 1 1  22  24   1   0   0   0   0     5.489     5.711    22.020     0.000     0.000     0.000     0.000   0   0   0   0   0   0   0     0.000     0.000     0.000    -0.000     0.012    -0.014    -0.036
   7 0 0 0 1 1 1 1   4  22   4   0   0   0   0    22.016     5.319    22.017     0.000     0.000     0.000     0.000   0   0   0   0   0   0   0     0.000     0.000     0.000     0.002    -0.013     0.569     0.000
   7 0 0 0 1 1 1 1   3  15   3   0   0   0   0    22.351    51.029    22.354     0.000     0.000     0.000     0.000   0   0   0   0   0   0   0     0.000     0.000     0.000    -0.012    -0.003     0.101     0.001
   7 0 0 0 1 1 1 1  28  27   4   0   0   0   0     5.617     5.477    22.844     0.000     0.000     0.000     0.000   0   0   0   0   0   0   0     0.000     0.000     0.000    -0.001    -0.022     0.000     0.009
   7 0 0 0 1 1 1 1  24  20  24   0   0   0   0     5.344    62.367     5.735     0.000     0.000     0.000     0.000   0   0   0   0   0   0   0     0.000     0.000     0.000    -0.018    -0.003     0.002     0.019
   7 0 0 0 1 1 1 1   9  32  11   0   0   0   0    18.645     4.271    52.030     0.000     0.000     0.000     0.000   0   0   0   0   0   0   0     0.000     0.000     0.000    -0.004     0.005    -0.009    -0.042
   7 0 0 0 1 1 1 1  25  21  24   0   0   0   0     5.935    68.693     5.369     0.000     0.000     0.000     0.000   0   0   0   0   0   0   0     0.000     0.000     0.000    -0.001     0.011     0.012     0.003
   7 0 0 0 1 1 1 1   3   1   6   0   0   0   0    21.624    22.020    21.313     0.000     0.000     0.000     0.000   0   0   0   0   0   0   0     0.000     0.000     0.000    -0.008    -0.024     0.000     0.019
   7 0 0 0 1 1 1 1  29  17   6   0   0   0   0     5.829    56.466    21.300     0.000     0.000     0.000     0.000   0   0   0   0   0   0   0     0.000     0.000     0.000    -0.011    -0.001     0.005     0.027
   7 0 0 0 1 1 1 1   5   5   5   0   0   0   0    21.929    21.807    23.202     0.000     0.000     0.000     0.000   0   0   0   0   0   0   0     0.000     0.000     0.000     0.046     0.016     0.000    -0.010
   7 0 0 0 1 1 1 1  25  13  30   0   0   0   0     5.374    49.016     5.265     0.000     0.000     0.000     0.000   0   0   0   0   0   0   0     0.000     0.000     0.000    -0.016    -0.004     0.005    -0.000
   7 0 0 0 1 1 1 1   5  14  32   0   0   0   0    21.985    46.842     4.193     0.000     0.000     0.000     0.000   0   0   0   0   0   0   0     0.000     0.000     0.000     0.018     0.001    -0.007     0.001
   7 0 0 0 1 1 1 1  23  13  24   0   0   0   0     5.518    48.027     5.735     0.000     0.000     0.000     0.000   0   0   0   0   0   0   0     0.000     0.000     0.000     0.010    -0.009     0.002     0.017
   7 0 0 0 1 1 1 1   4   4   4   0   0   0   0    22.015    22.014    22.017     0.000     0.000     0.000     0.000   0   0   0   0   0   0   0     0.000     0.000     0.000    -0.008    -0.034     0.268     0.000
   7 0 0 0 1 1 1 1  26   1  25   0   0   0   0     5.907    22.009     5.866     0.000     0.000     0.000     0.000   0   0   0   0   0   0   0     0.000     0.000     0.000     0.000    -0.005    -0.001     0.008
   7 0 0 0 1 1 1 1  23  10   0   0   0   0   0     5.502    15.846    21.069     0.000     0.000     0.000     0.000   0   0   0   0   0   0   0     0.000     0.000     0.000    -0.003    -0.025    -0.003     0.003
   7 0 0 0 1 1 1 1   3  14  11   0   0   0   0    22.385    46.659    52.260     0.000     0.000     0.000     0.000   0   0   0   0   0   0   0     0.000     0.000     0.000    -0.248    -0.004     0.004    -0.007
   7 0 0 0 1 1 1 1  13  11   2   0   0   0   0    56.846    51.870    21.651     0.000     0.000     0.000     0.000   0   0   0   0   0   0   0     0.000     0.000     0.000     0.001    -0.006     0.043     0.013
   7 0 0 0 1 1 1 1   4  23  17   0   0   0   0    23.592     5.439    58.845     0.000     0.000     0.000     0.000   0   0   0   0   0   0   0     0.000     0.000     0.000    -0.007    -0.000     0.001     0.011
   7 0 0 0 1 1 1 1   3   1   6   0   0   0   0    21.620    22.020    21.262     0.000     0.000     0.000     0.000   0   0   0   0   0   0   0     0.000     0.000     0.000    -0.007    -0.021     0.000     0.015
   7 0 0 0 1 1 1 1  28  16  25   0   0   0   0     5.640    57.612     5.618     0.000     0.000     0.000     0.000   0   0   0   0   0   0   0     0.000     0.000     0.000    -0.007     0.001    -0.051     0.008
   7 0 0 0 1 1 1 1  12  11  25   0   0   0   0    49.290    51.966     5.618     0.000     0.000     0.000     0.000   0   0   0   0   0   0   0     0.000     0.000     0.000    -0.003    -0.036     0.048     0.002
   7 0 0 0 1 1 1 1   4  21  25   0   0   0   0    23.324    68.693     5.704     0.000     0.000     0.000     0.000   0   0   0   0   0   0   0     0.000     0.000     0.000    -0.002     0.008    -0.013     0.003
   7 0 0 0 1 1 1 1  28  27   4   0   0   0   0     5.624     5.504    22.835     0.000     0.000     0.000     0.000   0   0   0   0   0   0   0     0.000     0.000     0.000    -0.001    -0.022     0.000     0.008
   7 0 0 0 1 1 1 1  24  27  29   0   0   0   0     5.521     5.405     5.767     0.000     0.000     0.000     0.000   0   0   0   0   0   0   0     0.000     0.000     0.000    -0.001    -0.012    -0.032     0.007
   7 0 0 0 1 1 1 1   4   4   4   0   0   0   0    22.016    22.014    22.017     0.000     0.000     0.000     0.000   0   0   0   0   0   0   0     0.000     0.000     0.000    -0.007    -0.031     0.524     0.000
   7 0 0 0 1 1 1 1   1  13   1   0   0   0   0    22.374    50.291    22.478     0.000     0.000     0.000     0.000   0   0   0   0   0   0   0     0.000     0.000     0.000    -0.003     0.001     0.004     0.012
   7 0 0 0 1 1 1 1   5  18  32   0   0   0   0    21.985    49.275     4.193     0.000     0.000     0.000     0.000   0   0   0   0   0   0   0     0.000     0.000     0.000     0.014     0.000    -0.005     0.001
   7 0 0 0 1 1 1 1   4  10  28   0   0   0   0    22.049    15.486     5.646     0.000     0.000     0.000     0.000   0   0   0   0   0   0   0     0.000     0.000     0.000    -0.003    -0.072    -0.001     0.008
   7 0 0 0 1 1 1 1  31   0  25   0   0   0   0     5.374    21.154     5.618     0.000     0.000     0.000     0.000   0   0   0   0   0   0   0     0.000     0.000     0.000    -0.005     0.025     0.269     0.001
   7 0 0 0 1 1 1 1  26   1  31   0   0   0   0     5.902    22.010     5.486     0.000     0.000     0.000     0.000   0   0   0   0   0   0   0     0.000     0.000     0.000    -0.000    -0.005     0.005     0.000
   7 0 0 0 1 1 1 1   3   1  12   0   0   0   0    21.615    22.022    45.296     0.000     0.000     0.000     0.000   0   0   0   0   0   0   0     0.000     0.000     0.000    -0.008    -0.019     0.016     0.000
   7 0 0 0 1 1 1 1  22  24   1   0   0   0   0     5.489     5.741    22.022     0.000     0.000     0.000     0.000   0   0   0   0   0   0   0     0.000     0.000     0.000     0.000     0.020    -0.008    -0.029
   7 0 0 0 1 1 1 1   5  32  25   0   0   0   0    23.202     4.293     5.709     0.000     0.000     0.000     0.000   0   0   0   0   0   0   0     0.000     0.000     0.000    -0.002     0.005    -0.035    -0.006
   7 0 0 0 1 1 1 1   3   1  25   0   0   0   0    23.855    22.011     5.866     0.000     0.000     0.000     0.000   0   0   0   0   0   0   0     0.000     0.000     0.000     0.000    -0.005    -0.000     0.006
   7 0 0 0 1 1 1 1  16  24   6   0   0   0   0    59.288     5.713    19.422     0.000     0.000     0.000     0.000   0   0   0   0   0   0   0     0.000     0.000     0.000    -0.002     0.004     0.016     0.002
   7 0 0 0 1 1 1 1   3  14  11   0   0   0   0    22.385    46.659    50.344     0.000     0.000     0.000     0.000   0   0   0   0   0   0   0     0.000     0.000     0.000    -0.227    -0.003     0.010    -0.000
   7 0 0 0 1 1 1 1   5   5  11   0   0   0   0    21.921    21.807    51.870     0.000     0.000     0.000     0.000   0   0   0   0   0   0   0     0.000     0.000     0.000     0.040     0.013     0.001    -0.005
   7 0 0 0 1 1 1 1   3   2   3   0   0   0   0    22.351    21.477    22.354     0.000     0.000     0.000     0.000   0   0   0   0   0   0   0     0.000     0.000     0.000    -0.012    -0.002     0.095     0.001
   7 0 0 0 1 1 1 1   4   4  11   0   0   0   0    22.017    22.016    52.378     0.000     0.000     0.000     0.000   0   0   0   0   0   0   0     0.000     0.000     0.000    -0.003    -0.108     0.001    -0.004
   7 0 0 0 1 1 1 1  24   0  25   0   0   0   0     5.711    20.724     5.618     0.000     0.000     0.000     0.000   0   0   0   0   0   0   0     0.000     0.000     0.000    -0.506    -0.001     0.087     0.007
   7 0 0 0 1 1 1 1   5  32  25   0   0   0   0    23.202     4.271     5.748     0.000     0.000     0.000     0.000   0   0   0   0   0   0   0     0.000     0.000     0.000    -0.003     0.004    -0.029    -0.006
   7 0 0 0 1 1 1 1   4  21   6   0   0   0   0    23.592    68.693    20.246     0.000     0.000     0.000     0.000   0   0   0   0   0   0   0     0.000     0.000     0.000    -0.001     0.007     0.009     0.001
   7 0 0 0 1 1 1 1  16  14   5   0   0   0   0    57.662    39.904    21.985     0.000     0.000     0.000     0.000   0   0   0   0   0   0   0     0.000     0.000     0.000     0.005    -0.003     0.008     0.000
   7 0 0 0 1 1 1 1  24   4  24   0   0   0   0     5.741    22.017     5.745     0.000     0.000     0.000     0.000   0   0   0   0   0   0   0     0.000     0.000     0.000    -0.013     0.001     0.011     0.023
   7 0 0 0 1 1 1 1   5  18  26   0   0   0   0    21.986    48.683     5.730     0.000     0.000     0.000     0.000   0   0   0   0   0   0   0     0.000     0.000     0.000     0.035     0.004     0.018    -0.002
   7 0 0 0 1 1 1 1   1  13  11   0   0   0   0    22.341    50.291    50.422     0.000     0.000     0.000     0.000   0   0   0   0   0   0   0     0.000     0.000     0.000    -0.003     0.001     0.006     0.001
   7 0 0 0 1 1 1 1  10  16  11   0   0   0   0    16.295    57.572    50.135     0.000     0.000     0.000     0.000   0   0   0   0   0   0   0     0.000     0.000     0.000    -0.002     0.002     0.023     0.009
   7 0 0 0 1 1 1 1  24  27  29   0   0   0   0     5.521     5.392     5.767     0.000     0.000     0.000     0.000   0   0   0   0   0   0   0     0.000     0.000     0.000    -0.000    -0.010    -0.025     0.006
   7 0 0 0 1 1 1 1   4  10   4   0   0   0   0    22.016    15.485    22.017     0.000     0.000     0.000     0.000   0   0   0   0   0   0   0     0.000     0.000     0.000    -0.006    -0.039     0.483     0.000
   7 0 0 0 1 1 1 1  26   2  25   0   0   0   0     5.919    21.477     5.863     0.000     0.000     0.000     0.000   0   0   0   0   0   0   0     0.000     0.000     0.000    -0.011    -0.000     0.000     0.007
   7 0 0 0 1 1 1 1   3   2  11   0   0   0   0    21.610    21.476    54.776     0.000     0.000     0.000     0.000   0   0   0   0   0   0   0     0.000     0.000     0.000    -0.016    -0.007     0.001    -0.008
   7 0 0 0 1 1 1 1  23  32   7   0   0   0   0     5.502     4.347    20.182     0.000     0.000     0.000     0.000   0   0   0   0   0   0   0     0.000     0.000     0.000    -0.008     0.007     0.006    -0.000
   7 0 0 0 1 1 1 1   4   4   4   0   0   0   0    22.016    22.014    22.017     0.000     0.000     0.000     0.000   0   0   0   0   0   0   0     0.000     0.000     0.000    -0.005    -0.030     0.459     0.000
   7 0 0 0 1 1 1 1   3   1  25   0   0   0   0    23.855    22.014     5.704     0.000     0.000     0.000     0.000   0   0   0   0   0   0   0     0.000     0.000     0.000    -0.000    -0.005    -0.012     0.003
   7 0 0 0 1 1 1 1   5  18  24   0   0   0   0    21.985    48.820     5.713     0.000     0.000     0.000     0.000   0   0   0   0   0   0   0     0.000     0.000     0.000     0.024     0.002    -0.002     0.004
   7 0 0 0 1 1 1 1  24  26   1   0   0   0   0     5.741     5.730    21.323     0.000     0.000     0.000     0.000   0   0   0   0   0   0   0     0.000     0.000     0.000    -0.023     0.000     0.008     0.020
   7 0 0 0 1 1 1 1   9  32  11   0   0   0   0    18.645     4.293    52.279     0.000     0.000     0.000     0.000   0   0   0   0   0   0   0     0.000     0.000     0.000    -0.002     0.004    -0.007    -0.032
   7 0 0 0 1 1 1 1  26   1   6   0   0   0   0     5.902    21.883    19.394     0.000     0.000     0.000     0.000   0   0   0   0   0   0   0     0.000     0.000     0.000     0.001    -0.002     0.010     0.001
   7 0 0 0 1 1 1 1   4   4  11   0   0   0   0    22.017    22.016    52.378     0.000     0.000     0.000     0.000   0   0   0   0   0   0   0     0.000     0.000     0.000    -0.002    -0.155     0.001    -0.004
   7 0 0 0 1 1 1 1  11   1  11   0   0   0   0    41.492    22.024    53.183     0.000     0.000     0.000     0.000   0   0   0   0   0   0   0     0.000     0.000     0.000    -0.011    -0.025     0.001    -0.007
   7 0 0 0 1 1 1 1   5  18  26   0   0   0   0    21.989    48.683     5.730     0.000     0.000     0.000     0.000   0   0   0   0   0   0   0     0.000     0.000     0.000     0.032     0.004     0.015    -0.001
   7 0 0 0 1 1 1 1   4   1   6   0   0   0   0    23.592    21.883    20.246     0.000     0.000     0.000     0.000   0   0   0   0   0   0   0     0.000     0.000     0.000     0.001    -0.001     0.007     0.001
   7 0 0 0 1 1 1 1  29  16   0   0   0   0   0     6.174    57.677    21.164     0.000     0.000     0.000     0.000   0   0   0   0   0   0   0     0.000     0.000     0.000    -0.002     0.002     0.008     0.021
   7 0 0 0 1 1 1 1   3  14  11   0   0   0   0    22.385    46.659    50.162     0.000     0.000     0.000     0.000   0   0   0   0   0   0   0     0.000     0.000     0.000    -0.199    -0.002     0.010    -0.000
   7 0 0 0 1 1 1 1  17  22  12   0   0   0   0    57.477     4.881    51.579     0.000     0.000     0.000     0.000   0   0   0   0   0   0   0     0.000     0.000     0.000    -0.033    -0.002     0.008    -0.000
   7 0 0 0 1 1 1 1   4  26  31   0   0   0   0    22.430     5.730     5.483     0.000     0.000     0.000     0.000   0   0   0   0   0   0   0     0.000     0.000     0.000     0.005    -0.003     0.002    -0.001
   7 0 0 0 1 1 1 1  27  10   1   0   0   0   0     5.834    15.800    22.489     0.000     0.000     0.000     0.000   0   0   0   0   0   0   0     0.000     0.000     0.000     0.000    -0.010     0.004     0.019
   7 0 0 0 1 1 1 1  24   0  25   0   0   0   0     5.711    20.724     5.618     0.000     0.000     0.000     0.000   0   0   0   0   0   0   0     0.000     0.000     0.000    -0.467    -0.000     0.084     0.005
   7 0 0 0 1 1 1 1  13  11   2   0   0   0   0    56.638    51.870    21.651     0.000     0.000     0.000     0.000   0   0   0   0   0   0   0     0.000     0.000     0.000     0.001    -0.004     0.036     0.008
   7 0 0 0 1 1 1 1   1  13   1   0   0   0   0    22.326    50.291    22.478     0.000     0.000     0.000     0.000   0   0   0   0   0   0   0     0.000     0.000     0.000    -0.002     0.000     0.002     0.007
   7 0 0 0 1 1 1 1   3   2  12   0   0   0   0    21.608    21.474    54.336     0.000     0.000     0.000     0.000   0   0   0   0   0   0   0     0.000     0.000     0.000    -0.015    -0.006     0.000    -0.009
   7 0 0 0 1 1 1 1  24   4   0   0   0   0   0     5.745    22.017    20.579     0.000     0.000     0.000     0.000   0   0   0   0   0   0   0     0.000     0.000     0.000    -0.010     0.001     0.009     0.033
   7 0 0 0 1 1 1 1   4  10   4   0   0   0   0    22.016    15.485    22.017     0.000     0.000     0.000     0.000   0   0   0   0   0   0   0     0.000     0.000     0.000    -0.005    -0.035     0.436     0.000
   7 0 0 0 1 1 1 1  26  20   6   0   0   0   0     5.902    63.056    19.394     0.000     0.000     0.000     0.000   0   0   0   0   0   0   0     0.000     0.000     0.000    -0.001     0.004     0.009     0.001
   7 0 0 0 1 1 1 1   1  16   2   0   0   0   0    22.428    57.677    23.636     0.000     0.000     0.000     0.000   0   0   0   0   0   0   0     0.000     0.000     0.000    -0.002     0.002     0.006     0.017
   7 0 0 0 1 1 1 1  24  27  29   0   0   0   0     5.521     5.438     5.763     0.000     0.000     0.000     0.000   0   0   0   0   0   0   0     0.000     0.000     0.000    -0.001    -0.012     0.035     0.002
   7 0 0 0 1 1 1 1   5  19  25   0   0   0   0    23.145    61.414     5.748     0.000     0.000     0.000     0.000   0   0   0   0   0   0   0     0.000     0.000     0.000     0.006    -0.001    -0.024    -0.004
   7 0 0 0 1 1 1 1  26  17   6   0   0   0   0     6.090    57.523    21.399     0.000     0.000     0.000     0.000   0   0   0   0   0   0   0     0.000     0.000     0.000    -0.001     0.001     0.005     0.008
   7 0 0 0 1 1 1 1  24   6   6   0   0   0   0     5.720    20.400    21.389     0.000     0.000     0.000     0.000   0   0   0   0   0   0   0     0.000     0.000     0.000     0.000    -0.005     0.003     0.015
   7 0 0 0 1 1 1 1   1   0   1   0   0   0   0    21.440    20.696    21.441     0.000     0.000     0.000     0.000   0   0   0   0   0   0   0     0.000     0.000     0.000     0.008     0.080    -0.444     0.000
   7 0 0 0 1 1 1 1  15  12   2   0   0   0   0    56.209    54.414    21.651     0.000     0.000     0.000     0.000   0   0   0   0   0   0   0     0.000     0.000     0.000    -0.000    -0.017     0.034     0.006
   7 0 0 0 1 1 1 1   2  19   5   0   0   0   0    21.476    66.224    21.828     0.000     0.000     0.000     0.000   0   0   0   0   0   0   0     0.000     0.000     0.000    -0.004    -0.010     0.020     0.000
   7 0 0 0 1 1 1 1   5  18  30   0   0   0   0    21.985    48.792     5.150     0.000     0.000     0.000     0.000   0   0   0   0   0   0   0     0.000     0.000     0.000     0.021     0.002    -0.003     0.000
   7 0 0 0 1 1 1 1  31   1  22   0   0   0   0     5.508    21.440     5.026     0.000     0.000     0.000     0.000   0   0   0   0   0   0   0     0.000     0.000     0.000     0.009    -0.002    -0.007     0.006
   7 0 0 0 1 1 1 1  12  11  25   0   0   0   0    50.182    52.193     5.618     0.000     0.000     0.000     0.000   0   0   0   0   0   0   0     0.000     0.000     0.000    -0.002    -0.023     0.117     0.001
   7 0 0 0 1 1 1 1   4   5   6   0   0   0   0    23.592    21.985    20.061     0.000     0.000     0.000     0.000   0   0   0   0   0   0   0     0.000     0.000     0.000     0.002    -0.001     0.008     0.001
   7 0 0 0 1 1 1 1  27  16   1   0   0   0   0     5.823    52.888    22.489     0.000     0.000     0.000     0.000   0   0   0   0   0   0   0     0.000     0.000     0.000    -0.012     0.000     0.004     0.015
   7 0 0 0 1 1 1 1   4  10   4   0   0   0   0    22.090    15.486    22.142     0.000     0.000     0.000     0.000   0   0   0   0   0   0   0     0.000     0.000     0.000    -0.001    -0.037     0.026     0.000
   7 0 0 0 1 1 1 1   5  18  32   0   0   0   0    21.989    48.712     4.268     0.000     0.000     0.000     0.000   0   0   0   0   0   0   0     0.000     0.000     0.000     0.028     0.003    -0.004     0.001
   7 0 0 0 1 1 1 1  14  11   1   0   0   0   0    39.050    50.435    21.883     0.000     0.000     0.000     0.000   0   0   0   0   0   0   0     0.000     0.000     0.000     0.005     0.001     0.001    -0.001
   7 0 0 0 1 1 1 1   3  14  12   0   0   0   0    21.605    49.145    54.336     0.000     0.000     0.000     0.000   0   0   0   0   0   0   0     0.000     0.000     0.000    -0.007    -0.014     0.000    -0.008
   7 0 0 0 1 1 1 1  14  24   0   0   0   0   0    49.100     5.745    21.150     0.000     0.000     0.000     0.000   0   0   0   0   0   0   0     0.000     0.000     0.000    -0.000     0.017    -0.010    -0.022
   7 0 0 0 1 1 1 1   4  10   4   0   0   0   0    22.016    15.485    22.017     0.000     0.000     0.000     0.000   0   0   0   0   0   0   0     0.000     0.000     0.000    -0.004    -0.035     0.408     0.000
   7 0 0 0 1 1 1 1   2  19   5   0   0   0   0    21.476    66.229    21.828     0.000     0.000     0.000     0.000   0   0   0   0   0   0   0     0.000     0.000     0.000    -0.005    -0.009     0.019     0.000
   7 0 0 0 1 1 1 1  21  14  26   0   0   0   0    68.747    39.920     5.927     0.000     0.000     0.000     0.000   0   0   0   0   0   0   0     0.000     0.000     0.000     0.003    -0.001     0.005     0.010
   7 0 0 0 1 1 1 1  24  23   7   0   0   0   0     5.344     5.573    20.182     0.000     0.000     0.000     0.000   0   0   0   0   0   0   0     0.000     0.000     0.000    -0.004     0.024     0.008    -0.000
   7 0 0 0 1 1 1 1   5  19  22   0   0   0   0    23.145    61.414     4.881     0.000     0.000     0.000     0.000   0   0   0   0   0   0   0     0.000     0.000     0.000     0.006    -0.001    -0.026    -0.004
   7 0 0 0 1 1 1 1  14  11   1   0   0   0   0    39.904    50.657    22.014     0.000     0.000     0.000     0.000   0   0   0   0   0   0   0     0.000     0.000     0.000     0.004    -0.000     0.000    -0.002
   7 0 0 0 1 1 1 1   4   4  11   0   0   0   0    22.017    22.016    52.378     0.000     0.000     0.000     0.000   0   0   0   0   0   0   0     0.000     0.000     0.000    -0.001    -0.147     0.001    -0.003
   7 0 0 0 1 1 1 1   4   4  11   0   0   0   0    22.017    22.016    52.260     0.000     0.000     0.000     0.000   0   0   0   0   0   0   0     0.000     0.000     0.000    -0.000    -0.281     0.002    -0.005
   7 0 0 0 1 1 1 1   5   5  20   0   0   0   0    21.921    21.807    63.059     0.000     0.000     0.000     0.000   0   0   0   0   0   0   0     0.000     0.000     0.000     0.031     0.008     0.000    -0.009
   7 0 0 0 1 1 1 1   4   5   6   0   0   0   0    23.592    21.985    20.061     0.000     0.000     0.000     0.000   0   0   0   0   0   0   0     0.000     0.000     0.000     0.002    -0.001     0.008     0.001
   7 0 0 0 1 1 1 1  12  11   8   0   0   0   0    49.605    51.141    17.007     0.000     0.000     0.000     0.000   0   0   0   0   0   0   0     0.000     0.000     0.000    -0.000    -0.009     0.012     0.001
   7 0 0 0 1 1 1 1   4   4  28   0   0   0   0    22.017    22.016     5.646     0.000     0.000     0.000     0.000   0   0   0   0   0   0   0     0.000     0.000     0.000    -0.000    -0.405    -0.001     0.004
   7 0 0 0 1 1 1 1  13  26  13   0   0   0   0    50.152     5.873    50.295     0.000     0.000     0.000     0.000   0   0   0   0   0   0   0     0.000     0.000     0.000    -0.005     0.000     0.038     0.000
   7 0 0 0 1 1 1 1  26  20   6   0   0   0   0     5.903    63.056    19.394     0.000     0.000     0.000     0.000   0   0   0   0   0   0   0     0.000     0.000     0.000    -0.001     0.004     0.007     0.001
   7 0 0 0 1 1 1 1  28  30  25   0   0   0   0     5.624     5.497     5.618     0.000     0.000     0.000     0.000   0   0   0   0   0   0   0     0.000     0.000     0.000    -0.000    -0.013    -0.017     0.002
   7 0 0 0 1 1 1 1   1   3   6   0   0   0   0    22.425    24.426    21.365     0.000     0.000     0.000     0.000   0   0   0   0   0   0   0     0.000     0.000     0.000    -0.000    -0.016     0.008     0.016
   7 0 0 0 1 1 1 1  12  12   0   0   0   0   0    54.445    50.182    20.959     0.000     0.000     0.000     0.000   0   0   0   0   0   0   0     0.000     0.000     0.000    -0.002     0.002    -0.019    -0.008
   7 0 0 0 1 1 1 1  25  24  31   0   0   0   0     5.938     5.709     5.466     0.000     0.000     0.000     0.000   0   0   0   0   0   0   0     0.000     0.000     0.000    -0.001     0.002     0.004     0.000
   7 0 0 0 1 1 1 1  25  22   5   0   0   0   0     5.982     5.031    22.884     0.000     0.000     0.000     0.000   0   0   0   0   0   0   0     0.000     0.000     0.000    -0.005     0.000     0.011     0.005
   7 0 0 0 1 1 1 1  11   1   1   0   0   0   0    41.461    22.026    21.440     0.000     0.000     0.000     0.000   0   0   0   0   0   0   0     0.000     0.000     0.000    -0.010    -0.021     0.008    -0.000
   7 0 0 0 1 1 1 1   5  18  26   0   0   0   0    21.995    48.792     5.730     0.000     0.000     0.000     0.000   0   0   0   0   0   0   0     0.000     0.000     0.000     0.023     0.002     0.012    -0.001
   7 0 1 0 1 1 1 1   5  18  14   0   0   0   0    21.807    48.792    46.659     0.000     0.000     0.000     0.000   0   0   0   0   0   0   0     0.000     0.017     0.000     0.023     0.002     0.001    -0.001
   7 0 0 1 1 1 1 1  12  25  14   0   0   0   0    54.540     4.975    46.659     0.000     0.000     0.000     0.000   0   0   0   0   0   0   0     0.000     0.017    -0.013    -0.007     0.000     0.001    -0.001
   7 0 0 0 1 1 1 1   4   4  11   0   0   0   0    22.017    22.016    52.260     0.000     0.000     0.000     0.000   0   0   0   0   0   0   0     0.000     0.017    -0.013    -0.000    -0.385     0.001    -0.004
   7 0 0 0 1 1 1 1  11  17   0   0   0   0   0    54.509    57.487    20.989     0.000     0.000     0.000     0.000   0   0   0   0   0   0   0     0.000     0.017    -0.013    -0.002     0.002    -0.016    -0.004
   7 0 0 0 1 1 1 1   5  18  26   0   0   0   0    21.985    48.954     5.730     0.000     0.000     0.000     0.000   0   0   0   0   0   0   0     0.000     0.017    -0.013     0.014     0.000     0.006    -0.001
   7 0 0 0 1 1 1 1   0  22  32   0   0   0   0    21.535     5.031     4.356     0.000     0.000     0.000     0.000   0   0   0   0   0   0   0     0.000     0.017    -0.013    -0.005     0.000     0.010     0.003
   7 0 0 0 1 1 1 1   4   4  24   0   0   0   0    22.017    22.016     5.521     0.000     0.000     0.000     0.000   0   0   0   0   0   0   0     0.000     0.017    -0.013    -0.000    -0.366    -0.001     0.003
   7 0 0 0 1 1 1 1  13  11   2   0   0   0   0    56.602    51.870    21.651     0.000     0.000     0.000     0.000   0   0   0   0   0   0   0     0.000     0.017    -0.013     0.001    -0.004     0.029     0.005
   7 0 0 0 1 1 1 1   4   0  20   0   0   0   0    22.005    20.646    63.056     0.000     0.000     0.000     0.000   0   0   0   0   0   0   0     0.000     0.017    -0.013     0.001    -0.004     0.000     0.017
   7 0 0 0 1 1 1 1   4   4  28   0   0   0   0    22.017    22.016     5.733     0.000     0.000     0.000     0.000   0   0   0   0   0   0   0     0.000     0.017    -0.013    -0.001    -0.139     0.000     0.008
   7 0 0 0 1 1 1 1  24  26   0   0   0   0   0     5.745     5.732    20.579     0.000     0.000     0.000     0.000   0   0   0   0   0   0   0     0.000     0.017    -0.013    -0.013     0.000     0.003     0.027
   7 0 0 0 1 1 1 1   5  19  28   0   0   0   0    23.202    61.414     5.606     0.000     0.000     0.000     0.000   0   0   0   0   0   0   0     0.000     0.017    -0.013     0.005    -0.001    -0.015    -0.003
   7 0 0 0 1 1 1 1   3   1  25   0   0   0   0    23.787    22.029     5.685     0.000     0.000     0.000     0.000   0   0   0   0   0   0   0     0.000     0.017    -0.013    -0.000    -0.006    -0.012     0.002
   7 0 0 0 1 1 1 1   3   1  12   0   0   0   0    21.602    22.026    54.540     0.000     0.000     0.000     0.000   0   0   0   0   0   0   0     0.000     0.017    -0.013    -0.006    -0.012     0.000    -0.012
   7 0 0 0 1 1 1 1   1   0   1   0   0   0   0    21.440    20.696    21.441     0.000     0.000     0.000     0.000   0   0   0   0   0   0   0     0.000     0.017    -0.013     0.005     0.076    -0.347     0.000
   7 0 0 0 1 1 1 1  20  20  10   0   0   0   0    63.059    63.056    15.484     0.000     0.000     0.000     0.000   0   0   0   0   0   0   0     0.000     0.017    -0.013    -0.000     0.384    -0.003    -0.108
   7 0 0 0 1 1 1 1   4   5   5   0   0   0   0    23.592    21.985    22.649     0.000     0.000     0.000     0.000   0   0   0   0   0   0   0     0.000     0.017    -0.013     0.002    -0.001     0.007     0.001
   7 0 0 0 1 1 1 1  12  11   8   0   0   0   0    49.377    51.141    17.007     0.000     0.000     0.000     0.000   0   0   0   0   0   0   0     0.000     0.017    -0.013    -0.000    -0.009     0.010     0.000
   7 0 0 0 1 1 1 1  11   2  25   0   0   0   0    41.498    21.474     5.982     0.000     0.000     0.000     0.000   0   0   0   0   0   0   0     0.000     0.017    -0.013    -0.017    -0.007    -0.000     0.009
   7 0 0 0 1 1 1 1   5  18  26   0   0   0   0    21.994    48.683     5.730     0.000     0.000     0.000     0.000   0   0   0   0   0   0   0     0.000     0.017    -0.013     0.023     0.002     0.011    -0.001
   7 0 0 0 1 1 1 1   2  10  11   0   0   0   0    23.175    15.322    50.424     0.000     0.000     0.000     0.000   0   0   0   0   0   0   0     0.000     0.017    -0.013     0.001    -0.001     0.004     0.001
   7 0 0 0 1 1 1 1  24   0   1   0   0   0   0     5.713    20.713    22.489     0.000     0.000     0.000     0.000   0   0   0   0   0   0   0     0.000     0.017    -0.013    -0.059    -0.000     0.002     0.012
   7 0 0 0 1 1 1 1   5  18  24   0   0   0   0    21.982    48.854     5.344     0.000     0.000     0.000     0.000   0   0   0   0   0   0   0     0.000     0.017    -0.013     0.029     0.001    -0.005     0.000
   7 0 0 0 1 1 1 1  20  20  10   0   0   0   0    63.059    63.056    15.484     0.000     0.000     0.000     0.000   0   0   0   0   0   0   0     0.000     0.017    -0.013    -0.000     0.364    -0.003    -0.103
   7 0 0 0 1 1 1 1   2  19   5   0   0   0   0    21.474    66.241    21.828     0.000     0.000     0.000     0.000   0   0   0   0   0   0   0     0.000     0.017    -0.013    -0.004    -0.008     0.015     0.000
   7 0 0 0 1 1 1 1   0  22  12   0   0   0   0    21.453     5.031    49.667     0.000     0.000     0.000     0.000   0   0   0   0   0   0   0     0.000     0.017    -0.013    -0.008     0.000     0.002     0.008
   7 0 0 0 1 1 1 1   1  11   1   0   0   0   0    21.440    51.896    21.441     0.000     0.000     0.000     0.000   0   0   0   0   0   0   0     0.000     0.017    -0.013     0.072     0.005    -0.330     0.000
   7 0 0 0 1 1 1 1  15  20   0   0   0   0   0    57.890    63.059    21.253     0.000     0.000     0.000     0.000   0   0   0   0   0   0   0     0.000     0.017    -0.013     0.000    -0.007     0.027     0.010
   7 0 0 0 1 1 1 1  14  14   7   0   0   0   0    46.659    46.651    20.156     0.000     0.000     0.000     0.000   0   0   0   0   0   0   0     0.000     0.017    -0.013     0.000     0.146    -0.001    -0.004
   7 0 0 0 1 1 1 1   1   8  11   0   0   0   0    22.348    18.327    52.062     0.000     0.000     0.000     0.000   0   0   0   0   0   0   0     0.000     0.017    -0.013     0.000    -0.004     0.004    -0.012
   7 0 0 0 1 1 1 1  16  13  26   0   0   0   0    57.626    50.963     5.897     0.000     0.000     0.000     0.000   0   0   0   0   0   0   0     0.000     0.017    -0.013    -0.001    -0.014     0.005    -0.001
   7 0 0 0 1 1 1 1  20   4  13   0   0   0   0    63.022    22.471    50.295     0.000     0.000     0.000     0.000   0   0   0   0   0   0   0     0.000     0.017    -0.013    -0.003     0.001     0.235    -0.003
   7 0 0 0 1 1 1 1   2  19  21   0   0   0   0    21.474    66.229    68.747     0.000     0.000     0.000     0.000   0   0   0   0   0   0   0     0.000     0.017    -0.013    -0.003    -0.007    -0.000     0.005
   7 0 0 0 1 1 1 1  28  27  25   0   0   0   0     5.620     5.504     5.618     0.000     0.000     0.000     0.000   0   0   0   0   0   0   0     0.000     0.017    -0.013    -0.000    -0.012    -0.013     0.002
   7 0 0 0 1 1 1 1  24  26  24   0   0   0   0     5.736     5.732     5.749     0.000     0.000     0.000     0.000   0   0   0   0   0   0   0     0.000     0.017    -0.013    -0.013    -0.000     0.005     0.013
   7 0 0 0 1 1 1 1   9  19  25   0   0   0   0    18.543    61.414     5.709     0.000     0.000     0.000     0.000   0   0   0   0   0   0   0     0.000     0.017    -0.013     0.005    -0.000    -0.018    -0.002
   7 0 0 0 1 1 1 1  24  17  22   0   0   0   0     5.709    57.523     5.328     0.000     0.000     0.000     0.000   0   0   0   0   0   0   0     0.000     0.017    -0.013    -0.002     0.001     0.000     0.139
   7 0 0 0 1 1 1 1  12   1   0   0   0   0   0    54.269    21.887    21.039     0.000     0.000     0.000     0.000   0   0   0   0   0   0   0     0.000     0.017    -0.013     0.002    -0.001    -0.007    -0.000
   7 0 0 0 1 1 1 1   1   3   6   0   0   0   0    22.425    24.426    21.365     0.000     0.000     0.000     0.000   0   0   0   0   0   0   0     0.000     0.017    -0.013    -0.000    -0.014     0.006     0.014
   7 0 0 0 1 1 1 1  27   2  11   0   0   0   0     5.002    21.651    51.875     0.000     0.000     0.000     0.000   0   0   0   0   0   0   0     0.000     0.017    -0.013     0.025     0.004     0.000    -0.003
   7 0 0 0 1 1 1 1   2  31  11   0   0   0   0    23.175     5.489    50.447     0.000     0.000     0.000     0.000   0   0   0   0   0   0   0     0.000     0.017    -0.013     0.000    -0.002     0.004     0.001
   7 0 0 0 1 1 1 1   4   4  12   0   0   0   0    22.017    22.016    54.041     0.000     0.000     0.000     0.000   0   0   0   0   0   0   0     0.000     0.017    -0.013    -0.001    -0.129     0.001    -0.003
   7 0 0 0 1 1 1 1   5  18  14   0   0   0   0    21.982    48.820    46.651     0.000     0.000     0.000     0.000   0   0   0   0   0   0   0     0.000     0.017    -0.013     0.027     0.001     0.000    -0.004
   7 0 0 0 1 1 1 1  20  17  13   0   0   0   0    63.025    57.493    50.295     0.000     0.000     0.000     0.000   0   0   0   0   0   0   0     0.000     0.017    -0.013    -0.002     0.001     0.334    -0.003
   7 0 1 0 1 1 1 1   5  17  20   0   0   0   0    21.807    57.493    63.059     0.000     0.000     0.000     0.000   0   0   0   0   0   0   0     0.000     0.014    -0.013    -0.002     0.001     0.000    -0.003
   7 0 0 0 1 1 1 1   0  22  30   0   0   0   0    21.282     4.978     5.497     0.000     0.000     0.000     0.000   0   0   0   0   0   0   0     0.000     0.014    -0.013    -0.017    -0.000     0.002    -0.008
   7 0 0 0 1 1 1 1   1   0   1   0   0   0   0    21.440    20.696    21.441     0.000     0.000     0.000     0.000   0   0   0   0   0   0   0     0.000     0.014    -0.013     0.005     0.069    -0.312     0.000
   7 0 0 0 1 1 1 1  20   1  13   0   0   0   0    63.025    21.651    50.295     0.000     0.000     0.000     0.000   0   0   0   0   0   0   0     0.000     0.014    -0.013    -0.006     0.000     0.317    -0.002
   7 0 0 0 1 1 1 1  24  10  22   0   0   0   0     5.709    15.408     5.328     0.000     0.000     0.000     0.000   0   0   0   0   0   0   0     0.000     0.014    -0.013     0.000    -0.002     0.000     0.132
   7 0 0 0 1 1 1 1   3   1  11   0   0   0   0    21.596    22.028    53.660     0.000     0.000     0.000     0.000   0   0   0   0   0   0   0     0.000     0.014    -0.013    -0.006    -0.011     0.000    -0.003
   7 0 0 0 1 1 1 1  11  20  22   0   0   0   0    53.514    63.059     4.981     0.000     0.000     0.000     0.000   0   0   0   0   0   0   0     0.000     0.014    -0.013    -0.000     0.009    -0.041    -0.004
   7 0 0 0 1 1 1 1   5   5  20   0   0   0   0    21.871    21.807    63.059     0.000     0.000     0.000     0.000   0   0   0   0   0   0   0     0.000     0.014    -0.013     0.024     0.009     0.000    -0.006
   7 0 0 0 1 1 1 1   4  22  24   0   0   0   0    23.592     4.976     5.320     0.000     0.000     0.000     0.000   0   0   0   0   0   0   0     0.000     0.014    -0.013    -0.011    -0.000    -0.005     0.002
   7 0 0 0 1 1 1 1   4   4  28   0   0   0   0    22.017    22.016     5.733     0.000     0.000     0.000     0.000   0   0   0   0   0   0   0     0.000     0.014    -0.013    -0.001    -0.122     0.000     0.006
   7 0 0 0 1 1 1 1  25  22  11   0   0   0   0     5.866     5.017    52.260     0.000     0.000     0.000     0.000   0   0   0   0   0   0   0     0.000     0.014    -0.013    -0.010    -0.001     0.004    -0.003
   7 0 0 0 1 1 1 1  20  17  13   0   0   0   0    63.025    57.493    50.295     0.000     0.000     0.000     0.000   0   0   0   0   0   0   0     0.000     0.014    -0.013    -0.002     0.001     0.302    -0.002
   7 0 1 0 1 1 1 1   5  17  14   0   0   0   0    21.807    57.493    46.659     0.000     0.000     0.000     0.000   0   0   0   0   0   0   0     0.000     0.013    -0.013    -0.002     0.001     0.000    -0.001
   7 0 0 0 1 1 1 1  12  11   8   0   0   0   0    49.377    51.141    17.004     0.000     0.000     0.000     0.000   0   0   0   0   0   0   0     0.000     0.013    -0.013    -0.000    -0.007     0.009     0.000
   7 0 0 0 1 1 1 1   3   0  22   0   0   0   0    21.603    21.151     4.893     0.000     0.000     0.000     0.000   0   0   0   0   0   0   0     0.000     0.013    -0.013    -0.008    -0.018     0.006    -0.000
   7 0 0 0 1 1 1 1  20   1  13   0   0   0   0    63.025    21.655    50.295     0.000     0.000     0.000     0.000   0   0   0   0   0   0   0     0.000     0.013    -0.013    -0.005     0.000     0.286    -0.002
   7 0 0 0 1 1 1 1   5  20  26   0   0   0   0    21.985    62.368     5.730     0.000     0.000     0.000     0.000   0   0   0   0   0   0   0     0.000     0.013    -0.013     0.019     0.000     0.005    -0.000
   7 0 0 0 1 1 1 1  14   2  13   0   0   0   0    39.971    23.636    47.818     0.000     0.000     0.000     0.000   0   0   0   0   0   0   0     0.000     0.013    -0.013     0.002     0.010    -0.007     0.000
   7 0 0 0 1 1 1 1  31  29  28   0   0   0   0     5.508     5.766     5.584     0.000     0.000     0.000     0.000   0   0   0   0   0   0   0     0.000     0.013    -0.013     0.001    -0.004    -0.010     0.003
   7 0 0 0 1 1 1 1  20   7  13   0   0   0   0    63.025    19.929    50.295     0.000     0.000     0.000     0.000   0   0   0   0   0   0   0     0.000     0.013    -0.013    -0.010    -0.000     0.272    -0.002
   7 0 0 0 1 1 1 1   2  10  11   0   0   0   0    23.183    15.408    50.424     0.000     0.000     0.000     0.000   0   0   0   0   0   0   0     0.000     0.013    -0.013     0.000    -0.001     0.003     0.001
   7 0 0 0 1 1 1 1  28  30  26   0   0   0   0     5.624     5.497     5.730     0.000     0.000     0.000     0.000   0   0   0   0   0   0   0     0.000     0.013    -0.013    -0.000    -0.008    -0.005     0.002
   7 0 0 1 1 1 1 1  11   5  26   0   0   0   0    57.756    21.835     5.730     0.000     0.000     0.000     0.000   0   0   0   0   0   0   0     0.000     0.013    -0.036     0.022    -0.000    -0.005     0.002
   7 0 0 0 1 1 1 1   5   4  26   0   0   0   0    21.950    22.462     5.730     0.000     0.000     0.000     0.000   0   0   0   0   0   0   0     0.000     0.013    -0.036    -0.006     0.008     0.007    -0.000
   7 0 0 0 1 1 1 1  25  24  23   0   0   0   0     5.938     5.709     5.581     0.000     0.000     0.000     0.000   0   0   0   0   0   0   0     0.000     0.013    -0.036    -0.001     0.001     0.002    -0.004
   7 0 0 0 1 1 1 1   3   0  12   0   0   0   0    21.614    21.150    54.041     0.000     0.000     0.000     0.000   0   0   0   0   0   0   0     0.000     0.013    -0.036    -0.003    -0.009     0.000    -0.003
   7 0 0 0 1 1 1 1   1   0   1   0   0   0   0    21.440    20.696    21.441     0.000     0.000     0.000     0.000   0   0   0   0   0   0   0     0.000     0.013    -0.036     0.004     0.065    -0.296     0.000
   7 0 0 0 1 1 1 1  12   9   0   0   0   0   0    54.464    18.543    20.959     0.000     0.000     0.000     0.000   0   0   0   0   0   0   0     0.000     0.013    -0.036     0.001    -0.003    -0.014    -0.004
   7 0 0 0 1 1 1 1   4  17  26   0   0   0   0    22.001    56.471     5.730     0.000     0.000     0.000     0.000   0   0   0   0   0   0   0     0.000     0.013    -0.036    -0.002    -0.012     0.012     0.000
   7 0 0 0 1 1 1 1   0  23  12   0   0   0   0    21.447     5.403    49.667     0.000     0.000     0.000     0.000   0   0   0   0   0   0   0     0.000     0.013    -0.036    -0.011    -0.000     0.001     0.006
   7 0 0 0 1 1 1 1   3   2  11   0   0   0   0    21.605    21.469    53.514     0.000     0.000     0.000     0.000   0   0   0   0   0   0   0     0.000     0.013    -0.036    -0.016    -0.007     0.001    -0.004
   7 0 0 0 1 1 1 1   5  18  22   0   0   0   0    21.995    48.683     5.329     0.000     0.000     0.000     0.000   0   0   0   0   0   0   0     0.000     0.013    -0.036     0.021     0.002     0.001    -0.003
   7 0 0 0 1 1 1 1   7   2  26   0   0   0   0    19.929    21.469     5.730     0.000     0.000     0.000     0.000   0   0   0   0   0   0   0     0.000     0.013    -0.036    -0.007    -0.003     0.005    -0.000
   7 0 0 0 1 1 1 1   1  19  25   0   0   0   0    21.887    66.130     5.757     0.000     0.000     0.000     0.000   0   0   0   0   0   0   0     0.000     0.013    -0.036    -0.000     0.006    -0.003     0.000
   7 0 0 0 1 1 1 1  16  13  26   0   0   0   0    57.632    50.963     5.897     0.000     0.000     0.000     0.000   0   0   0   0   0   0   0     0.000     0.013    -0.036    -0.001    -0.012     0.005    -0.001
   7 0 0 0 1 1 1 1   5  11  20   0   0   0   0    21.871    52.162    63.059     0.000     0.000     0.000     0.000   0   0   0   0   0   0   0     0.000     0.013    -0.036     0.008     0.022     0.000    -0.006
   7 0 0 0 1 1 1 1   7  14  26   0   0   0   0    19.929    48.153     5.730     0.000     0.000     0.000     0.000   0   0   0   0   0   0   0     0.000     0.013    -0.036    -0.002    -0.005     0.004    -0.000
   7 0 0 0 1 1 1 1  24   0  22   0   0   0   0     5.711    20.724     5.326     0.000     0.000     0.000     0.000   0   0   0   0   0   0   0     0.000     0.013    -0.036    -0.116    -0.000     0.002     0.009
   7 0 0 0 1 1 1 1   2  16   1   0   0   0   0    23.427    57.626    22.516     0.000     0.000     0.000     0.000   0   0   0   0   0   0   0     0.000     0.013    -0.036    -0.002     0.001     0.007     0.014
   7 0 0 0 1 1 1 1  20  32  13   0   0   0   0    63.025     4.305    50.295     0.000     0.000     0.000     0.000   0   0   0   0   0   0   0     0.000     0.013    -0.036    -0.001     0.001     0.258    -0.002
   7 0 0 0 1 1 1 1   4  17  26   0   0   0   0    22.000    56.471     5.730     0.000     0.000     0.000     0.000   0   0   0   0   0   0   0     0.000     0.013    -0.036    -0.002    -0.012     0.011     0.000
   7 0 0 0 1 1 1 1   1   7  11   0   0   0   0    22.374    20.698    52.192     0.000     0.000     0.000     0.000   0   0   0   0   0   0   0     0.000     0.013    -0.036     0.000    -0.002     0.003    -0.009
   7 0 0 0 1 1 1 1  22   2   4   0   0   0   0     4.893    23.023    23.589     0.000     0.000     0.000     0.000   0   0   0   0   0   0   0     0.000     0.013    -0.036     0.014     0.005     0.000    -0.010
   7 0 0 0 1 1 1 1   5  19  25   0   0   0   0    23.002    61.414     5.709     0.000     0.000     0.000     0.000   0   0   0   0   0   0   0     0.000     0.013    -0.036     0.005    -0.000    -0.015    -0.002
   7 0 0 0 1 1 1 1   7   2  10   0   0   0   0    19.929    21.463    15.312     0.000     0.000     0.000     0.000   0   0   0   0   0   0   0     0.000     0.013    -0.036    -0.007    -0.004     0.001    -0.000
   7 0 0 0 1 1 1 1  12   1  32   0   0   0   0    54.540    21.887     4.171     0.000     0.000     0.000     0.000   0   0   0   0   0   0   0     0.000     0.013    -0.036     0.001    -0.001    -0.009    -0.003
   7 0 0 0 1 1 1 1   1   0   1   0   0   0   0    21.440    20.696    21.441     0.000     0.000     0.000     0.000   0   0   0   0   0   0   0     0.000     0.013    -0.036     0.004     0.062    -0.282     0.000
   7 0 0 0 1 1 1 1  13  26  19   0   0   0   0    49.049     5.873    61.414     0.000     0.000     0.000     0.000   0   0   0   0   0   0   0     0.000     0.013    -0.036    -0.006    -0.000     0.007    -0.000
   7 0 0 0 1 1 1 1  26  29   6   0   0   0   0     5.902     5.767    19.394     0.000     0.000     0.000     0.000   0   0   0   0   0   0   0     0.000     0.013    -0.036     0.000    -0.002     0.005     0.001
   7 0 0 0 1 1 1 1   0  22   6   0   0   0   0    21.282     4.978    19.910     0.000     0.000     0.000     0.000   0   0   0   0   0   0   0     0.000     0.013    -0.036    -0.014    -0.000     0.004     0.000
   7 0 0 1 1 1 1 1  11   3   6   0   0   0   0    57.756    22.419    19.910     0.000     0.000     0.000     0.000   0   0   0   0   0   0   0     0.000     0.013    -0.033    -0.002     0.001     0.004     0.000
   7 0 0 0 1 1 1 1   5  18  22   0   0   0   0    21.995    48.954     5.329     0.000     0.000     0.000     0.000   0   0   0   0   0   0   0     0.000     0.013    -0.033     0.014     0.001     0.001    -0.002
   7 0 1 0 1 1 1 1   5  18  20   0   0   0   0    21.807    48.954    63.059     0.000     0.000     0.000     0.000   0   0   0   0   0   0   0     0.000     0.012    -0.033     0.014     0.001     0.000    -0.003
   7 0 0 0 1 1 1 1   1  18  11   0   0   0   0    22.352    45.103    52.192     0.000     0.000     0.000     0.000   0   0   0   0   0   0   0     0.000     0.012    -0.033    -0.003     0.000     0.003    -0.008
   7 0 1 0 1 1 1 1   5  18  12   0   0   0   0    21.835    45.103    54.400     0.000     0.000     0.000     0.000   0   0   0   0   0   0   0     0.000     0.020    -0.033    -0.003     0.000     0.000    -0.011
   7 0 0 0 1 1 1 1  12  20  13   0   0   0   0    54.464    63.025    54.637     0.000     0.000     0.000     0.000   0   0   0   0   0   0   0     0.000     0.020    -0.033    -0.000     0.005    -0.013    -0.002
   7 0 0 0 1 1 1 1  24  17  22   0   0   0   0     5.709    57.523     5.328     0.000     0.000     0.000     0.000   0   0   0   0   0   0   0     0.000     0.020    -0.033    -0.001     0.000     0.000     0.124
   7 0 0 0 1 1 1 1  27  32   1   0   0   0   0     5.820     4.400    22.489     0.000     0.000     0.000     0.000   0   0   0   0   0   0   0     0.000     0.020    -0.033     0.000    -0.006     0.002     0.008
   7 0 0 0 1 1 1 1  24  26   0   0   0   0   0     5.747     5.732    20.579     0.000     0.000     0.000     0.000   0   0   0   0   0   0   0     0.000     0.020    -0.033    -0.009     0.000    -0.000     0.028
   7 0 0 0 1 1 1 1  11  17   0   0   0   0   0    54.491    57.487    20.959     0.000     0.000     0.000     0.000   0   0   0   0   0   0   0     0.000     0.020    -0.033    -0.001     0.002    -0.012    -0.003
   7 0 0 0 1 1 1 1   2  31  11   0   0   0   0    23.175     5.489    52.279     0.000     0.000     0.000     0.000   0   0   0   0   0   0   0     0.000     0.020    -0.033     0.000    -0.001     0.002    -0.004
   7 0 0 0 1 1 1 1  28  23  25   0   0   0   0     5.624     5.774     5.614     0.000     0.000     0.000     0.000   0   0   0   0   0   0   0     0.000     0.020    -0.033    -0.001     0.016     0.013     0.001
   7 0 0 0 1 1 1 1   1   0   1   0   0   0   0    21.440    20.696    21.441     0.000     0.000     0.000     0.000   0   0   0   0   0   0   0     0.000     0.020    -0.033     0.004     0.060    -0.267     0.000
   7 0 0 0 1 1 1 1   7  16  25   0   0   0   0    20.249    55.314     5.646     0.000     0.000     0.000     0.000   0   0   0   0   0   0   0     0.000     0.020    -0.033     0.017     0.001    -0.011    -0.000
   7 0 0 0 1 1 1 1   6   4  26   0   0   0   0    19.149    22.504     5.730     0.000     0.000     0.000     0.000   0   0   0   0   0   0   0     0.000     0.020    -0.033    -0.002    -0.009     0.004    -0.000
   7 0 0 0 1 1 1 1  26  13   6   0   0   0   0     5.730    50.295    19.133     0.000     0.000     0.000     0.000   0   0   0   0   0   0   0     0.000     0.020    -0.033    -0.110     0.001     0.025     0.000
   7 0 0 0 1 1 1 1   5  18  24   0   0   0   0    21.982    48.854     5.521     0.000     0.000     0.000     0.000   0   0   0   0   0   0   0     0.000     0.020    -0.033     0.023     0.001    -0.002     0.002
