  204
   1 1   0     0.000   0     4.893
   1 1   0     0.000   0     5.610
   1 1   0     0.000   0     5.829
   1 1   0     0.000   0     6.030
   7 0 0 1 1 1 0 0   0   0   0   0   0   0   0    21.784    21.124     0.000     0.000     0.000     0.000     0.000   0   0   0   0   0   0   0     0.000     0.000     0.587    -0.079     0.001     0.000     0.000
   7 0 0 0 1 1 1 1  25  16   0   0   0   0   0     5.882    57.201    21.784     0.000     0.000     0.000     0.000   0   0   0   0   0   0   0     0.000     0.000     0.587    -0.066    -0.024     0.010     0.122
   7 0 0 0 1 1 1 1  29   6   4   0   0   0   0     5.710    20.219    23.208     0.000     0.000     0.000     0.000   0   0   0   0   0   0   0     0.000     0.000     0.587    -0.022    -0.091     0.046     0.016
   7 0 0 1 1 1 1 1   0   0   4   0   0   0   0    21.784    21.124    23.208     0.000     0.000     0.000     0.000   0   0   0   0   0   0   0     0.000     0.000    -0.563    -0.128     0.048     0.046     0.016
   7 0 0 1 1 1 1 1   0   0   4   0   0   0   0    21.784    21.124    23.208     0.000     0.000     0.000     0.000   0   0   0   0   0   0   0     0.000     0.000     0.557    -0.072     0.001     0.046     0.016
   7 0 0 0 1 1 1 1  25  17  11   0   0   0   0     5.882    58.516    48.339     0.000     0.000     0.000     0.000   0   0   0   0   0   0   0     0.000     0.000     0.557    -0.062    -0.025     0.116     0.009
   7 0 0 0 1 1 1 1  29   6   4   0   0   0   0     5.710    20.219    23.208     0.000     0.000     0.000     0.000   0   0   0   0   0   0   0     0.000     0.000     0.557    -0.020    -0.082     0.043     0.014
   7 0 0 1 1 1 1 1   0   0   4   0   0   0   0    21.784    21.124    23.208     0.000     0.000     0.000     0.000   0   0   0   0   0   0   0     0.000     0.000    -0.535    -0.116     0.043     0.043     0.014
   7 0 1 0 1 1 1 1  11   0   0   0   0   0   0    48.339    21.124    21.124     0.000     0.000     0.000     0.000   0   0   0   0   0   0   0     0.000     0.529    -0.535    -0.116     0.043    -0.065     0.001
   7 0 0 0 1 1 1 1  25   5   0   0   0   0   0     5.882    22.593    21.784     0.000     0.000     0.000     0.000   0   0   0   0   0   0   0     0.000     0.529    -0.535    -0.023    -0.057     0.008     0.110
   7 0 0 0 1 1 1 1  29   6  26   0   0   0   0     5.710    20.219     5.896     0.000     0.000     0.000     0.000   0   0   0   0   0   0   0     0.000     0.529    -0.535    -0.018    -0.075     0.000     0.018
   7 0 0 1 1 1 1 1   0  11  26   0   0   0   0    21.784    54.844     5.896     0.000     0.000     0.000     0.000   0   0   0   0   0   0   0     0.000     0.529    -0.508     0.036    -0.122     0.000     0.018
   7 0 0 1 1 1 1 1   0  26  26   0   0   0   0    21.784     5.887     5.896     0.000     0.000     0.000     0.000   0   0   0   0   0   0   0     0.000     0.529     0.503    -0.056     0.002     0.000     0.018
   7 0 0 0 1 1 1 1  25  25   0   0   0   0   0     5.919     5.824    21.784     0.000     0.000     0.000     0.000   0   0   0   0   0   0   0     0.000     0.529     0.503    -0.050    -0.016     0.009     0.105
   7 0 0 0 1 1 1 1  29   6   4   0   0   0   0     5.710    20.219    23.208     0.000     0.000     0.000     0.000   0   0   0   0   0   0   0     0.000     0.529     0.503    -0.016    -0.068     0.038     0.012
   7 0 0 1 1 1 1 1   0   0   4   0   0   0   0    21.784    21.124    23.208     0.000     0.000     0.000     0.000   0   0   0   0   0   0   0     0.000     0.529    -0.483    -0.097     0.036     0.038     0.012
   7 0 0 1 1 1 1 1   0   0   4   0   0   0   0    21.784    21.162    23.208     0.000     0.000     0.000     0.000   0   0   0   0   0   0   0     0.000     0.529     0.478    -0.052     0.001     0.038     0.012
   7 0 0 0 1 1 1 1  25  25  11   0   0   0   0     5.919     5.824    48.339     0.000     0.000     0.000     0.000   0   0   0   0   0   0   0     0.000     0.529     0.478    -0.046    -0.015     0.099     0.008
   7 0 0 0 1 1 1 1  26  11   0   0   0   0   0     5.887    54.844    21.784     0.000     0.000     0.000     0.000   0   0   0   0   0   0   0     0.000     0.529     0.478    -0.016    -0.051     0.014    -0.070
   7 0 0 1 1 1 1 1   0  11   0   0   0   0   0    21.784    54.844    21.784     0.000     0.000     0.000     0.000   0   0   0   0   0   0   0     0.000     0.529    -0.459     0.030    -0.102     0.014    -0.070
   7 0 0 1 1 1 1 1   0   0   0   0   0   0   0    21.784    21.124    21.784     0.000     0.000     0.000     0.000   0   0   0   0   0   0   0     0.000     0.529     0.454    -0.049     0.001     0.014    -0.070
   7 0 0 0 1 1 1 1  25  17   0   0   0   0   0     5.882    58.377    21.723     0.000     0.000     0.000     0.000   0   0   0   0   0   0   0     0.000     0.529     0.454    -0.045    -0.019     0.005     0.069
   7 0 0 0 1 1 1 1  29   6   4   0   0   0   0     5.710    20.230    23.208     0.000     0.000     0.000     0.000   0   0   0   0   0   0   0     0.000     0.529     0.454    -0.015    -0.060     0.034     0.009
   7 0 0 1 1 1 1 1   0  11   4   0   0   0   0    21.784    54.673    23.208     0.000     0.000     0.000     0.000   0   0   0   0   0   0   0     0.000     0.529    -0.436     0.028    -0.084     0.034     0.009
   7 0 0 1 1 1 1 1   0   2   4   0   0   0   0    21.784    22.096    23.208     0.000     0.000     0.000     0.000   0   0   0   0   0   0   0     0.000     0.529     0.431     0.088    -0.012     0.034     0.009
   7 0 0 0 1 1 1 1  25  17   0   0   0   0   0     5.919    58.377    21.784     0.000     0.000     0.000     0.000   0   0   0   0   0   0   0     0.000     0.529     0.431    -0.041    -0.015     0.006     0.091
   7 0 0 0 1 1 1 1  26  11   0   0   0   0   0     5.887    54.844    21.784     0.000     0.000     0.000     0.000   0   0   0   0   0   0   0     0.000     0.529     0.431    -0.014    -0.042     0.011    -0.063
   7 0 0 1 1 1 1 1   0  11   0   0   0   0   0    21.784    55.185    21.784     0.000     0.000     0.000     0.000   0   0   0   0   0   0   0     0.000     0.529    -0.414     0.022    -0.101     0.011    -0.063
   7 0 1 0 1 1 1 1  11  11  17   0   0   0   0    48.339    55.185    59.061     0.000     0.000     0.000     0.000   0   0   0   0   0   0   0     0.000     0.410    -0.414     0.022    -0.101    -0.040     0.003
   7 0 0 0 1 1 1 1   0  10  11   0   0   0   0    21.482    15.226    48.339     0.000     0.000     0.000     0.000   0   0   0   0   0   0   0     0.000     0.410    -0.414     0.002    -0.031     0.087     0.025
   7 0 0 0 1 1 1 1  26  24   0   0   0   0   0     5.887     5.315    21.784     0.000     0.000     0.000     0.000   0   0   0   0   0   0   0     0.000     0.410    -0.414    -0.039    -0.013     0.010    -0.060
   7 0 0 1 1 1 1 1   0  24   0   0   0   0   0    21.784     5.344    21.784     0.000     0.000     0.000     0.000   0   0   0   0   0   0   0     0.000     0.410    -0.393    -0.066     0.025     0.010    -0.060
   7 0 0 1 1 1 1 1   0   2   0   0   0   0   0    21.784    22.096    21.784     0.000     0.000     0.000     0.000   0   0   0   0   0   0   0     0.000     0.410     0.389     0.082    -0.010     0.010    -0.060
   7 0 0 0 1 1 1 1   0  10   0   0   0   0   0    21.482    15.226    21.784     0.000     0.000     0.000     0.000   0   0   0   0   0   0   0     0.000     0.410     0.389     0.002    -0.028     0.022     0.082
   7 0 0 0 1 1 1 1  26  31   0   0   0   0   0     5.887     5.367    21.784     0.000     0.000     0.000     0.000   0   0   0   0   0   0   0     0.000     0.410     0.389    -0.041    -0.018     0.009    -0.057
   7 0 0 1 1 1 1 1   0  11   0   0   0   0   0    21.784    55.185    21.784     0.000     0.000     0.000     0.000   0   0   0   0   0   0   0     0.000     0.410    -0.374     0.018    -0.086     0.009    -0.057
   7 0 0 1 1 1 1 1   0   0   0   0   0   0   0    21.784    21.124    21.784     0.000     0.000     0.000     0.000   0   0   0   0   0   0   0     0.000     0.410     0.370    -0.039     0.002     0.009    -0.057
   7 0 0 0 1 1 1 1   0   2   0   0   0   0   0    21.482    22.449    21.784     0.000     0.000     0.000     0.000   0   0   0   0   0   0   0     0.000     0.410     0.370     0.002    -0.025     0.020     0.078
   7 0 0 0 1 1 1 1  26  32   0   0   0   0   0     5.887     4.218    21.784     0.000     0.000     0.000     0.000   0   0   0   0   0   0   0     0.000     0.410     0.370    -0.043    -0.019     0.008    -0.054
   7 0 0 1 1 1 1 1   0   0   0   0   0   0   0    21.784    21.124    21.784     0.000     0.000     0.000     0.000   0   0   0   0   0   0   0     0.000     0.410    -0.355    -0.058     0.020     0.008    -0.054
   7 0 1 0 1 1 1 1  11   0   2   0   0   0   0    48.339    21.124    22.096     0.000     0.000     0.000     0.000   0   0   0   0   0   0   0     0.000     0.351    -0.355    -0.058     0.020     0.076    -0.008
   7 0 0 1 1 1 1 1   0  25   2   0   0   0   0    21.784     5.882    22.096     0.000     0.000     0.000     0.000   0   0   0   0   0   0   0     0.000     0.351     0.074    -0.022     0.004     0.076    -0.008
   7 0 0 0 1 1 1 1  11   0   0   0   0   0   0    54.673    21.784    21.026     0.000     0.000     0.000     0.000   0   0   0   0   0   0   0     0.000     0.351     0.074     0.007    -0.052    -0.042    -0.020
   7 0 0 1 1 1 1 1   0   4   0   0   0   0   0    21.784    23.208    21.026     0.000     0.000     0.000     0.000   0   0   0   0   0   0   0     0.000     0.351    -0.337     0.139    -0.003    -0.042    -0.020
   7 0 1 0 1 1 1 1  11   4   2   0   0   0   0    48.339    23.208    22.096     0.000     0.000     0.000     0.000   0   0   0   0   0   0   0     0.000     0.334    -0.337     0.139    -0.003     0.071    -0.007
   7 0 0 1 1 1 1 1   0  17   2   0   0   0   0    21.784    58.872    22.096     0.000     0.000     0.000     0.000   0   0   0   0   0   0   0     0.000     0.334     0.070    -0.021     0.003     0.071    -0.007
   7 0 0 0 1 1 1 1  26   0   0   0   0   0   0     5.887    21.026    21.784     0.000     0.000     0.000     0.000   0   0   0   0   0   0   0     0.000     0.334     0.070    -0.039    -0.017     0.007    -0.049
   7 0 0 1 1 1 1 1   0  11   0   0   0   0   0    21.784    55.185    21.784     0.000     0.000     0.000     0.000   0   0   0   0   0   0   0     0.000     0.334    -0.320     0.015    -0.073     0.007    -0.049
   7 0 0 1 1 1 1 1   0  17   0   0   0   0   0    21.784    59.061    21.784     0.000     0.000     0.000     0.000   0   0   0   0   0   0   0     0.000     0.334     0.317    -0.031     0.004     0.007    -0.049
   7 0 0 0 1 1 1 1   0  17   0   0   0   0   0    21.482    58.377    21.784     0.000     0.000     0.000     0.000   0   0   0   0   0   0   0     0.000     0.334     0.317    -0.026    -0.000     0.018     0.067
   7 0 0 0 1 1 1 1  11   0   0   0   0   0   0    54.844    21.784    20.953     0.000     0.000     0.000     0.000   0   0   0   0   0   0   0     0.000     0.334     0.317     0.005    -0.047    -0.039    -0.019
   7 0 0 1 1 1 1 1   0   4   0   0   0   0   0    21.784    23.208    20.953     0.000     0.000     0.000     0.000   0   0   0   0   0   0   0     0.000     0.334    -0.304     0.127    -0.003    -0.039    -0.019
   7 0 0 1 1 1 1 1   0   2   0   0   0   0   0    21.784    22.096    20.953     0.000     0.000     0.000     0.000   0   0   0   0   0   0   0     0.000     0.334     0.301     0.066    -0.006    -0.039    -0.019
   7 0 0 0 1 1 1 1  11   0  25   0   0   0   0    48.599    21.784     5.882     0.000     0.000     0.000     0.000   0   0   0   0   0   0   0     0.000     0.334     0.301     0.017     0.064    -0.017     0.002
   7 0 0 0 1 1 1 1  26  32   0   0   0   0   0     5.893     4.220    21.784     0.000     0.000     0.000     0.000   0   0   0   0   0   0   0     0.000     0.334     0.301    -0.030    -0.012     0.006    -0.044
   7 0 0 1 1 1 1 1   0  11   0   0   0   0   0    21.784    54.926    21.784     0.000     0.000     0.000     0.000   0   0   0   0   0   0   0     0.000     0.334    -0.289     0.014    -0.059     0.006    -0.044
   7 0 0 1 1 1 1 1   0  11   0   0   0   0   0    21.784    54.844    21.784     0.000     0.000     0.000     0.000   0   0   0   0   0   0   0     0.000     0.334     0.286     0.003    -0.034     0.006    -0.044
   7 0 0 0 1 1 1 1   0  10  11   0   0   0   0    21.482    15.226    48.339     0.000     0.000     0.000     0.000   0   0   0   0   0   0   0     0.000     0.334     0.286     0.001    -0.017     0.060     0.016
   7 0 0 0 1 1 1 1  11   0   0   0   0   0   0    54.844    21.784    20.953     0.000     0.000     0.000     0.000   0   0   0   0   0   0   0     0.000     0.334     0.286     0.004    -0.042    -0.035    -0.016
   7 0 0 1 1 1 1 1   0   4   0   0   0   0   0    21.784    23.208    20.953     0.000     0.000     0.000     0.000   0   0   0   0   0   0   0     0.000     0.334    -0.275     0.116    -0.003    -0.035    -0.016
   7 0 0 1 1 1 1 1   0   2   0   0   0   0   0    21.784    22.096    20.953     0.000     0.000     0.000     0.000   0   0   0   0   0   0   0     0.000     0.334     0.272     0.062    -0.005    -0.035    -0.016
   7 0 0 1 1 1 1 1   0  11   0   0   0   0   0    21.784    55.466    20.953     0.000     0.000     0.000     0.000   0   0   0   0   0   0   0     0.000     0.334     0.057     0.001    -0.024    -0.035    -0.016
   7 0 0 0 1 1 1 1  26   0   0   0   0   0   0     5.896    21.026    21.784     0.000     0.000     0.000     0.000   0   0   0   0   0   0   0     0.000     0.334     0.057    -0.029    -0.010     0.006    -0.040
   7 0 1 0 1 1 1 1  11   0  29   0   0   0   0    48.339    21.026     5.717     0.000     0.000     0.000     0.000   0   0   0   0   0   0   0     0.000    -0.261     0.057    -0.029    -0.010    -0.037     0.017
   7 0 0 1 1 1 1 1   0  26  29   0   0   0   0    21.784     5.896     5.717     0.000     0.000     0.000     0.000   0   0   0   0   0   0   0     0.000    -0.261     0.258    -0.021     0.006    -0.037     0.017
   7 0 0 0 1 1 1 1   0  24  11   0   0   0   0    21.723     5.257    48.339     0.000     0.000     0.000     0.000   0   0   0   0   0   0   0     0.000    -0.261     0.258    -0.029     0.000     0.055     0.015
   7 0 0 0 1 1 1 1  26   0  11   0   0   0   0     5.891    20.953    48.339     0.000     0.000     0.000     0.000   0   0   0   0   0   0   0     0.000    -0.261     0.258    -0.030    -0.011    -0.038     0.005
   7 0 1 0 1 1 1 1  11   0   4   0   0   0   0    48.339    20.953    23.208     0.000     0.000     0.000     0.000   0   0   0   0   0   0   0     0.000    -0.248     0.258    -0.030    -0.011     0.106    -0.003
   7 0 1 0 1 1 1 1  11   0   2   0   0   0   0    48.339    20.953    22.096     0.000     0.000     0.000     0.000   0   0   0   0   0   0   0     0.000     0.245     0.258    -0.030    -0.011     0.057    -0.005
   7 0 0 0 1 1 1 1   0   0   0   0   0   0   0    21.482    20.953    21.784     0.000     0.000     0.000     0.000   0   0   0   0   0   0   0     0.000     0.245     0.258    -0.031    -0.001     0.014     0.052
   7 0 0 0 1 1 1 1  11   0   0   0   0   0   0    54.844    21.784    20.953     0.000     0.000     0.000     0.000   0   0   0   0   0   0   0     0.000     0.245     0.258     0.003    -0.036    -0.028    -0.012
   7 0 1 0 1 1 1 1  11   0  11   0   0   0   0    48.339    21.784    55.331     0.000     0.000     0.000     0.000   0   0   0   0   0   0   0     0.000    -0.235     0.258     0.003    -0.036     0.010    -0.061
   7 0 0 1 1 1 1 1   0  11  11   0   0   0   0    21.784    54.844    55.331     0.000     0.000     0.000     0.000   0   0   0   0   0   0   0     0.000    -0.235     0.233     0.003    -0.028     0.010    -0.061
   7 0 0 1 1 1 1 1   0  25  11   0   0   0   0    21.784     5.919    55.331     0.000     0.000     0.000     0.000   0   0   0   0   0   0   0     0.000    -0.235     0.049    -0.011     0.003     0.010    -0.061
   7 0 0 0 1 1 1 1  26   0   0   0   0   0   0     5.896    20.953    21.784     0.000     0.000     0.000     0.000   0   0   0   0   0   0   0     0.000    -0.235     0.049    -0.026    -0.008     0.005    -0.034
   7 0 0 1 1 1 1 1   0   4   0   0   0   0   0    21.784    23.208    21.784     0.000     0.000     0.000     0.000   0   0   0   0   0   0   0     0.000    -0.235    -0.224     0.098    -0.003     0.005    -0.034
   7 0 0 1 1 1 1 1   0   2   0   0   0   0   0    21.784    22.096    21.784     0.000     0.000     0.000     0.000   0   0   0   0   0   0   0     0.000    -0.235     0.221     0.053    -0.004     0.005    -0.034
   7 0 0 0 1 1 1 1   0   0   0   0   0   0   0    21.482    20.953    21.784     0.000     0.000     0.000     0.000   0   0   0   0   0   0   0     0.000    -0.235     0.221    -0.029    -0.001     0.013     0.047
   7 0 0 0 1 1 1 1  24   6   0   0   0   0   0     5.392    20.219    21.264     0.000     0.000     0.000     0.000   0   0   0   0   0   0   0     0.000    -0.235     0.221    -0.002    -0.014     0.005     0.029
   7 0 0 1 1 1 1 1   0  24   0   0   0   0   0    21.784     5.268    21.264     0.000     0.000     0.000     0.000   0   0   0   0   0   0   0     0.000    -0.235    -0.213    -0.059     0.009     0.005     0.029
   7 0 0 1 1 1 1 1   0  26   0   0   0   0   0    21.784     5.896    21.264     0.000     0.000     0.000     0.000   0   0   0   0   0   0   0     0.000    -0.235     0.210    -0.017     0.005     0.005     0.029
   7 0 0 1 1 1 1 1   0  25   0   0   0   0   0    21.784     5.919    21.264     0.000     0.000     0.000     0.000   0   0   0   0   0   0   0     0.000    -0.235     0.044    -0.010     0.003     0.005     0.029
   7 0 0 0 1 1 1 1  26   0  11   0   0   0   0     5.896    21.026    48.339     0.000     0.000     0.000     0.000   0   0   0   0   0   0   0     0.000    -0.235     0.044    -0.021    -0.006    -0.032     0.004
   7 0 0 1 1 1 1 1   0   4  11   0   0   0   0    21.784    23.208    48.339     0.000     0.000     0.000     0.000   0   0   0   0   0   0   0     0.000    -0.235    -0.202     0.090    -0.003    -0.032     0.004
   7 0 0 1 1 1 1 1   0   2  11   0   0   0   0    21.784    22.096    48.339     0.000     0.000     0.000     0.000   0   0   0   0   0   0   0     0.000    -0.235     0.200     0.049    -0.003    -0.032     0.004
   7 0 0 0 1 1 1 1   0   0   0   0   0   0   0    21.723    20.953    21.784     0.000     0.000     0.000     0.000   0   0   0   0   0   0   0     0.000    -0.235     0.200    -0.026    -0.000     0.012     0.042
   7 0 0 0 1 1 1 1   4   0   6   0   0   0   0    23.208    21.216    20.219     0.000     0.000     0.000     0.000   0   0   0   0   0   0   0     0.000    -0.235     0.200     0.006     0.027     0.000    -0.012
   7 0 0 1 1 1 1 1   0  29   6   0   0   0   0    21.784     5.717    20.219     0.000     0.000     0.000     0.000   0   0   0   0   0   0   0     0.000    -0.235    -0.192    -0.029     0.013     0.000    -0.012
   7 0 0 1 1 1 1 1   0  11   6   0   0   0   0    21.784    55.000    20.219     0.000     0.000     0.000     0.000   0   0   0   0   0   0   0     0.000    -0.235     0.190     0.003    -0.026     0.000    -0.012
   7 0 0 0 1 1 1 1   0   0   0   0   0   0   0    21.482    20.953    21.784     0.000     0.000     0.000     0.000   0   0   0   0   0   0   0     0.000    -0.235     0.190    -0.024    -0.001     0.011     0.040
   7 0 0 0 1 1 1 1   4   0  11   0   0   0   0    23.208    21.216    54.757     0.000     0.000     0.000     0.000   0   0   0   0   0   0   0     0.000    -0.235     0.190     0.006     0.025     0.000    -0.011
   7 0 0 1 1 1 1 1   0  23  11   0   0   0   0    21.784     5.641    54.757     0.000     0.000     0.000     0.000   0   0   0   0   0   0   0     0.000    -0.235    -0.182    -0.003     0.082     0.000    -0.011
   7 0 0 1 1 1 1 1   0   2  11   0   0   0   0    21.784    22.096    54.757     0.000     0.000     0.000     0.000   0   0   0   0   0   0   0     0.000    -0.235     0.180     0.046    -0.003     0.000    -0.011
   7 0 0 1 1 1 1 1   0  17  11   0   0   0   0    21.784    58.647    54.757     0.000     0.000     0.000     0.000   0   0   0   0   0   0   0     0.000    -0.235     0.038    -0.011     0.002     0.000    -0.011
   7 0 0 0 1 1 1 1   4   1  11   0   0   0   0    23.208    22.070    48.339     0.000     0.000     0.000     0.000   0   0   0   0   0   0   0     0.000    -0.235     0.038     0.024     0.005    -0.030    -0.001
   7 0 0 1 1 1 1 1   0  11  11   0   0   0   0    21.784    55.331    48.339     0.000     0.000     0.000     0.000   0   0   0   0   0   0   0     0.000    -0.235    -0.173     0.007    -0.048    -0.030    -0.001
   7 0 0 1 1 1 1 1   0  25  11   0   0   0   0    21.784     5.861    48.339     0.000     0.000     0.000     0.000   0   0   0   0   0   0   0     0.000    -0.235     0.171    -0.020     0.003    -0.030    -0.001
   7 0 0 0 1 1 1 1   0   0   0   0   0   0   0    21.482    20.953    21.784     0.000     0.000     0.000     0.000   0   0   0   0   0   0   0     0.000    -0.235     0.171    -0.022    -0.001     0.010     0.036
   7 0 0 0 1 1 1 1  26   0   0   0   0   0   0     5.900    20.953    21.784     0.000     0.000     0.000     0.000   0   0   0   0   0   0   0     0.000    -0.235     0.171    -0.021    -0.004     0.006    -0.028
   7 0 1 0 1 1 1 1  11   0   4   0   0   0   0    48.339    20.953    23.208     0.000     0.000     0.000     0.000   0   0   0   0   0   0   0     0.000    -0.164     0.171    -0.021    -0.004     0.075    -0.003
   7 0 1 0 1 1 1 1  11   0   2   0   0   0   0    48.339    20.953    22.096     0.000     0.000     0.000     0.000   0   0   0   0   0   0   0     0.000     0.163     0.171    -0.021    -0.004     0.043    -0.003
   7 0 0 0 1 1 1 1   0  17  11   0   0   0   0    21.723    58.512    48.339     0.000     0.000     0.000     0.000   0   0   0   0   0   0   0     0.000     0.163     0.171    -0.011     0.001     0.034     0.009
   7 0 0 0 1 1 1 1   4   1   0   0   0   0   0    23.208    22.070    21.784     0.000     0.000     0.000     0.000   0   0   0   0   0   0   0     0.000     0.163     0.171     0.022     0.005    -0.001    -0.027
   7 0 0 1 1 1 1 1   0  29   0   0   0   0   0    21.784     5.728    21.784     0.000     0.000     0.000     0.000   0   0   0   0   0   0   0     0.000     0.163    -0.156    -0.019     0.014    -0.001    -0.027
   7 0 1 0 1 1 1 1  11  29  26   0   0   0   0    48.339     5.728     5.896     0.000     0.000     0.000     0.000   0   0   0   0   0   0   0     0.000     0.155    -0.156    -0.019     0.014    -0.013     0.005
   7 0 0 0 1 1 1 1   0   0   0   0   0   0   0    21.482    20.953    21.784     0.000     0.000     0.000     0.000   0   0   0   0   0   0   0     0.000     0.155    -0.156    -0.020    -0.001     0.009     0.033
   7 0 0 0 1 1 1 1  11   0   0   0   0   0   0    53.965    21.784    20.953     0.000     0.000     0.000     0.000   0   0   0   0   0   0   0     0.000     0.155    -0.156     0.002    -0.025    -0.019    -0.006
   7 0 0 1 1 1 1 1   0  23   0   0   0   0   0    21.784     5.641    20.953     0.000     0.000     0.000     0.000   0   0   0   0   0   0   0     0.000     0.155    -0.148    -0.002     0.069    -0.019    -0.006
   7 0 0 1 1 1 1 1   0   2   0   0   0   0   0    21.784    22.096    20.953     0.000     0.000     0.000     0.000   0   0   0   0   0   0   0     0.000     0.155     0.147     0.039    -0.002    -0.019    -0.006
   7 0 0 1 1 1 1 1   0  25   0   0   0   0   0    21.784     5.948    20.953     0.000     0.000     0.000     0.000   0   0   0   0   0   0   0     0.000     0.155     0.031    -0.005     0.002    -0.019    -0.006
   7 0 0 0 1 1 1 1  26   0   0   0   0   0   0     5.901    21.026    21.784     0.000     0.000     0.000     0.000   0   0   0   0   0   0   0     0.000     0.155     0.031    -0.016    -0.003     0.006    -0.024
   7 0 0 1 1 1 1 1   0  24   0   0   0   0   0    21.784     5.268    21.784     0.000     0.000     0.000     0.000   0   0   0   0   0   0   0     0.000     0.155    -0.141    -0.045     0.006     0.006    -0.024
   7 0 0 1 1 1 1 1   0  12   0   0   0   0   0    21.784    53.782    21.784     0.000     0.000     0.000     0.000   0   0   0   0   0   0   0     0.000     0.155     0.140     0.002    -0.022     0.006    -0.024
   7 0 0 0 1 1 1 1  11   0  24   0   0   0   0    48.599    21.784     5.260     0.000     0.000     0.000     0.000   0   0   0   0   0   0   0     0.000     0.155     0.140     0.008     0.029    -0.014     0.000
   7 0 1 0 1 1 1 1   2   0   0   0   0   0   0    22.096    21.784    21.784     0.000     0.000     0.000     0.000   0   0   0   0   0   0   0     0.000     0.020     0.140     0.008     0.029    -0.001    -0.023
   7 0 1 0 1 1 1 1  11   0  23   0   0   0   0    48.339    21.784     5.641     0.000     0.000     0.000     0.000   0   0   0   0   0   0   0     0.000    -0.134     0.140     0.008     0.029    -0.002     0.063
   7 0 0 0 1 1 1 1  27  11   0   0   0   0   0     5.191    49.729    20.953     0.000     0.000     0.000     0.000   0   0   0   0   0   0   0     0.000    -0.134     0.140     0.133     0.037    -0.036    -0.001
   7 0 0 0 1 1 1 1   0   0   0   0   0   0   0    21.482    20.953    21.784     0.000     0.000     0.000     0.000   0   0   0   0   0   0   0     0.000    -0.134     0.140    -0.017    -0.000     0.007     0.028
   7 0 0 0 1 1 1 1   4   0  32   0   0   0   0    23.208    21.216     4.225     0.000     0.000     0.000     0.000   0   0   0   0   0   0   0     0.000    -0.134     0.140     0.004     0.018    -0.010     0.000
   7 0 0 1 1 1 1 1   0  26  32   0   0   0   0    21.784     5.896     4.225     0.000     0.000     0.000     0.000   0   0   0   0   0   0   0     0.000    -0.134    -0.127    -0.019     0.010    -0.010     0.000
   7 0 0 1 1 1 1 1   0   2  32   0   0   0   0    21.784    22.096     4.225     0.000     0.000     0.000     0.000   0   0   0   0   0   0   0     0.000    -0.134     0.126     0.034    -0.002    -0.010     0.000
   7 0 0 1 1 1 1 1   0  25  32   0   0   0   0    21.784     5.948     4.225     0.000     0.000     0.000     0.000   0   0   0   0   0   0   0     0.000    -0.134     0.027    -0.005     0.002    -0.010     0.000
   7 0 0 0 1 1 1 1  26   0  11   0   0   0   0     5.899    20.953    48.339     0.000     0.000     0.000     0.000   0   0   0   0   0   0   0     0.000    -0.134     0.027    -0.016    -0.003    -0.022     0.004
   7 0 0 1 1 1 1 1   0  24  11   0   0   0   0    21.784     5.268    48.339     0.000     0.000     0.000     0.000   0   0   0   0   0   0   0     0.000    -0.134    -0.121    -0.039     0.005    -0.022     0.004
   7 0 0 1 1 1 1 1   0  12  11   0   0   0   0    21.784    53.827    48.339     0.000     0.000     0.000     0.000   0   0   0   0   0   0   0     0.000    -0.134     0.120     0.002    -0.021    -0.022     0.004
   7 0 0 0 1 1 1 1   0   0  11   0   0   0   0    21.723    20.953    48.339     0.000     0.000     0.000     0.000   0   0   0   0   0   0   0     0.000    -0.134     0.120    -0.016     0.000     0.025     0.007
   7 0 0 0 1 1 1 1   4   0   0   0   0   0   0    23.208    21.216    21.784     0.000     0.000     0.000     0.000   0   0   0   0   0   0   0     0.000    -0.134     0.120     0.004     0.017    -0.001    -0.021
   7 0 0 1 1 1 1 1   0   4   0   0   0   0   0    21.784    23.208    21.784     0.000     0.000     0.000     0.000   0   0   0   0   0   0   0     0.000    -0.134    -0.115     0.057    -0.002    -0.001    -0.021
   7 0 0 0 1 1 1 1  27   0   0   0   0   0   0     5.191    21.542    20.953     0.000     0.000     0.000     0.000   0   0   0   0   0   0   0     0.000    -0.134    -0.115     0.032     0.114    -0.032    -0.000
   7 0 0 0 1 1 1 1   0  11   0   0   0   0   0    21.482    56.643    21.784     0.000     0.000     0.000     0.000   0   0   0   0   0   0   0     0.000    -0.134    -0.115    -0.000    -0.015     0.006     0.024
   7 0 0 0 1 1 1 1  26   0   0   0   0   0   0     5.902    20.953    21.784     0.000     0.000     0.000     0.000   0   0   0   0   0   0   0     0.000    -0.134    -0.115    -0.015    -0.002     0.006    -0.020
   7 0 0 1 1 1 1 1   0  24   0   0   0   0   0    21.784     5.392    21.784     0.000     0.000     0.000     0.000   0   0   0   0   0   0   0     0.000    -0.134    -0.109    -0.008     0.018     0.006    -0.020
   7 0 0 0 1 1 1 1  27   0  25   0   0   0   0     5.191    21.542     5.950     0.000     0.000     0.000     0.000   0   0   0   0   0   0   0     0.000    -0.134    -0.109     0.030     0.108    -0.009     0.003
   7 0 0 1 1 1 1 1   0  25  25   0   0   0   0    21.784     5.919     5.950     0.000     0.000     0.000     0.000   0   0   0   0   0   0   0     0.000    -0.134     0.023    -0.005     0.001    -0.009     0.003
   7 0 1 0 1 1 1 1   2  25   0   0   0   0   0    22.096     5.919    21.784     0.000     0.000     0.000     0.000   0   0   0   0   0   0   0     0.000     0.015     0.023    -0.005     0.001    -0.000    -0.019
   7 0 0 1 1 1 1 1   0  11   0   0   0   0   0    21.784    55.466    21.784     0.000     0.000     0.000     0.000   0   0   0   0   0   0   0     0.000     0.015    -0.104     0.004    -0.037    -0.000    -0.019
   7 0 0 1 1 1 1 1   0   0   0   0   0   0   0    21.784    21.179    21.784     0.000     0.000     0.000     0.000   0   0   0   0   0   0   0     0.000     0.015     0.103    -0.011     0.003    -0.000    -0.019
   7 0 0 0 1 1 1 1   0   0   0   0   0   0   0    21.723    20.953    21.784     0.000     0.000     0.000     0.000   0   0   0   0   0   0   0     0.000     0.015     0.103    -0.013     0.000     0.006     0.022
   7 0 0 0 1 1 1 1  32   0   0   0   0   0   0     4.226    20.953    21.784     0.000     0.000     0.000     0.000   0   0   0   0   0   0   0     0.000     0.015     0.103    -0.014    -0.005     0.001    -0.018
   7 0 0 1 1 1 1 1   0   4   0   0   0   0   0    21.784    23.208    21.784     0.000     0.000     0.000     0.000   0   0   0   0   0   0   0     0.000     0.015    -0.098     0.051    -0.002     0.001    -0.018
   7 0 0 0 1 1 1 1  27   0   0   0   0   0   0     5.191    21.542    20.953     0.000     0.000     0.000     0.000   0   0   0   0   0   0   0     0.000     0.015    -0.098     0.028     0.097    -0.029    -0.000
   7 0 0 0 1 1 1 1   0   0  11   0   0   0   0    21.482    20.953    48.339     0.000     0.000     0.000     0.000   0   0   0   0   0   0   0     0.000     0.015    -0.098    -0.012    -0.000     0.021     0.006
   7 0 0 0 1 1 1 1  23   6   1   0   0   0   0     5.641    20.219    22.070     0.000     0.000     0.000     0.000   0   0   0   0   0   0   0     0.000     0.015    -0.098     0.000    -0.006     0.014     0.003
   7 0 0 1 1 1 1 1   0  24   1   0   0   0   0    21.784     5.350    22.070     0.000     0.000     0.000     0.000   0   0   0   0   0   0   0     0.000     0.015    -0.094    -0.019     0.007     0.014     0.003
   7 0 0 0 1 1 1 1  27   0   0   0   0   0   0     5.191    21.542    20.953     0.000     0.000     0.000     0.000   0   0   0   0   0   0   0     0.000     0.015    -0.094     0.026     0.093    -0.027    -0.000
   7 0 0 1 1 1 1 1   0  25   0   0   0   0   0    21.784     5.882    20.953     0.000     0.000     0.000     0.000   0   0   0   0   0   0   0     0.000     0.015     0.020    -0.005     0.001    -0.027    -0.000
   7 0 0 0 1 1 1 1  26   0   0   0   0   0   0     5.902    21.035    21.784     0.000     0.000     0.000     0.000   0   0   0   0   0   0   0     0.000     0.015     0.020    -0.010    -0.001     0.005    -0.017
   7 0 0 1 1 1 1 1   0   4   0   0   0   0   0    21.784    23.208    21.784     0.000     0.000     0.000     0.000   0   0   0   0   0   0   0     0.000     0.015    -0.089     0.047    -0.002     0.005    -0.017
   7 0 0 1 1 1 1 1   0  31   0   0   0   0   0    21.784     5.421    21.784     0.000     0.000     0.000     0.000   0   0   0   0   0   0   0     0.000     0.015     0.088    -0.006     0.004     0.005    -0.017
   7 0 0 0 1 1 1 1   0  11   0   0   0   0   0    21.482    56.643    21.784     0.000     0.000     0.000     0.000   0   0   0   0   0   0   0     0.000     0.015     0.088    -0.000    -0.011     0.005     0.019
   7 0 0 0 1 1 1 1  31   0   0   0   0   0   0     5.421    20.953    21.784     0.000     0.000     0.000     0.000   0   0   0   0   0   0   0     0.000     0.015     0.088    -0.012    -0.002     0.003    -0.016
   7 0 0 1 1 1 1 1   0   0   0   0   0   0   0    21.784    20.953    21.784     0.000     0.000     0.000     0.000   0   0   0   0   0   0   0     0.000     0.015    -0.084    -0.052     0.002     0.003    -0.016
   7 0 0 0 1 1 1 1  27   0  11   0   0   0   0     5.191    21.542    55.779     0.000     0.000     0.000     0.000   0   0   0   0   0   0   0     0.000     0.015    -0.084     0.024     0.084    -0.000    -0.021
   7 0 0 1 1 1 1 1   0  25  11   0   0   0   0    21.784     5.948    55.779     0.000     0.000     0.000     0.000   0   0   0   0   0   0   0     0.000     0.015     0.018    -0.003     0.001    -0.000    -0.021
   7 0 1 0 1 1 1 1   2  25   0   0   0   0   0    22.096     5.948    21.784     0.000     0.000     0.000     0.000   0   0   0   0   0   0   0     0.000     0.013     0.018    -0.003     0.001    -0.000    -0.015
   7 0 0 0 1 1 1 1  24   0   4   0   0   0   0     5.354    21.784    23.208     0.000     0.000     0.000     0.000   0   0   0   0   0   0   0     0.000     0.013     0.018    -0.016    -0.080     0.043     0.003
   7 0 0 0 1 1 1 1  27   0   0   0   0   0   0     5.191    21.542    20.953     0.000     0.000     0.000     0.000   0   0   0   0   0   0   0     0.000     0.013     0.018     0.022     0.079    -0.023    -0.000
   7 0 0 0 1 1 1 1   0  11  11   0   0   0   0    21.723    55.609    48.339     0.000     0.000     0.000     0.000   0   0   0   0   0   0   0     0.000     0.013     0.018     0.000    -0.007     0.017     0.005
   7 0 0 0 1 1 1 1   4   0   0   0   0   0   0    23.208    21.216    21.784     0.000     0.000     0.000     0.000   0   0   0   0   0   0   0     0.000     0.013     0.018     0.003     0.012    -0.000    -0.014
   7 0 0 1 1 1 1 1   0  24   0   0   0   0   0    21.784     5.390    21.784     0.000     0.000     0.000     0.000   0   0   0   0   0   0   0     0.000     0.013    -0.076    -0.007     0.013    -0.000    -0.014
   7 0 0 0 1 1 1 1  27   0  25   0   0   0   0     5.191    21.542     5.951     0.000     0.000     0.000     0.000   0   0   0   0   0   0   0     0.000     0.013    -0.076     0.021     0.075    -0.006     0.003
   7 0 0 0 1 1 1 1   0   0   0   0   0   0   0    21.482    20.953    21.784     0.000     0.000     0.000     0.000   0   0   0   0   0   0   0     0.000     0.013    -0.076    -0.010    -0.000     0.004     0.016
   7 0 0 0 1 1 1 1  26   0   0   0   0   0   0     5.901    20.953    21.784     0.000     0.000     0.000     0.000   0   0   0   0   0   0   0     0.000     0.013    -0.076    -0.011    -0.002     0.003    -0.013
   7 0 1 0 1 1 1 1  11   0   0   0   0   0   0    48.339    20.953    20.953     0.000     0.000     0.000     0.000   0   0   0   0   0   0   0     0.000    -0.072    -0.076    -0.011    -0.002    -0.047     0.002
   7 0 0 1 1 1 1 1   0  26   0   0   0   0   0    21.784     5.901    20.953     0.000     0.000     0.000     0.000   0   0   0   0   0   0   0     0.000    -0.072     0.072    -0.004     0.005    -0.047     0.002
   7 0 0 1 1 1 1 1   0  25   0   0   0   0   0    21.784     5.950    20.953     0.000     0.000     0.000     0.000   0   0   0   0   0   0   0     0.000    -0.072     0.015    -0.002     0.001    -0.047     0.002
   7 0 0 0 1 1 1 1   4   1  32   0   0   0   0    23.208    22.070     4.225     0.000     0.000     0.000     0.000   0   0   0   0   0   0   0     0.000    -0.072     0.015     0.011     0.002    -0.006     0.000
   7 0 0 0 1 1 1 1  29   6   4   0   0   0   0     5.717    20.230    23.208     0.000     0.000     0.000     0.000   0   0   0   0   0   0   0     0.000    -0.072     0.015    -0.006    -0.038     0.039     0.003
   7 0 0 0 1 1 1 1  27  11   0   0   0   0   0     5.191    49.729    20.953     0.000     0.000     0.000     0.000   0   0   0   0   0   0   0     0.000    -0.072     0.015     0.068     0.019    -0.021    -0.000
   7 0 0 0 1 1 1 1   0   0   0   0   0   0   0    21.723    20.953    21.784     0.000     0.000     0.000     0.000   0   0   0   0   0   0   0     0.000    -0.072     0.015    -0.009     0.000     0.004     0.014
   7 0 0 0 1 1 1 1  31   0   0   0   0   0   0     5.421    20.953    21.784     0.000     0.000     0.000     0.000   0   0   0   0   0   0   0     0.000    -0.072     0.015    -0.010    -0.002     0.002    -0.013
   7 0 0 1 1 1 1 1   0  11   0   0   0   0   0    21.784    56.643    21.784     0.000     0.000     0.000     0.000   0   0   0   0   0   0   0     0.000    -0.072    -0.067     0.002    -0.041     0.002    -0.013
   7 0 1 0 1 1 1 1  11  11  17   0   0   0   0    48.339    56.643    58.512     0.000     0.000     0.000     0.000   0   0   0   0   0   0   0     0.000     0.065    -0.067     0.002    -0.041    -0.010     0.001
   7 0 0 0 1 1 1 1   0  10  11   0   0   0   0    21.482    15.226    48.339     0.000     0.000     0.000     0.000   0   0   0   0   0   0   0     0.000     0.065    -0.067     0.000    -0.004     0.014     0.004
   7 0 0 0 1 1 1 1  27   0   0   0   0   0   0     5.237    21.784    20.953     0.000     0.000     0.000     0.000   0   0   0   0   0   0   0     0.000     0.065    -0.067     0.009    -0.012    -0.009    -0.001
   7 0 0 1 1 1 1 1   0   4   0   0   0   0   0    21.784    23.208    20.953     0.000     0.000     0.000     0.000   0   0   0   0   0   0   0     0.000     0.065    -0.064     0.036    -0.002    -0.009    -0.001
   7 0 0 0 1 1 1 1  27  11   0   0   0   0   0     5.191    49.729    20.953     0.000     0.000     0.000     0.000   0   0   0   0   0   0   0     0.000     0.065    -0.064     0.061     0.018    -0.019    -0.000
   7 0 0 1 1 1 1 1   0   0   0   0   0   0   0    21.784    20.953    20.953     0.000     0.000     0.000     0.000   0   0   0   0   0   0   0     0.000     0.065     0.013    -0.008     0.000    -0.019    -0.000
   7 0 0 0 1 1 1 1  24   0   0   0   0   0   0     5.403    21.784    21.254     0.000     0.000     0.000     0.000   0   0   0   0   0   0   0     0.000     0.065     0.013    -0.000    -0.012     0.003     0.010
   7 0 0 1 1 1 1 1   0  24   0   0   0   0   0    21.784     5.396    21.254     0.000     0.000     0.000     0.000   0   0   0   0   0   0   0     0.000     0.065    -0.060    -0.004     0.014     0.003     0.010
   7 0 0 0 1 1 1 1  27   0   0   0   0   0   0     5.191    21.542    20.953     0.000     0.000     0.000     0.000   0   0   0   0   0   0   0     0.000     0.065    -0.060     0.016     0.058    -0.018    -0.000
   7 0 0 0 1 1 1 1   0   0   0   0   0   0   0    21.482    20.953    21.784     0.000     0.000     0.000     0.000   0   0   0   0   0   0   0     0.000     0.065    -0.060    -0.008    -0.000     0.003     0.012
   7 0 0 0 1 1 1 1  26   0   0   0   0   0   0     5.902    20.953    21.784     0.000     0.000     0.000     0.000   0   0   0   0   0   0   0     0.000     0.065    -0.060    -0.009    -0.001     0.003    -0.011
   7 0 0 1 1 1 1 1   0   0   0   0   0   0   0    21.784    20.953    21.784     0.000     0.000     0.000     0.000   0   0   0   0   0   0   0     0.000     0.065    -0.057    -0.038     0.002     0.003    -0.011
   7 0 0 0 1 1 1 1  27  11  25   0   0   0   0     5.191    49.729     5.951     0.000     0.000     0.000     0.000   0   0   0   0   0   0   0     0.000     0.065    -0.057     0.055     0.015    -0.004     0.002
   7 0 0 1 1 1 1 1   0  25  25   0   0   0   0    21.759     5.951     5.951     0.000     0.000     0.000     0.000   0   0   0   0   0   0   0     0.000     0.065     0.010    -0.002     0.001    -0.004     0.002
   7 0 0 0 1 1 1 1  27   0   0   0   0   0   0     5.201    21.784    21.041     0.000     0.000     0.000     0.000   0   0   0   0   0   0   0     0.000     0.065     0.010     0.012    -0.010    -0.006    -0.000
   7 0 0 0 1 1 1 1  29   0   4   0   0   0   0     5.717    21.784    23.208     0.000     0.000     0.000     0.000   0   0   0   0   0   0   0     0.000     0.065     0.010    -0.011    -0.054     0.032     0.002
   7 0 1 0 1 1 1 1  11   0  27   0   0   0   0    48.339    21.784     5.275     0.000     0.000     0.000     0.000   0   0   0   0   0   0   0     0.000     0.053     0.010    -0.011    -0.054     0.005    -0.002
   7 0 0 1 1 1 1 1   0  28  27   0   0   0   0    21.784     5.584     5.275     0.000     0.000     0.000     0.000   0   0   0   0   0   0   0     0.000     0.053     0.011     0.000    -0.004     0.005    -0.002
   7 0 0 0 1 1 1 1  27   0   0   0   0   0   0     5.201    21.784    20.953     0.000     0.000     0.000     0.000   0   0   0   0   0   0   0     0.000     0.053     0.011     0.011    -0.010    -0.008    -0.000
   7 0 0 1 1 1 1 1   0  11   0   0   0   0   0    21.784    55.779    20.953     0.000     0.000     0.000     0.000   0   0   0   0   0   0   0     0.000     0.053    -0.052     0.002    -0.030    -0.008    -0.000
   7 0 0 0 1 1 1 1  27   0  11   0   0   0   0     5.191    21.542    55.609     0.000     0.000     0.000     0.000   0   0   0   0   0   0   0     0.000     0.053    -0.052     0.014     0.050     0.000    -0.011
   7 0 0 0 1 1 1 1   0   0   0   0   0   0   0    21.482    20.953    21.784     0.000     0.000     0.000     0.000   0   0   0   0   0   0   0     0.000     0.053    -0.052    -0.007    -0.000     0.003     0.011
   7 0 0 0 1 1 1 1  31   0  29   0   0   0   0     5.419    20.858     5.709     0.000     0.000     0.000     0.000   0   0   0   0   0   0   0     0.000     0.053    -0.052    -0.008    -0.002     0.008     0.000
   7 0 0 0 1 1 1 1  29   0   4   0   0   0   0     5.732    21.784    23.208     0.000     0.000     0.000     0.000   0   0   0   0   0   0   0     0.000     0.053    -0.052    -0.008    -0.049     0.029     0.003
   7 0 0 0 1 1 1 1  27  11   0   0   0   0   0     5.191    49.729    20.953     0.000     0.000     0.000     0.000   0   0   0   0   0   0   0     0.000     0.053    -0.052     0.048     0.013    -0.015     0.000
   7 0 0 1 1 1 1 1   0  25   0   0   0   0   0    21.784     5.951    20.953     0.000     0.000     0.000     0.000   0   0   0   0   0   0   0     0.000     0.053     0.010    -0.001     0.001    -0.015     0.000
   7 0 0 0 1 1 1 1  29   0   2   0   0   0   0     5.749    21.784    22.108     0.000     0.000     0.000     0.000   0   0   0   0   0   0   0     0.000     0.053     0.010    -0.000    -0.009     0.007     0.002
   7 0 0 1 1 1 1 1   0   0   2   0   0   0   0    21.784    20.953    22.108     0.000     0.000     0.000     0.000   0   0   0   0   0   0   0     0.000     0.053    -0.047    -0.032     0.001     0.007     0.002
