  260
   1 1   0     0.000   0     4.870
   1 1   0     0.000   0     5.598
   1 1   0     0.000   0     5.871
   1 1   0     0.000   0     6.169
   7 0 0 0 1 1 1 1  19   5  18   0   0   0   0    57.849    23.129    45.371     0.000     0.000     0.000     0.000   0   0   0   0   0   0   0     0.000     0.000     0.000    -0.019    -0.057     0.016     0.100
   7 0 0 0 1 1 1 1  25  18  25   0   0   0   0     5.864    45.371     5.962     0.000     0.000     0.000     0.000   0   0   0   0   0   0   0     0.000     0.000     0.000    -0.048     0.132     0.010     0.046
   7 0 0 0 1 1 1 1   6  26   2   0   0   0   0    21.019     5.898    23.333     0.000     0.000     0.000     0.000   0   0   0   0   0   0   0     0.000     0.000     0.000    -0.071    -0.011     0.051     0.103
   7 0 0 0 1 1 1 1  30  23  24   0   0   0   0     5.556     5.690     5.672     0.000     0.000     0.000     0.000   0   0   0   0   0   0   0     0.000     0.000     0.000    -0.111    -0.631     0.084     0.213
   7 0 0 0 1 1 1 1  19   5  18   0   0   0   0    58.058    23.099    45.371     0.000     0.000     0.000     0.000   0   0   0   0   0   0   0     0.000     0.000     0.000    -0.013    -0.050     0.016     0.091
   7 0 0 0 1 1 1 1  25  25   6   0   0   0   0     5.839     5.769    20.502     0.000     0.000     0.000     0.000   0   0   0   0   0   0   0     0.000     0.000     0.000    -0.099    -0.038     0.038    -0.005
   7 0 0 0 1 1 1 1  12   2  26   0   0   0   0    47.048    23.333     5.854     0.000     0.000     0.000     0.000   0   0   0   0   0   0   0     0.000     0.000     0.000     0.047     0.093    -0.103    -0.016
   7 0 0 0 1 1 1 1  30   4  27   0   0   0   0     5.556    23.134     5.826     0.000     0.000     0.000     0.000   0   0   0   0   0   0   0     0.000     0.000     0.000    -0.599    -0.100     0.074     0.190
   7 0 0 0 1 1 1 1  19   5  18   0   0   0   0    57.756    23.159    45.371     0.000     0.000     0.000     0.000   0   0   0   0   0   0   0     0.000     0.000     0.000    -0.018    -0.048     0.013     0.082
   7 0 0 0 1 1 1 1  25   3   6   0   0   0   0     5.839    24.225    20.502     0.000     0.000     0.000     0.000   0   0   0   0   0   0   0     0.000     0.000     0.000    -0.035    -0.092     0.035    -0.004
   7 0 0 0 1 1 1 1  12   2  26   0   0   0   0    47.528    23.333     5.895     0.000     0.000     0.000     0.000   0   0   0   0   0   0   0     0.000     0.000     0.000     0.041     0.084    -0.061    -0.009
   7 0 0 0 1 1 1 1  29  23  23   0   0   0   0     5.868     5.690     5.912     0.000     0.000     0.000     0.000   0   0   0   0   0   0   0     0.000     0.000     0.000    -0.086    -0.569     0.075     0.173
   7 0 0 0 1 1 1 1  21  18   4   0   0   0   0    64.807    42.660    23.134     0.000     0.000     0.000     0.000   0   0   0   0   0   0   0     0.000     0.000     0.000    -0.041    -0.011     0.145     0.014
   7 0 0 0 1 1 1 1  25   3   6   0   0   0   0     5.839    24.225    20.502     0.000     0.000     0.000     0.000   0   0   0   0   0   0   0     0.000     0.000     0.000    -0.031    -0.084     0.031    -0.004
   7 0 0 0 1 1 1 1   6  26  11   0   0   0   0    21.019     5.854    50.459     0.000     0.000     0.000     0.000   0   0   0   0   0   0   0     0.000     0.000     0.000    -0.088    -0.012     0.076     0.041
   7 0 0 0 1 1 1 1  32  30  23   0   0   0   0     4.387     5.542     5.826     0.000     0.000     0.000     0.000   0   0   0   0   0   0   0     0.000     0.000     0.000    -0.086    -0.541     0.047     0.145
   7 0 0 0 1 1 1 1  16   2   4   0   0   0   0    54.751    23.077    23.134     0.000     0.000     0.000     0.000   0   0   0   0   0   0   0     0.000     0.000     0.000    -0.008    -0.036     0.653     0.014
   7 0 0 0 1 1 1 1  25  18  25   0   0   0   0     5.864    45.371     5.977     0.000     0.000     0.000     0.000   0   0   0   0   0   0   0     0.000     0.000     0.000    -0.033     0.121     0.008     0.033
   7 0 0 0 1 1 1 1  26  26   6   0   0   0   0     5.935     5.854    21.112     0.000     0.000     0.000     0.000   0   0   0   0   0   0   0     0.000     0.000     0.000    -0.080    -0.016     0.023     0.068
   7 0 0 0 1 1 1 1  32   4  23   0   0   0   0     4.387    23.195     5.866     0.000     0.000     0.000     0.000   0   0   0   0   0   0   0     0.000     0.000     0.000    -0.514    -0.077     0.052     0.141
   7 0 0 0 1 1 1 1  16   5   4   0   0   0   0    54.751    23.134    23.134     0.000     0.000     0.000     0.000   0   0   0   0   0   0   0     0.000     0.000     0.000    -0.008    -0.035     0.620     0.013
   7 0 0 0 1 1 1 1  25  25   6   0   0   0   0     5.839     5.778    20.502     0.000     0.000     0.000     0.000   0   0   0   0   0   0   0     0.000     0.000     0.000    -0.070    -0.024     0.026    -0.003
   7 0 0 0 1 1 1 1  26  26   2   0   0   0   0     5.954     5.898    23.333     0.000     0.000     0.000     0.000   0   0   0   0   0   0   0     0.000     0.000     0.000    -0.047    -0.007     0.028     0.062
   7 0 0 0 1 1 1 1  28   4  23   0   0   0   0     5.602    23.134     5.912     0.000     0.000     0.000     0.000   0   0   0   0   0   0   0     0.000     0.000     0.000    -0.488    -0.062     0.059     0.128
   7 0 0 0 1 1 1 1  16   5   4   0   0   0   0    54.751    23.159    23.134     0.000     0.000     0.000     0.000   0   0   0   0   0   0   0     0.000     0.000     0.000    -0.008    -0.032     0.589     0.011
   7 0 0 0 1 1 1 1  25   3   6   0   0   0   0     5.839    24.225    20.502     0.000     0.000     0.000     0.000   0   0   0   0   0   0   0     0.000     0.000     0.000    -0.022    -0.067     0.023    -0.003
   7 0 0 0 1 1 1 1  26  26   6   0   0   0   0     5.932     5.854    21.096     0.000     0.000     0.000     0.000   0   0   0   0   0   0   0     0.000     0.000     0.000    -0.068    -0.013     0.017     0.054
   7 0 0 0 1 1 1 1  32  23  27   0   0   0   0     4.387     5.662     5.688     0.000     0.000     0.000     0.000   0   0   0   0   0   0   0     0.000     0.000     0.000    -0.064    -0.464     0.034     0.107
   7 0 0 0 1 1 1 1  16  11   4   0   0   0   0    54.751    51.732    23.134     0.000     0.000     0.000     0.000   0   0   0   0   0   0   0     0.000     0.000     0.000    -0.013    -0.052     0.560     0.010
   7 0 0 0 1 1 1 1  25  25  10   0   0   0   0     5.837     5.778    15.711     0.000     0.000     0.000     0.000   0   0   0   0   0   0   0     0.000     0.000     0.000    -0.058    -0.021     0.021    -0.002
   7 0 0 0 1 1 1 1  28  25  12   0   0   0   0     5.602     5.841    46.583     0.000     0.000     0.000     0.000   0   0   0   0   0   0   0     0.000     0.000     0.000    -0.054    -0.014     0.048     0.012
   7 0 0 0 1 1 1 1  32   4  30   0   0   0   0     4.387    23.195     5.743     0.000     0.000     0.000     0.000   0   0   0   0   0   0   0     0.000     0.000     0.000    -0.441    -0.058     0.034     0.099
   7 0 0 0 1 1 1 1  16  18   4   0   0   0   0    54.751    43.033    23.134     0.000     0.000     0.000     0.000   0   0   0   0   0   0   0     0.000     0.000     0.000    -0.025    -0.004     0.532     0.009
   7 0 0 0 1 1 1 1  25   2   6   0   0   0   0     5.814    23.111    20.502     0.000     0.000     0.000     0.000   0   0   0   0   0   0   0     0.000     0.000     0.000    -0.027    -0.055     0.018    -0.005
   7 0 0 0 1 1 1 1  26  11  11   0   0   0   0     5.923    51.192    50.569     0.000     0.000     0.000     0.000   0   0   0   0   0   0   0     0.000     0.000     0.000    -0.010    -0.043     0.046     0.014
   7 0 0 0 1 1 1 1  28   4  12   0   0   0   0     5.602    23.134    46.583     0.000     0.000     0.000     0.000   0   0   0   0   0   0   0     0.000     0.000     0.000    -0.419    -0.047     0.096     0.045
   7 0 0 0 1 1 1 1  18   0  23   0   0   0   0    45.273    21.522     5.690     0.000     0.000     0.000     0.000   0   0   0   0   0   0   0     0.000     0.000     0.000    -0.014     0.016     0.005     0.505
   7 0 0 0 1 1 1 1  25   3   4   0   0   0   0     5.839    24.225    23.134     0.000     0.000     0.000     0.000   0   0   0   0   0   0   0     0.000     0.000     0.000    -0.017    -0.050     0.110     0.009
   7 0 0 0 1 1 1 1  28   4   1   0   0   0   0     5.602    23.134    22.200     0.000     0.000     0.000     0.000   0   0   0   0   0   0   0     0.000     0.000     0.000    -0.138    -0.016     0.009     0.039
   7 0 0 0 1 1 1 1  32   4  28   0   0   0   0     4.387    23.195     5.635     0.000     0.000     0.000     0.000   0   0   0   0   0   0   0     0.000     0.000     0.000    -0.398    -0.048     0.022     0.076
   7 0 0 0 1 1 1 1  18   0   4   0   0   0   0    45.273    21.563    23.134     0.000     0.000     0.000     0.000   0   0   0   0   0   0   0     0.000     0.000     0.000    -0.012     0.016     0.480     0.005
   7 0 0 0 1 1 1 1  25  18  25   0   0   0   0     5.864    45.371     5.997     0.000     0.000     0.000     0.000   0   0   0   0   0   0   0     0.000     0.000     0.000    -0.019     0.105     0.005     0.025
   7 0 0 0 1 1 1 1  26  26  11   0   0   0   0     5.923     5.841    50.314     0.000     0.000     0.000     0.000   0   0   0   0   0   0   0     0.000     0.000     0.000    -0.054    -0.010     0.039     0.013
   7 0 0 0 1 1 1 1  28   4   6   0   0   0   0     5.602    23.134    21.223     0.000     0.000     0.000     0.000   0   0   0   0   0   0   0     0.000     0.000     0.000    -0.378    -0.038     0.039     0.082
   7 0 0 0 1 1 1 1  18  11   4   0   0   0   0    45.273    51.827    23.134     0.000     0.000     0.000     0.000   0   0   0   0   0   0   0     0.000     0.000     0.000     0.000    -0.045     0.456     0.004
   7 0 0 0 1 1 1 1  25  18  25   0   0   0   0     5.807    43.017     5.977     0.000     0.000     0.000     0.000   0   0   0   0   0   0   0     0.000     0.000     0.000    -0.044    -0.021    -0.001     0.019
   7 0 0 0 1 1 1 1  28   4   8   0   0   0   0     5.602    23.134    19.035     0.000     0.000     0.000     0.000   0   0   0   0   0   0   0     0.000     0.000     0.000    -0.131    -0.013     0.010     0.035
   7 0 0 0 1 1 1 1  32   4  23   0   0   0   0     4.387    23.195     5.912     0.000     0.000     0.000     0.000   0   0   0   0   0   0   0     0.000     0.000     0.000    -0.359    -0.039     0.028     0.071
   7 0 0 0 1 1 1 1  18  25   4   0   0   0   0    45.273     5.975    23.134     0.000     0.000     0.000     0.000   0   0   0   0   0   0   0     0.000     0.000     0.000    -0.010     0.014     0.433     0.004
   7 0 0 0 1 1 1 1  25   2  11   0   0   0   0     5.814    23.111    50.183     0.000     0.000     0.000     0.000   0   0   0   0   0   0   0     0.000     0.000     0.000    -0.019    -0.040     0.016    -0.001
   7 0 0 0 1 1 1 1  26  26   1   0   0   0   0     5.937     5.841    22.480     0.000     0.000     0.000     0.000   0   0   0   0   0   0   0     0.000     0.000     0.000    -0.048    -0.007     0.018     0.044
   7 0 0 0 1 1 1 1  32   4  23   0   0   0   0     4.387    23.195     5.782     0.000     0.000     0.000     0.000   0   0   0   0   0   0   0     0.000     0.000     0.000    -0.341    -0.036     0.012     0.055
   7 0 0 0 1 1 1 1  15   4  31   0   0   0   0    47.541    23.537     5.421     0.000     0.000     0.000     0.000   0   0   0   0   0   0   0     0.000     0.000     0.000    -0.013    -0.037    -0.028     0.014
   7 0 0 0 1 1 1 1   6   4  14   0   0   0   0    20.502    23.195    39.666     0.000     0.000     0.000     0.000   0   0   0   0   0   0   0     0.000     0.000     0.000     0.100     0.010     0.003    -0.018
   7 0 0 0 1 1 1 1  32  29   6   0   0   0   0     4.387     5.808    20.983     0.000     0.000     0.000     0.000   0   0   0   0   0   0   0     0.000     0.000     0.000    -0.008    -0.062     0.006     0.027
   7 0 0 0 1 1 1 1  24  12  28   0   0   0   0     5.360    49.880     5.618     0.000     0.000     0.000     0.000   0   0   0   0   0   0   0     0.000     0.000     0.000    -0.027    -0.079    -0.001     0.046
   7 0 0 0 1 1 1 1  18  11   4   0   0   0   0    45.273    51.827    23.134     0.000     0.000     0.000     0.000   0   0   0   0   0   0   0     0.000     0.000     0.000     0.000    -0.037     0.411     0.004
   7 0 0 0 1 1 1 1   6   4  14   0   0   0   0    20.502    23.195    39.666     0.000     0.000     0.000     0.000   0   0   0   0   0   0   0     0.000     0.000     0.000     0.095     0.009     0.003    -0.016
   7 0 0 0 1 1 1 1  32  29  12   0   0   0   0     4.387     5.813    45.598     0.000     0.000     0.000     0.000   0   0   0   0   0   0   0     0.000     0.000     0.000    -0.008    -0.060     0.027     0.007
   7 0 0 0 1 1 1 1  29   0  17   0   0   0   0     5.710    21.493    56.484     0.000     0.000     0.000     0.000   0   0   0   0   0   0   0     0.000     0.000     0.000    -0.103    -0.044     0.045    -0.001
   7 0 0 0 1 1 1 1  18  11   4   0   0   0   0    45.273    49.624    23.134     0.000     0.000     0.000     0.000   0   0   0   0   0   0   0     0.000     0.000     0.000     0.015    -0.008     0.390     0.004
   7 0 0 0 1 1 1 1  25   0  25   0   0   0   0     5.807    21.194     6.003     0.000     0.000     0.000     0.000   0   0   0   0   0   0   0     0.000     0.000     0.000    -0.014    -0.033     0.001     0.018
   7 0 0 0 1 1 1 1  28   4   1   0   0   0   0     5.602    23.134    22.480     0.000     0.000     0.000     0.000   0   0   0   0   0   0   0     0.000     0.000     0.000    -0.118    -0.008     0.010     0.035
   7 0 0 0 1 1 1 1   6  25   6   0   0   0   0    20.502     5.866    21.223     0.000     0.000     0.000     0.000   0   0   0   0   0   0   0     0.000     0.000     0.000    -0.210    -0.025     0.015     0.053
   7 0 0 0 1 1 1 1  18  11   4   0   0   0   0    45.273    51.827    23.134     0.000     0.000     0.000     0.000   0   0   0   0   0   0   0     0.000     0.000     0.000     0.000    -0.032     0.371     0.003
   7 0 0 0 1 1 1 1  10   4  14   0   0   0   0    15.711    23.195    39.829     0.000     0.000     0.000     0.000   0   0   0   0   0   0   0     0.000     0.000     0.000     0.090     0.008     0.002    -0.014
   7 0 0 0 1 1 1 1  26  18   5   0   0   0   0     5.902    45.371    23.108     0.000     0.000     0.000     0.000   0   0   0   0   0   0   0     0.000     0.000     0.000    -0.017    -0.112     0.000     0.020
   7 0 0 0 1 1 1 1  24  14  26   0   0   0   0     5.360    40.448     5.932     0.000     0.000     0.000     0.000   0   0   0   0   0   0   0     0.000     0.000     0.000    -0.026    -0.071     0.003     0.038
   7 0 0 0 1 1 1 1  18   8   4   0   0   0   0    45.273    18.621    23.134     0.000     0.000     0.000     0.000   0   0   0   0   0   0   0     0.000     0.000     0.000     0.004    -0.014     0.352     0.003
   7 0 0 0 1 1 1 1  11   0  25   0   0   0   0    50.183    21.666     5.787     0.000     0.000     0.000     0.000   0   0   0   0   0   0   0     0.000     0.000     0.000     0.007     0.016    -0.026    -0.003
   7 0 0 0 1 1 1 1   4  11  11   0   0   0   0    23.510    50.591    51.827     0.000     0.000     0.000     0.000   0   0   0   0   0   0   0     0.000     0.000     0.000     0.019     0.003    -0.007    -0.030
   7 0 0 0 1 1 1 1  29   0  28   0   0   0   0     5.710    21.514     5.616     0.000     0.000     0.000     0.000   0   0   0   0   0   0   0     0.000     0.000     0.000    -0.076    -0.032    -0.003     0.032
   7 0 0 0 1 1 1 1  18  27   4   0   0   0   0    45.273     5.230    23.134     0.000     0.000     0.000     0.000   0   0   0   0   0   0   0     0.000     0.000     0.000     0.014    -0.006     0.335     0.003
   7 0 0 0 1 1 1 1  25   2  11   0   0   0   0     5.807    23.112    50.183     0.000     0.000     0.000     0.000   0   0   0   0   0   0   0     0.000     0.000     0.000    -0.011    -0.027     0.010    -0.001
   7 0 0 0 1 1 1 1  26  28  32   0   0   0   0     5.908     5.598     4.459     0.000     0.000     0.000     0.000   0   0   0   0   0   0   0     0.000     0.000     0.000    -0.010    -0.047     0.001     0.016
   7 0 0 0 1 1 1 1  24  12  26   0   0   0   0     5.361    49.805     5.901     0.000     0.000     0.000     0.000   0   0   0   0   0   0   0     0.000     0.000     0.000    -0.015    -0.051    -0.024     0.023
   7 0 0 0 1 1 1 1  18  11   4   0   0   0   0    45.273    51.827    23.134     0.000     0.000     0.000     0.000   0   0   0   0   0   0   0     0.000     0.000     0.000     0.001    -0.028     0.318     0.002
   7 0 0 0 1 1 1 1  10   4  14   0   0   0   0    15.711    23.195    40.005     0.000     0.000     0.000     0.000   0   0   0   0   0   0   0     0.000     0.000     0.000     0.085     0.006     0.001    -0.011
   7 0 0 0 1 1 1 1  24   0  30   0   0   0   0     5.348    21.435     5.973     0.000     0.000     0.000     0.000   0   0   0   0   0   0   0     0.000     0.000     0.000    -0.025    -0.011     0.002     0.021
   7 0 0 0 1 1 1 1   6   6   6   0   0   0   0    20.502    20.490    21.223     0.000     0.000     0.000     0.000   0   0   0   0   0   0   0     0.000     0.000     0.000    -0.020    -0.312     0.010     0.039
   7 0 0 0 1 1 1 1  18   0   4   0   0   0   0    45.273    21.575    23.134     0.000     0.000     0.000     0.000   0   0   0   0   0   0   0     0.000     0.000     0.000    -0.006     0.010     0.302     0.002
   7 0 0 0 1 1 1 1  11   0  18   0   0   0   0    50.266    21.666    45.371     0.000     0.000     0.000     0.000   0   0   0   0   0   0   0     0.000     0.000     0.000     0.004     0.013    -0.007     0.010
   7 0 0 0 1 1 1 1  32   4   1   0   0   0   0     4.387    23.195    22.480     0.000     0.000     0.000     0.000   0   0   0   0   0   0   0     0.000     0.000     0.000    -0.104    -0.006     0.006     0.024
   7 0 0 0 1 1 1 1  24  12  26   0   0   0   0     5.360    50.416     5.901     0.000     0.000     0.000     0.000   0   0   0   0   0   0   0     0.000     0.000     0.000    -0.018    -0.054    -0.020     0.019
   7 0 0 0 1 1 1 1  18  26   4   0   0   0   0    45.273     5.854    23.134     0.000     0.000     0.000     0.000   0   0   0   0   0   0   0     0.000     0.000     0.000    -0.027     0.001     0.287     0.002
   7 0 0 0 1 1 1 1  25  22  25   0   0   0   0     5.817     4.869     6.003     0.000     0.000     0.000     0.000   0   0   0   0   0   0   0     0.000     0.000     0.000    -0.025    -0.008     0.000     0.011
   7 0 0 0 1 1 1 1  26  18   4   0   0   0   0     5.902    45.371    23.869     0.000     0.000     0.000     0.000   0   0   0   0   0   0   0     0.000     0.000     0.000    -0.011    -0.099     0.008    -0.005
   7 0 0 0 1 1 1 1   6   4  23   0   0   0   0    20.502    23.195     5.979     0.000     0.000     0.000     0.000   0   0   0   0   0   0   0     0.000     0.000     0.000    -0.295    -0.016     0.010     0.037
   7 0 0 0 1 1 1 1   8  31   3   0   0   0   0    18.583     5.421    24.415     0.000     0.000     0.000     0.000   0   0   0   0   0   0   0     0.000     0.000     0.000    -0.022     0.010    -0.006    -0.015
   7 0 0 0 1 1 1 1  25  11  25   0   0   0   0     5.803    52.600     5.977     0.000     0.000     0.000     0.000   0   0   0   0   0   0   0     0.000     0.000     0.000    -0.008    -0.023    -0.001     0.008
   7 0 0 0 1 1 1 1  24   2   6   0   0   0   0     5.348    23.061    20.983     0.000     0.000     0.000     0.000   0   0   0   0   0   0   0     0.000     0.000     0.000    -0.010    -0.025     0.000     0.012
   7 0 0 0 1 1 1 1  24   0  26   0   0   0   0     5.351    21.209     5.900     0.000     0.000     0.000     0.000   0   0   0   0   0   0   0     0.000     0.000     0.000    -0.076    -0.021    -0.020     0.015
   7 0 0 0 1 1 1 1  18  17  23   0   0   0   0    45.273    59.176     5.690     0.000     0.000     0.000     0.000   0   0   0   0   0   0   0     0.000     0.000     0.000    -0.004     0.012     0.002     0.272
   7 0 0 0 1 1 1 1  10   6  11   0   0   0   0    15.711    20.490    51.172     0.000     0.000     0.000     0.000   0   0   0   0   0   0   0     0.000     0.000     0.000     0.004     0.081    -0.002    -0.019
   7 0 0 0 1 1 1 1  26  18   1   0   0   0   0     5.902    45.371    22.480     0.000     0.000     0.000     0.000   0   0   0   0   0   0   0     0.000     0.000     0.000    -0.009    -0.094     0.002     0.020
   7 0 0 0 1 1 1 1   6   4  30   0   0   0   0    20.502    23.195     5.973     0.000     0.000     0.000     0.000   0   0   0   0   0   0   0     0.000     0.000     0.000    -0.280    -0.014     0.009     0.035
   7 0 0 0 1 1 1 1  18  26   4   0   0   0   0    45.273     5.854    23.134     0.000     0.000     0.000     0.000   0   0   0   0   0   0   0     0.000     0.000     0.000    -0.022     0.000     0.258     0.002
   7 0 0 0 1 1 1 1  11  25  18   0   0   0   0    50.266     6.021    45.371     0.000     0.000     0.000     0.000   0   0   0   0   0   0   0     0.000     0.000     0.000     0.004     0.011    -0.006     0.008
   7 0 0 0 1 1 1 1  24   2   1   0   0   0   0     5.348    23.102    22.480     0.000     0.000     0.000     0.000   0   0   0   0   0   0   0     0.000     0.000     0.000    -0.008    -0.021     0.002     0.018
   7 0 0 0 1 1 1 1  29  11  26   0   0   0   0     5.707    53.287     5.935     0.000     0.000     0.000     0.000   0   0   0   0   0   0   0     0.000     0.000     0.000    -0.023    -0.072    -0.001     0.020
   7 0 0 0 1 1 1 1  18  15   4   0   0   0   0    45.273    47.541    23.134     0.000     0.000     0.000     0.000   0   0   0   0   0   0   0     0.000     0.000     0.000    -0.009     0.003     0.246     0.002
   7 0 0 0 1 1 1 1  26  25  10   0   0   0   0     5.892     5.651    15.711     0.000     0.000     0.000     0.000   0   0   0   0   0   0   0     0.000     0.000     0.000    -0.019    -0.007     0.006    -0.002
   7 0 0 0 1 1 1 1  26  18   4   0   0   0   0     5.902    45.371    23.869     0.000     0.000     0.000     0.000   0   0   0   0   0   0   0     0.000     0.000     0.000    -0.007    -0.090     0.006    -0.004
   7 0 0 0 1 1 1 1  24  11  26   0   0   0   0     5.348    53.287     5.935     0.000     0.000     0.000     0.000   0   0   0   0   0   0   0     0.000     0.000     0.000    -0.021    -0.066    -0.001     0.018
   7 0 0 0 1 1 1 1  18  17   4   0   0   0   0    45.273    59.186    23.134     0.000     0.000     0.000     0.000   0   0   0   0   0   0   0     0.000     0.000     0.000    -0.003     0.011     0.233     0.002
   7 0 0 0 1 1 1 1  26  25  10   0   0   0   0     5.892     5.643    15.711     0.000     0.000     0.000     0.000   0   0   0   0   0   0   0     0.000     0.000     0.000    -0.019    -0.007     0.006    -0.001
   7 0 0 0 1 1 1 1  24  25  30   0   0   0   0     5.348     5.651     5.968     0.000     0.000     0.000     0.000   0   0   0   0   0   0   0     0.000     0.000     0.000    -0.021    -0.008     0.001     0.012
   7 0 0 0 1 1 1 1  29  11  23   0   0   0   0     5.707    53.825     5.965     0.000     0.000     0.000     0.000   0   0   0   0   0   0   0     0.000     0.000     0.000    -0.020    -0.065     0.001     0.022
   7 0 0 0 1 1 1 1  11  13   1   0   0   0   0    51.827    49.796    21.705     0.000     0.000     0.000     0.000   0   0   0   0   0   0   0     0.000     0.000     0.000     0.001     0.122    -0.000    -0.018
   7 0 0 0 1 1 1 1  25  11   3   0   0   0   0     5.803    52.729    24.382     0.000     0.000     0.000     0.000   0   0   0   0   0   0   0     0.000     0.000     0.000    -0.006    -0.017    -0.000     0.007
   7 0 0 0 1 1 1 1  26  18  24   0   0   0   0     5.902    45.371     5.356     0.000     0.000     0.000     0.000   0   0   0   0   0   0   0     0.000     0.000     0.000    -0.006    -0.085    -0.004     0.005
   7 0 0 0 1 1 1 1   6   4   1   0   0   0   0    20.502    23.195    22.480     0.000     0.000     0.000     0.000   0   0   0   0   0   0   0     0.000     0.000     0.000    -0.266    -0.009     0.007     0.033
   7 0 0 0 1 1 1 1  11  13   1   0   0   0   0    51.827    49.796    21.705     0.000     0.000     0.000     0.000   0   0   0   0   0   0   0     0.000     0.000     0.000     0.001     0.113    -0.000    -0.017
   7 0 0 0 1 1 1 1  26  25  10   0   0   0   0     5.892     5.651    15.711     0.000     0.000     0.000     0.000   0   0   0   0   0   0   0     0.000     0.000     0.000    -0.015    -0.006     0.005    -0.001
   7 0 0 0 1 1 1 1  26  25   1   0   0   0   0     5.918     5.841    22.480     0.000     0.000     0.000     0.000   0   0   0   0   0   0   0     0.000     0.000     0.000    -0.014    -0.001     0.003     0.015
   7 0 0 0 1 1 1 1  24  11  28   0   0   0   0     5.348    53.825     5.616     0.000     0.000     0.000     0.000   0   0   0   0   0   0   0     0.000     0.000     0.000    -0.018    -0.059    -0.002     0.013
   7 0 0 0 1 1 1 1  16   3   4   0   0   0   0    54.022    24.381    23.134     0.000     0.000     0.000     0.000   0   0   0   0   0   0   0     0.000     0.000     0.000    -0.003    -0.011     0.080     0.003
   7 0 0 0 1 1 1 1  11  26  18   0   0   0   0    50.296     5.916    45.371     0.000     0.000     0.000     0.000   0   0   0   0   0   0   0     0.000     0.000     0.000     0.000     0.005    -0.004     0.006
   7 0 0 0 1 1 1 1  24  25  25   0   0   0   0     5.348     5.651     5.841     0.000     0.000     0.000     0.000   0   0   0   0   0   0   0     0.000     0.000     0.000    -0.018    -0.006    -0.003     0.004
   7 0 0 0 1 1 1 1  24   0  11   0   0   0   0     5.348    21.209    51.192     0.000     0.000     0.000     0.000   0   0   0   0   0   0   0     0.000     0.000     0.000    -0.049    -0.015     0.007    -0.017
   7 0 0 0 1 1 1 1  18  17   4   0   0   0   0    45.273    59.294    23.134     0.000     0.000     0.000     0.000   0   0   0   0   0   0   0     0.000     0.000     0.000    -0.002     0.017     0.206    -0.000
   7 0 0 0 1 1 1 1  25  22   3   0   0   0   0     5.799     4.864    24.382     0.000     0.000     0.000     0.000   0   0   0   0   0   0   0     0.000     0.000     0.000    -0.014    -0.006    -0.000     0.005
   7 0 0 0 1 1 1 1  32   4  25   0   0   0   0     4.387    23.195     5.839     0.000     0.000     0.000     0.000   0   0   0   0   0   0   0     0.000     0.000     0.000    -0.080    -0.003     0.001     0.007
   7 0 0 0 1 1 1 1  29   0  25   0   0   0   0     5.710    21.466     5.841     0.000     0.000     0.000     0.000   0   0   0   0   0   0   0     0.000     0.000     0.000    -0.038    -0.011    -0.005     0.013
   7 0 0 0 1 1 1 1  11  13  12   0   0   0   0    52.346    49.796    54.073     0.000     0.000     0.000     0.000   0   0   0   0   0   0   0     0.000     0.000     0.000     0.001     0.098    -0.015    -0.000
   7 0 0 0 1 1 1 1  26  25  26   0   0   0   0     5.894     5.643     5.895     0.000     0.000     0.000     0.000   0   0   0   0   0   0   0     0.000     0.000     0.000    -0.013    -0.005     0.021     0.001
   7 0 0 0 1 1 1 1  32   4   1   0   0   0   0     4.387    23.195    22.480     0.000     0.000     0.000     0.000   0   0   0   0   0   0   0     0.000     0.000     0.000    -0.076    -0.003     0.002     0.012
   7 0 0 0 1 1 1 1  26  18  22   0   0   0   0     5.902    45.371     5.084     0.000     0.000     0.000     0.000   0   0   0   0   0   0   0     0.000     0.000     0.000    -0.008    -0.251    -0.006     0.011
   7 0 0 0 1 1 1 1  11  13  12   0   0   0   0    52.686    49.796    54.073     0.000     0.000     0.000     0.000   0   0   0   0   0   0   0     0.000     0.000     0.000     0.001     0.090    -0.015    -0.000
   7 0 0 0 1 1 1 1  11  25  18   0   0   0   0    50.291     6.021    45.371     0.000     0.000     0.000     0.000   0   0   0   0   0   0   0     0.000     0.000     0.000     0.002     0.006    -0.003     0.005
   7 0 0 0 1 1 1 1  26  22  26   0   0   0   0     5.882     4.866     5.937     0.000     0.000     0.000     0.000   0   0   0   0   0   0   0     0.000     0.000     0.000    -0.016    -0.007    -0.001     0.005
   7 0 0 0 1 1 1 1   6   4   1   0   0   0   0    20.502    23.195    22.480     0.000     0.000     0.000     0.000   0   0   0   0   0   0   0     0.000     0.000     0.000    -0.239    -0.006     0.005     0.026
   7 0 0 0 1 1 1 1   5   0   3   0   0   0   0    22.989    21.176    24.381     0.000     0.000     0.000     0.000   0   0   0   0   0   0   0     0.000     0.000     0.000    -0.005     0.009    -0.004    -0.009
   7 0 0 0 1 1 1 1  25  11   3   0   0   0   0     5.799    52.811    24.326     0.000     0.000     0.000     0.000   0   0   0   0   0   0   0     0.000     0.000     0.000    -0.006    -0.013    -0.001     0.003
   7 0 0 0 1 1 1 1  24  25   4   0   0   0   0     5.348     5.643    23.134     0.000     0.000     0.000     0.000   0   0   0   0   0   0   0     0.000     0.000     0.000    -0.015    -0.005    -0.004     0.003
   7 0 0 0 1 1 1 1  26  18  22   0   0   0   0     5.902    45.371     5.084     0.000     0.000     0.000     0.000   0   0   0   0   0   0   0     0.000     0.000     0.000    -0.007    -0.227    -0.005     0.010
   7 0 0 0 1 1 1 1  18  17   4   0   0   0   0    45.273    59.331    23.134     0.000     0.000     0.000     0.000   0   0   0   0   0   0   0     0.000     0.000     0.000    -0.002     0.015     0.186    -0.001
   7 0 0 0 1 1 1 1  25  11   4   0   0   0   0     5.807    52.772    23.134     0.000     0.000     0.000     0.000   0   0   0   0   0   0   0     0.000     0.000     0.000    -0.004    -0.011     0.018     0.000
   7 0 0 0 1 1 1 1   4   4  26   0   0   0   0    23.510    23.134     5.882     0.000     0.000     0.000     0.000   0   0   0   0   0   0   0     0.000     0.000     0.000    -0.004     0.005    -0.009    -0.002
   7 0 0 0 1 1 1 1  29  11  27   0   0   0   0     5.704    53.825     5.124     0.000     0.000     0.000     0.000   0   0   0   0   0   0   0     0.000     0.000     0.000    -0.015    -0.046     0.047     0.001
   7 0 0 0 1 1 1 1  18  17   4   0   0   0   0    45.273    59.294    23.134     0.000     0.000     0.000     0.000   0   0   0   0   0   0   0     0.000     0.000     0.000    -0.002     0.013     0.176    -0.001
   7 0 0 0 1 1 1 1  11  26  18   0   0   0   0    50.183     5.917    45.371     0.000     0.000     0.000     0.000   0   0   0   0   0   0   0     0.000     0.000     0.000    -0.000     0.005    -0.002     0.005
   7 0 0 0 1 1 1 1  32   4   2   0   0   0   0     4.387    23.195    22.657     0.000     0.000     0.000     0.000   0   0   0   0   0   0   0     0.000     0.000     0.000    -0.072    -0.002     0.017     0.002
   7 0 0 0 1 1 1 1  26  18  22   0   0   0   0     5.902    45.371     5.008     0.000     0.000     0.000     0.000   0   0   0   0   0   0   0     0.000     0.000     0.000    -0.006    -0.215    -0.005     0.008
   7 0 0 0 1 1 1 1  11  11   0   0   0   0   0    51.225    51.192    21.078     0.000     0.000     0.000     0.000   0   0   0   0   0   0   0     0.000     0.000     0.000     0.001     0.168    -0.023    -0.007
   7 0 0 0 1 1 1 1  26  25  26   0   0   0   0     5.892     5.632     5.895     0.000     0.000     0.000     0.000   0   0   0   0   0   0   0     0.000     0.000     0.000    -0.011    -0.004     0.011     0.000
   7 0 0 0 1 1 1 1  26  18  17   0   0   0   0     5.902    45.371    60.254     0.000     0.000     0.000     0.000   0   0   0   0   0   0   0     0.000     0.000     0.000    -0.003    -0.068     0.001     0.013
   7 0 0 0 1 1 1 1  29  11  25   0   0   0   0     5.707    53.825     5.841     0.000     0.000     0.000     0.000   0   0   0   0   0   0   0     0.000     0.000     0.000    -0.010    -0.042    -0.005     0.008
   7 0 0 0 1 1 1 1   5   9   4   0   0   0   0    23.036    18.327    23.476     0.000     0.000     0.000     0.000   0   0   0   0   0   0   0     0.000     0.000     0.000    -0.007     0.006    -0.003    -0.007
   7 0 0 0 1 1 1 1  11   3  18   0   0   0   0    50.550    24.463    45.371     0.000     0.000     0.000     0.000   0   0   0   0   0   0   0     0.000     0.000     0.000     0.001     0.006    -0.003     0.005
   7 0 0 0 1 1 1 1  26  28   1   0   0   0   0     5.914     5.598    22.480     0.000     0.000     0.000     0.000   0   0   0   0   0   0   0     0.000     0.000     0.000    -0.001    -0.015     0.001     0.010
   7 0 0 0 1 1 1 1   6   4  27   0   0   0   0    20.502    23.195     5.418     0.000     0.000     0.000     0.000   0   0   0   0   0   0   0     0.000     0.000     0.000    -0.204    -0.004     0.026     0.003
   7 0 0 0 1 1 1 1  18  17   4   0   0   0   0    45.273    59.380    23.134     0.000     0.000     0.000     0.000   0   0   0   0   0   0   0     0.000     0.000     0.000    -0.002     0.012     0.159    -0.000
   7 0 0 0 1 1 1 1  10   4  12   0   0   0   0    15.711    23.195    49.309     0.000     0.000     0.000     0.000   0   0   0   0   0   0   0     0.000     0.000     0.000     0.072     0.001    -0.000    -0.009
   7 0 0 0 1 1 1 1   4  25  11   0   0   0   0    23.510     5.841    49.805     0.000     0.000     0.000     0.000   0   0   0   0   0   0   0     0.000     0.000     0.000    -0.002     0.005    -0.000    -0.005
   7 0 0 0 1 1 1 1  26  18  27   0   0   0   0     5.902    45.371     5.153     0.000     0.000     0.000     0.000   0   0   0   0   0   0   0     0.000     0.000     0.000    -0.005    -0.194     0.035     0.002
   7 0 0 0 1 1 1 1  18  17   4   0   0   0   0    45.273    59.165    23.134     0.000     0.000     0.000     0.000   0   0   0   0   0   0   0     0.000     0.000     0.000    -0.002     0.006     0.151    -0.000
   7 0 0 0 1 1 1 1  11  25  28   0   0   0   0    50.550     6.021     5.598     0.000     0.000     0.000     0.000   0   0   0   0   0   0   0     0.000     0.000     0.000     0.001     0.005    -0.005     0.001
   7 0 0 0 1 1 1 1  17  11  17   0   0   0   0    60.132    51.192    60.254     0.000     0.000     0.000     0.000   0   0   0   0   0   0   0     0.000     0.000     0.000     0.001    -0.008     0.004     0.011
   7 0 0 0 1 1 1 1  29  11  17   0   0   0   0     5.704    53.825    60.132     0.000     0.000     0.000     0.000   0   0   0   0   0   0   0     0.000     0.000     0.000    -0.011    -0.038     0.000     0.025
   7 0 0 0 1 1 1 1  18   2   4   0   0   0   0    45.273    22.726    23.134     0.000     0.000     0.000     0.000   0   0   0   0   0   0   0     0.000     0.000     0.000    -0.013     0.000     0.143    -0.000
   7 0 0 0 1 1 1 1  25  11   4   0   0   0   0     5.815    52.841    23.134     0.000     0.000     0.000     0.000   0   0   0   0   0   0   0     0.000     0.000     0.000    -0.003    -0.010     0.022     0.000
   7 0 0 0 1 1 1 1  32   4   2   0   0   0   0     4.387    23.195    22.657     0.000     0.000     0.000     0.000   0   0   0   0   0   0   0     0.000     0.000     0.000    -0.064    -0.001     0.016     0.002
   7 0 0 0 1 1 1 1   6   4   1   0   0   0   0    20.502    23.195    22.480     0.000     0.000     0.000     0.000   0   0   0   0   0   0   0     0.000     0.000     0.000    -0.184    -0.003     0.003     0.021
   7 0 0 0 1 1 1 1  18  15   4   0   0   0   0    45.273    47.541    23.134     0.000     0.000     0.000     0.000   0   0   0   0   0   0   0     0.000     0.000     0.000    -0.005     0.002     0.136    -0.000
   7 0 0 0 1 1 1 1  10   4  12   0   0   0   0    15.711    23.195    49.309     0.000     0.000     0.000     0.000   0   0   0   0   0   0   0     0.000     0.000     0.000     0.067     0.001    -0.000    -0.008
   7 0 0 0 1 1 1 1  17  11   0   0   0   0   0    60.132    51.192    21.123     0.000     0.000     0.000     0.000   0   0   0   0   0   0   0     0.000     0.000     0.000     0.000    -0.007     0.006     0.012
   7 0 0 0 1 1 1 1  26  18  27   0   0   0   0     5.902    45.371     5.124     0.000     0.000     0.000     0.000   0   0   0   0   0   0   0     0.000     0.000     0.000    -0.004    -0.175     0.038     0.001
   7 0 0 0 1 1 1 1  18   2   4   0   0   0   0    45.273    22.726    23.134     0.000     0.000     0.000     0.000   0   0   0   0   0   0   0     0.000     0.000     0.000    -0.011     0.000     0.129    -0.000
   7 0 0 0 1 1 1 1  11   3  28   0   0   0   0    50.550    24.463     5.598     0.000     0.000     0.000     0.000   0   0   0   0   0   0   0     0.000     0.000     0.000     0.001     0.005    -0.004     0.001
   7 0 0 0 1 1 1 1  22   0  25   0   0   0   0     4.920    21.582     5.841     0.000     0.000     0.000     0.000   0   0   0   0   0   0   0     0.000     0.000     0.000    -0.006    -0.001    -0.002     0.004
   7 0 0 0 1 1 1 1  29  11  25   0   0   0   0     5.718    53.825     5.841     0.000     0.000     0.000     0.000   0   0   0   0   0   0   0     0.000     0.000     0.000    -0.006    -0.034    -0.004     0.009
   7 0 0 0 1 1 1 1  11  13  12   0   0   0   0    52.729    49.796    54.073     0.000     0.000     0.000     0.000   0   0   0   0   0   0   0     0.000     0.000     0.000     0.000     0.057    -0.011     0.002
   7 0 0 0 1 1 1 1  10   4  12   0   0   0   0    15.711    23.195    49.309     0.000     0.000     0.000     0.000   0   0   0   0   0   0   0     0.000     0.000     0.000     0.064     0.001    -0.000    -0.007
   7 0 0 1 1 1 1 1   1  17  12   0   0   0   0    22.480    60.132    49.309     0.000     0.000     0.000     0.000   0   0   0   0   0   0   0     0.000     0.000     0.008    -0.001     0.008    -0.000    -0.007
   7 0 0 0 1 1 1 1  12   2   4   0   0   0   0    50.105    22.657    23.195     0.000     0.000     0.000     0.000   0   0   0   0   0   0   0     0.000     0.000     0.008     0.030     0.001    -0.166    -0.004
   7 0 0 0 1 1 1 1   4   5  27   0   0   0   0    23.248    22.709     5.223     0.000     0.000     0.000     0.000   0   0   0   0   0   0   0     0.000     0.000     0.008     0.120     0.002     0.005    -0.003
   7 0 0 0 1 1 1 1  22   3   1   0   0   0   0     5.129    23.741    21.705     0.000     0.000     0.000     0.000   0   0   0   0   0   0   0     0.000     0.000     0.008     0.061     0.000     0.004    -0.003
   7 0 0 0 1 1 1 1  32   4   2   0   0   0   0     4.387    23.195    22.657     0.000     0.000     0.000     0.000   0   0   0   0   0   0   0     0.000     0.000     0.008    -0.060    -0.001     0.015     0.001
   7 0 0 0 1 1 1 1  17  13   0   0   0   0   0    60.132    49.796    21.284     0.000     0.000     0.000     0.000   0   0   0   0   0   0   0     0.000     0.000     0.008     0.001    -0.030     0.012     0.035
   7 0 0 0 1 1 1 1   4   5  25   0   0   0   0    23.248    22.709     5.958     0.000     0.000     0.000     0.000   0   0   0   0   0   0   0     0.000     0.000     0.008     0.114     0.002    -0.004     0.003
   7 0 0 0 1 1 1 1   4  28  26   0   0   0   0    23.839     5.598     5.919     0.000     0.000     0.000     0.000   0   0   0   0   0   0   0     0.000     0.000     0.008    -0.004     0.001     0.001     0.004
   7 0 0 0 1 1 1 1  17  32  11   0   0   0   0    60.254     4.387    52.141     0.000     0.000     0.000     0.000   0   0   0   0   0   0   0     0.000     0.000     0.008    -0.003     0.002     0.012     0.005
   7 0 0 0 1 1 1 1  29   0  25   0   0   0   0     5.723    21.537     5.873     0.000     0.000     0.000     0.000   0   0   0   0   0   0   0     0.000     0.000     0.008    -0.017    -0.004    -0.001     0.011
   7 0 0 0 1 1 1 1  18  17   4   0   0   0   0    45.273    59.466    23.134     0.000     0.000     0.000     0.000   0   0   0   0   0   0   0     0.000     0.000     0.008    -0.001     0.013     0.108    -0.000
   7 0 0 0 1 1 1 1  25  22   4   0   0   0   0     5.820     4.860    23.134     0.000     0.000     0.000     0.000   0   0   0   0   0   0   0     0.000     0.000     0.008    -0.009    -0.002     0.038     0.000
   7 0 0 0 1 1 1 1  25  18  22   0   0   0   0     5.841    45.286     5.085     0.000     0.000     0.000     0.000   0   0   0   0   0   0   0     0.000     0.000     0.008    -0.001    -0.057    -0.001     0.004
   7 0 0 0 1 1 1 1   6   4  27   0   0   0   0    20.502    23.195     5.418     0.000     0.000     0.000     0.000   0   0   0   0   0   0   0     0.000     0.000     0.008    -0.156    -0.002     0.022     0.002
   7 0 0 0 1 1 1 1  11  19   0   0   0   0   0    52.729    60.119    21.078     0.000     0.000     0.000     0.000   0   0   0   0   0   0   0     0.000     0.000     0.008     0.000     0.039    -0.018    -0.005
   7 0 0 0 1 1 1 1  10   4  13   0   0   0   0    15.711    23.195    48.156     0.000     0.000     0.000     0.000   0   0   0   0   0   0   0     0.000     0.000     0.008     0.056     0.001    -0.000    -0.005
   7 0 0 0 1 1 1 1  11   2   4   0   0   0   0    51.192    22.657    23.195     0.000     0.000     0.000     0.000   0   0   0   0   0   0   0     0.000     0.000     0.008     0.013     0.000    -0.054    -0.001
   7 0 0 0 1 1 1 1   3  16   1   0   0   0   0    24.469    57.250    22.444     0.000     0.000     0.000     0.000   0   0   0   0   0   0   0     0.000     0.000     0.008    -0.003     0.014     0.006     0.016
   7 0 0 0 1 1 1 1   4  26   0   0   0   0   0    23.326     5.899    21.232     0.000     0.000     0.000     0.000   0   0   0   0   0   0   0     0.000     0.000     0.008     0.040     0.001    -0.006     0.001
   7 0 0 0 1 1 1 1  22   3   1   0   0   0   0     5.129    23.741    21.705     0.000     0.000     0.000     0.000   0   0   0   0   0   0   0     0.000     0.000     0.008     0.053     0.000     0.003    -0.003
   7 0 0 0 1 1 1 1  26   3   1   0   0   0   0     5.909    23.741    22.480     0.000     0.000     0.000     0.000   0   0   0   0   0   0   0     0.000     0.000     0.008    -0.024    -0.001     0.000     0.006
   7 0 0 0 1 1 1 1  12   2   4   0   0   0   0    50.105    22.657    23.195     0.000     0.000     0.000     0.000   0   0   0   0   0   0   0     0.000     0.000     0.008     0.027     0.001    -0.148    -0.003
   7 0 0 0 1 1 1 1   4  28   0   0   0   0   0    23.326     5.601    21.144     0.000     0.000     0.000     0.000   0   0   0   0   0   0   0     0.000     0.000     0.008     0.029     0.000    -0.014    -0.000
   7 0 0 0 1 1 1 1  25  28   2   0   0   0   0     6.021     5.598    23.041     0.000     0.000     0.000     0.000   0   0   0   0   0   0   0     0.000     0.000     0.008    -0.002     0.001     0.002     0.005
   7 0 0 0 1 1 1 1  17  18  17   0   0   0   0    59.268    45.371    60.254     0.000     0.000     0.000     0.000   0   0   0   0   0   0   0     0.000     0.000     0.008    -0.000    -0.050     0.002     0.007
   7 0 0 0 1 1 1 1  27  11  12   0   0   0   0     5.153    49.888    50.109     0.000     0.000     0.000     0.000   0   0   0   0   0   0   0     0.000     0.000     0.008     0.010     0.031     0.002    -0.012
   7 0 0 0 1 1 1 1  23   4   2   0   0   0   0     5.755    23.134    22.703     0.000     0.000     0.000     0.000   0   0   0   0   0   0   0     0.000     0.000     0.008     0.098     0.001    -0.010    -0.002
   7 0 0 0 1 1 1 1  22   3   1   0   0   0   0     5.129    23.741    21.705     0.000     0.000     0.000     0.000   0   0   0   0   0   0   0     0.000     0.000     0.008     0.050     0.000     0.003    -0.003
   7 0 0 0 1 1 1 1  25  11  24   0   0   0   0     5.643    52.841     5.713     0.000     0.000     0.000     0.000   0   0   0   0   0   0   0     0.000     0.000     0.008    -0.005    -0.010    -0.000     0.004
   7 0 0 0 1 1 1 1  16  18  26   0   0   0   0    57.250    45.371     5.907     0.000     0.000     0.000     0.000   0   0   0   0   0   0   0     0.000     0.000     0.008    -0.000    -0.140     0.029     0.009
   7 0 0 0 1 1 1 1  10   9   4   0   0   0   0    15.879    18.327    23.476     0.000     0.000     0.000     0.000   0   0   0   0   0   0   0     0.000     0.000     0.008    -0.005     0.004    -0.001    -0.005
   7 0 0 0 1 1 1 1  24  11  22   0   0   0   0     5.331    53.825     5.129     0.000     0.000     0.000     0.000   0   0   0   0   0   0   0     0.000     0.000     0.008    -0.006     0.003     0.001    -0.002
   7 0 0 0 1 1 1 1  26  22  16   0   0   0   0     5.882     4.863    55.982     0.000     0.000     0.000     0.000   0   0   0   0   0   0   0     0.000     0.000     0.008    -0.009    -0.003    -0.000     0.004
   7 0 0 0 1 1 1 1   3  16   1   0   0   0   0    24.469    57.250    22.444     0.000     0.000     0.000     0.000   0   0   0   0   0   0   0     0.000     0.000     0.008    -0.003     0.012     0.005     0.015
   7 0 0 0 1 1 1 1  18  17   4   0   0   0   0    45.273    59.429    23.134     0.000     0.000     0.000     0.000   0   0   0   0   0   0   0     0.000     0.000     0.008    -0.001     0.009     0.093    -0.001
   7 0 0 0 1 1 1 1  10   6  15   0   0   0   0    15.711    20.490    49.308     0.000     0.000     0.000     0.000   0   0   0   0   0   0   0     0.000     0.000     0.008     0.000     0.048    -0.000    -0.008
   7 0 0 0 1 1 1 1  11   2   4   0   0   0   0    51.192    22.657    23.195     0.000     0.000     0.000     0.000   0   0   0   0   0   0   0     0.000     0.000     0.008     0.012     0.000    -0.047    -0.001
   7 0 0 0 1 1 1 1  11  13  23   0   0   0   0    51.192    49.669     5.662     0.000     0.000     0.000     0.000   0   0   0   0   0   0   0     0.000     0.000     0.008     0.000     0.030    -0.002    -0.133
   7 0 0 0 1 1 1 1   4  26   0   0   0   0   0    23.326     5.899    21.144     0.000     0.000     0.000     0.000   0   0   0   0   0   0   0     0.000     0.000     0.008     0.032     0.001    -0.013    -0.000
   7 0 0 0 1 1 1 1   4  28   6   0   0   0   0    23.839     5.598    20.297     0.000     0.000     0.000     0.000   0   0   0   0   0   0   0     0.000     0.000     0.008    -0.003     0.001     0.002    -0.001
   7 0 0 0 1 1 1 1   1  17   0   0   0   0   0    22.480    59.268    21.206     0.000     0.000     0.000     0.000   0   0   0   0   0   0   0     0.000     0.000     0.008    -0.001     0.003     0.006     0.002
   7 0 0 0 1 1 1 1  12   2   4   0   0   0   0    50.105    22.657    23.195     0.000     0.000     0.000     0.000   0   0   0   0   0   0   0     0.000     0.000     0.008     0.023     0.001    -0.127    -0.003
   7 0 0 0 1 1 1 1  18   2   4   0   0   0   0    45.273    22.726    23.134     0.000     0.000     0.000     0.000   0   0   0   0   0   0   0     0.000     0.000     0.008    -0.008     0.000     0.086    -0.001
   7 0 0 0 1 1 1 1   3  10  24   0   0   0   0    24.467    15.711     5.333     0.000     0.000     0.000     0.000   0   0   0   0   0   0   0     0.000     0.000     0.008     0.001    -0.001    -0.000     0.004
   7 0 0 0 1 1 1 1  32   4   2   0   0   0   0     4.387    23.195    22.657     0.000     0.000     0.000     0.000   0   0   0   0   0   0   0     0.000     0.000     0.008    -0.045    -0.001     0.012     0.001
   7 0 0 0 1 1 1 1  26   4  25   0   0   0   0     5.924    23.134     5.879     0.000     0.000     0.000     0.000   0   0   0   0   0   0   0     0.000     0.000     0.008    -0.023    -0.002     0.002     0.012
   7 0 0 0 1 1 1 1  26   0  26   0   0   0   0     5.894    21.126     5.895     0.000     0.000     0.000     0.000   0   0   0   0   0   0   0     0.000     0.000     0.008    -0.013    -0.003     0.036     0.000
   7 0 0 0 1 1 1 1  24  28  22   0   0   0   0     5.331     5.547     5.129     0.000     0.000     0.000     0.000   0   0   0   0   0   0   0     0.000     0.000     0.008    -0.007    -0.000     0.001    -0.002
   7 0 0 0 1 1 1 1  11   2   4   0   0   0   0    51.192    22.657    23.195     0.000     0.000     0.000     0.000   0   0   0   0   0   0   0     0.000     0.000     0.008     0.011     0.000    -0.043    -0.001
   7 0 0 0 1 1 1 1  29  17   9   0   0   0   0     5.694    58.676    18.303     0.000     0.000     0.000     0.000   0   0   0   0   0   0   0     0.000     0.000     0.008    -0.027    -0.009     0.011    -0.001
   7 0 0 0 1 1 1 1  23   4  23   0   0   0   0     5.755    23.134     6.000     0.000     0.000     0.000     0.000   0   0   0   0   0   0   0     0.000     0.000     0.008     0.080     0.001    -0.001    -0.006
   7 0 0 0 1 1 1 1  16   5   0   0   0   0   0    56.695    22.709    21.127     0.000     0.000     0.000     0.000   0   0   0   0   0   0   0     0.000     0.000     0.008     0.045    -0.000     0.002    -0.006
   7 0 0 0 1 1 1 1  26   4   6   0   0   0   0     5.914    23.134    21.394     0.000     0.000     0.000     0.000   0   0   0   0   0   0   0     0.000     0.000     0.008    -0.011    -0.001     0.001     0.005
   7 0 0 0 1 1 1 1  12   2   4   0   0   0   0    50.105    22.657    23.195     0.000     0.000     0.000     0.000   0   0   0   0   0   0   0     0.000     0.000     0.008     0.022     0.001    -0.119    -0.002
   7 0 0 0 1 1 1 1  26   0  26   0   0   0   0     5.894    21.126     5.895     0.000     0.000     0.000     0.000   0   0   0   0   0   0   0     0.000     0.000     0.008    -0.012    -0.003     0.031     0.000
   7 0 0 0 1 1 1 1  10   4  13   0   0   0   0    15.711    23.195    48.846     0.000     0.000     0.000     0.000   0   0   0   0   0   0   0     0.000     0.000     0.008     0.043     0.000    -0.000    -0.008
   7 0 0 0 1 1 1 1  25  11  17   0   0   0   0     5.643    52.841    60.132     0.000     0.000     0.000     0.000   0   0   0   0   0   0   0     0.000     0.000     0.008    -0.004    -0.009    -0.000     0.005
   7 0 0 0 1 1 1 1  11   4   4   0   0   0   0    50.889    23.860    23.134     0.000     0.000     0.000     0.000   0   0   0   0   0   0   0     0.000     0.000     0.008     0.005    -0.003    -0.072    -0.003
   7 0 0 0 1 1 1 1  23   4  23   0   0   0   0     5.755    23.134     6.000     0.000     0.000     0.000     0.000   0   0   0   0   0   0   0     0.000     0.000     0.008     0.075     0.001    -0.001    -0.005
   7 0 0 0 1 1 1 1   3  10  24   0   0   0   0    24.467    15.711     5.333     0.000     0.000     0.000     0.000   0   0   0   0   0   0   0     0.000     0.000     0.008     0.001    -0.001    -0.000     0.003
   7 0 0 0 1 1 1 1  32   4   2   0   0   0   0     4.387    23.195    22.657     0.000     0.000     0.000     0.000   0   0   0   0   0   0   0     0.000     0.000     0.008    -0.040    -0.001     0.010     0.001
   7 0 0 0 1 1 1 1  11  27  13   0   0   0   0    54.048     5.153    52.615     0.000     0.000     0.000     0.000   0   0   0   0   0   0   0     0.000     0.000     0.008     0.019    -0.000    -0.025    -0.007
   7 0 0 0 1 1 1 1  24   4  23   0   0   0   0     5.337    23.620     5.755     0.000     0.000     0.000     0.000   0   0   0   0   0   0   0     0.000     0.000     0.008    -0.013    -0.002     0.003    -0.002
   7 0 0 0 1 1 1 1  24  28   9   0   0   0   0     5.331     5.547    18.327     0.000     0.000     0.000     0.000   0   0   0   0   0   0   0     0.000     0.000     0.008    -0.007    -0.000    -0.002     0.001
   7 0 0 0 1 1 1 1  26   3   6   0   0   0   0     5.908    23.741    21.394     0.000     0.000     0.000     0.000   0   0   0   0   0   0   0     0.000     0.000     0.008    -0.023    -0.001     0.000     0.005
   7 0 0 0 1 1 1 1  14   3  16   0   0   0   0    39.546    24.482    57.250     0.000     0.000     0.000     0.000   0   0   0   0   0   0   0     0.000     0.000     0.008     0.003     0.012    -0.004     0.009
   7 0 0 0 1 1 1 1   4   5  27   0   0   0   0    23.326    22.709     5.196     0.000     0.000     0.000     0.000   0   0   0   0   0   0   0     0.000     0.000     0.008     0.022     0.001     0.005    -0.002
   7 0 1 0 1 1 1 1  27   5  18   0   0   0   0     5.153    22.709    45.371     0.000     0.000     0.000     0.000   0   0   0   0   0   0   0     0.000    -0.005     0.008     0.022     0.001    -0.000     0.004
   7 0 0 0 1 1 1 1  22   0   3   0   0   0   0     4.914    21.607    23.741     0.000     0.000     0.000     0.000   0   0   0   0   0   0   0     0.000    -0.005     0.008    -0.004     0.000    -0.002     0.002
   7 0 0 0 1 1 1 1  12   2   4   0   0   0   0    50.105    22.657    23.195     0.000     0.000     0.000     0.000   0   0   0   0   0   0   0     0.000    -0.005     0.008     0.022     0.001    -0.109    -0.002
   7 0 0 0 1 1 1 1  11   5  28   0   0   0   0    52.729    22.709     5.527     0.000     0.000     0.000     0.000   0   0   0   0   0   0   0     0.000    -0.005     0.008     0.026     0.000     0.004    -0.005
   7 0 0 0 1 1 1 1  16   5   0   0   0   0   0    56.409    22.709    21.127     0.000     0.000     0.000     0.000   0   0   0   0   0   0   0     0.000    -0.005     0.008     0.040    -0.000     0.002    -0.005
   7 0 0 0 1 1 1 1  17  18  31   0   0   0   0    59.294    45.371     5.409     0.000     0.000     0.000     0.000   0   0   0   0   0   0   0     0.000    -0.005     0.008    -0.000    -0.037    -0.002     0.003
   7 0 0 0 1 1 1 1  29  13  17   0   0   0   0     5.671    52.615    60.101     0.000     0.000     0.000     0.000   0   0   0   0   0   0   0     0.000    -0.005     0.008    -0.023    -0.006    -0.000     0.012
   7 0 0 0 1 1 1 1   9  16   1   0   0   0   0    18.327    59.603    22.091     0.000     0.000     0.000     0.000   0   0   0   0   0   0   0     0.000    -0.005     0.008    -0.005     0.002     0.068     0.000
   7 0 0 0 1 1 1 1  25  11   5   0   0   0   0     5.798    52.920    22.697     0.000     0.000     0.000     0.000   0   0   0   0   0   0   0     0.000    -0.005     0.008    -0.002    -0.008    -0.002     0.001
   7 0 0 0 1 1 1 1  25   3  17   0   0   0   0     5.643    24.458    60.107     0.000     0.000     0.000     0.000   0   0   0   0   0   0   0     0.000    -0.005     0.008    -0.008    -0.003    -0.000     0.004
   7 0 0 0 1 1 1 1  12   2   4   0   0   0   0    50.105    22.657    23.195     0.000     0.000     0.000     0.000   0   0   0   0   0   0   0     0.000    -0.005     0.008     0.020     0.001    -0.104    -0.002
   7 0 0 0 1 1 1 1   0  26   5   0   0   0   0    21.132     5.915    22.709     0.000     0.000     0.000     0.000   0   0   0   0   0   0   0     0.000    -0.005     0.008    -0.010    -0.002     0.010     0.000
   7 0 0 0 1 1 1 1  10   6  12   0   0   0   0    15.711    20.490    49.550     0.000     0.000     0.000     0.000   0   0   0   0   0   0   0     0.000    -0.005     0.008     0.000     0.038    -0.000    -0.008
   7 0 0 0 1 1 1 1  24  17   6   0   0   0   0     5.711    59.268    21.394     0.000     0.000     0.000     0.000   0   0   0   0   0   0   0     0.000    -0.005     0.008    -0.001     0.002     0.002     0.004
   7 0 0 0 1 1 1 1  11   4   4   0   0   0   0    50.889    23.860    23.134     0.000     0.000     0.000     0.000   0   0   0   0   0   0   0     0.000    -0.005     0.008     0.004    -0.002    -0.061    -0.002
