  252
   1 1   0     0.000   0     4.869
   1 1   0     0.000   0     5.468
   1 1   0     0.000   0     5.783
   1 1   0     0.000   0     6.070
   7 0 0 0 1 1 1 1   1  12   2   0   0   0   0    21.947    48.698    21.561     0.000     0.000     0.000     0.000   0   0   0   0   0   0   0     0.000     0.000     0.000    -0.151    -0.014    -0.176     0.093
   7 0 0 0 1 1 1 1   0  22   0   0   0   0   0    21.179     5.452    21.328     0.000     0.000     0.000     0.000   0   0   0   0   0   0   0     0.000     0.000     0.000    -0.035    -0.143     0.079     0.152
   7 0 0 0 1 1 1 1   2   2   9   0   0   0   0    21.628    21.578    17.901     0.000     0.000     0.000     0.000   0   0   0   0   0   0   0     0.000     0.000     0.000    -0.356    -0.121    -0.015     0.075
   7 0 0 0 1 1 1 1   2   2  11   0   0   0   0    21.628    21.578    49.867     0.000     0.000     0.000     0.000   0   0   0   0   0   0   0     0.000     0.000     0.000    -0.743    -0.251    -0.072     0.157
   7 0 0 0 1 1 1 1   1  12   2   0   0   0   0    21.947    48.698    21.561     0.000     0.000     0.000     0.000   0   0   0   0   0   0   0     0.000     0.000     0.000    -0.138    -0.013    -0.167     0.084
   7 0 0 0 1 1 1 1   0  12  11   0   0   0   0    21.179    48.698    50.767     0.000     0.000     0.000     0.000   0   0   0   0   0   0   0     0.000     0.000     0.000    -0.130    -0.031     0.138     0.071
   7 0 0 0 1 1 1 1   2   0   9   0   0   0   0    21.628    21.137    17.901     0.000     0.000     0.000     0.000   0   0   0   0   0   0   0     0.000     0.000     0.000    -0.113    -0.332    -0.014     0.068
   7 0 0 0 1 1 1 1   2   0  11   0   0   0   0    21.628    21.137    49.867     0.000     0.000     0.000     0.000   0   0   0   0   0   0   0     0.000     0.000     0.000    -0.234    -0.694    -0.065     0.142
   7 0 0 0 1 1 1 1   1  12   2   0   0   0   0    21.947    48.698    21.561     0.000     0.000     0.000     0.000   0   0   0   0   0   0   0     0.000     0.000     0.000    -0.125    -0.012    -0.159     0.076
   7 0 0 0 1 1 1 1   0  12   0   0   0   0   0    21.179    48.698    21.328     0.000     0.000     0.000     0.000   0   0   0   0   0   0   0     0.000     0.000     0.000    -0.118    -0.028     0.065     0.126
   7 0 0 0 1 1 1 1  14  20   0   0   0   0   0    47.487    62.362    21.137     0.000     0.000     0.000     0.000   0   0   0   0   0   0   0     0.000     0.000     0.000     0.063    -0.011    -0.105    -0.310
   7 0 0 0 1 1 1 1   2   0  11   0   0   0   0    21.628    21.137    48.446     0.000     0.000     0.000     0.000   0   0   0   0   0   0   0     0.000     0.000     0.000    -0.219    -0.647    -0.092     0.108
   7 0 0 0 1 1 1 1   1  12   2   0   0   0   0    21.947    48.698    21.561     0.000     0.000     0.000     0.000   0   0   0   0   0   0   0     0.000     0.000     0.000    -0.114    -0.011    -0.151     0.069
   7 0 0 0 1 1 1 1   0  12  11   0   0   0   0    21.179    48.698    50.767     0.000     0.000     0.000     0.000   0   0   0   0   0   0   0     0.000     0.000     0.000    -0.107    -0.026     0.115     0.059
   7 0 0 0 1 1 1 1   2   0   9   0   0   0   0    21.628    21.137    17.901     0.000     0.000     0.000     0.000   0   0   0   0   0   0   0     0.000     0.000     0.000    -0.098    -0.289    -0.011     0.055
   7 0 0 0 1 1 1 1   2   0  11   0   0   0   0    21.628    21.137    49.867     0.000     0.000     0.000     0.000   0   0   0   0   0   0   0     0.000     0.000     0.000    -0.204    -0.604    -0.055     0.117
   7 0 0 0 1 1 1 1   1  12   0   0   0   0   0    21.947    48.698    21.139     0.000     0.000     0.000     0.000   0   0   0   0   0   0   0     0.000     0.000     0.000    -0.103    -0.010     0.248     0.031
   7 0 0 0 1 1 1 1   3   7   0   0   0   0   0    22.705    20.004    21.328     0.000     0.000     0.000     0.000   0   0   0   0   0   0   0     0.000     0.000     0.000    -0.151    -0.039     0.051     0.104
   7 0 0 0 1 1 1 1   2   0   0   0   0   0   0    21.628    21.137    21.179     0.000     0.000     0.000     0.000   0   0   0   0   0   0   0     0.000     0.000     0.000    -0.092    -0.270    -0.009     0.051
   7 0 0 0 1 1 1 1   2  15  11   0   0   0   0    21.628    50.864    48.446     0.000     0.000     0.000     0.000   0   0   0   0   0   0   0     0.000     0.000     0.000    -0.642    -0.245    -0.078     0.089
   7 0 0 0 1 1 1 1  11   1  12   0   0   0   0    48.864    21.972    51.133     0.000     0.000     0.000     0.000   0   0   0   0   0   0   0     0.000     0.000     0.000    -0.069     0.060     0.011     0.053
   7 0 0 0 1 1 1 1   0  12  11   0   0   0   0    21.179    48.698    50.767     0.000     0.000     0.000     0.000   0   0   0   0   0   0   0     0.000     0.000     0.000    -0.091    -0.020     0.095     0.048
   7 0 0 0 1 1 1 1   2   2   9   0   0   0   0    21.628    21.578    17.901     0.000     0.000     0.000     0.000   0   0   0   0   0   0   0     0.000     0.000     0.000    -0.252    -0.085    -0.009     0.045
   7 0 0 0 1 1 1 1   2   5  11   0   0   0   0    21.628    22.147    50.767     0.000     0.000     0.000     0.000   0   0   0   0   0   0   0     0.000     0.000     0.000    -0.227    -0.610    -0.042     0.103
   7 0 0 0 1 1 1 1  11   1  12   0   0   0   0    48.864    21.972    51.133     0.000     0.000     0.000     0.000   0   0   0   0   0   0   0     0.000     0.000     0.000    -0.063     0.056     0.010     0.048
   7 0 0 0 1 1 1 1   3   7   0   0   0   0   0    22.565    20.004    21.328     0.000     0.000     0.000     0.000   0   0   0   0   0   0   0     0.000     0.000     0.000    -0.133    -0.034     0.038     0.087
   7 0 0 0 1 1 1 1   2   2   3   0   0   0   0    21.628    21.578    22.522     0.000     0.000     0.000     0.000   0   0   0   0   0   0   0     0.000     0.000     0.000    -0.235    -0.080    -0.011     0.038
   7 0 0 0 1 1 1 1   2   5  11   0   0   0   0    21.628    22.147    47.829     0.000     0.000     0.000     0.000   0   0   0   0   0   0   0     0.000     0.000     0.000    -0.210    -0.579    -0.102     0.064
   7 0 0 0 1 1 1 1  11   0  12   0   0   0   0    48.864    21.137    51.133     0.000     0.000     0.000     0.000   0   0   0   0   0   0   0     0.000     0.000     0.000    -0.082    -0.006     0.009     0.043
   7 0 0 0 1 1 1 1   0   7   0   0   0   0   0    21.179    20.004    21.523     0.000     0.000     0.000     0.000   0   0   0   0   0   0   0     0.000     0.000     0.000    -0.123    -0.028     0.042     0.085
   7 0 0 0 1 1 1 1   2   0   3   0   0   0   0    21.628    21.137    22.705     0.000     0.000     0.000     0.000   0   0   0   0   0   0   0     0.000     0.000     0.000    -0.074    -0.220    -0.008     0.037
   7 0 0 0 1 1 1 1   2   5  11   0   0   0   0    21.628    22.147    50.767     0.000     0.000     0.000     0.000   0   0   0   0   0   0   0     0.000     0.000     0.000    -0.194    -0.550    -0.038     0.087
   7 0 1 0 1 1 1 1   7   5   2   0   0   0   0    20.004    22.147    21.613     0.000     0.000     0.000     0.000   0   0   0   0   0   0   0     0.000    -0.117     0.000    -0.194    -0.550     0.230    -0.000
   7 0 0 0 1 1 1 1   3   7   0   0   0   0   0    22.565    20.004    21.222     0.000     0.000     0.000     0.000   0   0   0   0   0   0   0     0.000    -0.117     0.000    -0.113    -0.028     0.029     0.069
   7 0 0 0 1 1 1 1   2   0   3   0   0   0   0    21.628    21.137    22.522     0.000     0.000     0.000     0.000   0   0   0   0   0   0   0     0.000    -0.117     0.000    -0.069    -0.205    -0.009     0.032
   7 0 0 0 1 1 1 1   2   5  11   0   0   0   0    21.628    22.147    47.829     0.000     0.000     0.000     0.000   0   0   0   0   0   0   0     0.000    -0.117     0.000    -0.179    -0.523    -0.089     0.053
   7 0 0 0 1 1 1 1  11   1  12   0   0   0   0    48.864    21.972    51.133     0.000     0.000     0.000     0.000   0   0   0   0   0   0   0     0.000    -0.117     0.000    -0.051     0.049     0.008     0.039
   7 0 0 0 1 1 1 1  11   1   0   0   0   0   0    48.864    22.037    20.987     0.000     0.000     0.000     0.000   0   0   0   0   0   0   0     0.000    -0.117     0.000    -0.041    -0.133    -0.001     0.047
   7 0 0 0 1 1 1 1   2  15   0   0   0   0   0    21.628    50.864    21.179     0.000     0.000     0.000     0.000   0   0   0   0   0   0   0     0.000    -0.117     0.000    -0.222    -0.081    -0.006     0.032
   7 0 0 0 1 1 1 1   2   0  28   0   0   0   0    21.628    21.137     5.603     0.000     0.000     0.000     0.000   0   0   0   0   0   0   0     0.000    -0.117     0.000    -0.120    -0.432    -0.012     0.110
   7 0 0 0 1 1 1 1   7   2  14   0   0   0   0    20.004    21.576    48.018     0.000     0.000     0.000     0.000   0   0   0   0   0   0   0     0.000    -0.117     0.000    -0.147    -0.045    -0.000     0.216
   7 0 0 0 1 1 1 1  11   7   0   0   0   0   0    48.864    20.004    20.987     0.000     0.000     0.000     0.000   0   0   0   0   0   0   0     0.000    -0.117     0.000    -0.100    -0.033    -0.001     0.042
   7 0 0 0 1 1 1 1   2   5   0   0   0   0   0    21.628    22.147    21.179     0.000     0.000     0.000     0.000   0   0   0   0   0   0   0     0.000    -0.117     0.000    -0.075    -0.211    -0.006     0.029
   7 0 0 0 1 1 1 1   2  15  11   0   0   0   0    21.628    50.864    49.867     0.000     0.000     0.000     0.000   0   0   0   0   0   0   0     0.000    -0.117     0.000    -0.475    -0.149    -0.037     0.065
   7 0 0 1 1 1 1 1  10   5  11   0   0   0   0    15.605    22.147    49.867     0.000     0.000     0.000     0.000   0   0   0   0   0   0   0     0.000    -0.117    -0.068    -0.045     0.032    -0.037     0.065
   7 0 0 0 1 1 1 1  11   1   0   0   0   0   0    48.864    22.037    21.222     0.000     0.000     0.000     0.000   0   0   0   0   0   0   0     0.000    -0.117    -0.068    -0.033    -0.121     0.012     0.054
   7 0 0 0 1 1 1 1   2  15  14   0   0   0   0    21.628    50.864    46.511     0.000     0.000     0.000     0.000   0   0   0   0   0   0   0     0.000    -0.117    -0.068    -0.200    -0.069     0.021    -0.012
   7 0 1 0 1 1 1 1   2  15  11   0   0   0   0    21.578    50.864    47.829     0.000     0.000     0.000     0.000   0   0   0   0   0   0   0     0.000    -0.382    -0.068    -0.200    -0.069    -0.089     0.042
   7 0 0 0 1 1 1 1   7   0  14   0   0   0   0    20.004    21.138    48.018     0.000     0.000     0.000     0.000   0   0   0   0   0   0   0     0.000    -0.382    -0.068    -0.039    -0.138    -0.001     0.203
   7 0 0 0 1 1 1 1   3  12   0   0   0   0   0    22.565    48.305    21.523     0.000     0.000     0.000     0.000   0   0   0   0   0   0   0     0.000    -0.382    -0.068    -0.057    -0.010     0.021     0.059
   7 0 0 0 1 1 1 1   2   5  25   0   0   0   0    21.628    22.147     5.657     0.000     0.000     0.000     0.000   0   0   0   0   0   0   0     0.000    -0.382    -0.068    -0.064    -0.190    -0.006     0.023
   7 0 1 0 1 1 1 1   2   5  11   0   0   0   0    21.578    22.147    47.829     0.000     0.000     0.000     0.000   0   0   0   0   0   0   0     0.000    -0.357    -0.068    -0.064    -0.190    -0.080     0.038
   7 0 0 1 1 1 1 1  10   7  11   0   0   0   0    15.605    20.004    47.829     0.000     0.000     0.000     0.000   0   0   0   0   0   0   0     0.000    -0.357    -0.062    -0.093     0.020    -0.080     0.038
   7 0 0 0 1 1 1 1   0   1   0   0   0   0   0    21.179    22.037    21.523     0.000     0.000     0.000     0.000   0   0   0   0   0   0   0     0.000    -0.357    -0.062    -0.017    -0.112     0.022     0.054
   7 0 0 0 1 1 1 1   2  15  14   0   0   0   0    21.628    50.864    46.511     0.000     0.000     0.000     0.000   0   0   0   0   0   0   0     0.000    -0.357    -0.062    -0.181    -0.059     0.017    -0.010
   7 0 1 0 1 1 1 1   2  15  28   0   0   0   0    21.578    50.864     5.603     0.000     0.000     0.000     0.000   0   0   0   0   0   0   0     0.000    -0.333    -0.062    -0.181    -0.059    -0.019     0.086
   7 0 0 1 1 1 1 1  10   5  28   0   0   0   0    15.605    22.147     5.603     0.000     0.000     0.000     0.000   0   0   0   0   0   0   0     0.000    -0.333    -0.056    -0.039     0.027    -0.019     0.086
   7 0 0 0 1 1 1 1  11   1   0   0   0   0   0    48.864    22.037    21.523     0.000     0.000     0.000     0.000   0   0   0   0   0   0   0     0.000    -0.333    -0.056    -0.025    -0.107     0.012     0.050
   7 0 0 0 1 1 1 1  14   9   5   0   0   0   0    47.487    17.901    22.147     0.000     0.000     0.000     0.000   0   0   0   0   0   0   0     0.000    -0.333    -0.056    -0.005     0.020    -0.055    -0.172
   7 0 0 0 1 1 1 1  14   0   5   0   0   0   0    47.487    20.923    22.147     0.000     0.000     0.000     0.000   0   0   0   0   0   0   0     0.000    -0.333    -0.056     0.085    -0.009    -0.102    -0.398
   7 0 1 0 1 1 1 1   2   0   2   0   0   0   0    21.561    20.923    21.578     0.000     0.000     0.000     0.000   0   0   0   0   0   0   0     0.000    -0.124    -0.056     0.085    -0.009     0.191    -0.003
   7 0 0 0 1 1 1 1  12   0   0   0   0   0   0    48.698    21.139    21.179     0.000     0.000     0.000     0.000   0   0   0   0   0   0   0     0.000    -0.124    -0.056    -0.032    -0.101    -0.005     0.027
   7 0 1 0 1 1 1 1   2   0  11   0   0   0   0    21.578    21.139    47.829     0.000     0.000     0.000     0.000   0   0   0   0   0   0   0     0.000    -0.139    -0.056    -0.032    -0.101    -0.023     0.012
   7 0 0 0 1 1 1 1   2  15  11   0   0   0   0    21.628    50.864    48.446     0.000     0.000     0.000     0.000   0   0   0   0   0   0   0     0.000    -0.139    -0.056    -0.378    -0.094    -0.042     0.037
   7 0 0 1 1 1 1 1  14  14  11   0   0   0   0    48.980    48.453    48.446     0.000     0.000     0.000     0.000   0   0   0   0   0   0   0     0.000    -0.139    -0.118    -0.003     0.181    -0.042     0.037
   7 0 0 0 1 1 1 1  12   0   0   0   0   0   0    48.698    21.139    21.179     0.000     0.000     0.000     0.000   0   0   0   0   0   0   0     0.000    -0.139    -0.118    -0.029    -0.096    -0.004     0.025
   7 0 0 0 1 1 1 1   2   5   0   0   0   0   0    21.628    22.147    21.179     0.000     0.000     0.000     0.000   0   0   0   0   0   0   0     0.000    -0.139    -0.118    -0.046    -0.156    -0.004     0.017
   7 0 1 0 1 1 1 1   2   5  11   0   0   0   0    21.578    22.147    47.829     0.000     0.000     0.000     0.000   0   0   0   0   0   0   0     0.000    -0.279    -0.118    -0.046    -0.156    -0.064     0.028
   7 0 0 1 1 1 1 1  10   7  11   0   0   0   0    15.605    20.004    47.829     0.000     0.000     0.000     0.000   0   0   0   0   0   0   0     0.000    -0.279    -0.051    -0.076     0.016    -0.064     0.028
   7 0 0 0 1 1 1 1  12   0   0   0   0   0   0    48.698    21.139    21.222     0.000     0.000     0.000     0.000   0   0   0   0   0   0   0     0.000    -0.279    -0.051    -0.026    -0.091     0.002     0.034
   7 0 1 0 1 1 1 1   2   0  11   0   0   0   0    21.578    21.139    47.829     0.000     0.000     0.000     0.000   0   0   0   0   0   0   0     0.000    -0.123    -0.051    -0.026    -0.091    -0.020     0.010
   7 0 0 1 1 1 1 1  14   0  11   0   0   0   0    48.453    20.923    47.829     0.000     0.000     0.000     0.000   0   0   0   0   0   0   0     0.000    -0.123    -0.260     0.071    -0.014    -0.020     0.010
   7 0 0 0 1 1 1 1   1  12   0   0   0   0   0    21.947    48.698    21.139     0.000     0.000     0.000     0.000   0   0   0   0   0   0   0     0.000    -0.123    -0.260    -0.044    -0.005     0.172     0.010
   7 0 0 0 1 1 1 1  11   1   0   0   0   0   0    48.864    22.037    21.523     0.000     0.000     0.000     0.000   0   0   0   0   0   0   0     0.000    -0.123    -0.260    -0.018    -0.087     0.008     0.038
   7 0 0 1 1 1 1 1  14  11   0   0   0   0   0    48.453    47.829    21.523     0.000     0.000     0.000     0.000   0   0   0   0   0   0   0     0.000    -0.123    -0.114    -0.018     0.009     0.008     0.038
   7 0 0 0 1 1 1 1   2  15   0   0   0   0   0    21.628    50.864    20.923     0.000     0.000     0.000     0.000   0   0   0   0   0   0   0     0.000    -0.123    -0.114    -0.332    -0.070     0.065    -0.008
   7 0 1 0 1 1 1 1   2  15   2   0   0   0   0    21.561    50.864    21.578     0.000     0.000     0.000     0.000   0   0   0   0   0   0   0     0.000    -0.109    -0.114    -0.332    -0.070     0.163    -0.002
   7 0 0 0 1 1 1 1  12   2  20   0   0   0   0    48.698    21.561    62.362     0.000     0.000     0.000     0.000   0   0   0   0   0   0   0     0.000    -0.109    -0.114    -0.083    -0.022     0.019    -0.004
   7 0 0 0 1 1 1 1  14   0  15   0   0   0   0    47.487    21.179    50.864     0.000     0.000     0.000     0.000   0   0   0   0   0   0   0     0.000    -0.109    -0.114    -0.004     0.014    -0.136    -0.035
   7 0 0 0 1 1 1 1  14  11  15   0   0   0   0    47.487    50.767    50.864     0.000     0.000     0.000     0.000   0   0   0   0   0   0   0     0.000    -0.109    -0.114    -0.021     0.037    -0.315    -0.064
   7 0 1 0 1 1 1 1   2  11   2   0   0   0   0    21.561    50.767    21.578     0.000     0.000     0.000     0.000   0   0   0   0   0   0   0     0.000    -0.103    -0.114    -0.021     0.037     0.155    -0.002
   7 0 0 0 1 1 1 1  12   0   0   0   0   0   0    48.698    21.139    21.523     0.000     0.000     0.000     0.000   0   0   0   0   0   0   0     0.000    -0.103    -0.114    -0.020    -0.078     0.003     0.033
   7 0 0 0 1 1 1 1  14   0   5   0   0   0   0    47.487    21.179    22.147     0.000     0.000     0.000     0.000   0   0   0   0   0   0   0     0.000    -0.103    -0.114    -0.003     0.012    -0.032    -0.130
   7 0 0 0 1 1 1 1   2   5   0   0   0   0   0    21.714    22.147    20.923     0.000     0.000     0.000     0.000   0   0   0   0   0   0   0     0.000    -0.103    -0.114    -0.056    -0.300     0.055     0.006
   7 0 0 0 1 1 1 1   1  12   0   0   0   0   0    21.947    48.698    21.139     0.000     0.000     0.000     0.000   0   0   0   0   0   0   0     0.000    -0.103    -0.114    -0.039    -0.005     0.147     0.010
   7 0 0 0 1 1 1 1  12   1  13   0   0   0   0    49.062    22.037    49.201     0.000     0.000     0.000     0.000   0   0   0   0   0   0   0     0.000    -0.103    -0.114    -0.017    -0.074     0.030     0.004
   7 0 1 0 1 1 1 1   2   1  11   0   0   0   0    21.578    22.037    47.829     0.000     0.000     0.000     0.000   0   0   0   0   0   0   0     0.000    -0.096    -0.114    -0.017    -0.074    -0.015     0.007
   7 0 0 0 1 1 1 1   2  15  11   0   0   0   0    21.628    50.864    47.829     0.000     0.000     0.000     0.000   0   0   0   0   0   0   0     0.000    -0.096    -0.114    -0.285    -0.055    -0.041     0.020
   7 0 1 0 1 1 1 1   2  15   2   0   0   0   0    21.561    50.864    21.578     0.000     0.000     0.000     0.000   0   0   0   0   0   0   0     0.000    -0.099    -0.114    -0.285    -0.055     0.140    -0.001
   7 0 0 0 1 1 1 1   7   2   1   0   0   0   0    20.004    21.576    21.926     0.000     0.000     0.000     0.000   0   0   0   0   0   0   0     0.000    -0.099    -0.114    -0.071    -0.022    -0.009     0.017
   7 0 0 0 1 1 1 1  18  20   2   0   0   0   0    49.026    62.362    21.578     0.000     0.000     0.000     0.000   0   0   0   0   0   0   0     0.000    -0.099    -0.114     0.011    -0.002    -0.089    -0.027
   7 0 0 0 1 1 1 1   2   5  28   0   0   0   0    21.628    22.147     5.603     0.000     0.000     0.000     0.000   0   0   0   0   0   0   0     0.000    -0.099    -0.114    -0.051    -0.270    -0.008     0.045
   7 0 1 0 1 1 1 1   2   5   2   0   0   0   0    21.561    22.147    21.578     0.000     0.000     0.000     0.000   0   0   0   0   0   0   0     0.000    -0.094    -0.114    -0.051    -0.270     0.133    -0.001
   7 0 0 0 1 1 1 1   7   2   1   0   0   0   0    20.004    21.576    21.926     0.000     0.000     0.000     0.000   0   0   0   0   0   0   0     0.000    -0.094    -0.114    -0.067    -0.021    -0.008     0.015
   7 0 0 1 1 1 1 1  14  11   1   0   0   0   0    48.453    47.829    21.926     0.000     0.000     0.000     0.000   0   0   0   0   0   0   0     0.000    -0.094    -0.083    -0.013     0.006    -0.008     0.015
   7 0 0 0 1 1 1 1   2   5  28   0   0   0   0    21.628    22.147     5.518     0.000     0.000     0.000     0.000   0   0   0   0   0   0   0     0.000    -0.094    -0.083    -0.047    -0.257    -0.017     0.026
   7 0 0 0 1 1 1 1  12   2   1   0   0   0   0    51.133    21.561    22.001     0.000     0.000     0.000     0.000   0   0   0   0   0   0   0     0.000    -0.094    -0.083    -0.089    -0.007     0.042     0.021
   7 0 0 0 1 1 1 1  12   0   0   0   0   0   0    48.305    21.139    21.523     0.000     0.000     0.000     0.000   0   0   0   0   0   0   0     0.000    -0.094    -0.083    -0.016    -0.064     0.002     0.025
   7 0 0 0 1 1 1 1  12  15  17   0   0   0   0    48.105    50.864    59.934     0.000     0.000     0.000     0.000   0   0   0   0   0   0   0     0.000    -0.094    -0.083    -0.082    -0.020     0.001     0.021
   7 0 1 0 1 1 1 1   2  15   2   0   0   0   0    21.578    50.864    21.714     0.000     0.000     0.000     0.000   0   0   0   0   0   0   0     0.000    -0.173    -0.083    -0.082    -0.020    -0.044     0.015
   7 0 0 1 1 1 1 1  10   5   2   0   0   0   0    15.605    22.147    21.714     0.000     0.000     0.000     0.000   0   0   0   0   0   0   0     0.000    -0.173    -0.038    -0.025     0.018    -0.044     0.015
   7 0 0 0 1 1 1 1   7   2   1   0   0   0   0    20.004    21.576    21.926     0.000     0.000     0.000     0.000   0   0   0   0   0   0   0     0.000    -0.173    -0.038    -0.061    -0.018    -0.007     0.013
   7 0 0 0 1 1 1 1   2   5  14   0   0   0   0    21.628    22.147    46.366     0.000     0.000     0.000     0.000   0   0   0   0   0   0   0     0.000    -0.173    -0.038    -0.019    -0.106     0.008    -0.003
   7 0 0 0 1 1 1 1   2   5   0   0   0   0   0    21.628    22.147    20.923     0.000     0.000     0.000     0.000   0   0   0   0   0   0   0     0.000    -0.173    -0.038    -0.037    -0.235     0.040    -0.006
   7 0 1 0 1 1 1 1   2   5   2   0   0   0   0    21.561    22.147    21.578     0.000     0.000     0.000     0.000   0   0   0   0   0   0   0     0.000    -0.083    -0.038    -0.037    -0.235     0.126    -0.001
   7 0 0 0 1 1 1 1   7   0   1   0   0   0   0    20.004    21.138    22.030     0.000     0.000     0.000     0.000   0   0   0   0   0   0   0     0.000    -0.083    -0.038    -0.017    -0.058    -0.003     0.022
   7 0 0 0 1 1 1 1   2   5  17   0   0   0   0    21.628    22.147    59.934     0.000     0.000     0.000     0.000   0   0   0   0   0   0   0     0.000    -0.083    -0.038    -0.018    -0.100     0.001     0.019
   7 0 0 0 1 1 1 1   2   5   0   0   0   0   0    21.628    22.147    20.923     0.000     0.000     0.000     0.000   0   0   0   0   0   0   0     0.000    -0.083    -0.038    -0.035    -0.224     0.037    -0.006
   7 0 1 0 1 1 1 1   2   5  14   0   0   0   0    21.561    22.147    48.453     0.000     0.000     0.000     0.000   0   0   0   0   0   0   0     0.000    -0.079    -0.038    -0.035    -0.224    -0.001     0.119
   7 0 0 0 1 1 1 1  12   0   0   0   0   0   0    48.305    21.139    21.523     0.000     0.000     0.000     0.000   0   0   0   0   0   0   0     0.000    -0.079    -0.038    -0.014    -0.055     0.001     0.020
   7 0 0 0 1 1 1 1   2   5  14   0   0   0   0    21.628    22.147    46.511     0.000     0.000     0.000     0.000   0   0   0   0   0   0   0     0.000    -0.079    -0.038    -0.016    -0.095     0.006    -0.004
   7 0 0 0 1 1 1 1   2   5   0   0   0   0   0    21.714    22.147    20.923     0.000     0.000     0.000     0.000   0   0   0   0   0   0   0     0.000    -0.079    -0.038    -0.035    -0.212     0.033     0.004
   7 0 0 0 1 1 1 1  12   2   1   0   0   0   0    51.133    21.561    22.001     0.000     0.000     0.000     0.000   0   0   0   0   0   0   0     0.000    -0.079    -0.038    -0.075    -0.006     0.038     0.018
   7 0 0 0 1 1 1 1   7   2   1   0   0   0   0    20.004    21.576    21.926     0.000     0.000     0.000     0.000   0   0   0   0   0   0   0     0.000    -0.079    -0.038    -0.052    -0.015    -0.006     0.011
   7 0 1 0 1 1 1 1   2   2  11   0   0   0   0    21.578    21.576    47.829     0.000     0.000     0.000     0.000   0   0   0   0   0   0   0     0.000    -0.063    -0.038    -0.052    -0.015    -0.009     0.004
   7 0 0 0 1 1 1 1  14  14   5   0   0   0   0    47.487    46.930    22.147     0.000     0.000     0.000     0.000   0   0   0   0   0   0   0     0.000    -0.063    -0.038     0.011    -0.030    -0.029    -0.202
   7 0 0 1 1 1 1 1  10   2   5   0   0   0   0    15.605    21.561    22.147     0.000     0.000     0.000     0.000   0   0   0   0   0   0   0     0.000    -0.063    -0.033    -0.071     0.009    -0.029    -0.202
   7 0 0 0 1 1 1 1   7   0  23   0   0   0   0    20.004    21.138     5.497     0.000     0.000     0.000     0.000   0   0   0   0   0   0   0     0.000    -0.063    -0.033    -0.014    -0.049     0.021    -0.002
   7 0 0 0 1 1 1 1   2   5  27   0   0   0   0    21.628    22.147     5.147     0.000     0.000     0.000     0.000   0   0   0   0   0   0   0     0.000    -0.063    -0.033    -0.013    -0.087     0.016     0.000
   7 0 0 0 1 1 1 1   2   5  11   0   0   0   0    21.628    22.147    48.446     0.000     0.000     0.000     0.000   0   0   0   0   0   0   0     0.000    -0.063    -0.033    -0.027    -0.192    -0.019     0.013
   7 0 0 0 1 1 1 1   1  12   0   0   0   0   0    21.947    48.698    21.139     0.000     0.000     0.000     0.000   0   0   0   0   0   0   0     0.000    -0.063    -0.033    -0.029    -0.003     0.113     0.007
   7 0 0 0 1 1 1 1  12   2   0   0   0   0   0    48.305    21.561    21.222     0.000     0.000     0.000     0.000   0   0   0   0   0   0   0     0.000    -0.063    -0.033    -0.047    -0.012     0.001     0.013
   7 0 0 0 1 1 1 1   2   5  27   0   0   0   0    21.628    22.147     5.147     0.000     0.000     0.000     0.000   0   0   0   0   0   0   0     0.000    -0.063    -0.033    -0.012    -0.083     0.015     0.000
   7 0 0 0 1 1 1 1   2   5   0   0   0   0   0    21.628    22.147    20.923     0.000     0.000     0.000     0.000   0   0   0   0   0   0   0     0.000    -0.063    -0.033    -0.025    -0.182     0.028    -0.005
   7 0 0 1 1 1 1 1  14   2   0   0   0   0   0    48.980    21.578    20.923     0.000     0.000     0.000     0.000   0   0   0   0   0   0   0     0.000    -0.063    -0.068     0.107    -0.001     0.028    -0.005
   7 0 0 0 1 1 1 1   7   0  23   0   0   0   0    20.004    21.138     5.497     0.000     0.000     0.000     0.000   0   0   0   0   0   0   0     0.000    -0.063    -0.068    -0.012    -0.045     0.018    -0.002
   7 0 0 0 1 1 1 1   2   5   0   0   0   0   0    21.628    22.147    21.179     0.000     0.000     0.000     0.000   0   0   0   0   0   0   0     0.000    -0.063    -0.068    -0.011    -0.079    -0.002     0.006
   7 0 0 0 1 1 1 1   2   5   2   0   0   0   0    21.628    22.147    21.714     0.000     0.000     0.000     0.000   0   0   0   0   0   0   0     0.000    -0.063    -0.068    -0.023    -0.173    -0.025     0.009
   7 0 0 0 1 1 1 1  12   2   1   0   0   0   0    51.133    21.561    22.001     0.000     0.000     0.000     0.000   0   0   0   0   0   0   0     0.000    -0.063    -0.068    -0.065    -0.005     0.035     0.015
   7 0 0 0 1 1 1 1  12   0   3   0   0   0   0    48.305    21.139    22.565     0.000     0.000     0.000     0.000   0   0   0   0   0   0   0     0.000    -0.063    -0.068    -0.010    -0.042    -0.002     0.007
   7 0 0 0 1 1 1 1   2   5  17   0   0   0   0    21.628    22.147    59.934     0.000     0.000     0.000     0.000   0   0   0   0   0   0   0     0.000    -0.063    -0.068    -0.010    -0.075     0.000     0.013
   7 0 0 0 1 1 1 1  14  28   5   0   0   0   0    47.487     5.603    22.147     0.000     0.000     0.000     0.000   0   0   0   0   0   0   0     0.000    -0.063    -0.068    -0.005     0.023    -0.022    -0.164
   7 0 0 1 1 1 1 1  10   5   5   0   0   0   0    15.605    22.147    22.147     0.000     0.000     0.000     0.000   0   0   0   0   0   0   0     0.000    -0.063    -0.027    -0.018     0.013    -0.022    -0.164
   7 0 0 0 1 1 1 1   7   0  10   0   0   0   0    20.004    21.138    15.605     0.000     0.000     0.000     0.000   0   0   0   0   0   0   0     0.000    -0.063    -0.027    -0.011    -0.040     0.004    -0.013
   7 0 0 0 1 1 1 1  18  12   5   0   0   0   0    49.026    51.936    22.147     0.000     0.000     0.000     0.000   0   0   0   0   0   0   0     0.000    -0.063    -0.027     0.001     0.016    -0.009    -0.053
   7 0 0 0 1 1 1 1   2   5  11   0   0   0   0    21.628    22.147    50.510     0.000     0.000     0.000     0.000   0   0   0   0   0   0   0     0.000    -0.063    -0.027    -0.020    -0.156    -0.010     0.013
   7 0 1 0 1 1 1 1   2   5   2   0   0   0   0    21.561    22.147    21.578     0.000     0.000     0.000     0.000   0   0   0   0   0   0   0     0.000    -0.061    -0.027    -0.020    -0.156     0.102    -0.001
   7 0 1 0 1 1 1 1   2   5  23   0   0   0   0    21.561    22.147     5.467     0.000     0.000     0.000     0.000   0   0   0   0   0   0   0     0.000    -0.038    -0.027    -0.020    -0.156     0.016    -0.002
   7 0 0 0 1 1 1 1  14  14   5   0   0   0   0    47.487    46.372    22.147     0.000     0.000     0.000     0.000   0   0   0   0   0   0   0     0.000    -0.038    -0.027     0.004    -0.003    -0.009    -0.068
   7 0 0 0 1 1 1 1  14   2   5   0   0   0   0    47.487    21.714    22.147     0.000     0.000     0.000     0.000   0   0   0   0   0   0   0     0.000    -0.038    -0.027    -0.021     0.007    -0.018    -0.148
   7 0 0 0 1 1 1 1  13   0  15   0   0   0   0    48.746    21.350    50.864     0.000     0.000     0.000     0.000   0   0   0   0   0   0   0     0.000    -0.038    -0.027    -0.025    -0.008     0.097     0.002
   7 0 0 0 1 1 1 1   7   2  10   0   0   0   0    20.004    21.576    15.605     0.000     0.000     0.000     0.000   0   0   0   0   0   0   0     0.000    -0.038    -0.027    -0.036    -0.010     0.003    -0.012
   7 0 0 0 1 1 1 1   2   5  27   0   0   0   0    21.628    22.147     5.113     0.000     0.000     0.000     0.000   0   0   0   0   0   0   0     0.000    -0.038    -0.027    -0.008    -0.065     0.015     0.000
   7 0 0 0 1 1 1 1   2   5  11   0   0   0   0    21.628    22.147    51.529     0.000     0.000     0.000     0.000   0   0   0   0   0   0   0     0.000    -0.038    -0.027    -0.017    -0.141    -0.004     0.021
   7 0 1 0 1 1 1 1   2   5   2   0   0   0   0    21.561    22.147    21.578     0.000     0.000     0.000     0.000   0   0   0   0   0   0   0     0.000    -0.058    -0.027    -0.017    -0.141     0.092    -0.001
   7 0 0 0 1 1 1 1   7   2  23   0   0   0   0    20.004    21.576     5.497     0.000     0.000     0.000     0.000   0   0   0   0   0   0   0     0.000    -0.058    -0.027    -0.035    -0.009     0.014    -0.001
   7 0 0 0 1 1 1 1   2  15  17   0   0   0   0    21.628    50.864    59.934     0.000     0.000     0.000     0.000   0   0   0   0   0   0   0     0.000    -0.058    -0.027    -0.062    -0.008    -0.000     0.011
   7 0 0 0 1 1 1 1   2   5   2   0   0   0   0    21.628    22.147    21.714     0.000     0.000     0.000     0.000   0   0   0   0   0   0   0     0.000    -0.058    -0.027    -0.016    -0.134    -0.019     0.006
   7 0 0 0 1 1 1 1  12   2   1   0   0   0   0    51.133    21.561    22.001     0.000     0.000     0.000     0.000   0   0   0   0   0   0   0     0.000    -0.058    -0.027    -0.055    -0.004     0.031     0.012
   7 0 1 0 1 1 1 1   2   2   1   0   0   0   0    21.561    21.561    21.947     0.000     0.000     0.000     0.000   0   0   0   0   0   0   0     0.000    -0.033    -0.027    -0.055    -0.004    -0.005     0.006
   7 0 0 0 1 1 1 1   2   5   0   0   0   0   0    21.628    22.147    21.179     0.000     0.000     0.000     0.000   0   0   0   0   0   0   0     0.000    -0.033    -0.027    -0.007    -0.059    -0.002     0.004
   7 0 0 0 1 1 1 1   2   5   0   0   0   0   0    21.628    22.147    20.923     0.000     0.000     0.000     0.000   0   0   0   0   0   0   0     0.000    -0.033    -0.027    -0.015    -0.127     0.018    -0.004
   7 0 0 0 1 1 1 1  13   0  15   0   0   0   0    48.746    21.350    50.864     0.000     0.000     0.000     0.000   0   0   0   0   0   0   0     0.000    -0.033    -0.027    -0.022    -0.007     0.087     0.002
   7 0 1 0 1 1 1 1   2   0  27   0   0   0   0    21.561    21.350     5.191     0.000     0.000     0.000     0.000   0   0   0   0   0   0   0     0.000    -0.031    -0.027    -0.022    -0.007     0.006    -0.004
   7 0 0 0 1 1 1 1   2   5  12   0   0   0   0    21.628    22.147    51.936     0.000     0.000     0.000     0.000   0   0   0   0   0   0   0     0.000    -0.031    -0.027    -0.006    -0.056     0.000     0.013
   7 0 0 0 1 1 1 1   2   5  11   0   0   0   0    21.628    22.147    49.155     0.000     0.000     0.000     0.000   0   0   0   0   0   0   0     0.000    -0.031    -0.027    -0.013    -0.121    -0.009     0.009
   7 0 1 0 1 1 1 1   2   5  14   0   0   0   0    21.561    22.147    48.453     0.000     0.000     0.000     0.000   0   0   0   0   0   0   0     0.000    -0.052    -0.027    -0.013    -0.121    -0.001     0.083
   7 0 0 0 1 1 1 1   7   0  10   0   0   0   0    20.004    21.138    15.605     0.000     0.000     0.000     0.000   0   0   0   0   0   0   0     0.000    -0.052    -0.027    -0.008    -0.030     0.003    -0.010
   7 0 0 0 1 1 1 1   2   5  14   0   0   0   0    21.628    22.147    46.511     0.000     0.000     0.000     0.000   0   0   0   0   0   0   0     0.000    -0.052    -0.027    -0.006    -0.053     0.003    -0.003
   7 0 0 0 1 1 1 1   2   5   2   0   0   0   0    21.628    22.147    21.714     0.000     0.000     0.000     0.000   0   0   0   0   0   0   0     0.000    -0.052    -0.027    -0.012    -0.115    -0.016     0.005
   7 0 0 0 1 1 1 1  12   2   1   0   0   0   0    51.133    21.561    22.001     0.000     0.000     0.000     0.000   0   0   0   0   0   0   0     0.000    -0.052    -0.027    -0.050    -0.004     0.029     0.011
   7 0 0 0 1 1 1 1   7   0  23   0   0   0   0    20.004    21.138     5.497     0.000     0.000     0.000     0.000   0   0   0   0   0   0   0     0.000    -0.052    -0.027    -0.008    -0.028     0.011    -0.001
   7 0 0 0 1 1 1 1  12   5  12   0   0   0   0    48.105    22.147    51.936     0.000     0.000     0.000     0.000   0   0   0   0   0   0   0     0.000    -0.052    -0.027    -0.005    -0.037     0.000     0.012
   7 0 0 0 1 1 1 1   2   5  11   0   0   0   0    21.628    22.147    51.529     0.000     0.000     0.000     0.000   0   0   0   0   0   0   0     0.000    -0.052    -0.027    -0.012    -0.109    -0.003     0.015
   7 0 1 0 1 1 1 1   2   5   2   0   0   0   0    21.561    22.147    21.578     0.000     0.000     0.000     0.000   0   0   0   0   0   0   0     0.000    -0.047    -0.027    -0.012    -0.109     0.079    -0.001
   7 0 1 0 1 1 1 1   2   5  23   0   0   0   0    21.561    22.147     5.467     0.000     0.000     0.000     0.000   0   0   0   0   0   0   0     0.000    -0.027    -0.027    -0.012    -0.109     0.010    -0.002
   7 0 0 0 1 1 1 1   2   5  12   0   0   0   0    21.628    22.147    51.936     0.000     0.000     0.000     0.000   0   0   0   0   0   0   0     0.000    -0.027    -0.027    -0.005    -0.048     0.000     0.011
   7 0 0 0 1 1 1 1   2   5  11   0   0   0   0    21.628    22.147    48.172     0.000     0.000     0.000     0.000   0   0   0   0   0   0   0     0.000    -0.027    -0.027    -0.011    -0.104    -0.012     0.005
   7 0 0 0 1 1 1 1  12   2   1   0   0   0   0    51.133    21.561    22.001     0.000     0.000     0.000     0.000   0   0   0   0   0   0   0     0.000    -0.027    -0.027    -0.045    -0.003     0.027     0.010
   7 0 0 0 1 1 1 1  18  18   1   0   0   0   0    48.901    47.368    22.037     0.000     0.000     0.000     0.000   0   0   0   0   0   0   0     0.000    -0.027    -0.027     0.005     0.001    -0.005    -0.025
   7 0 0 0 1 1 1 1  14  17   5   0   0   0   0    47.487    59.503    22.147     0.000     0.000     0.000     0.000   0   0   0   0   0   0   0     0.000    -0.027    -0.027    -0.001     0.004    -0.005    -0.046
   7 0 0 0 1 1 1 1  14   0   5   0   0   0   0    47.487    20.923    22.147     0.000     0.000     0.000     0.000   0   0   0   0   0   0   0     0.000    -0.027    -0.027     0.013    -0.003    -0.010    -0.098
   7 0 0 0 1 1 1 1  13   6  15   0   0   0   0    48.746    20.210    50.864     0.000     0.000     0.000     0.000   0   0   0   0   0   0   0     0.000    -0.027    -0.027    -0.006    -0.019     0.075     0.002
   7 0 0 0 1 1 1 1   7   2  10   0   0   0   0    20.004    21.576    15.605     0.000     0.000     0.000     0.000   0   0   0   0   0   0   0     0.000    -0.027    -0.027    -0.024    -0.007     0.002    -0.008
   7 0 0 0 1 1 1 1   2   5  12   0   0   0   0    21.628    22.147    51.936     0.000     0.000     0.000     0.000   0   0   0   0   0   0   0     0.000    -0.027    -0.027    -0.004    -0.044     0.000     0.010
   7 0 0 0 1 1 1 1   2   5  11   0   0   0   0    21.664    22.147    51.529     0.000     0.000     0.000     0.000   0   0   0   0   0   0   0     0.000    -0.027    -0.027    -0.013    -0.093    -0.001     0.012
   7 0 0 1 1 1 1 1  14   2  11   0   0   0   0    48.980    21.578    51.529     0.000     0.000     0.000     0.000   0   0   0   0   0   0   0     0.000    -0.027    -0.043     0.071    -0.001    -0.001     0.012
   7 0 0 0 1 1 1 1   7   0  10   0   0   0   0    20.004    21.138    15.605     0.000     0.000     0.000     0.000   0   0   0   0   0   0   0     0.000    -0.027    -0.043    -0.006    -0.023     0.002    -0.008
   7 0 0 0 1 1 1 1   2   5  14   0   0   0   0    21.628    22.147    46.511     0.000     0.000     0.000     0.000   0   0   0   0   0   0   0     0.000    -0.027    -0.043    -0.004    -0.042     0.002    -0.002
   7 0 0 0 1 1 1 1   2   5   2   0   0   0   0    21.628    22.147    21.714     0.000     0.000     0.000     0.000   0   0   0   0   0   0   0     0.000    -0.027    -0.043    -0.008    -0.089    -0.012     0.004
   7 0 0 0 1 1 1 1  11   2   5   0   0   0   0    49.867    21.561    22.199     0.000     0.000     0.000     0.000   0   0   0   0   0   0   0     0.000    -0.027    -0.043    -0.040    -0.005     0.025     0.006
   7 0 1 0 1 1 1 1   2   2  23   0   0   0   0    21.561    21.561     5.467     0.000     0.000     0.000     0.000   0   0   0   0   0   0   0     0.000    -0.022    -0.043    -0.040    -0.005     0.009    -0.001
   7 0 0 0 1 1 1 1   2   5  27   0   0   0   0    21.628    22.147     5.113     0.000     0.000     0.000     0.000   0   0   0   0   0   0   0     0.000    -0.022    -0.043    -0.004    -0.039     0.009    -0.000
   7 0 0 0 1 1 1 1   2   5  11   0   0   0   0    21.628    22.147    50.767     0.000     0.000     0.000     0.000   0   0   0   0   0   0   0     0.000    -0.022    -0.043    -0.008    -0.084    -0.005     0.006
   7 0 0 0 1 1 1 1   1  12   0   0   0   0   0    21.947    49.034    21.139     0.000     0.000     0.000     0.000   0   0   0   0   0   0   0     0.000    -0.022    -0.043    -0.016    -0.001     0.068     0.004
   7 0 0 0 1 1 1 1   7   0   2   0   0   0   0    20.004    21.138    21.613     0.000     0.000     0.000     0.000   0   0   0   0   0   0   0     0.000    -0.022    -0.043    -0.006    -0.021     0.017    -0.000
   7 0 0 0 1 1 1 1   2   5  25   0   0   0   0    21.628    22.147     5.493     0.000     0.000     0.000     0.000   0   0   0   0   0   0   0     0.000    -0.022    -0.043    -0.003    -0.038    -0.004     0.001
   7 0 0 0 1 1 1 1   2   5  28   0   0   0   0    21.663    22.147     5.603     0.000     0.000     0.000     0.000   0   0   0   0   0   0   0     0.000    -0.022    -0.043    -0.009    -0.080    -0.002     0.009
   7 0 1 0 1 1 1 1   2   5   2   0   0   0   0    21.561    22.147    21.578     0.000     0.000     0.000     0.000   0   0   0   0   0   0   0     0.000    -0.039    -0.043    -0.009    -0.080     0.065    -0.001
   7 0 0 0 1 1 1 1  11   1  18   0   0   0   0    48.446    22.037    47.543     0.000     0.000     0.000     0.000   0   0   0   0   0   0   0     0.000    -0.039    -0.043    -0.004    -0.020     0.004     0.001
   7 0 0 0 1 1 1 1   2   5  17   0   0   0   0    21.628    22.147    59.934     0.000     0.000     0.000     0.000   0   0   0   0   0   0   0     0.000    -0.039    -0.043    -0.003    -0.036    -0.000     0.007
   7 0 0 0 1 1 1 1   2   5   0   0   0   0   0    21.664    22.147    20.923     0.000     0.000     0.000     0.000   0   0   0   0   0   0   0     0.000    -0.039    -0.043    -0.010    -0.076     0.009    -0.001
   7 0 0 0 1 1 1 1  12   2   1   0   0   0   0    51.133    21.561    22.001     0.000     0.000     0.000     0.000   0   0   0   0   0   0   0     0.000    -0.039    -0.043    -0.037    -0.003     0.023     0.008
   7 0 0 0 1 1 1 1  11   1  18   0   0   0   0    48.446    22.037    47.543     0.000     0.000     0.000     0.000   0   0   0   0   0   0   0     0.000    -0.039    -0.043    -0.004    -0.019     0.004     0.001
   7 0 0 0 1 1 1 1   2   5  12   0   0   0   0    21.628    22.147    51.936     0.000     0.000     0.000     0.000   0   0   0   0   0   0   0     0.000    -0.039    -0.043    -0.003    -0.034    -0.000     0.008
   7 0 0 0 1 1 1 1   2   5   0   0   0   0   0    21.664    22.147    20.923     0.000     0.000     0.000     0.000   0   0   0   0   0   0   0     0.000    -0.039    -0.043    -0.009    -0.072     0.008    -0.001
   7 0 0 0 1 1 1 1  13   0  15   0   0   0   0    48.746    21.074    50.864     0.000     0.000     0.000     0.000   0   0   0   0   0   0   0     0.000    -0.039    -0.043    -0.016    -0.005     0.062     0.002
   7 0 0 0 1 1 1 1   7   0   2   0   0   0   0    20.004    21.138    21.613     0.000     0.000     0.000     0.000   0   0   0   0   0   0   0     0.000    -0.039    -0.043    -0.005    -0.018     0.017    -0.000
   7 0 0 0 1 1 1 1  25   0  12   0   0   0   0     5.486    21.139    51.936     0.000     0.000     0.000     0.000   0   0   0   0   0   0   0     0.000    -0.039    -0.043    -0.019     0.000     0.000     0.008
   7 0 0 0 1 1 1 1   7   5  28   0   0   0   0    20.014    22.147     5.518     0.000     0.000     0.000     0.000   0   0   0   0   0   0   0     0.000    -0.039    -0.043    -0.009    -0.069    -0.003     0.005
   7 0 1 0 1 1 1 1   2   5   2   0   0   0   0    21.561    22.147    21.578     0.000     0.000     0.000     0.000   0   0   0   0   0   0   0     0.000    -0.035    -0.043    -0.009    -0.069     0.059    -0.001
   7 0 0 0 1 1 1 1  11   1  18   0   0   0   0    48.446    22.037    47.368     0.000     0.000     0.000     0.000   0   0   0   0   0   0   0     0.000    -0.035    -0.043    -0.003    -0.017     0.003     0.001
   7 0 0 0 1 1 1 1  14  17   5   0   0   0   0    47.059    59.527    22.147     0.000     0.000     0.000     0.000   0   0   0   0   0   0   0     0.000    -0.035    -0.043    -0.001     0.003    -0.003    -0.031
   7 0 0 0 1 1 1 1   2   5   0   0   0   0   0    21.714    22.147    20.923     0.000     0.000     0.000     0.000   0   0   0   0   0   0   0     0.000    -0.035    -0.043    -0.008    -0.065     0.007     0.001
   7 0 0 0 1 1 1 1  11   2   5   0   0   0   0    49.867    21.561    22.199     0.000     0.000     0.000     0.000   0   0   0   0   0   0   0     0.000    -0.035    -0.043    -0.033    -0.004     0.022     0.005
   7 0 1 0 1 1 1 1   2   2  14   0   0   0   0    21.561    21.561    48.453     0.000     0.000     0.000     0.000   0   0   0   0   0   0   0     0.000    -0.016    -0.043    -0.033    -0.004    -0.000     0.016
   7 0 0 0 1 1 1 1  11   5  12   0   0   0   0    46.918    22.147    51.936     0.000     0.000     0.000     0.000   0   0   0   0   0   0   0     0.000    -0.016    -0.043    -0.003    -0.030     0.000     0.007
   7 0 0 0 1 1 1 1  14   2   5   0   0   0   0    47.059    21.714    22.147     0.000     0.000     0.000     0.000   0   0   0   0   0   0   0     0.000    -0.016    -0.043    -0.008     0.002    -0.005    -0.062
   7 0 0 0 1 1 1 1   1  12   0   0   0   0   0    21.947    49.062    21.139     0.000     0.000     0.000     0.000   0   0   0   0   0   0   0     0.000    -0.016    -0.043    -0.012    -0.000     0.056     0.003
   7 0 0 0 1 1 1 1  18  18   1   0   0   0   0    48.904    47.543    22.037     0.000     0.000     0.000     0.000   0   0   0   0   0   0   0     0.000    -0.016    -0.043     0.003     0.001    -0.003    -0.015
   7 0 0 0 1 1 1 1  25   5  12   0   0   0   0     5.489    22.147    51.936     0.000     0.000     0.000     0.000   0   0   0   0   0   0   0     0.000    -0.016    -0.043    -0.003    -0.020     0.000     0.006
   7 0 0 0 1 1 1 1   2   5  11   0   0   0   0    21.663    22.147    48.446     0.000     0.000     0.000     0.000   0   0   0   0   0   0   0     0.000    -0.016    -0.043    -0.005    -0.059    -0.005     0.003
   7 0 1 0 1 1 1 1   2   5   2   0   0   0   0    21.561    22.147    21.578     0.000     0.000     0.000     0.000   0   0   0   0   0   0   0     0.000    -0.032    -0.043    -0.005    -0.059     0.053    -0.000
   7 0 0 0 1 1 1 1   7   0   2   0   0   0   0    20.004    21.138    21.613     0.000     0.000     0.000     0.000   0   0   0   0   0   0   0     0.000    -0.032    -0.043    -0.004    -0.014     0.016    -0.000
   7 0 0 0 1 1 1 1  14  12   5   0   0   0   0    47.054    51.133    22.147     0.000     0.000     0.000     0.000   0   0   0   0   0   0   0     0.000    -0.032    -0.043    -0.001     0.002    -0.003    -0.027
   7 0 0 0 1 1 1 1  14   2   5   0   0   0   0    47.059    21.714    22.147     0.000     0.000     0.000     0.000   0   0   0   0   0   0   0     0.000    -0.032    -0.043    -0.007     0.002    -0.005    -0.056
   7 0 0 0 1 1 1 1  12   2   1   0   0   0   0    51.133    21.561    22.001     0.000     0.000     0.000     0.000   0   0   0   0   0   0   0     0.000    -0.032    -0.043    -0.030    -0.002     0.020     0.006
   7 0 0 0 1 1 1 1  18  30  26   0   0   0   0    48.866     5.365     5.784     0.000     0.000     0.000     0.000   0   0   0   0   0   0   0     0.000    -0.032    -0.043     0.003     0.001    -0.014    -0.003
   7 0 0 0 1 1 1 1   2   5  12   0   0   0   0    21.664    22.147    51.936     0.000     0.000     0.000     0.000   0   0   0   0   0   0   0     0.000    -0.032    -0.043    -0.003    -0.026     0.000     0.006
   7 0 0 0 1 1 1 1  14  28   1   0   0   0   0    47.059     5.603    22.037     0.000     0.000     0.000     0.000   0   0   0   0   0   0   0     0.000    -0.032    -0.043    -0.002     0.005    -0.032     0.017
   7 0 0 0 1 1 1 1  13  14  15   0   0   0   0    48.746    46.236    50.864     0.000     0.000     0.000     0.000   0   0   0   0   0   0   0     0.000    -0.032    -0.043    -0.004    -0.013     0.051     0.001
   7 0 1 0 1 1 1 1   2  14  14   0   0   0   0    21.561    46.236    48.453     0.000     0.000     0.000     0.000   0   0   0   0   0   0   0     0.000    -0.014    -0.043    -0.004    -0.013    -0.000     0.015
   7 0 0 0 1 1 1 1   2   5  12   0   0   0   0    21.664    22.147    51.936     0.000     0.000     0.000     0.000   0   0   0   0   0   0   0     0.000    -0.014    -0.043    -0.002    -0.025     0.000     0.005
   7 0 0 0 1 1 1 1   2   0   2   0   0   0   0    21.628    21.139    21.714     0.000     0.000     0.000     0.000   0   0   0   0   0   0   0     0.000    -0.014    -0.043    -0.035     0.016    -0.006     0.002
   7 0 1 0 1 1 1 1   2   0   2   0   0   0   0    21.561    21.139    21.578     0.000     0.000     0.000     0.000   0   0   0   0   0   0   0     0.000    -0.029    -0.043    -0.035     0.016     0.048    -0.000
   7 0 0 0 1 1 1 1  18   0  26   0   0   0   0    48.904    21.222     5.784     0.000     0.000     0.000     0.000   0   0   0   0   0   0   0     0.000    -0.029    -0.043     0.001     0.003    -0.013    -0.003
   7 0 0 0 1 1 1 1   2  15  17   0   0   0   0    21.664    50.864    59.934     0.000     0.000     0.000     0.000   0   0   0   0   0   0   0     0.000    -0.029    -0.043    -0.023    -0.002     0.000     0.004
   7 0 0 0 1 1 1 1   2   5  11   0   0   0   0    21.628    22.147    49.112     0.000     0.000     0.000     0.000   0   0   0   0   0   0   0     0.000    -0.029    -0.043     0.000    -0.050    -0.003     0.002
   7 0 0 0 1 1 1 1  11   2   5   0   0   0   0    49.867    21.561    22.199     0.000     0.000     0.000     0.000   0   0   0   0   0   0   0     0.000    -0.029    -0.043    -0.027    -0.003     0.019     0.004
   7 0 1 0 1 1 1 1   2   2  14   0   0   0   0    21.561    21.561    48.453     0.000     0.000     0.000     0.000   0   0   0   0   0   0   0     0.000    -0.013    -0.043    -0.027    -0.003    -0.000     0.014
   7 0 0 0 1 1 1 1   2   5  17   0   0   0   0    21.664    22.147    59.483     0.000     0.000     0.000     0.000   0   0   0   0   0   0   0     0.000    -0.013    -0.043    -0.002    -0.022    -0.001     0.002
   7 0 0 0 1 1 1 1   2   5  30   0   0   0   0    21.628    22.147     5.642     0.000     0.000     0.000     0.000   0   0   0   0   0   0   0     0.000    -0.013    -0.043     0.000    -0.047    -0.001     0.005
   7 0 0 0 1 1 1 1   1  12  20   0   0   0   0    21.947    48.305    62.333     0.000     0.000     0.000     0.000   0   0   0   0   0   0   0     0.000    -0.013    -0.043    -0.011    -0.001     0.003     0.046
   7 0 0 0 1 1 1 1  11  26  18   0   0   0   0    48.446     5.784    47.543     0.000     0.000     0.000     0.000   0   0   0   0   0   0   0     0.000    -0.013    -0.043    -0.013    -0.002     0.003     0.001
   7 0 0 0 1 1 1 1   2   5  12   0   0   0   0    21.664    22.147    51.936     0.000     0.000     0.000     0.000   0   0   0   0   0   0   0     0.000    -0.013    -0.043    -0.002    -0.021     0.000     0.005
   7 0 0 0 1 1 1 1   2   5  30   0   0   0   0    21.664    22.147     5.642     0.000     0.000     0.000     0.000   0   0   0   0   0   0   0     0.000    -0.013    -0.043    -0.003    -0.045    -0.001     0.005
   7 0 1 0 1 1 1 1   2   5   2   0   0   0   0    21.561    22.147    21.578     0.000     0.000     0.000     0.000   0   0   0   0   0   0   0     0.000    -0.026    -0.043    -0.003    -0.045     0.043    -0.000
   7 0 0 0 1 1 1 1   7   2   2   0   0   0   0    20.004    21.576    21.613     0.000     0.000     0.000     0.000   0   0   0   0   0   0   0     0.000    -0.026    -0.043    -0.012    -0.003     0.014    -0.000
   7 0 0 0 1 1 1 1  25   1  12   0   0   0   0     5.492    22.037    51.936     0.000     0.000     0.000     0.000   0   0   0   0   0   0   0     0.000    -0.026    -0.043    -0.008     0.008     0.000     0.004
   7 0 0 0 1 1 1 1  11  15  30   0   0   0   0    46.979    50.864     5.643     0.000     0.000     0.000     0.000   0   0   0   0   0   0   0     0.000    -0.026    -0.043    -0.043    -0.004    -0.000     0.005
   7 0 0 0 1 1 1 1  12   2   5   0   0   0   0    50.846    21.561    22.199     0.000     0.000     0.000     0.000   0   0   0   0   0   0   0     0.000    -0.026    -0.043    -0.025    -0.003     0.017     0.004
   7 0 1 0 1 1 1 1   2   2   2   0   0   0   0    21.561    21.561    21.578     0.000     0.000     0.000     0.000   0   0   0   0   0   0   0     0.000    -0.011    -0.043    -0.025    -0.003     0.013    -0.000
   7 0 0 0 1 1 1 1   2   5   9   0   0   0   0    21.663    22.147    17.887     0.000     0.000     0.000     0.000   0   0   0   0   0   0   0     0.000    -0.011    -0.043    -0.001    -0.020    -0.001     0.001
   7 0 0 0 1 1 1 1  11   5  11   0   0   0   0    46.996    22.147    51.959     0.000     0.000     0.000     0.000   0   0   0   0   0   0   0     0.000    -0.011    -0.043    -0.004    -0.041    -0.000     0.004
   7 0 0 0 1 1 1 1   1  22   0   0   0   0   0    21.947     5.440    21.139     0.000     0.000     0.000     0.000   0   0   0   0   0   0   0     0.000    -0.011    -0.043    -0.000    -0.009     0.041     0.002
   7 0 0 0 1 1 1 1  18   2  26   0   0   0   0    48.914    21.889     5.784     0.000     0.000     0.000     0.000   0   0   0   0   0   0   0     0.000    -0.011    -0.043    -0.000     0.002    -0.012    -0.002
   7 0 0 0 1 1 1 1   2   1  14   0   0   0   0    21.663    22.037    46.511     0.000     0.000     0.000     0.000   0   0   0   0   0   0   0     0.000    -0.011    -0.043    -0.011     0.007     0.001    -0.001
   7 0 0 0 1 1 1 1  11   5  28   0   0   0   0    46.979    22.147     5.736     0.000     0.000     0.000     0.000   0   0   0   0   0   0   0     0.000    -0.011    -0.043    -0.003    -0.039    -0.000     0.005
