  404
   1 1   0     0.000   0     4.870
   1 1   0     0.000   0     5.469
   1 1   0     0.000   0     5.792
   1 1   0     0.000   0     6.090
   7 0 0 0 1 1 1 1  22  16  17   0   0   0   0     5.461    59.526    55.853     0.000     0.000     0.000     0.000   0   0   0   0   0   0   0     0.000     0.000     0.000     0.005     0.143    -0.324    -0.214
   7 0 0 0 1 1 1 1  25  18  25   0   0   0   0     5.526    49.937     5.747     0.000     0.000     0.000     0.000   0   0   0   0   0   0   0     0.000     0.000     0.000    -0.138    -0.328     0.004     0.121
   7 0 0 0 1 1 1 1  28  31   4   0   0   0   0     5.269     5.162    22.651     0.000     0.000     0.000     0.000   0   0   0   0   0   0   0     0.000     0.000     0.000    -0.336    -0.165    -0.012     0.102
   7 0 0 0 1 1 1 1  29  28  28   0   0   0   0     5.507     5.137     5.576     0.000     0.000     0.000     0.000   0   0   0   0   0   0   0     0.000     0.000     0.000    -0.627    -0.296    -0.023     0.151
   7 0 0 0 1 1 1 1  25   1  16   0   0   0   0     5.526    21.916    59.728     0.000     0.000     0.000     0.000   0   0   0   0   0   0   0     0.000     0.000     0.000    -0.116    -0.265     0.015     0.131
   7 0 0 0 1 1 1 1  25  18   4   0   0   0   0     5.526    49.778    22.651     0.000     0.000     0.000     0.000   0   0   0   0   0   0   0     0.000     0.000     0.000    -0.123    -0.295    -0.006     0.102
   7 0 0 0 1 1 1 1  11  17   4   0   0   0   0    45.768    56.251    22.651     0.000     0.000     0.000     0.000   0   0   0   0   0   0   0     0.000     0.000     0.000    -0.302    -0.141    -0.010     0.092
   7 0 0 0 1 1 1 1  29  25  28   0   0   0   0     5.535     5.226     5.589     0.000     0.000     0.000     0.000   0   0   0   0   0   0   0     0.000     0.000     0.000    -0.562    -0.250    -0.000     0.143
   7 0 0 0 1 1 1 1  25  17  16   0   0   0   0     5.526    56.377    59.424     0.000     0.000     0.000     0.000   0   0   0   0   0   0   0     0.000     0.000     0.000    -0.240    -0.105     0.012     0.114
   7 0 0 0 1 1 1 1  22  25  18   0   0   0   0     5.461     5.653    50.120     0.000     0.000     0.000     0.000   0   0   0   0   0   0   0     0.000     0.000     0.000    -0.040     0.078    -0.151    -0.268
   7 0 0 0 1 1 1 1  29  14  25   0   0   0   0     5.461    48.133     5.653     0.000     0.000     0.000     0.000   0   0   0   0   0   0   0     0.000     0.000     0.000    -0.122    -0.272    -0.028     0.071
   7 0 0 0 1 1 1 1  11  14  28   0   0   0   0    47.419    47.993     5.598     0.000     0.000     0.000     0.000   0   0   0   0   0   0   0     0.000     0.000     0.000    -0.216    -0.504     0.012     0.134
   7 0 0 0 1 1 1 1  25  22  16   0   0   0   0     5.526     5.518    60.532     0.000     0.000     0.000     0.000   0   0   0   0   0   0   0     0.000     0.000     0.000    -0.107    -0.226     0.017     0.120
   7 0 0 0 1 1 1 1  25  12  25   0   0   0   0     5.526    47.097     5.757     0.000     0.000     0.000     0.000   0   0   0   0   0   0   0     0.000     0.000     0.000    -0.236    -0.096     0.003     0.093
   7 0 0 0 1 1 1 1  25  25  16   0   0   0   0     5.385     5.107    59.250     0.000     0.000     0.000     0.000   0   0   0   0   0   0   0     0.000     0.000     0.000    -0.258    -0.140     0.004     0.095
   7 0 0 0 1 1 1 1  11  29  28   0   0   0   0    46.240     5.241     5.557     0.000     0.000     0.000     0.000   0   0   0   0   0   0   0     0.000     0.000     0.000    -0.481    -0.259    -0.036     0.109
   7 0 0 0 1 1 1 1  22  16  26   0   0   0   0     5.461    59.250     5.800     0.000     0.000     0.000     0.000   0   0   0   0   0   0   0     0.000     0.000     0.000     0.000     0.091    -0.193    -0.007
   7 0 0 0 1 1 1 1  25  12   4   0   0   0   0     5.526    47.045    22.653     0.000     0.000     0.000     0.000   0   0   0   0   0   0   0     0.000     0.000     0.000    -0.215    -0.090    -0.006     0.077
   7 0 0 0 1 1 1 1  25  18  16   0   0   0   0     5.443    49.778    59.237     0.000     0.000     0.000     0.000   0   0   0   0   0   0   0     0.000     0.000     0.000    -0.090    -0.221     0.008     0.085
   7 0 0 0 1 1 1 1  29  14  28   0   0   0   0     5.582    47.924     5.621     0.000     0.000     0.000     0.000   0   0   0   0   0   0   0     0.000     0.000     0.000    -0.165    -0.407     0.023     0.119
   7 0 0 0 1 1 1 1  25  12  19   0   0   0   0     5.589    47.097    66.296     0.000     0.000     0.000     0.000   0   0   0   0   0   0   0     0.000     0.000     0.000    -0.179    -0.074     0.015     0.095
   7 0 0 0 1 1 1 1  22  25  17   0   0   0   0     5.461     5.650    55.853     0.000     0.000     0.000     0.000   0   0   0   0   0   0   0     0.000     0.000     0.000    -0.034     0.058    -0.214    -0.130
   7 0 0 0 1 1 1 1  25  14   4   0   0   0   0     5.449    48.304    22.653     0.000     0.000     0.000     0.000   0   0   0   0   0   0   0     0.000     0.000     0.000    -0.085    -0.203    -0.004     0.064
   7 0 0 0 1 1 1 1  11  28  29   0   0   0   0    47.746     5.110     5.752     0.000     0.000     0.000     0.000   0   0   0   0   0   0   0     0.000     0.000     0.000    -0.382    -0.163    -0.008     0.092
   7 0 0 0 1 1 1 1  25  17  19   0   0   0   0     5.597    55.853    66.654     0.000     0.000     0.000     0.000   0   0   0   0   0   0   0     0.000     0.000     0.000    -0.184    -0.080     0.016     0.094
   7 0 0 0 1 1 1 1  25  17  25   0   0   0   0     5.440    55.853     5.687     0.000     0.000     0.000     0.000   0   0   0   0   0   0   0     0.000     0.000     0.000    -0.193    -0.109    -0.020     0.057
   7 0 0 0 1 1 1 1  25  27  25   0   0   0   0     5.339     5.223     5.653     0.000     0.000     0.000     0.000   0   0   0   0   0   0   0     0.000     0.000     0.000    -0.204    -0.126    -0.027     0.049
   7 0 0 0 1 1 1 1  25  29  29   0   0   0   0     5.392     5.204     5.728     0.000     0.000     0.000     0.000   0   0   0   0   0   0   0     0.000     0.000     0.000    -0.380    -0.224    -0.044     0.078
   7 0 0 0 1 1 1 1  12  22  16   0   0   0   0    48.629     5.523    61.466     0.000     0.000     0.000     0.000   0   0   0   0   0   0   0     0.000     0.000     0.000    -0.068    -0.159     0.016     0.085
   7 0 0 0 1 1 1 1  25   1  25   0   0   0   0     5.597    21.906     5.787     0.000     0.000     0.000     0.000   0   0   0   0   0   0   0     0.000     0.000     0.000    -0.054    -0.154     0.005     0.069
   7 0 0 0 1 1 1 1  25  28  19   0   0   0   0     5.500     5.181    66.206     0.000     0.000     0.000     0.000   0   0   0   0   0   0   0     0.000     0.000     0.000    -0.161    -0.059     0.008     0.071
   7 0 0 0 1 1 1 1  31  25  28   0   0   0   0     5.324     5.308     5.639     0.000     0.000     0.000     0.000   0   0   0   0   0   0   0     0.000     0.000     0.000    -0.298    -0.111     0.025     0.102
   7 0 0 0 1 1 1 1  25  18  19   0   0   0   0     5.611    49.654    66.154     0.000     0.000     0.000     0.000   0   0   0   0   0   0   0     0.000     0.000     0.000    -0.050    -0.132     0.009     0.065
   7 0 0 0 1 1 1 1   3   1  25   0   0   0   0    22.499    21.895     5.839     0.000     0.000     0.000     0.000   0   0   0   0   0   0   0     0.000     0.000     0.000    -0.033    -0.136     0.024     0.072
   7 0 0 0 1 1 1 1  25  18  25   0   0   0   0     5.449    50.415     5.687     0.000     0.000     0.000     0.000   0   0   0   0   0   0   0     0.000     0.000     0.000    -0.077    -0.164    -0.012     0.044
   7 0 0 0 1 1 1 1  31  24  30   0   0   0   0     5.325     5.046     5.611     0.000     0.000     0.000     0.000   0   0   0   0   0   0   0     0.000     0.000     0.000    -0.291    -0.119     0.032     0.111
   7 0 0 0 1 1 1 1  12   4  15   0   0   0   0    48.629    22.441    53.210     0.000     0.000     0.000     0.000   0   0   0   0   0   0   0     0.000     0.000     0.000    -0.108    -0.028     0.007     0.057
   7 0 0 0 1 1 1 1  25  25  17   0   0   0   0     5.613     5.245    58.871     0.000     0.000     0.000     0.000   0   0   0   0   0   0   0     0.000     0.000     0.000    -0.131    -0.048     0.006     0.059
   7 0 0 0 1 1 1 1  25  27  19   0   0   0   0     5.511     5.241    66.154     0.000     0.000     0.000     0.000   0   0   0   0   0   0   0     0.000     0.000     0.000    -0.142    -0.059     0.004     0.058
   7 0 0 0 1 1 1 1  29  28  28   0   0   0   0     5.556     5.031     5.607     0.000     0.000     0.000     0.000   0   0   0   0   0   0   0     0.000     0.000     0.000    -0.287    -0.138     0.002     0.072
   7 0 0 0 1 1 1 1  25  17  19   0   0   0   0     5.613    55.853    66.720     0.000     0.000     0.000     0.000   0   0   0   0   0   0   0     0.000     0.000     0.000    -0.127    -0.050     0.012     0.065
   7 0 0 0 1 1 1 1   3   1  25   0   0   0   0    22.499    21.889     5.912     0.000     0.000     0.000     0.000   0   0   0   0   0   0   0     0.000     0.000     0.000    -0.026    -0.108     0.025     0.077
   7 0 0 0 1 1 1 1  29   1  25   0   0   0   0     5.407    21.999     5.643     0.000     0.000     0.000     0.000   0   0   0   0   0   0   0     0.000     0.000     0.000    -0.096    -0.161    -0.022     0.034
   7 0 0 0 1 1 1 1  25  27  29   0   0   0   0     5.371     5.207     5.728     0.000     0.000     0.000     0.000   0   0   0   0   0   0   0     0.000     0.000     0.000    -0.273    -0.164    -0.035     0.053
   7 0 0 0 1 1 1 1  12  32  13   0   0   0   0    48.497     3.668    52.292     0.000     0.000     0.000     0.000   0   0   0   0   0   0   0     0.000     0.000     0.000    -0.116    -0.049     0.003     0.044
   7 0 0 0 1 1 1 1   3  12   0   0   0   0   0    22.595    47.978    21.208     0.000     0.000     0.000     0.000   0   0   0   0   0   0   0     0.000     0.000     0.000    -0.099    -0.024     0.013     0.049
   7 0 0 0 1 1 1 1  25  12  19   0   0   0   0     5.511    45.878    66.209     0.000     0.000     0.000     0.000   0   0   0   0   0   0   0     0.000     0.000     0.000    -0.127    -0.055     0.004     0.051
   7 0 0 0 1 1 1 1  31  23  27   0   0   0   0     5.338     5.534     5.550     0.000     0.000     0.000     0.000   0   0   0   0   0   0   0     0.000     0.000     0.000    -0.198    -0.069     0.023     0.091
   7 0 0 0 1 1 1 1  25  17  16   0   0   0   0     5.613    55.853    62.737     0.000     0.000     0.000     0.000   0   0   0   0   0   0   0     0.000     0.000     0.000    -0.105    -0.041     0.013     0.071
   7 0 0 0 1 1 1 1  25   3  17   0   0   0   0     5.611    21.802    58.573     0.000     0.000     0.000     0.000   0   0   0   0   0   0   0     0.000     0.000     0.000    -0.117    -0.043     0.000     0.041
   7 0 0 0 1 1 1 1  28   1  25   0   0   0   0     5.203    22.003     5.736     0.000     0.000     0.000     0.000   0   0   0   0   0   0   0     0.000     0.000     0.000    -0.083    -0.141    -0.007     0.037
   7 0 0 0 1 1 1 1  31  12  28   0   0   0   0     5.338    45.966     5.643     0.000     0.000     0.000     0.000   0   0   0   0   0   0   0     0.000     0.000     0.000    -0.208    -0.086     0.014     0.068
   7 0 0 0 1 1 1 1  12  26  19   0   0   0   0    48.477     5.800    66.154     0.000     0.000     0.000     0.000   0   0   0   0   0   0   0     0.000     0.000     0.000    -0.078    -0.019     0.004     0.040
   7 0 0 0 1 1 1 1   4  17  25   0   0   0   0    22.480    55.851     5.912     0.000     0.000     0.000     0.000   0   0   0   0   0   0   0     0.000     0.000     0.000    -0.103    -0.029     0.017     0.061
   7 0 0 0 1 1 1 1   3  11  19   0   0   0   0    22.582    44.943    66.215     0.000     0.000     0.000     0.000   0   0   0   0   0   0   0     0.000     0.000     0.000    -0.088    -0.020     0.012     0.044
   7 0 0 0 1 1 1 1  29   1  28   0   0   0   0     5.441    22.003     5.558     0.000     0.000     0.000     0.000   0   0   0   0   0   0   0     0.000     0.000     0.000    -0.134    -0.242    -0.025     0.042
   7 0 0 0 1 1 1 1  12  26  17   0   0   0   0    48.149     5.800    58.327     0.000     0.000     0.000     0.000   0   0   0   0   0   0   0     0.000     0.000     0.000    -0.076    -0.016    -0.004     0.030
   7 0 0 0 1 1 1 1  25  11   4   0   0   0   0     5.589    42.534    22.767     0.000     0.000     0.000     0.000   0   0   0   0   0   0   0     0.000     0.000     0.000    -0.096    -0.038    -0.000     0.036
   7 0 0 0 1 1 1 1  25  27  19   0   0   0   0     5.511     5.207    66.154     0.000     0.000     0.000     0.000   0   0   0   0   0   0   0     0.000     0.000     0.000    -0.102    -0.043     0.002     0.037
   7 0 0 0 1 1 1 1  31  27  30   0   0   0   0     5.338     5.211     5.617     0.000     0.000     0.000     0.000   0   0   0   0   0   0   0     0.000     0.000     0.000    -0.182    -0.075     0.015     0.070
   7 0 0 0 1 1 1 1  12  32  18   0   0   0   0    48.629     3.668    49.573     0.000     0.000     0.000     0.000   0   0   0   0   0   0   0     0.000     0.000     0.000    -0.080    -0.032     0.009     0.064
   7 0 0 0 1 1 1 1   4  12  25   0   0   0   0    22.480    49.495     5.861     0.000     0.000     0.000     0.000   0   0   0   0   0   0   0     0.000     0.000     0.000    -0.062    -0.012     0.011     0.041
   7 0 0 0 1 1 1 1   3  25  19   0   0   0   0    22.595     5.262    66.219     0.000     0.000     0.000     0.000   0   0   0   0   0   0   0     0.000     0.000     0.000    -0.073    -0.018     0.011     0.036
   7 0 0 0 1 1 1 1  23  11  32   0   0   0   0     5.610    44.943     4.270     0.000     0.000     0.000     0.000   0   0   0   0   0   0   0     0.000     0.000     0.000    -0.136    -0.049     0.007     0.049
   7 0 0 0 1 1 1 1  25  17  27   0   0   0   0     5.617    55.853     5.163     0.000     0.000     0.000     0.000   0   0   0   0   0   0   0     0.000     0.000     0.000    -0.072    -0.028     0.040     0.006
   7 0 0 0 1 1 1 1  22   4  17   0   0   0   0     5.461    22.767    55.766     0.000     0.000     0.000     0.000   0   0   0   0   0   0   0     0.000     0.000     0.000    -0.004     0.030    -0.084    -0.044
   7 0 0 0 1 1 1 1   3   1  29   0   0   0   0    22.436    21.953     5.777     0.000     0.000     0.000     0.000   0   0   0   0   0   0   0     0.000     0.000     0.000    -0.018    -0.069     0.003     0.027
   7 0 0 0 1 1 1 1  23  28  23   0   0   0   0     5.614     5.050     5.833     0.000     0.000     0.000     0.000   0   0   0   0   0   0   0     0.000     0.000     0.000    -0.143    -0.056     0.015     0.064
   7 0 0 0 1 1 1 1  12   4  31   0   0   0   0    49.595    22.441     5.507     0.000     0.000     0.000     0.000   0   0   0   0   0   0   0     0.000     0.000     0.000    -0.051    -0.009     0.010     0.055
   7 0 0 0 1 1 1 1   3  11  25   0   0   0   0    22.472    42.534     5.936     0.000     0.000     0.000     0.000   0   0   0   0   0   0   0     0.000     0.000     0.000    -0.073    -0.020     0.013     0.055
   7 0 0 0 1 1 1 1   3  17  19   0   0   0   0    22.595    55.976    66.209     0.000     0.000     0.000     0.000   0   0   0   0   0   0   0     0.000     0.000     0.000    -0.067    -0.017     0.008     0.030
   7 0 0 0 1 1 1 1  29  27  28   0   0   0   0     5.669     5.206     5.642     0.000     0.000     0.000     0.000   0   0   0   0   0   0   0     0.000     0.000     0.000    -0.150    -0.059     0.006     0.044
   7 0 0 0 1 1 1 1  17  28  31   0   0   0   0    57.231     5.600     5.510     0.000     0.000     0.000     0.000   0   0   0   0   0   0   0     0.000     0.000     0.000    -0.046    -0.007     0.013     0.050
   7 0 0 0 1 1 1 1  25  17   0   0   0   0   0     5.613    55.823    21.222     0.000     0.000     0.000     0.000   0   0   0   0   0   0   0     0.000     0.000     0.000    -0.066    -0.025     0.001     0.029
   7 0 0 0 1 1 1 1  25   1  25   0   0   0   0     5.511    22.003     5.774     0.000     0.000     0.000     0.000   0   0   0   0   0   0   0     0.000     0.000     0.000    -0.033    -0.090    -0.001     0.023
   7 0 0 0 1 1 1 1  23   4  32   0   0   0   0     5.550    22.085     4.262     0.000     0.000     0.000     0.000   0   0   0   0   0   0   0     0.000     0.000     0.000    -0.129    -0.061     0.000     0.036
   7 0 0 0 1 1 1 1  12  32  31   0   0   0   0    49.595     3.668     5.428     0.000     0.000     0.000     0.000   0   0   0   0   0   0   0     0.000     0.000     0.000    -0.056    -0.018    -0.001     0.022
   7 0 0 0 1 1 1 1   4   1  25   0   0   0   0    22.505    21.887     5.949     0.000     0.000     0.000     0.000   0   0   0   0   0   0   0     0.000     0.000     0.000    -0.011    -0.046     0.011     0.049
   7 0 0 0 1 1 1 1   3  27   5   0   0   0   0    22.436     5.206    21.977     0.000     0.000     0.000     0.000   0   0   0   0   0   0   0     0.000     0.000     0.000    -0.069    -0.018     0.026     0.006
   7 0 0 0 1 1 1 1  29   1  23   0   0   0   0     5.669    22.003     5.834     0.000     0.000     0.000     0.000   0   0   0   0   0   0   0     0.000     0.000     0.000    -0.054    -0.149     0.010     0.050
   7 0 0 0 1 1 1 1  17  22  31   0   0   0   0    57.370     5.326     5.510     0.000     0.000     0.000     0.000   0   0   0   0   0   0   0     0.000     0.000     0.000    -0.003    -0.035     0.011     0.043
   7 0 0 0 1 1 1 1   4  32   0   0   0   0   0    22.505     3.668    21.266     0.000     0.000     0.000     0.000   0   0   0   0   0   0   0     0.000     0.000     0.000    -0.054    -0.014     0.009     0.042
   7 0 0 0 1 1 1 1  11   1  25   0   0   0   0    46.110    22.003     5.775     0.000     0.000     0.000     0.000   0   0   0   0   0   0   0     0.000     0.000     0.000    -0.032    -0.075    -0.002     0.019
   7 0 0 0 1 1 1 1  23  24  32   0   0   0   0     5.563     4.978     4.275     0.000     0.000     0.000     0.000   0   0   0   0   0   0   0     0.000     0.000     0.000    -0.099    -0.043     0.003     0.032
   7 0 0 0 1 1 1 1  12  26  31   0   0   0   0    50.184     5.800     5.428     0.000     0.000     0.000     0.000   0   0   0   0   0   0   0     0.000     0.000     0.000    -0.034    -0.005     0.001     0.021
   7 0 0 0 1 1 1 1  25  12   0   0   0   0   0     5.603    45.563    21.222     0.000     0.000     0.000     0.000   0   0   0   0   0   0   0     0.000     0.000     0.000    -0.065    -0.023     0.000     0.022
   7 0 0 0 1 1 1 1   4  19  28   0   0   0   0    22.507    62.695     5.585     0.000     0.000     0.000     0.000   0   0   0   0   0   0   0     0.000     0.000     0.000    -0.008    -0.038     0.001     0.019
   7 0 0 0 1 1 1 1  24  24  23   0   0   0   0     5.361     5.130     5.834     0.000     0.000     0.000     0.000   0   0   0   0   0   0   0     0.000     0.000     0.000    -0.078    -0.026     0.009     0.042
   7 0 0 0 1 1 1 1  16  31  24   0   0   0   0    58.010     5.365     5.515     0.000     0.000     0.000     0.000   0   0   0   0   0   0   0     0.000     0.000     0.000    -0.030    -0.003     0.011     0.036
   7 0 0 0 1 1 1 1   4  12  25   0   0   0   0    22.535    48.490     5.949     0.000     0.000     0.000     0.000   0   0   0   0   0   0   0     0.000     0.000     0.000    -0.033    -0.006     0.009     0.040
   7 0 0 0 1 1 1 1  31  27  22   0   0   0   0     5.324     5.206     5.421     0.000     0.000     0.000     0.000   0   0   0   0   0   0   0     0.000     0.000     0.000    -0.053    -0.018     0.001     0.020
   7 0 0 0 1 1 1 1  23  32  29   0   0   0   0     5.539     4.346     5.704     0.000     0.000     0.000     0.000   0   0   0   0   0   0   0     0.000     0.000     0.000    -0.066     0.002    -0.019     0.018
   7 0 0 0 1 1 1 1  17  26   5   0   0   0   0    56.454     5.800    21.977     0.000     0.000     0.000     0.000   0   0   0   0   0   0   0     0.000     0.000     0.000    -0.032     0.003     0.020     0.001
   7 0 0 0 1 1 1 1  25   4   0   0   0   0   0     5.589    22.034    21.206     0.000     0.000     0.000     0.000   0   0   0   0   0   0   0     0.000     0.000     0.000    -0.062    -0.020    -0.001     0.018
   7 0 0 0 1 1 1 1   4  27  26   0   0   0   0    22.507     5.206     5.919     0.000     0.000     0.000     0.000   0   0   0   0   0   0   0     0.000     0.000     0.000    -0.048    -0.012     0.006     0.031
   7 0 0 0 1 1 1 1  29   1  23   0   0   0   0     5.685    22.003     5.834     0.000     0.000     0.000     0.000   0   0   0   0   0   0   0     0.000     0.000     0.000    -0.034    -0.112     0.007     0.037
   7 0 0 0 1 1 1 1  12   4  31   0   0   0   0    50.184    22.081     5.470     0.000     0.000     0.000     0.000   0   0   0   0   0   0   0     0.000     0.000     0.000    -0.046    -0.011     0.004     0.022
   7 0 0 0 1 1 1 1  17  28   4   0   0   0   0    57.231     5.588    22.828     0.000     0.000     0.000     0.000   0   0   0   0   0   0   0     0.000     0.000     0.000    -0.028    -0.004     0.003     0.026
   7 0 0 0 1 1 1 1  23   3   4   0   0   0   0     5.539    21.573    22.786     0.000     0.000     0.000     0.000   0   0   0   0   0   0   0     0.000     0.000     0.000    -0.073    -0.022    -0.002     0.020
   7 0 0 0 1 1 1 1  23   4  28   0   0   0   0     5.553    22.081     5.637     0.000     0.000     0.000     0.000   0   0   0   0   0   0   0     0.000     0.000     0.000    -0.078    -0.033     0.001     0.023
   7 0 0 0 1 1 1 1  17  23  29   0   0   0   0    57.309     5.463     5.760     0.000     0.000     0.000     0.000   0   0   0   0   0   0   0     0.000     0.000     0.000    -0.037    -0.007     0.001     0.016
   7 0 0 0 1 1 1 1  17  22   4   0   0   0   0    58.172     5.523    22.855     0.000     0.000     0.000     0.000   0   0   0   0   0   0   0     0.000     0.000     0.000    -0.005    -0.033     0.004     0.025
   7 0 0 0 1 1 1 1  25   1  26   0   0   0   0     5.624    22.003     5.919     0.000     0.000     0.000     0.000   0   0   0   0   0   0   0     0.000     0.000     0.000    -0.011    -0.052     0.005     0.026
   7 0 0 0 1 1 1 1  23   2  30   0   0   0   0     5.539    21.597     5.602     0.000     0.000     0.000     0.000   0   0   0   0   0   0   0     0.000     0.000     0.000    -0.065    -0.027     0.003     0.027
   7 0 0 0 1 1 1 1  15  26  32   0   0   0   0    52.136     5.800     4.302     0.000     0.000     0.000     0.000   0   0   0   0   0   0   0     0.000     0.000     0.000    -0.021     0.000     0.006     0.027
   7 0 0 0 1 1 1 1  11   1   4   0   0   0   0    45.930    22.031    22.785     0.000     0.000     0.000     0.000   0   0   0   0   0   0   0     0.000     0.000     0.000    -0.020    -0.062    -0.002     0.014
   7 0 0 0 1 1 1 1  23   3   4   0   0   0   0     5.539    21.573    22.785     0.000     0.000     0.000     0.000   0   0   0   0   0   0   0     0.000     0.000     0.000    -0.062    -0.019    -0.001     0.017
   7 0 0 0 1 1 1 1  29   4  23   0   0   0   0     5.711    22.081     5.834     0.000     0.000     0.000     0.000   0   0   0   0   0   0   0     0.000     0.000     0.000    -0.065    -0.021     0.008     0.028
   7 0 0 0 1 1 1 1  12  17  32   0   0   0   0    50.207    55.517     4.316     0.000     0.000     0.000     0.000   0   0   0   0   0   0   0     0.000     0.000     0.000    -0.053    -0.009     0.005     0.024
   7 0 0 0 1 1 1 1  17  31   4   0   0   0   0    57.227     5.108    22.828     0.000     0.000     0.000     0.000   0   0   0   0   0   0   0     0.000     0.000     0.000    -0.031    -0.007     0.003     0.020
   7 0 0 0 1 1 1 1   4  23  28   0   0   0   0    22.535     5.691     5.576     0.000     0.000     0.000     0.000   0   0   0   0   0   0   0     0.000     0.000     0.000    -0.023    -0.004    -0.001     0.012
   7 0 0 0 1 1 1 1  29   1   7   0   0   0   0     5.685    22.003    20.136     0.000     0.000     0.000     0.000   0   0   0   0   0   0   0     0.000     0.000     0.000    -0.024    -0.083     0.019     0.002
   7 0 0 0 1 1 1 1  17  23  11   0   0   0   0    57.391     5.463    52.519     0.000     0.000     0.000     0.000   0   0   0   0   0   0   0     0.000     0.000     0.000    -0.029    -0.005     0.009    -0.022
   7 0 0 0 1 1 1 1  26  13   3   0   0   0   0     5.800    49.743    21.982     0.000     0.000     0.000     0.000   0   0   0   0   0   0   0     0.000     0.000     0.000    -0.023    -0.003     0.129     0.006
   7 0 0 0 1 1 1 1  23   3   4   0   0   0   0     5.539    21.573    22.804     0.000     0.000     0.000     0.000   0   0   0   0   0   0   0     0.000     0.000     0.000    -0.055    -0.016    -0.001     0.015
   7 0 0 0 1 1 1 1  23   2  32   0   0   0   0     5.553    21.597     4.270     0.000     0.000     0.000     0.000   0   0   0   0   0   0   0     0.000     0.000     0.000    -0.049    -0.019    -0.000     0.016
   7 0 0 0 1 1 1 1  12  26   4   0   0   0   0    50.554     5.800    23.165     0.000     0.000     0.000     0.000   0   0   0   0   0   0   0     0.000     0.000     0.000    -0.017    -0.001     0.009    -0.017
   7 0 0 0 1 1 1 1  17  23   4   0   0   0   0    58.333     5.465    22.819     0.000     0.000     0.000     0.000   0   0   0   0   0   0   0     0.000     0.000     0.000    -0.025    -0.004     0.002     0.018
   7 0 0 0 1 1 1 1   4   1  26   0   0   0   0    22.552    22.003     5.919     0.000     0.000     0.000     0.000   0   0   0   0   0   0   0     0.000     0.000     0.000    -0.007    -0.038     0.004     0.020
   7 0 0 0 1 1 1 1  22  23  26   0   0   0   0     5.461     5.643     5.800     0.000     0.000     0.000     0.000   0   0   0   0   0   0   0     0.000     0.000     0.000    -0.012     0.009    -0.028    -0.128
   7 0 0 0 1 1 1 1  16  17  30   0   0   0   0    58.010    55.517     5.282     0.000     0.000     0.000     0.000   0   0   0   0   0   0   0     0.000     0.000     0.000    -0.045    -0.005     0.004     0.019
   7 0 0 0 1 1 1 1  25  13  24   0   0   0   0     5.787    49.888     5.483     0.000     0.000     0.000     0.000   0   0   0   0   0   0   0     0.000     0.000     0.000    -0.016    -0.001     0.019     0.004
   7 0 0 0 1 1 1 1  23   4   4   0   0   0   0     5.602    22.081    22.850     0.000     0.000     0.000     0.000   0   0   0   0   0   0   0     0.000     0.000     0.000    -0.027    -0.009     0.000     0.016
   7 0 0 0 1 1 1 1  29   2  30   0   0   0   0     5.711    21.597     5.652     0.000     0.000     0.000     0.000   0   0   0   0   0   0   0     0.000     0.000     0.000    -0.040    -0.012     0.005     0.021
   7 0 0 0 1 1 1 1  17   4  17   0   0   0   0    55.800    22.043    55.855     0.000     0.000     0.000     0.000   0   0   0   0   0   0   0     0.000     0.000     0.000    -0.039    -0.014     0.068     0.001
   7 0 0 0 1 1 1 1  28   1  25   0   0   0   0     5.283    22.031     5.861     0.000     0.000     0.000     0.000   0   0   0   0   0   0   0     0.000     0.000     0.000    -0.013    -0.047    -0.001     0.013
   7 0 0 0 1 1 1 1   5   4  24   0   0   0   0    21.977    22.863     5.403     0.000     0.000     0.000     0.000   0   0   0   0   0   0   0     0.000     0.000     0.000     0.007     0.025    -0.014     0.000
   7 0 0 0 1 1 1 1  22  28  26   0   0   0   0     5.483     5.653     5.800     0.000     0.000     0.000     0.000   0   0   0   0   0   0   0     0.000     0.000     0.000     0.000     0.015    -0.023    -0.286
   7 0 0 0 1 1 1 1   5   5  29   0   0   0   0    21.977    21.941     5.701     0.000     0.000     0.000     0.000   0   0   0   0   0   0   0     0.000     0.000     0.000     0.018     0.008    -0.014     0.000
   7 0 0 0 1 1 1 1  17   3  26   0   0   0   0    57.231    21.651     5.910     0.000     0.000     0.000     0.000   0   0   0   0   0   0   0     0.000     0.000     0.000    -0.040    -0.005     0.003     0.020
   7 0 0 0 1 1 1 1   4   6   5   0   0   0   0    22.378    19.577    21.977     0.000     0.000     0.000     0.000   0   0   0   0   0   0   0     0.000     0.000     0.000    -0.021    -0.005     0.011     0.001
   7 0 0 0 1 1 1 1  23   0  30   0   0   0   0     5.539    21.125     5.650     0.000     0.000     0.000     0.000   0   0   0   0   0   0   0     0.000     0.000     0.000    -0.052    -0.018     0.002     0.018
   7 0 0 0 1 1 1 1  17  17  17   0   0   0   0    55.853    55.323    55.855     0.000     0.000     0.000     0.000   0   0   0   0   0   0   0     0.000     0.000     0.000    -0.041    -0.012     0.395     0.001
   7 0 0 0 1 1 1 1   4  12  30   0   0   0   0    22.764    45.472     5.425     0.000     0.000     0.000     0.000   0   0   0   0   0   0   0     0.000     0.000     0.000    -0.035    -0.003     0.011    -0.004
   7 0 0 0 1 1 1 1   4   1  26   0   0   0   0    22.378    22.003     5.919     0.000     0.000     0.000     0.000   0   0   0   0   0   0   0     0.000     0.000     0.000    -0.006    -0.029     0.002     0.016
   7 0 0 0 1 1 1 1  23   0   2   0   0   0   0     5.620    21.125    21.858     0.000     0.000     0.000     0.000   0   0   0   0   0   0   0     0.000     0.000     0.000    -0.047    -0.013     0.012    -0.001
   7 0 0 0 1 1 1 1   5   5  30   0   0   0   0    21.989    21.941     5.232     0.000     0.000     0.000     0.000   0   0   0   0   0   0   0     0.000     0.000     0.000     0.016     0.007    -0.014     0.000
   7 0 0 0 1 1 1 1  25  17  25   0   0   0   0     5.698    55.800     5.957     0.000     0.000     0.000     0.000   0   0   0   0   0   0   0     0.000     0.000     0.000    -0.019    -0.003     0.004     0.021
   7 0 0 0 1 1 1 1  23  27   4   0   0   0   0     5.602     5.402    22.850     0.000     0.000     0.000     0.000   0   0   0   0   0   0   0     0.000     0.000     0.000    -0.009    -0.054     0.000     0.012
   7 0 0 0 1 1 1 1  29   3   4   0   0   0   0     5.711    21.573    23.785     0.000     0.000     0.000     0.000   0   0   0   0   0   0   0     0.000     0.000     0.000    -0.070    -0.012     0.007    -0.040
   7 0 0 0 1 1 1 1  16  18  16   0   0   0   0    55.985    49.725    56.023     0.000     0.000     0.000     0.000   0   0   0   0   0   0   0     0.000     0.000     0.000    -0.003    -0.030     0.107     0.003
   7 0 0 0 1 1 1 1  25   3  10   0   0   0   0     5.437    21.573    15.069     0.000     0.000     0.000     0.000   0   0   0   0   0   0   0     0.000     0.000     0.000    -0.040    -0.009     0.012     0.000
   7 0 0 0 1 1 1 1   5  14  27   0   0   0   0    21.989    45.828     5.666     0.000     0.000     0.000     0.000   0   0   0   0   0   0   0     0.000     0.000     0.000     0.023     0.005    -0.004     0.017
   7 0 0 0 1 1 1 1  23   0  32   0   0   0   0     5.470    21.128     4.278     0.000     0.000     0.000     0.000   0   0   0   0   0   0   0     0.000     0.000     0.000    -0.399    -0.016    -0.002     0.010
   7 0 0 0 1 1 1 1  12  26  11   0   0   0   0    50.554     5.800    53.501     0.000     0.000     0.000     0.000   0   0   0   0   0   0   0     0.000     0.000     0.000    -0.012    -0.000     0.006    -0.054
   7 0 0 0 1 1 1 1  25  15  24   0   0   0   0     5.787    51.159     5.483     0.000     0.000     0.000     0.000   0   0   0   0   0   0   0     0.000     0.000     0.000    -0.013    -0.001     0.013     0.002
   7 0 0 0 1 1 1 1  31   1  22   0   0   0   0     5.324    22.058     5.422     0.000     0.000     0.000     0.000   0   0   0   0   0   0   0     0.000     0.000     0.000    -0.008    -0.039    -0.001     0.009
   7 0 0 0 1 1 1 1  22  30  26   0   0   0   0     5.489     5.602     5.800     0.000     0.000     0.000     0.000   0   0   0   0   0   0   0     0.000     0.000     0.000     0.000     0.012    -0.014    -0.249
   7 0 0 0 1 1 1 1   5  14  32   0   0   0   0    21.977    46.910     4.235     0.000     0.000     0.000     0.000   0   0   0   0   0   0   0     0.000     0.000     0.000     0.006     0.015    -0.009     0.001
   7 0 0 0 1 1 1 1  25   3  10   0   0   0   0     5.698    21.573    15.061     0.000     0.000     0.000     0.000   0   0   0   0   0   0   0     0.000     0.000     0.000    -0.035    -0.004     0.014     0.002
   7 0 0 0 1 1 1 1   3  26   5   0   0   0   0    22.157     5.800    21.977     0.000     0.000     0.000     0.000   0   0   0   0   0   0   0     0.000     0.000     0.000    -0.007    -0.097     0.008    -0.000
   7 0 0 0 1 1 1 1  23   0  29   0   0   0   0     5.470    21.128     5.757     0.000     0.000     0.000     0.000   0   0   0   0   0   0   0     0.000     0.000     0.000    -0.367    -0.013    -0.004     0.006
   7 0 0 0 1 1 1 1  16  12  16   0   0   0   0    56.020    46.993    56.023     0.000     0.000     0.000     0.000   0   0   0   0   0   0   0     0.000     0.000     0.000    -0.025    -0.002     0.371     0.002
   7 0 0 0 1 1 1 1  25   1  24   0   0   0   0     5.834    21.910     5.481     0.000     0.000     0.000     0.000   0   0   0   0   0   0   0     0.000     0.000     0.000     0.001    -0.008     0.015     0.003
   7 0 0 0 1 1 1 1  31   1  22   0   0   0   0     5.324    22.058     5.424     0.000     0.000     0.000     0.000   0   0   0   0   0   0   0     0.000     0.000     0.000    -0.007    -0.035    -0.000     0.008
   7 0 0 0 1 1 1 1  14  29  26   0   0   0   0    48.731     5.774     5.799     0.000     0.000     0.000     0.000   0   0   0   0   0   0   0     0.000     0.000     0.000    -0.004     0.006    -0.014    -0.349
   7 0 0 0 1 1 1 1  17  17  11   0   0   0   0    58.710    55.323    52.519     0.000     0.000     0.000     0.000   0   0   0   0   0   0   0     0.000     0.000     0.000    -0.033    -0.002     0.007    -0.012
   7 0 0 0 1 1 1 1  26  13  31   0   0   0   0     5.910    49.793     5.486     0.000     0.000     0.000     0.000   0   0   0   0   0   0   0     0.000     0.000     0.000    -0.008     0.001     0.016     0.003
   7 0 0 0 1 1 1 1   2   7  26   0   0   0   0    21.597    20.013     5.919     0.000     0.000     0.000     0.000   0   0   0   0   0   0   0     0.000     0.000     0.000    -0.008    -0.137     0.000     0.012
   7 0 0 0 1 1 1 1  23   0  11   0   0   0   0     5.470    21.128    53.501     0.000     0.000     0.000     0.000   0   0   0   0   0   0   0     0.000     0.000     0.000    -0.331    -0.011     0.002    -0.057
   7 0 0 0 1 1 1 1  16  18  16   0   0   0   0    56.020    49.725    56.023     0.000     0.000     0.000     0.000   0   0   0   0   0   0   0     0.000     0.000     0.000    -0.002    -0.022     0.353     0.002
   7 0 0 0 1 1 1 1  26  13   3   0   0   0   0     5.800    49.707    21.982     0.000     0.000     0.000     0.000   0   0   0   0   0   0   0     0.000     0.000     0.000    -0.010    -0.001     0.126     0.002
   7 0 0 0 1 1 1 1  31   1   6   0   0   0   0     5.372    22.003    19.418     0.000     0.000     0.000     0.000   0   0   0   0   0   0   0     0.000     0.000     0.000    -0.004    -0.020     0.013     0.001
   7 0 0 0 1 1 1 1  29   1   7   0   0   0   0     5.685    22.003    20.133     0.000     0.000     0.000     0.000   0   0   0   0   0   0   0     0.000     0.000     0.000    -0.007    -0.042     0.009    -0.001
   7 0 0 0 1 1 1 1  29   0   9   0   0   0   0     5.768    21.100    18.560     0.000     0.000     0.000     0.000   0   0   0   0   0   0   0     0.000     0.000     0.000    -0.015    -0.002     0.004    -0.033
   7 0 0 0 1 1 1 1  26  13  31   0   0   0   0     5.910    49.230     5.486     0.000     0.000     0.000     0.000   0   0   0   0   0   0   0     0.000     0.000     0.000    -0.009     0.000     0.014     0.003
   7 0 0 0 1 1 1 1  23  27   4   0   0   0   0     5.613     5.402    22.850     0.000     0.000     0.000     0.000   0   0   0   0   0   0   0     0.000     0.000     0.000    -0.005    -0.049     0.000     0.008
   7 0 1 0 1 1 1 1   3  27  29   0   0   0   0    21.573     5.402     5.774     0.000     0.000     0.000     0.000   0   0   0   0   0   0   0     0.000    -0.054     0.000    -0.005    -0.049    -0.005     0.005
   7 0 0 0 1 1 1 1   5  14   8   0   0   0   0    21.977    46.910    16.877     0.000     0.000     0.000     0.000   0   0   0   0   0   0   0     0.000    -0.054     0.000     0.004     0.013    -0.013    -0.000
   7 0 0 0 1 1 1 1   0  27   0   0   0   0   0    21.224     5.187    21.745     0.000     0.000     0.000     0.000   0   0   0   0   0   0   0     0.000    -0.054     0.000    -0.020    -0.001     0.004     0.027
   7 0 0 0 1 1 1 1   5  14  30   0   0   0   0    21.989    45.828     5.730     0.000     0.000     0.000     0.000   0   0   0   0   0   0   0     0.000    -0.054     0.000     0.016     0.003    -0.003     0.014
   7 0 0 0 1 1 1 1  22  11  26   0   0   0   0     5.489    52.894     5.800     0.000     0.000     0.000     0.000   0   0   0   0   0   0   0     0.000    -0.054     0.000     0.002    -0.026    -0.008    -0.195
   7 0 0 0 1 1 1 1  16  18  16   0   0   0   0    56.020    49.725    56.023     0.000     0.000     0.000     0.000   0   0   0   0   0   0   0     0.000    -0.054     0.000    -0.002    -0.019     0.335     0.002
   7 0 0 0 1 1 1 1  10   4   4   0   0   0   0    15.074    22.891    23.684     0.000     0.000     0.000     0.000   0   0   0   0   0   0   0     0.000    -0.054     0.000     0.003     0.018    -0.002     0.013
   7 0 0 0 1 1 1 1   2   7  17   0   0   0   0    21.597    20.013    55.674     0.000     0.000     0.000     0.000   0   0   0   0   0   0   0     0.000    -0.054     0.000    -0.006    -0.129     0.013     0.000
   7 0 0 0 1 1 1 1   3   1   4   0   0   0   0    21.573    22.056    22.052     0.000     0.000     0.000     0.000   0   0   0   0   0   0   0     0.000    -0.054     0.000    -0.014    -0.051     0.010    -0.002
   7 0 0 0 1 1 1 1  11  12   2   0   0   0   0    53.501    50.554    22.084     0.000     0.000     0.000     0.000   0   0   0   0   0   0   0     0.000    -0.054     0.000    -0.003     0.004    -0.022    -0.065
   7 0 0 0 1 1 1 1   3   1  26   0   0   0   0    21.573    22.056     5.917     0.000     0.000     0.000     0.000   0   0   0   0   0   0   0     0.000    -0.054     0.000    -0.007    -0.029    -0.001     0.009
   7 0 0 0 1 1 1 1   5  14  24   0   0   0   0    21.977    45.747     5.494     0.000     0.000     0.000     0.000   0   0   0   0   0   0   0     0.000    -0.054     0.000     0.017     0.003    -0.005     0.001
   7 0 0 0 1 1 1 1  23   0  11   0   0   0   0     5.470    21.128    53.501     0.000     0.000     0.000     0.000   0   0   0   0   0   0   0     0.000    -0.054     0.000    -0.302    -0.007     0.002    -0.051
   7 0 0 0 1 1 1 1  17  12  27   0   0   0   0    55.466    47.331     5.206     0.000     0.000     0.000     0.000   0   0   0   0   0   0   0     0.000    -0.054     0.000    -0.024     0.001     0.007    -0.001
   7 0 0 0 1 1 1 1  28  16  10   0   0   0   0     5.286    55.963    15.074     0.000     0.000     0.000     0.000   0   0   0   0   0   0   0     0.000    -0.054     0.000    -0.014    -0.002     0.007    -0.000
   7 0 0 0 1 1 1 1  14  26   1   0   0   0   0    49.154     5.913    22.056     0.000     0.000     0.000     0.000   0   0   0   0   0   0   0     0.000    -0.054     0.000    -0.001     0.008    -0.007    -0.028
   7 0 0 0 1 1 1 1   3   1  30   0   0   0   0    21.573    22.056     5.532     0.000     0.000     0.000     0.000   0   0   0   0   0   0   0     0.000    -0.054     0.000    -0.013    -0.046    -0.002     0.007
   7 0 0 0 1 1 1 1  11  24   0   0   0   0   0    53.501     4.972    20.942     0.000     0.000     0.000     0.000   0   0   0   0   0   0   0     0.000    -0.054     0.000    -0.011     0.001    -0.061    -0.020
   7 0 0 0 1 1 1 1  25   1  17   0   0   0   0     5.861    21.918    61.123     0.000     0.000     0.000     0.000   0   0   0   0   0   0   0     0.000    -0.054     0.000     0.001    -0.005     0.009    -0.000
   7 0 0 0 1 1 1 1   5  14  30   0   0   0   0    21.989    45.799     5.697     0.000     0.000     0.000     0.000   0   0   0   0   0   0   0     0.000    -0.054     0.000     0.014     0.002    -0.002     0.010
   7 0 0 0 1 1 1 1  29   1   7   0   0   0   0     5.685    22.003    20.134     0.000     0.000     0.000     0.000   0   0   0   0   0   0   0     0.000    -0.054     0.000    -0.005    -0.030     0.007    -0.001
   7 0 0 0 1 1 1 1  31   5   5   0   0   0   0     5.421    22.173    23.088     0.000     0.000     0.000     0.000   0   0   0   0   0   0   0     0.000    -0.054     0.000     0.001    -0.009     0.004    -0.022
   7 0 0 0 1 1 1 1   3   3  26   0   0   0   0    21.573    21.513     5.917     0.000     0.000     0.000     0.000   0   0   0   0   0   0   0     0.000    -0.054     0.000    -0.024    -0.006    -0.000     0.008
   7 0 0 0 1 1 1 1   2   7  17   0   0   0   0    21.597    20.013    55.674     0.000     0.000     0.000     0.000   0   0   0   0   0   0   0     0.000    -0.054     0.000    -0.005    -0.122     0.011     0.000
   7 0 0 0 1 1 1 1  29   1   7   0   0   0   0     5.685    22.003    20.134     0.000     0.000     0.000     0.000   0   0   0   0   0   0   0     0.000    -0.054     0.000    -0.004    -0.027     0.006    -0.001
   7 0 0 0 1 1 1 1  11  16   0   0   0   0   0    53.501    56.020    20.942     0.000     0.000     0.000     0.000   0   0   0   0   0   0   0     0.000    -0.054     0.000    -0.003     0.003    -0.058    -0.019
   7 0 0 0 1 1 1 1  25   1   0   0   0   0   0     5.620    22.058    21.745     0.000     0.000     0.000     0.000   0   0   0   0   0   0   0     0.000    -0.054     0.000    -0.003    -0.022     0.001     0.021
   7 0 0 0 1 1 1 1   3   1   5   0   0   0   0    21.573    22.056    21.977     0.000     0.000     0.000     0.000   0   0   0   0   0   0   0     0.000    -0.054     0.000    -0.007    -0.025     0.004    -0.001
   7 0 0 0 1 1 1 1   3   1   4   0   0   0   0    21.573    22.056    22.052     0.000     0.000     0.000     0.000   0   0   0   0   0   0   0     0.000    -0.054     0.000    -0.009    -0.037     0.008    -0.001
   7 0 0 1 1 1 1 1  11  24   4   0   0   0   0    53.705     4.972    22.052     0.000     0.000     0.000     0.000   0   0   0   0   0   0   0     0.000    -0.054    -0.047    -0.010     0.001     0.008    -0.001
   7 0 0 0 1 1 1 1  10   4   4   0   0   0   0    15.074    22.891    23.684     0.000     0.000     0.000     0.000   0   0   0   0   0   0   0     0.000    -0.054    -0.047     0.002     0.014    -0.001     0.010
   7 0 0 0 1 1 1 1  24  27   6   0   0   0   0     5.406     5.402    19.418     0.000     0.000     0.000     0.000   0   0   0   0   0   0   0     0.000    -0.054    -0.047    -0.003    -0.044     0.010     0.001
   7 0 0 0 1 1 1 1  23   0  11   0   0   0   0     5.470    21.128    53.501     0.000     0.000     0.000     0.000   0   0   0   0   0   0   0     0.000    -0.054    -0.047    -0.284    -0.004     0.001    -0.046
   7 0 0 0 1 1 1 1   5  14   8   0   0   0   0    21.955    47.091    16.857     0.000     0.000     0.000     0.000   0   0   0   0   0   0   0     0.000    -0.054    -0.047     0.005     0.013    -0.010     0.000
   7 0 0 0 1 1 1 1  21  27  14   0   0   0   0    68.123     5.178    45.747     0.000     0.000     0.000     0.000   0   0   0   0   0   0   0     0.000    -0.054    -0.047    -0.016    -0.001     0.010     0.002
   7 0 0 0 1 1 1 1  14  11   1   0   0   0   0    49.154    55.688    22.056     0.000     0.000     0.000     0.000   0   0   0   0   0   0   0     0.000    -0.054    -0.047     0.000    -0.041    -0.006    -0.022
   7 0 0 0 1 1 1 1  29   0  25   0   0   0   0     5.701    21.125     5.921     0.000     0.000     0.000     0.000   0   0   0   0   0   0   0     0.000    -0.054    -0.047    -0.016    -0.002     0.003    -0.007
   7 0 0 0 1 1 1 1  11  17   2   0   0   0   0    53.501    55.323    22.084     0.000     0.000     0.000     0.000   0   0   0   0   0   0   0     0.000    -0.054    -0.047    -0.020     0.001    -0.016    -0.053
   7 0 0 0 1 1 1 1  28  26   8   0   0   0   0     5.290     5.800    17.252     0.000     0.000     0.000     0.000   0   0   0   0   0   0   0     0.000    -0.054    -0.047    -0.007     0.005     0.004    -0.001
   7 0 0 0 1 1 1 1   4  26  23   0   0   0   0    22.336     5.800     5.785     0.000     0.000     0.000     0.000   0   0   0   0   0   0   0     0.000    -0.054    -0.047    -0.002    -0.115     0.000     0.008
   7 0 0 0 1 1 1 1   3   3   4   0   0   0   0    21.573    21.513    22.052     0.000     0.000     0.000     0.000   0   0   0   0   0   0   0     0.000    -0.054    -0.047    -0.033    -0.009     0.007    -0.001
   7 0 0 0 1 1 1 1  11  16   2   0   0   0   0    53.501    56.020    22.084     0.000     0.000     0.000     0.000   0   0   0   0   0   0   0     0.000    -0.054    -0.047    -0.003     0.002    -0.015    -0.050
   7 0 0 0 1 1 1 1   3   1   0   0   0   0   0    24.307    21.910    21.745     0.000     0.000     0.000     0.000   0   0   0   0   0   0   0     0.000    -0.054    -0.047     0.001    -0.003     0.006     0.019
   7 0 0 0 1 1 1 1   5  14  10   0   0   0   0    22.002    45.737    15.324     0.000     0.000     0.000     0.000   0   0   0   0   0   0   0     0.000    -0.054    -0.047     0.015     0.002    -0.008    -0.000
   7 0 0 0 1 1 1 1  32   1  24   0   0   0   0     4.340    22.001     5.531     0.000     0.000     0.000     0.000   0   0   0   0   0   0   0     0.000    -0.054    -0.047     0.000    -0.019     0.020     0.005
   7 0 0 0 1 1 1 1  29   1  22   0   0   0   0     5.765    22.003     4.934     0.000     0.000     0.000     0.000   0   0   0   0   0   0   0     0.000    -0.054    -0.047    -0.005     0.008    -0.041     0.003
   7 0 0 0 1 1 1 1  26  12  24   0   0   0   0     5.917    50.110     5.479     0.000     0.000     0.000     0.000   0   0   0   0   0   0   0     0.000    -0.054    -0.047    -0.003     0.001     0.016     0.003
   7 0 0 0 1 1 1 1  14  11   3   0   0   0   0    49.154    55.688    21.513     0.000     0.000     0.000     0.000   0   0   0   0   0   0   0     0.000    -0.054    -0.047     0.000    -0.038    -0.019    -0.005
   7 0 0 1 1 1 1 1  11  23   3   0   0   0   0    53.501     5.470    21.513     0.000     0.000     0.000     0.000   0   0   0   0   0   0   0     0.000    -0.054    -0.042    -0.008     0.001    -0.019    -0.005
   7 0 0 0 1 1 1 1  17  24  27   0   0   0   0    55.323     5.579     5.206     0.000     0.000     0.000     0.000   0   0   0   0   0   0   0     0.000    -0.054    -0.042    -0.019    -0.005     0.005    -0.001
   7 0 1 0 1 1 1 1   3  24   4   0   0   0   0    21.513     5.579    23.684     0.000     0.000     0.000     0.000   0   0   0   0   0   0   0     0.000    -0.018    -0.042    -0.019    -0.005    -0.000     0.008
   7 0 0 0 1 1 1 1  26   1  11   0   0   0   0     5.913    21.993    52.519     0.000     0.000     0.000     0.000   0   0   0   0   0   0   0     0.000    -0.018    -0.042     0.000    -0.008     0.007    -0.005
   7 0 0 0 1 1 1 1  32   4  16   0   0   0   0     4.340    23.036    54.987     0.000     0.000     0.000     0.000   0   0   0   0   0   0   0     0.000    -0.018    -0.042    -0.000    -0.018     0.004     0.019
   7 0 0 0 1 1 1 1  11  16   2   0   0   0   0    53.501    56.020    22.084     0.000     0.000     0.000     0.000   0   0   0   0   0   0   0     0.000    -0.018    -0.042    -0.003     0.002    -0.014    -0.047
   7 0 0 0 1 1 1 1  10   4   4   0   0   0   0    15.074    22.891    23.684     0.000     0.000     0.000     0.000   0   0   0   0   0   0   0     0.000    -0.018    -0.042     0.002     0.011    -0.001     0.007
   7 0 0 1 1 1 1 1  11   4   4   0   0   0   0    55.688    22.336    23.684     0.000     0.000     0.000     0.000   0   0   0   0   0   0   0     0.000    -0.018    -0.036    -0.003     0.001    -0.001     0.007
   7 0 0 0 1 1 1 1   5  20  30   0   0   0   0    21.973    62.531     5.425     0.000     0.000     0.000     0.000   0   0   0   0   0   0   0     0.000    -0.018    -0.036     0.007     0.003    -0.005     0.004
   7 0 0 0 1 1 1 1   5   2   8   0   0   0   0    21.955    21.691    16.857     0.000     0.000     0.000     0.000   0   0   0   0   0   0   0     0.000    -0.018    -0.036     0.012     0.004    -0.009     0.000
   7 0 0 0 1 1 1 1  12   3  26   0   0   0   0    45.291    21.513     5.917     0.000     0.000     0.000     0.000   0   0   0   0   0   0   0     0.000    -0.018    -0.036    -0.016    -0.005    -0.000     0.005
   7 0 0 0 1 1 1 1  29   1  22   0   0   0   0     5.757    21.483     4.934     0.000     0.000     0.000     0.000   0   0   0   0   0   0   0     0.000    -0.018    -0.036    -0.035    -0.002    -0.030     0.002
   7 0 1 0 1 1 1 1   3   1   4   0   0   0   0    21.513    21.483    22.052     0.000     0.000     0.000     0.000   0   0   0   0   0   0   0     0.000    -0.028    -0.036    -0.035    -0.002     0.006    -0.001
   7 0 0 0 1 1 1 1  11   5   0   0   0   0   0    53.501    23.088    20.942     0.000     0.000     0.000     0.000   0   0   0   0   0   0   0     0.000    -0.028    -0.036     0.000    -0.017    -0.045    -0.013
   7 0 0 0 1 1 1 1  10   4   3   0   0   0   0    15.074    22.891    24.311     0.000     0.000     0.000     0.000   0   0   0   0   0   0   0     0.000    -0.028    -0.036     0.001     0.010    -0.001     0.008
   7 0 0 0 1 1 1 1   5  14  23   0   0   0   0    21.999    45.737     5.784     0.000     0.000     0.000     0.000   0   0   0   0   0   0   0     0.000    -0.028    -0.036     0.013     0.001    -0.003     0.002
   7 0 0 1 1 1 1 1  11   3  23   0   0   0   0    53.501    21.573     5.784     0.000     0.000     0.000     0.000   0   0   0   0   0   0   0     0.000    -0.028    -0.037    -0.024     0.000    -0.003     0.002
   7 0 0 0 1 1 1 1  11  16  20   0   0   0   0    52.894    56.020    62.843     0.000     0.000     0.000     0.000   0   0   0   0   0   0   0     0.000    -0.028    -0.037    -0.002     0.002    -0.006    -0.027
   7 0 0 0 1 1 1 1  12   1  25   0   0   0   0    45.291    22.058     5.834     0.000     0.000     0.000     0.000   0   0   0   0   0   0   0     0.000    -0.028    -0.037    -0.005    -0.015    -0.001     0.002
   7 0 0 0 1 1 1 1  26   1  11   0   0   0   0     5.912    22.001    52.519     0.000     0.000     0.000     0.000   0   0   0   0   0   0   0     0.000    -0.028    -0.037     0.000    -0.007     0.006    -0.004
   7 0 0 0 1 1 1 1  32   4  23   0   0   0   0     4.340    23.036     5.677     0.000     0.000     0.000     0.000   0   0   0   0   0   0   0     0.000    -0.028    -0.037    -0.000    -0.016     0.018     0.003
   7 0 0 0 1 1 1 1  29  27  22   0   0   0   0     5.760     5.206     4.934     0.000     0.000     0.000     0.000   0   0   0   0   0   0   0     0.000    -0.028    -0.037     0.008    -0.004    -0.036     0.002
   7 0 0 0 1 1 1 1  26  13  14   0   0   0   0     5.800    50.515    48.373     0.000     0.000     0.000     0.000   0   0   0   0   0   0   0     0.000    -0.028    -0.037    -0.004     0.001     0.001     0.121
   7 0 0 1 1 1 1 1  11   4  14   0   0   0   0    53.705    22.336    48.373     0.000     0.000     0.000     0.000   0   0   0   0   0   0   0     0.000    -0.028    -0.027    -0.002     0.001     0.001     0.121
   7 0 0 0 1 1 1 1   5   1  30   0   0   0   0    21.974    21.861     5.425     0.000     0.000     0.000     0.000   0   0   0   0   0   0   0     0.000    -0.028    -0.027     0.008     0.003    -0.004     0.003
   7 0 0 0 1 1 1 1  24   7  28   0   0   0   0     4.972    19.940     5.028     0.000     0.000     0.000     0.000   0   0   0   0   0   0   0     0.000    -0.028    -0.027    -0.004    -0.015     0.210    -0.000
   7 0 0 0 1 1 1 1  10   4   0   0   0   0   0    15.074    22.891    21.745     0.000     0.000     0.000     0.000   0   0   0   0   0   0   0     0.000    -0.028    -0.027     0.001     0.009    -0.001     0.013
   7 0 0 1 1 1 1 1  11   3   0   0   0   0   0    55.688    21.573    21.745     0.000     0.000     0.000     0.000   0   0   0   0   0   0   0     0.000    -0.028    -0.031    -0.015     0.000    -0.001     0.013
   7 0 0 0 1 1 1 1  29   0   7   0   0   0   0     5.701    21.125    20.094     0.000     0.000     0.000     0.000   0   0   0   0   0   0   0     0.000    -0.028    -0.031    -0.014    -0.000     0.006    -0.000
   7 0 0 0 1 1 1 1   3   7   3   0   0   0   0    21.802    19.940    21.819     0.000     0.000     0.000     0.000   0   0   0   0   0   0   0     0.000    -0.028    -0.031    -0.003    -0.013     0.306    -0.000
   7 0 0 0 1 1 1 1  12   3   9   0   0   0   0    45.291    21.513    18.019     0.000     0.000     0.000     0.000   0   0   0   0   0   0   0     0.000    -0.028    -0.031    -0.013    -0.004     0.001    -0.002
   7 0 0 1 1 1 1 1  11   3   9   0   0   0   0    55.688    22.910    18.019     0.000     0.000     0.000     0.000   0   0   0   0   0   0   0     0.000    -0.028    -0.030    -0.001     0.001     0.001    -0.002
   7 0 0 1 1 1 1 1  11  14   9   0   0   0   0    53.501    49.154    18.019     0.000     0.000     0.000     0.000   0   0   0   0   0   0   0     0.000    -0.028    -0.033     0.000    -0.021     0.001    -0.002
   7 0 0 1 1 1 1 1  11   5   9   0   0   0   0    55.688    23.088    18.019     0.000     0.000     0.000     0.000   0   0   0   0   0   0   0     0.000    -0.028    -0.041     0.000    -0.014     0.001    -0.002
   7 0 0 0 1 1 1 1  25   1   9   0   0   0   0     5.710    22.058    18.020     0.000     0.000     0.000     0.000   0   0   0   0   0   0   0     0.000    -0.028    -0.041    -0.001    -0.012     0.005    -0.002
   7 0 0 0 1 1 1 1  31   5  23   0   0   0   0     5.528    23.074     5.757     0.000     0.000     0.000     0.000   0   0   0   0   0   0   0     0.000    -0.028    -0.041    -0.000    -0.027    -0.001     0.009
   7 0 0 0 1 1 1 1  32   1  16   0   0   0   0     4.340    22.001    54.987     0.000     0.000     0.000     0.000   0   0   0   0   0   0   0     0.000    -0.028    -0.041     0.000    -0.013     0.003     0.016
   7 0 0 0 1 1 1 1  32   1   5   0   0   0   0     4.278    22.003    23.071     0.000     0.000     0.000     0.000   0   0   0   0   0   0   0     0.000    -0.028    -0.041    -0.002     0.014     0.003    -0.011
   7 0 0 0 1 1 1 1  25   9  12   0   0   0   0     5.834    18.017    53.637     0.000     0.000     0.000     0.000   0   0   0   0   0   0   0     0.000    -0.028    -0.041     0.000    -0.006     0.004    -0.000
   7 0 1 0 1 1 1 1   3   9  17   0   0   0   0    21.513    18.017    55.651     0.000     0.000     0.000     0.000   0   0   0   0   0   0   0     0.000    -0.014    -0.041     0.000    -0.006     0.006    -0.000
   7 0 0 0 1 1 1 1   5  20  16   0   0   0   0    21.974    62.531    55.938     0.000     0.000     0.000     0.000   0   0   0   0   0   0   0     0.000    -0.014    -0.041     0.006     0.002     0.002    -0.004
   7 0 0 0 1 1 1 1   3   7   3   0   0   0   0    21.802    19.940    21.819     0.000     0.000     0.000     0.000   0   0   0   0   0   0   0     0.000    -0.014    -0.041    -0.003    -0.013     0.290    -0.000
   7 0 0 0 1 1 1 1  26   1  24   0   0   0   0     5.917    22.008     5.479     0.000     0.000     0.000     0.000   0   0   0   0   0   0   0     0.000    -0.014    -0.041     0.000    -0.005     0.011     0.002
   7 0 0 0 1 1 1 1   1  31   0   0   0   0   0    21.910     5.428    21.125     0.000     0.000     0.000     0.000   0   0   0   0   0   0   0     0.000    -0.014    -0.041    -0.001     0.004    -0.010    -0.001
   7 0 0 0 1 1 1 1  11   3   0   0   0   0   0    53.501    21.513    20.942     0.000     0.000     0.000     0.000   0   0   0   0   0   0   0     0.000    -0.014    -0.041    -0.020     0.000    -0.039    -0.014
   7 0 0 1 1 1 1 1  11   3   0   0   0   0   0    53.705    21.668    20.942     0.000     0.000     0.000     0.000   0   0   0   0   0   0   0     0.000    -0.014    -0.032    -0.012     0.000    -0.039    -0.014
   7 0 0 0 1 1 1 1   3   1   0   0   0   0   0    24.307    21.910    21.824     0.000     0.000     0.000     0.000   0   0   0   0   0   0   0     0.000    -0.014    -0.032     0.001    -0.002     0.004     0.012
   7 0 0 0 1 1 1 1   6   4   8   0   0   0   0    19.392    22.887    16.984     0.000     0.000     0.000     0.000   0   0   0   0   0   0   0     0.000    -0.014    -0.032     0.001     0.011    -0.020    -0.000
   7 0 0 0 1 1 1 1   5  27   2   0   0   0   0    22.108     5.310    21.597     0.000     0.000     0.000     0.000   0   0   0   0   0   0   0     0.000    -0.014    -0.032     0.001     0.005    -0.055    -0.000
   7 0 0 0 1 1 1 1   5   2  20   0   0   0   0    21.955    21.691    62.432     0.000     0.000     0.000     0.000   0   0   0   0   0   0   0     0.000    -0.014    -0.032     0.011     0.003     0.001    -0.003
   7 0 0 0 1 1 1 1  25   9   9   0   0   0   0     5.711    17.647    18.020     0.000     0.000     0.000     0.000   0   0   0   0   0   0   0     0.000    -0.014    -0.032     0.001    -0.002     0.004    -0.001
   7 0 0 1 1 1 1 1  11   1   9   0   0   0   0    55.688    21.910    18.020     0.000     0.000     0.000     0.000   0   0   0   0   0   0   0     0.000    -0.014    -0.028     0.001    -0.001     0.004    -0.001
   7 0 0 0 1 1 1 1  32   4  16   0   0   0   0     4.341    23.029    54.987     0.000     0.000     0.000     0.000   0   0   0   0   0   0   0     0.000    -0.014    -0.028     0.000    -0.013     0.002     0.017
   7 0 0 0 1 1 1 1  24   0  16   0   0   0   0     5.483    21.109    55.418     0.000     0.000     0.000     0.000   0   0   0   0   0   0   0     0.000    -0.014    -0.028    -0.020    -0.001    -0.002     0.004
   7 0 0 0 1 1 1 1   4  28   7   0   0   0   0    23.684     5.636    21.130     0.000     0.000     0.000     0.000   0   0   0   0   0   0   0     0.000    -0.014    -0.028    -0.001     0.001     0.003     0.009
   7 0 0 1 1 1 1 1  11  10   7   0   0   0   0    53.705    15.074    21.130     0.000     0.000     0.000     0.000   0   0   0   0   0   0   0     0.000    -0.014    -0.022     0.003    -0.000     0.003     0.009
   7 0 0 0 1 1 1 1  11  25   0   0   0   0   0    53.501     5.603    20.942     0.000     0.000     0.000     0.000   0   0   0   0   0   0   0     0.000    -0.014    -0.022    -0.003     0.001    -0.037    -0.012
   7 0 0 0 1 1 1 1  11   3  28   0   0   0   0    52.894    21.802     5.633     0.000     0.000     0.000     0.000   0   0   0   0   0   0   0     0.000    -0.014    -0.022    -0.006     0.001    -0.006    -0.026
   7 0 0 0 1 1 1 1  26   9   3   0   0   0   0     5.800    17.579    21.982     0.000     0.000     0.000     0.000   0   0   0   0   0   0   0     0.000    -0.014    -0.022     0.001    -0.004     0.115     0.000
   7 0 0 1 1 1 1 1  11   2   3   0   0   0   0    55.688    21.597    21.982     0.000     0.000     0.000     0.000   0   0   0   0   0   0   0     0.000    -0.014    -0.026    -0.003     0.000     0.115     0.000
   7 0 0 0 1 1 1 1   5   1   6   0   0   0   0    22.108    21.861    19.549     0.000     0.000     0.000     0.000   0   0   0   0   0   0   0     0.000    -0.014    -0.026     0.005     0.001    -0.043    -0.000
   7 0 0 1 1 1 1 1  11  12   6   0   0   0   0    55.688    45.291    19.549     0.000     0.000     0.000     0.000   0   0   0   0   0   0   0     0.000    -0.014    -0.035    -0.015     0.000    -0.043    -0.000
   7 0 0 0 1 1 1 1  10  16   8   0   0   0   0    15.016    58.048    16.900     0.000     0.000     0.000     0.000   0   0   0   0   0   0   0     0.000    -0.014    -0.035    -0.005     0.005    -0.004     0.000
   7 0 0 0 1 1 1 1  31   5  23   0   0   0   0     5.528    23.074     5.757     0.000     0.000     0.000     0.000   0   0   0   0   0   0   0     0.000    -0.014    -0.035    -0.000    -0.025    -0.001     0.007
   7 0 0 0 1 1 1 1  12   0  14   0   0   0   0    45.526    21.141    48.731     0.000     0.000     0.000     0.000   0   0   0   0   0   0   0     0.000    -0.014    -0.035     0.030    -0.004     0.000    -0.013
   7 0 0 0 1 1 1 1  18  28   0   0   0   0   0    50.523     5.269    21.125     0.000     0.000     0.000     0.000   0   0   0   0   0   0   0     0.000    -0.014    -0.035    -0.011     0.000     0.275    -0.002
   7 0 0 0 1 1 1 1   4   9   7   0   0   0   0    23.684    18.019    21.130     0.000     0.000     0.000     0.000   0   0   0   0   0   0   0     0.000    -0.014    -0.035     0.000    -0.003     0.003     0.008
   7 0 0 1 1 1 1 1  11   6   7   0   0   0   0    55.688    19.392    21.130     0.000     0.000     0.000     0.000   0   0   0   0   0   0   0     0.000    -0.014    -0.025     0.002    -0.001     0.003     0.008
   7 0 0 0 1 1 1 1   4  26   4   0   0   0   0    22.081     5.785    22.081     0.000     0.000     0.000     0.000   0   0   0   0   0   0   0     0.000    -0.014    -0.025     0.002     0.020    -0.101    -0.000
   7 0 0 0 1 1 1 1  18  28   0   0   0   0   0    50.523     5.269    21.125     0.000     0.000     0.000     0.000   0   0   0   0   0   0   0     0.000    -0.014    -0.025    -0.010     0.000     0.262    -0.002
   7 0 0 0 1 1 1 1  28   0  11   0   0   0   0     5.636    21.102    51.284     0.000     0.000     0.000     0.000   0   0   0   0   0   0   0     0.000    -0.014    -0.025    -0.005    -0.000     0.004     0.000
   7 0 0 1 1 1 1 1  11  18  11   0   0   0   0    55.688    48.148    51.284     0.000     0.000     0.000     0.000   0   0   0   0   0   0   0     0.000    -0.014    -0.023     0.002    -0.001     0.004     0.000
   7 0 0 0 1 1 1 1  32   5  16   0   0   0   0     4.341    22.950    54.987     0.000     0.000     0.000     0.000   0   0   0   0   0   0   0     0.000    -0.014    -0.023    -0.000    -0.042     0.002     0.015
   7 0 0 0 1 1 1 1  11   5   5   0   0   0   0    53.163    23.087    22.351     0.000     0.000     0.000     0.000   0   0   0   0   0   0   0     0.000    -0.014    -0.023     0.000    -0.012    -0.010    -0.033
   7 0 0 0 1 1 1 1  12   3  12   0   0   0   0    45.291    21.513    45.878     0.000     0.000     0.000     0.000   0   0   0   0   0   0   0     0.000    -0.014    -0.023    -0.010    -0.003     0.004    -0.000
   7 0 0 0 1 1 1 1   5  14   7   0   0   0   0    21.977    45.725    20.344     0.000     0.000     0.000     0.000   0   0   0   0   0   0   0     0.000    -0.014    -0.023     0.009     0.001    -0.002     0.002
   7 0 0 0 1 1 1 1   5   3   2   0   0   0   0    22.108    23.358    21.597     0.000     0.000     0.000     0.000   0   0   0   0   0   0   0     0.000    -0.014    -0.023     0.002    -0.009    -0.046    -0.000
   7 0 0 0 1 1 1 1  18  28   0   0   0   0   0    50.523     5.269    21.125     0.000     0.000     0.000     0.000   0   0   0   0   0   0   0     0.000    -0.014    -0.023    -0.009     0.000     0.249    -0.002
   7 0 0 0 1 1 1 1  26   9   3   0   0   0   0     5.800    17.579    21.982     0.000     0.000     0.000     0.000   0   0   0   0   0   0   0     0.000    -0.014    -0.023     0.001    -0.003     0.109     0.000
   7 0 0 1 1 1 1 1  11  28   3   0   0   0   0    53.705     5.637    21.982     0.000     0.000     0.000     0.000   0   0   0   0   0   0   0     0.000    -0.014    -0.018    -0.001     0.002     0.109     0.000
   7 0 0 0 1 1 1 1  12   0  14   0   0   0   0    45.526    21.147    48.731     0.000     0.000     0.000     0.000   0   0   0   0   0   0   0     0.000    -0.014    -0.018     0.026    -0.003     0.000    -0.012
   7 0 0 0 1 1 1 1   7   8  31   0   0   0   0    20.081    16.939     5.414     0.000     0.000     0.000     0.000   0   0   0   0   0   0   0     0.000    -0.014    -0.018    -0.001     0.006    -0.006     0.001
   7 0 0 0 1 1 1 1  14   5   9   0   0   0   0    39.434    23.098    18.019     0.000     0.000     0.000     0.000   0   0   0   0   0   0   0     0.000    -0.014    -0.018     0.009     0.002     0.000    -0.002
   7 0 0 0 1 1 1 1   6   4   8   0   0   0   0    19.377    22.887    16.983     0.000     0.000     0.000     0.000   0   0   0   0   0   0   0     0.000    -0.014    -0.018     0.001     0.009    -0.017    -0.000
   7 0 0 0 1 1 1 1  13  20  13   0   0   0   0    49.230    62.406    49.233     0.000     0.000     0.000     0.000   0   0   0   0   0   0   0     0.000    -0.014    -0.018     0.006    -0.003    -0.252    -0.000
   7 0 0 0 1 1 1 1  11  16   5   0   0   0   0    52.894    56.020    22.352     0.000     0.000     0.000     0.000   0   0   0   0   0   0   0     0.000    -0.014    -0.018    -0.002     0.002    -0.008    -0.031
   7 0 0 0 1 1 1 1  25   9  12   0   0   0   0     5.834    18.017    53.637     0.000     0.000     0.000     0.000   0   0   0   0   0   0   0     0.000    -0.014    -0.018     0.000    -0.005     0.003    -0.000
   7 0 0 1 1 1 1 1  11   1  12   0   0   0   0    55.688    21.910    53.637     0.000     0.000     0.000     0.000   0   0   0   0   0   0   0     0.000    -0.014    -0.021     0.001    -0.001     0.003    -0.000
   7 0 0 0 1 1 1 1   5   3   2   0   0   0   0    22.108    23.358    21.597     0.000     0.000     0.000     0.000   0   0   0   0   0   0   0     0.000    -0.014    -0.021     0.002    -0.008    -0.041    -0.001
   7 0 0 0 1 1 1 1  18  28   0   0   0   0   0    50.523     5.269    21.125     0.000     0.000     0.000     0.000   0   0   0   0   0   0   0     0.000    -0.014    -0.021    -0.008     0.000     0.236    -0.002
   7 0 0 0 1 1 1 1  28   0  11   0   0   0   0     5.636    21.121    51.284     0.000     0.000     0.000     0.000   0   0   0   0   0   0   0     0.000    -0.014    -0.021    -0.004     0.000     0.004     0.000
   7 0 0 0 1 1 1 1  31  10   0   0   0   0   0     5.528    15.745    21.251     0.000     0.000     0.000     0.000   0   0   0   0   0   0   0     0.000    -0.014    -0.021    -0.000    -0.011     0.004     0.016
   7 0 0 0 1 1 1 1  12   0  12   0   0   0   0    45.526    21.147    45.878     0.000     0.000     0.000     0.000   0   0   0   0   0   0   0     0.000    -0.014    -0.021     0.024    -0.001    -0.010     0.000
   7 0 0 0 1 1 1 1   5  30   0   0   0   0   0    23.122     5.293    21.233     0.000     0.000     0.000     0.000   0   0   0   0   0   0   0     0.000    -0.014    -0.021    -0.001     0.002    -0.006    -0.028
   7 0 0 0 1 1 1 1  18  31   5   0   0   0   0    48.111     5.470    22.163     0.000     0.000     0.000     0.000   0   0   0   0   0   0   0     0.000    -0.014    -0.021     0.003    -0.003     0.000    -0.003
   7 0 0 0 1 1 1 1  11  28   5   0   0   0   0    52.665     5.653    22.352     0.000     0.000     0.000     0.000   0   0   0   0   0   0   0     0.000    -0.014    -0.021    -0.000     0.003    -0.002    -0.020
   7 0 0 0 1 1 1 1   3   2  28   0   0   0   0    21.792    21.579     5.028     0.000     0.000     0.000     0.000   0   0   0   0   0   0   0     0.000    -0.014    -0.021     0.003     0.025    -0.237     0.000
   7 0 0 0 1 1 1 1   5   2  20   0   0   0   0    21.968    21.691    62.435     0.000     0.000     0.000     0.000   0   0   0   0   0   0   0     0.000    -0.014    -0.021     0.009     0.002     0.001    -0.003
   7 0 0 0 1 1 1 1  13  11  10   0   0   0   0    48.568    48.155    15.551     0.000     0.000     0.000     0.000   0   0   0   0   0   0   0     0.000    -0.014    -0.021     0.006     0.001     0.000    -0.006
   7 0 0 0 1 1 1 1   6   4   8   0   0   0   0    19.392    22.887    16.984     0.000     0.000     0.000     0.000   0   0   0   0   0   0   0     0.000    -0.014    -0.021     0.001     0.008    -0.016    -0.000
   7 0 0 1 1 1 1 1  11   4   8   0   0   0   0    55.688    22.081    16.984     0.000     0.000     0.000     0.000   0   0   0   0   0   0   0     0.000    -0.014    -0.035     0.003    -0.001    -0.016    -0.000
   7 0 0 0 1 1 1 1   7   5  31   0   0   0   0    20.081    22.125     5.414     0.000     0.000     0.000     0.000   0   0   0   0   0   0   0     0.000    -0.014    -0.035     0.001     0.011    -0.005     0.001
   7 0 0 0 1 1 1 1   8  19  14   0   0   0   0    16.878    66.195    48.731     0.000     0.000     0.000     0.000   0   0   0   0   0   0   0     0.000    -0.014    -0.035    -0.007     0.000     0.000     0.018
   7 0 0 0 1 1 1 1  17   1   1   0   0   0   0    55.651    22.031    22.001     0.000     0.000     0.000     0.000   0   0   0   0   0   0   0     0.000    -0.014    -0.035     0.012     0.001     0.000    -0.005
   7 0 0 0 1 1 1 1   5   2   5   0   0   0   0    22.123    21.871    22.127     0.000     0.000     0.000     0.000   0   0   0   0   0   0   0     0.000    -0.014    -0.035     0.002    -0.009    -0.153    -0.001
   7 0 0 0 1 1 1 1  17  25  12   0   0   0   0    55.686     5.807    45.878     0.000     0.000     0.000     0.000   0   0   0   0   0   0   0     0.000    -0.014    -0.035    -0.008    -0.001     0.017    -0.000
   7 0 0 0 1 1 1 1  12   1  12   0   0   0   0    45.542    22.041    45.878     0.000     0.000     0.000     0.000   0   0   0   0   0   0   0     0.000    -0.014    -0.035    -0.004    -0.008     0.006    -0.000
   7 0 0 0 1 1 1 1   0   6   0   0   0   0   0    21.124    19.600    21.142     0.000     0.000     0.000     0.000   0   0   0   0   0   0   0     0.000    -0.014    -0.035    -0.104    -0.001     0.005    -0.000
   7 0 0 0 1 1 1 1  13  20  13   0   0   0   0    49.230    62.406    49.233     0.000     0.000     0.000     0.000   0   0   0   0   0   0   0     0.000    -0.014    -0.035     0.005    -0.002    -0.217    -0.000
   7 0 0 1 1 1 1 1  11   5  13   0   0   0   0    55.688    23.087    49.233     0.000     0.000     0.000     0.000   0   0   0   0   0   0   0     0.000    -0.014    -0.029     0.000    -0.010    -0.217    -0.000
   7 0 0 0 1 1 1 1  12   1  12   0   0   0   0    45.593    22.058    45.878     0.000     0.000     0.000     0.000   0   0   0   0   0   0   0     0.000    -0.014    -0.029    -0.003    -0.007     0.008    -0.000
   7 0 0 0 1 1 1 1   7   5  11   0   0   0   0    20.344    22.336    51.311     0.000     0.000     0.000     0.000   0   0   0   0   0   0   0     0.000    -0.014    -0.029    -0.000    -0.013     0.003    -0.006
   7 0 0 1 1 1 1 1  11   3  11   0   0   0   0    55.688    21.792    51.311     0.000     0.000     0.000     0.000   0   0   0   0   0   0   0     0.000    -0.014    -0.033     0.005    -0.000     0.003    -0.006
   7 0 0 0 1 1 1 1  11   3  28   0   0   0   0    52.894    21.802     5.633     0.000     0.000     0.000     0.000   0   0   0   0   0   0   0     0.000    -0.014    -0.033    -0.005     0.001    -0.005    -0.020
   7 0 0 0 1 1 1 1  24  27  28   0   0   0   0     5.185     5.209     5.391     0.000     0.000     0.000     0.000   0   0   0   0   0   0   0     0.000    -0.014    -0.033     0.002    -0.005     0.006     0.000
   7 0 0 1 1 1 1 1  11  25  28   0   0   0   0    53.705     5.794     5.391     0.000     0.000     0.000     0.000   0   0   0   0   0   0   0     0.000    -0.014    -0.015    -0.001     0.001     0.006     0.000
   7 0 0 1 1 1 1 1  11  22  28   0   0   0   0    55.688     5.563     5.391     0.000     0.000     0.000     0.000   0   0   0   0   0   0   0     0.000    -0.014    -0.031    -0.000     0.030     0.006     0.000
   7 0 0 0 1 1 1 1  18  28   0   0   0   0   0    50.523     5.269    21.125     0.000     0.000     0.000     0.000   0   0   0   0   0   0   0     0.000    -0.014    -0.031    -0.007     0.000     0.223    -0.002
   7 0 0 0 1 1 1 1  29  31   3   0   0   0   0     5.826     5.480    23.179     0.000     0.000     0.000     0.000   0   0   0   0   0   0   0     0.000    -0.014    -0.031    -0.000    -0.007     0.004    -0.001
   7 0 1 0 1 1 1 1   5  31   9   0   0   0   0    21.840     5.480    18.017     0.000     0.000     0.000     0.000   0   0   0   0   0   0   0     0.000     0.015    -0.031    -0.000    -0.007     0.000    -0.002
   7 0 0 0 1 1 1 1   5   3   5   0   0   0   0    22.125    23.377    22.127     0.000     0.000     0.000     0.000   0   0   0   0   0   0   0     0.000     0.015    -0.031     0.002    -0.010    -0.207    -0.001
   7 0 0 1 1 1 1 1  25   4   5   0   0   0   0     6.002    23.165    22.127     0.000     0.000     0.000     0.000   0   0   0   0   0   0   0     0.000     0.015     0.012     0.000    -0.005    -0.207    -0.001
   7 0 0 0 1 1 1 1  26  13   3   0   0   0   0     5.794    50.507    21.886     0.000     0.000     0.000     0.000   0   0   0   0   0   0   0     0.000     0.015     0.012    -0.003     0.001     0.050     0.000
   7 0 0 1 1 1 1 1  11   7   3   0   0   0   0    55.688    20.344    21.886     0.000     0.000     0.000     0.000   0   0   0   0   0   0   0     0.000     0.015    -0.018    -0.001     0.002     0.050     0.000
   7 0 0 0 1 1 1 1  13  20  13   0   0   0   0    49.230    62.406    49.233     0.000     0.000     0.000     0.000   0   0   0   0   0   0   0     0.000     0.015    -0.018     0.005    -0.002    -0.196    -0.000
   7 0 0 0 1 1 1 1  18  28   0   0   0   0   0    50.298     5.269    21.125     0.000     0.000     0.000     0.000   0   0   0   0   0   0   0     0.000     0.015    -0.018    -0.009     0.000     0.028    -0.000
   7 0 0 0 1 1 1 1  12   1  12   0   0   0   0    45.584    22.040    45.878     0.000     0.000     0.000     0.000   0   0   0   0   0   0   0     0.000     0.015    -0.018    -0.003    -0.007     0.007    -0.000
   7 0 0 0 1 1 1 1   6  19   8   0   0   0   0    19.410    66.424    16.984     0.000     0.000     0.000     0.000   0   0   0   0   0   0   0     0.000     0.015    -0.018     0.001     0.007    -0.017    -0.000
   7 0 0 1 1 1 1 1  11  22   8   0   0   0   0    55.688     5.563    16.984     0.000     0.000     0.000     0.000   0   0   0   0   0   0   0     0.000     0.015    -0.030    -0.000     0.029    -0.017    -0.000
   7 0 0 0 1 1 1 1   7   3  31   0   0   0   0    20.079    21.802     5.414     0.000     0.000     0.000     0.000   0   0   0   0   0   0   0     0.000     0.015    -0.030    -0.004     0.004    -0.005     0.001
   7 0 0 0 1 1 1 1  32   3  14   0   0   0   0     3.661    21.746    48.731     0.000     0.000     0.000     0.000   0   0   0   0   0   0   0     0.000     0.015    -0.030    -0.002    -0.009    -0.000     0.066
   7 0 0 0 1 1 1 1  17   0   1   0   0   0   0    55.651    21.141    22.003     0.000     0.000     0.000     0.000   0   0   0   0   0   0   0     0.000     0.015    -0.030     0.011     0.001     0.000    -0.004
   7 0 0 0 1 1 1 1   5   3   5   0   0   0   0    22.125    23.390    22.127     0.000     0.000     0.000     0.000   0   0   0   0   0   0   0     0.000     0.015    -0.030     0.002    -0.010    -0.186    -0.001
   7 0 0 0 1 1 1 1  18  28   0   0   0   0   0    50.523     5.269    21.125     0.000     0.000     0.000     0.000   0   0   0   0   0   0   0     0.000     0.015    -0.030    -0.006     0.000     0.210    -0.001
   7 0 0 0 1 1 1 1  18  31   5   0   0   0   0    48.111     5.470    22.157     0.000     0.000     0.000     0.000   0   0   0   0   0   0   0     0.000     0.015    -0.030     0.003    -0.002     0.000    -0.003
   7 0 0 0 1 1 1 1   0   6   0   0   0   0   0    21.124    19.600    21.142     0.000     0.000     0.000     0.000   0   0   0   0   0   0   0     0.000     0.015    -0.030    -0.098    -0.001     0.004    -0.000
   7 0 0 0 1 1 1 1  28   0  29   0   0   0   0     5.658    21.125     5.785     0.000     0.000     0.000     0.000   0   0   0   0   0   0   0     0.000     0.015    -0.030    -0.005     0.000     0.001     0.006
   7 0 0 0 1 1 1 1  18  30   0   0   0   0   0    50.523     5.279    21.125     0.000     0.000     0.000     0.000   0   0   0   0   0   0   0     0.000     0.015    -0.030    -0.002     0.001     0.199    -0.001
   7 0 0 0 1 1 1 1  13  12  10   0   0   0   0    48.568    49.013    15.551     0.000     0.000     0.000     0.000   0   0   0   0   0   0   0     0.000     0.015    -0.030     0.004    -0.002     0.000    -0.005
   7 0 0 0 1 1 1 1  11  25   0   0   0   0   0    52.894     5.794    20.942     0.000     0.000     0.000     0.000   0   0   0   0   0   0   0     0.000     0.015    -0.030    -0.001     0.002    -0.017    -0.004
   7 0 0 0 1 1 1 1  13  12  13   0   0   0   0    49.230    48.570    49.233     0.000     0.000     0.000     0.000   0   0   0   0   0   0   0     0.000     0.015    -0.030     0.000     0.007    -0.177    -0.000
   7 0 0 0 1 1 1 1  18  28   0   0   0   0   0    50.523     5.269    21.125     0.000     0.000     0.000     0.000   0   0   0   0   0   0   0     0.000     0.015    -0.030    -0.005     0.000     0.189    -0.001
   7 0 0 0 1 1 1 1   8  19  14   0   0   0   0    16.878    66.195    48.731     0.000     0.000     0.000     0.000   0   0   0   0   0   0   0     0.000     0.015    -0.030    -0.006     0.000     0.000     0.017
   7 0 0 0 1 1 1 1  18  22   8   0   0   0   0    48.148     5.273    17.883     0.000     0.000     0.000     0.000   0   0   0   0   0   0   0     0.000     0.015    -0.030    -0.001     0.003    -0.001     0.007
   7 0 0 1 1 1 1 1  22  26   8   0   0   0   0     5.563     5.791    17.883     0.000     0.000     0.000     0.000   0   0   0   0   0   0   0     0.000     0.015     0.028     0.002    -0.001    -0.001     0.007
   7 0 0 1 1 1 1 1  11   5   8   0   0   0   0    55.688    23.122    17.883     0.000     0.000     0.000     0.000   0   0   0   0   0   0   0     0.000     0.015    -0.026     0.000    -0.012    -0.001     0.007
   7 0 0 0 1 1 1 1  14  14   7   0   0   0   0    48.760    48.731    19.940     0.000     0.000     0.000     0.000   0   0   0   0   0   0   0     0.000     0.015    -0.026    -0.000     0.095    -0.001    -0.006
   7 0 1 0 1 1 1 1   5  14   9   0   0   0   0    21.840    48.731    18.017     0.000     0.000     0.000     0.000   0   0   0   0   0   0   0     0.000     0.014    -0.026    -0.000     0.095     0.000    -0.002
   7 0 0 1 1 1 1 1  11  22   9   0   0   0   0    55.688     5.563    18.017     0.000     0.000     0.000     0.000   0   0   0   0   0   0   0     0.000     0.014    -0.028    -0.000     0.026     0.000    -0.002
   7 0 0 0 1 1 1 1  18  30   0   0   0   0   0    50.523     5.279    21.125     0.000     0.000     0.000     0.000   0   0   0   0   0   0   0     0.000     0.014    -0.028    -0.002     0.001     0.180    -0.001
   7 0 0 0 1 1 1 1  10  19   8   0   0   0   0    15.016    66.197    16.900     0.000     0.000     0.000     0.000   0   0   0   0   0   0   0     0.000     0.014    -0.028    -0.005     0.004    -0.003     0.000
   7 0 0 0 1 1 1 1  25   9   1   0   0   0   0     5.794    18.017    21.794     0.000     0.000     0.000     0.000   0   0   0   0   0   0   0     0.000     0.014    -0.028     0.000    -0.009    -0.008     0.002
   7 0 0 0 1 1 1 1   5  22  16   0   0   0   0    21.971     5.428    55.938     0.000     0.000     0.000     0.000   0   0   0   0   0   0   0     0.000     0.014    -0.028     0.006     0.001     0.001    -0.003
   7 0 0 0 1 1 1 1   5   2  20   0   0   0   0    21.968    21.691    62.435     0.000     0.000     0.000     0.000   0   0   0   0   0   0   0     0.000     0.014    -0.028     0.008     0.001     0.001    -0.003
   7 0 0 0 1 1 1 1  29  31   3   0   0   0   0     5.826     5.470    23.179     0.000     0.000     0.000     0.000   0   0   0   0   0   0   0     0.000     0.014    -0.028    -0.000    -0.004     0.004    -0.001
   7 0 0 0 1 1 1 1   7   5  11   0   0   0   0    20.344    22.306    51.311     0.000     0.000     0.000     0.000   0   0   0   0   0   0   0     0.000     0.014    -0.028    -0.000    -0.009     0.003    -0.005
   7 0 0 0 1 1 1 1  17   0  12   0   0   0   0    58.710    21.355    50.991     0.000     0.000     0.000     0.000   0   0   0   0   0   0   0     0.000     0.014    -0.028    -0.000    -0.034     0.007     0.000
   7 0 0 1 1 1 1 1  11   6  12   0   0   0   0    55.688    20.596    50.991     0.000     0.000     0.000     0.000   0   0   0   0   0   0   0     0.000     0.014    -0.025     0.000    -0.005     0.007     0.000
   7 0 0 0 1 1 1 1  13  11  10   0   0   0   0    48.568    51.262    15.551     0.000     0.000     0.000     0.000   0   0   0   0   0   0   0     0.000     0.014    -0.025     0.003    -0.004     0.000    -0.004
   7 0 0 0 1 1 1 1   7   5  14   0   0   0   0    20.027    22.125    48.686     0.000     0.000     0.000     0.000   0   0   0   0   0   0   0     0.000     0.014    -0.025    -0.001    -0.060     0.000     0.012
   7 0 0 1 1 1 1 1  11   3  14   0   0   0   0    55.688    21.792    48.686     0.000     0.000     0.000     0.000   0   0   0   0   0   0   0     0.000     0.014    -0.026     0.005    -0.000     0.000     0.012
   7 0 1 0 1 1 1 1   3   3  18   0   0   0   0    21.573    21.792    50.523     0.000     0.000     0.000     0.000   0   0   0   0   0   0   0     0.000    -0.011    -0.026     0.005    -0.000    -0.000     0.006
   7 0 0 0 1 1 1 1  18  31   5   0   0   0   0    48.111     5.470    22.152     0.000     0.000     0.000     0.000   0   0   0   0   0   0   0     0.000    -0.011    -0.026     0.002    -0.002     0.000    -0.002
   7 0 0 0 1 1 1 1  18  12   0   0   0   0   0    48.148    50.183    21.125     0.000     0.000     0.000     0.000   0   0   0   0   0   0   0     0.000    -0.011    -0.026    -0.001     0.003    -0.003     0.000
   7 0 0 0 1 1 1 1  11  22   0   0   0   0   0    53.501     5.563    20.942     0.000     0.000     0.000     0.000   0   0   0   0   0   0   0     0.000    -0.011    -0.026    -0.000     0.025    -0.025    -0.007
   7 0 0 1 1 1 1 1  25   4   0   0   0   0   0     6.002    23.165    20.942     0.000     0.000     0.000     0.000   0   0   0   0   0   0   0     0.000    -0.011     0.011     0.000    -0.004    -0.025    -0.007
   7 0 0 0 1 1 1 1  13  12  10   0   0   0   0    48.445    49.013    15.551     0.000     0.000     0.000     0.000   0   0   0   0   0   0   0     0.000    -0.011     0.011     0.003    -0.004     0.000    -0.004
   7 0 0 0 1 1 1 1  23   0   0   0   0   0   0     5.784    21.124    20.961     0.000     0.000     0.000     0.000   0   0   0   0   0   0   0     0.000    -0.011     0.011    -0.005     0.000    -0.000     0.005
   7 0 0 0 1 1 1 1  24  12   0   0   0   0   0     5.370    50.668    21.254     0.000     0.000     0.000     0.000   0   0   0   0   0   0   0     0.000    -0.011     0.011    -0.001    -0.036     0.000     0.007
   7 0 0 1 1 1 1 1  11   6   0   0   0   0   0    55.688    20.400    21.254     0.000     0.000     0.000     0.000   0   0   0   0   0   0   0     0.000    -0.011    -0.023     0.001    -0.002     0.000     0.007
   7 0 0 0 1 1 1 1   7   5  31   0   0   0   0    20.344    22.173     5.470     0.000     0.000     0.000     0.000   0   0   0   0   0   0   0     0.000    -0.011    -0.023     0.000    -0.002     0.003    -0.002
   7 0 1 0 1 1 1 1   5   5   9   0   0   0   0    21.840    22.173    18.017     0.000     0.000     0.000     0.000   0   0   0   0   0   0   0     0.000     0.013    -0.023     0.000    -0.002     0.000    -0.001
   7 0 0 1 1 1 1 1  22  22   9   0   0   0   0     5.563     5.534    18.017     0.000     0.000     0.000     0.000   0   0   0   0   0   0   0     0.000     0.013     0.024     0.000    -0.012     0.000    -0.001
   7 0 0 0 1 1 1 1  30  22  27   0   0   0   0     5.299     5.422     5.319     0.000     0.000     0.000     0.000   0   0   0   0   0   0   0     0.000     0.013     0.024    -0.005     0.000     0.006    -0.001
   7 0 0 0 1 1 1 1  26  17   1   0   0   0   0     5.845    57.693    21.872     0.000     0.000     0.000     0.000   0   0   0   0   0   0   0     0.000     0.013     0.024    -0.000    -0.005     0.003    -0.000
   7 0 0 0 1 1 1 1  26   9  11   0   0   0   0     5.905    18.017    52.226     0.000     0.000     0.000     0.000   0   0   0   0   0   0   0     0.000     0.013     0.024     0.000    -0.004     0.003    -0.002
   7 0 0 0 1 1 1 1  12   0  12   0   0   0   0    45.526    21.147    45.878     0.000     0.000     0.000     0.000   0   0   0   0   0   0   0     0.000     0.013     0.024     0.018    -0.004    -0.007     0.000
   7 0 0 0 1 1 1 1  12   2  18   0   0   0   0    45.291    21.525    50.523     0.000     0.000     0.000     0.000   0   0   0   0   0   0   0     0.000     0.013     0.024    -0.010    -0.003    -0.000     0.006
   7 0 0 0 1 1 1 1  27  22  25   0   0   0   0     5.281     5.422     5.720     0.000     0.000     0.000     0.000   0   0   0   0   0   0   0     0.000     0.013     0.024    -0.003     0.000    -0.000     0.003
   7 0 0 1 1 1 1 1  11   7  25   0   0   0   0    55.688    20.344     5.720     0.000     0.000     0.000     0.000   0   0   0   0   0   0   0     0.000     0.013    -0.016    -0.000     0.001    -0.000     0.003
   7 0 0 0 1 1 1 1   3   2  28   0   0   0   0    21.792    21.490     5.028     0.000     0.000     0.000     0.000   0   0   0   0   0   0   0     0.000     0.013    -0.016    -0.003     0.011    -0.167     0.000
   7 0 0 0 1 1 1 1   3   3   3   0   0   0   0    21.802    21.746    21.819     0.000     0.000     0.000     0.000   0   0   0   0   0   0   0     0.000     0.013    -0.016    -0.002    -0.012     0.170    -0.000
   7 0 0 0 1 1 1 1  12  16  12   0   0   0   0    45.609    55.740    45.878     0.000     0.000     0.000     0.000   0   0   0   0   0   0   0     0.000     0.013    -0.016    -0.005    -0.002     0.007    -0.000
   7 0 1 0 1 1 1 1   5  16   6   0   0   0   0    21.840    55.740    19.419     0.000     0.000     0.000     0.000   0   0   0   0   0   0   0     0.000     0.012    -0.016    -0.005    -0.002     0.001    -0.000
   7 0 0 0 1 1 1 1  28   0  29   0   0   0   0     5.658    21.125     5.785     0.000     0.000     0.000     0.000   0   0   0   0   0   0   0     0.000     0.012    -0.016    -0.004     0.000     0.001     0.005
