  264
   1 1   0     0.000   0     4.971
   1 1   0     0.000   0     5.472
   1 1   0     0.000   0     5.719
   1 1   0     0.000   0     6.115
   7 0 1 1 0 0 0 0   6   0   0   0   0   0   0    20.147     0.000     0.000     0.000     0.000     0.000     0.000   0   0   0   0   0   0   0     0.000     0.373    -0.075     0.000     0.000     0.000     0.000
   7 0 1 1 0 0 0 0   0   0   0   0   0   0   0    20.816     0.000     0.000     0.000     0.000     0.000     0.000   0   0   0   0   0   0   0     0.000    -0.031     0.094     0.000     0.000     0.000     0.000
   7 0 1 1 0 0 0 0   6   0   0   0   0   0   0    20.147     0.000     0.000     0.000     0.000     0.000     0.000   0   0   0   0   0   0   0     0.000    -0.241     0.048     0.000     0.000     0.000     0.000
   7 0 1 0 0 0 1 1   6   0   0   0   0   0   0    20.147     0.000    21.123     0.000     0.000     0.000     0.000   0   0   0   0   0   0   0     0.000    -0.736     0.048     0.000     0.000     0.169    -0.024
   7 0 1 1 0 0 1 1   6   0   0   0   0   0   0    20.147     0.000    21.123     0.000     0.000     0.000     0.000   0   0   0   0   0   0   0     0.000     0.354    -0.068     0.000     0.000     0.169    -0.024
   7 0 1 1 0 0 1 1   0   0   0   0   0   0   0    20.816     0.000    21.123     0.000     0.000     0.000     0.000   0   0   0   0   0   0   0     0.000    -0.029     0.088     0.000     0.000     0.169    -0.024
   7 0 1 1 0 0 1 1   6   0   0   0   0   0   0    20.147     0.000    21.123     0.000     0.000     0.000     0.000   0   0   0   0   0   0   0     0.000    -0.229     0.044     0.000     0.000     0.169    -0.024
   7 0 1 0 0 0 1 1   6   0   6   0   0   0   0    20.147     0.000    20.353     0.000     0.000     0.000     0.000   0   0   0   0   0   0   0     0.000    -0.699     0.044     0.000     0.000    -0.023     0.154
   7 0 1 1 0 0 1 1   6   0   6   0   0   0   0    20.147     0.000    20.353     0.000     0.000     0.000     0.000   0   0   0   0   0   0   0     0.000     0.337    -0.062     0.000     0.000    -0.023     0.154
   7 0 1 1 0 0 1 1   0   0   6   0   0   0   0    20.816     0.000    20.353     0.000     0.000     0.000     0.000   0   0   0   0   0   0   0     0.000    -0.026     0.082     0.000     0.000    -0.023     0.154
   7 0 1 1 0 0 1 1   6   0   6   0   0   0   0    20.147     0.000    20.353     0.000     0.000     0.000     0.000   0   0   0   0   0   0   0     0.000    -0.218     0.040     0.000     0.000    -0.023     0.154
   7 0 1 0 0 0 1 1   6   0   0   0   0   0   0    20.147     0.000    21.123     0.000     0.000     0.000     0.000   0   0   0   0   0   0   0     0.000    -0.664     0.040     0.000     0.000     0.140    -0.022
   7 0 1 1 0 0 1 1   6   0   0   0   0   0   0    20.147     0.000    21.123     0.000     0.000     0.000     0.000   0   0   0   0   0   0   0     0.000     0.320    -0.056     0.000     0.000     0.140    -0.022
   7 0 1 1 0 0 1 1   0   0   0   0   0   0   0    20.816     0.000    21.123     0.000     0.000     0.000     0.000   0   0   0   0   0   0   0     0.000    -0.024     0.076     0.000     0.000     0.140    -0.022
   7 0 1 0 0 0 1 1   6   0   0   0   0   0   0    20.147     0.000    21.123     0.000     0.000     0.000     0.000   0   0   0   0   0   0   0     0.000    -0.207     0.076     0.000     0.000     0.028     0.058
   7 0 1 0 0 0 1 1   6   0   6   0   0   0   0    20.147     0.000    20.353     0.000     0.000     0.000     0.000   0   0   0   0   0   0   0     0.000    -0.631     0.076     0.000     0.000    -0.021     0.128
   7 0 1 1 0 0 1 1   6   0   6   0   0   0   0    20.147     0.000    20.353     0.000     0.000     0.000     0.000   0   0   0   0   0   0   0     0.000     0.304    -0.051     0.000     0.000    -0.021     0.128
   7 0 1 1 0 0 1 1   0   0   6   0   0   0   0    20.816     0.000    20.353     0.000     0.000     0.000     0.000   0   0   0   0   0   0   0     0.000    -0.022     0.071     0.000     0.000    -0.021     0.128
   7 0 1 0 0 0 1 1   6   0   0   0   0   0   0    20.147     0.000    21.123     0.000     0.000     0.000     0.000   0   0   0   0   0   0   0     0.000    -0.196     0.071     0.000     0.000     0.025     0.055
   7 0 1 0 0 0 1 1   6   0   0   0   0   0   0    20.147     0.000    21.123     0.000     0.000     0.000     0.000   0   0   0   0   0   0   0     0.000    -0.600     0.071     0.000     0.000     0.116    -0.020
   7 0 1 1 0 0 1 1  14   0   0   0   0   0   0    47.339     0.000    21.123     0.000     0.000     0.000     0.000   0   0   0   0   0   0   0     0.000    -0.047     0.289     0.000     0.000     0.116    -0.020
   7 0 1 1 0 0 1 1   0   0   0   0   0   0   0    20.816     0.000    21.123     0.000     0.000     0.000     0.000   0   0   0   0   0   0   0     0.000    -0.020     0.066     0.000     0.000     0.116    -0.020
   7 0 1 0 0 0 1 1   6   0   0   0   0   0   0    20.147     0.000    21.123     0.000     0.000     0.000     0.000   0   0   0   0   0   0   0     0.000    -0.187     0.066     0.000     0.000     0.023     0.052
   7 0 0 1 1 1 1 1  14   0   0   0   0   0   0    47.339    21.123    21.123     0.000     0.000     0.000     0.000   0   0   0   0   0   0   0     0.000    -0.187    -0.570     0.106    -0.019     0.023     0.052
   7 0 1 1 1 1 1 1   6   0   0   0   0   0   0    20.147    21.123    21.123     0.000     0.000     0.000     0.000   0   0   0   0   0   0   0     0.000     0.274    -0.042     0.106    -0.019     0.023     0.052
   7 0 1 1 1 1 1 1   0   0   0   0   0   0   0    20.816    21.123    21.123     0.000     0.000     0.000     0.000   0   0   0   0   0   0   0     0.000    -0.018     0.062     0.106    -0.019     0.023     0.052
   7 0 1 0 1 1 1 1   6   0   0   0   0   0   0    20.147    21.123    21.123     0.000     0.000     0.000     0.000   0   0   0   0   0   0   0     0.000    -0.177     0.062     0.106    -0.019     0.021     0.050
   7 0 1 0 1 1 1 1   6   0   0   0   0   0   0    20.147    21.123    21.123     0.000     0.000     0.000     0.000   0   0   0   0   0   0   0     0.000    -0.541     0.062     0.106    -0.019     0.097    -0.018
   7 0 1 1 1 1 1 1  14   0   0   0   0   0   0    47.339    21.123    21.123     0.000     0.000     0.000     0.000   0   0   0   0   0   0   0     0.000    -0.039     0.260     0.106    -0.019     0.097    -0.018
   7 0 1 1 1 1 1 1   0   0   0   0   0   0   0    20.816    21.123    21.123     0.000     0.000     0.000     0.000   0   0   0   0   0   0   0     0.000    -0.016     0.058     0.106    -0.019     0.097    -0.018
   7 0 1 0 1 1 1 1   6   0   0   0   0   0   0    20.147    21.123    21.123     0.000     0.000     0.000     0.000   0   0   0   0   0   0   0     0.000    -0.168     0.058     0.106    -0.019     0.019     0.047
   7 0 1 0 1 1 1 1   6   0   6   0   0   0   0    20.147    21.123    20.353     0.000     0.000     0.000     0.000   0   0   0   0   0   0   0     0.000    -0.514     0.058     0.106    -0.019    -0.017     0.088
   7 0 1 1 1 1 1 1   6   0   6   0   0   0   0    20.147    21.123    20.353     0.000     0.000     0.000     0.000   0   0   0   0   0   0   0     0.000     0.247    -0.035     0.106    -0.019    -0.017     0.088
   7 0 1 1 1 1 1 1   0   0   6   0   0   0   0    20.816    21.123    20.353     0.000     0.000     0.000     0.000   0   0   0   0   0   0   0     0.000    -0.015     0.054     0.106    -0.019    -0.017     0.088
   7 0 1 0 1 1 1 1   6   0   0   0   0   0   0    20.147    21.123    21.123     0.000     0.000     0.000     0.000   0   0   0   0   0   0   0     0.000    -0.160     0.054     0.106    -0.019     0.017     0.045
   7 0 0 1 1 1 1 1  14   0   0   0   0   0   0    47.339    21.123    21.123     0.000     0.000     0.000     0.000   0   0   0   0   0   0   0     0.000    -0.160    -0.488     0.080    -0.016     0.017     0.045
   7 0 1 1 1 1 1 1   6   0   0   0   0   0   0    20.147    21.123    21.123     0.000     0.000     0.000     0.000   0   0   0   0   0   0   0     0.000     0.235    -0.032     0.080    -0.016     0.017     0.045
   7 0 1 1 1 1 1 1   6   0   0   0   0   0   0    20.353    21.123    21.123     0.000     0.000     0.000     0.000   0   0   0   0   0   0   0     0.000     0.050    -0.014     0.080    -0.016     0.017     0.045
   7 0 1 0 1 1 1 1   6   0   0   0   0   0   0    20.147    21.123    21.123     0.000     0.000     0.000     0.000   0   0   0   0   0   0   0     0.000    -0.152    -0.014     0.080    -0.016     0.016     0.042
   7 0 1 0 1 1 1 1   6   0   0   0   0   0   0    20.147    21.123    21.123     0.000     0.000     0.000     0.000   0   0   0   0   0   0   0     0.000    -0.464    -0.014     0.080    -0.016     0.073    -0.015
   7 0 1 1 1 1 1 1   6   0   0   0   0   0   0    20.147    21.123    21.123     0.000     0.000     0.000     0.000   0   0   0   0   0   0   0     0.000     0.223    -0.029     0.080    -0.016     0.073    -0.015
   7 0 1 1 1 1 1 1   6   0   0   0   0   0   0    20.353    21.123    21.123     0.000     0.000     0.000     0.000   0   0   0   0   0   0   0     0.000     0.047    -0.012     0.080    -0.016     0.073    -0.015
   7 0 0 1 1 1 1 1  14   0   0   0   0   0   0    47.339    21.123    21.123     0.000     0.000     0.000     0.000   0   0   0   0   0   0   0     0.000     0.047    -0.144     0.014     0.040     0.073    -0.015
   7 0 1 0 1 1 1 1   6   0   0   0   0   0   0    20.147    21.123    21.123     0.000     0.000     0.000     0.000   0   0   0   0   0   0   0     0.000    -0.441    -0.144     0.014     0.040     0.067    -0.014
   7 0 1 1 1 1 1 1   6   0   0   0   0   0   0    20.147    21.123    21.123     0.000     0.000     0.000     0.000   0   0   0   0   0   0   0     0.000     0.212    -0.026     0.014     0.040     0.067    -0.014
   7 0 1 1 1 1 1 1   0   0   0   0   0   0   0    20.816    21.123    21.123     0.000     0.000     0.000     0.000   0   0   0   0   0   0   0     0.000    -0.011     0.044     0.014     0.040     0.067    -0.014
   7 0 1 0 1 1 1 1   6   0   0   0   0   0   0    20.147    21.123    21.123     0.000     0.000     0.000     0.000   0   0   0   0   0   0   0     0.000    -0.137     0.044     0.014     0.040     0.013     0.038
   7 0 1 0 1 1 1 1   6   0   0   0   0   0   0    20.147    21.123    21.123     0.000     0.000     0.000     0.000   0   0   0   0   0   0   0     0.000    -0.419     0.044     0.014     0.040     0.061    -0.014
   7 0 1 1 1 1 1 1   6   0   0   0   0   0   0    20.147    21.123    21.123     0.000     0.000     0.000     0.000   0   0   0   0   0   0   0     0.000     0.202    -0.024     0.014     0.040     0.061    -0.014
   7 0 1 1 1 1 1 1   0   0   0   0   0   0   0    20.816    21.123    21.123     0.000     0.000     0.000     0.000   0   0   0   0   0   0   0     0.000    -0.010     0.041     0.014     0.040     0.061    -0.014
   7 0 1 0 1 1 1 1   6   0   0   0   0   0   0    20.147    21.123    21.123     0.000     0.000     0.000     0.000   0   0   0   0   0   0   0     0.000    -0.130     0.041     0.014     0.040     0.012     0.036
   7 0 1 0 1 1 1 1   6   0   0   0   0   0   0    20.147    21.123    21.123     0.000     0.000     0.000     0.000   0   0   0   0   0   0   0     0.000    -0.398     0.041     0.014     0.040     0.055    -0.013
   7 0 1 1 1 1 1 1   6   0   0   0   0   0   0    20.147    21.123    21.123     0.000     0.000     0.000     0.000   0   0   0   0   0   0   0     0.000     0.191    -0.022     0.014     0.040     0.055    -0.013
   7 0 1 1 1 1 1 1   0   0   0   0   0   0   0    20.816    21.123    21.123     0.000     0.000     0.000     0.000   0   0   0   0   0   0   0     0.000    -0.009     0.038     0.014     0.040     0.055    -0.013
   7 0 1 0 1 1 1 1   6   0   0   0   0   0   0    20.147    21.123    21.123     0.000     0.000     0.000     0.000   0   0   0   0   0   0   0     0.000    -0.124     0.038     0.014     0.040     0.011     0.035
   7 0 1 0 1 1 1 1   6   0   6   0   0   0   0    20.147    21.123    20.353     0.000     0.000     0.000     0.000   0   0   0   0   0   0   0     0.000    -0.378     0.038     0.014     0.040    -0.012     0.050
   7 0 1 0 1 1 1 1   6   0   0   0   0   0   0    20.147    21.123    21.123     0.000     0.000     0.000     0.000   0   0   0   0   0   0   0     0.000     0.182     0.038     0.014     0.040    -0.021    -0.006
   7 0 1 1 1 1 1 1   0   0   0   0   0   0   0    20.816    21.123    21.123     0.000     0.000     0.000     0.000   0   0   0   0   0   0   0     0.000    -0.008     0.036     0.014     0.040    -0.021    -0.006
   7 0 0 1 1 1 1 1  14   0   0   0   0   0   0    47.339    21.123    21.123     0.000     0.000     0.000     0.000   0   0   0   0   0   0   0     0.000    -0.008    -0.118     0.010     0.033    -0.021    -0.006
   7 0 1 0 1 1 1 1   6   0   0   0   0   0   0    20.147    21.123    21.123     0.000     0.000     0.000     0.000   0   0   0   0   0   0   0     0.000    -0.359    -0.118     0.010     0.033     0.046    -0.012
   7 0 1 1 1 1 1 1   6   0   0   0   0   0   0    20.147    21.123    21.123     0.000     0.000     0.000     0.000   0   0   0   0   0   0   0     0.000     0.173    -0.018     0.010     0.033     0.046    -0.012
   7 0 1 1 1 1 1 1   0   0   0   0   0   0   0    20.816    21.123    21.123     0.000     0.000     0.000     0.000   0   0   0   0   0   0   0     0.000    -0.008     0.033     0.010     0.033     0.046    -0.012
   7 0 1 0 1 1 1 1   6   0   0   0   0   0   0    20.147    21.123    21.123     0.000     0.000     0.000     0.000   0   0   0   0   0   0   0     0.000    -0.112     0.033     0.010     0.033     0.009     0.031
   7 0 0 1 1 1 1 1  14   0   0   0   0   0   0    47.339    21.123    21.123     0.000     0.000     0.000     0.000   0   0   0   0   0   0   0     0.000    -0.112    -0.341     0.042    -0.011     0.009     0.031
   7 0 1 0 1 1 1 1   6   0   0   0   0   0   0    20.147    21.123    21.123     0.000     0.000     0.000     0.000   0   0   0   0   0   0   0     0.000     0.164    -0.341     0.042    -0.011    -0.017    -0.005
   7 0 1 1 1 1 1 1   0   0   0   0   0   0   0    20.816    21.123    21.123     0.000     0.000     0.000     0.000   0   0   0   0   0   0   0     0.000    -0.007     0.031     0.042    -0.011    -0.017    -0.005
   7 0 1 0 1 1 1 1   6   0   0   0   0   0   0    20.147    21.123    21.123     0.000     0.000     0.000     0.000   0   0   0   0   0   0   0     0.000    -0.106     0.031     0.042    -0.011     0.008     0.030
   7 0 1 0 1 1 1 1   6   0   0   0   0   0   0    20.147    21.123    21.123     0.000     0.000     0.000     0.000   0   0   0   0   0   0   0     0.000    -0.324     0.031     0.042    -0.011     0.038    -0.011
   7 0 1 0 1 1 1 1   6   0   0   0   0   0   0    20.147    21.123    21.123     0.000     0.000     0.000     0.000   0   0   0   0   0   0   0     0.000     0.156     0.031     0.042    -0.011    -0.016    -0.004
   7 0 1 0 1 1 1 1  13   0   0   0   0   0   0    48.192    21.123    20.816     0.000     0.000     0.000     0.000   0   0   0   0   0   0   0     0.000     0.038     0.031     0.042    -0.011    -0.006     0.006
   7 0 1 0 1 1 1 1   6   0   6   0   0   0   0    20.147    21.123    20.353     0.000     0.000     0.000     0.000   0   0   0   0   0   0   0     0.000    -0.101     0.031     0.042    -0.011     0.028     0.007
   7 0 1 0 1 1 1 1   6   0   0   0   0   0   0    20.147    21.123    21.123     0.000     0.000     0.000     0.000   0   0   0   0   0   0   0     0.000    -0.308     0.031     0.042    -0.011     0.035    -0.010
   7 0 1 0 1 1 1 1   6   0   0   0   0   0   0    20.147    21.123    21.123     0.000     0.000     0.000     0.000   0   0   0   0   0   0   0     0.000     0.148     0.031     0.042    -0.011    -0.014    -0.004
   7 0 0 1 1 1 1 1   0   0   0   0   0   0   0    21.422    20.816    21.123     0.000     0.000     0.000     0.000   0   0   0   0   0   0   0     0.000     0.148     0.036    -0.006     0.005    -0.014    -0.004
   7 0 1 0 1 1 1 1   6   0   0   0   0   0   0    20.147    20.816    21.123     0.000     0.000     0.000     0.000   0   0   0   0   0   0   0     0.000    -0.096     0.036    -0.006     0.005     0.007     0.027
   7 0 0 1 1 1 1 1  14   6   0   0   0   0   0    47.339    20.353    21.123     0.000     0.000     0.000     0.000   0   0   0   0   0   0   0     0.000    -0.096    -0.292    -0.010     0.032     0.007     0.027
   7 0 1 1 1 1 1 1  14   6   0   0   0   0   0    47.339    20.353    21.123     0.000     0.000     0.000     0.000   0   0   0   0   0   0   0     0.000    -0.013     0.141    -0.010     0.032     0.007     0.027
   7 0 1 0 1 1 1 1  13   6   0   0   0   0   0    48.192    20.353    20.816     0.000     0.000     0.000     0.000   0   0   0   0   0   0   0     0.000     0.034     0.141    -0.010     0.032    -0.005     0.005
   7 0 1 0 1 1 1 1   6   6   0   0   0   0   0    20.147    20.353    21.123     0.000     0.000     0.000     0.000   0   0   0   0   0   0   0     0.000    -0.091     0.141    -0.010     0.032     0.006     0.025
   7 0 1 0 1 1 1 1   6   6   0   0   0   0   0    20.147    20.353    21.123     0.000     0.000     0.000     0.000   0   0   0   0   0   0   0     0.000    -0.278     0.141    -0.010     0.032     0.029    -0.009
   7 0 1 0 1 1 1 1   6   6   0   0   0   0   0    20.147    20.353    21.123     0.000     0.000     0.000     0.000   0   0   0   0   0   0   0     0.000     0.134     0.141    -0.010     0.032    -0.012    -0.003
   7 0 1 0 1 1 1 1  13   6   0   0   0   0   0    48.192    20.353    20.816     0.000     0.000     0.000     0.000   0   0   0   0   0   0   0     0.000     0.032     0.141    -0.010     0.032    -0.005     0.005
   7 0 1 0 1 1 1 1   6   6   6   0   0   0   0    20.147    20.353    20.353     0.000     0.000     0.000     0.000   0   0   0   0   0   0   0     0.000    -0.086     0.141    -0.010     0.032     0.024     0.006
   7 0 1 0 1 1 1 1   6   6   0   0   0   0   0    20.147    20.353    21.123     0.000     0.000     0.000     0.000   0   0   0   0   0   0   0     0.000    -0.264     0.141    -0.010     0.032     0.026    -0.009
   7 0 1 0 1 1 1 1   6   6   6   0   0   0   0    20.147    20.353    20.353     0.000     0.000     0.000     0.000   0   0   0   0   0   0   0     0.000     0.127     0.141    -0.010     0.032    -0.003    -0.011
   7 0 0 1 1 1 1 1   0   0   6   0   0   0   0    21.422    20.816    20.353     0.000     0.000     0.000     0.000   0   0   0   0   0   0   0     0.000     0.127     0.031    -0.004     0.005    -0.003    -0.011
   7 0 1 0 1 1 1 1   6   0   0   0   0   0   0    20.147    20.816    21.123     0.000     0.000     0.000     0.000   0   0   0   0   0   0   0     0.000    -0.082     0.031    -0.004     0.005     0.005     0.023
   7 0 0 1 1 1 1 1  14   0   0   0   0   0   0    47.339    21.123    21.123     0.000     0.000     0.000     0.000   0   0   0   0   0   0   0     0.000    -0.082    -0.251     0.024    -0.008     0.005     0.023
   7 0 1 1 1 1 1 1   6   0   0   0   0   0   0    20.147    21.123    21.123     0.000     0.000     0.000     0.000   0   0   0   0   0   0   0     0.000     0.121    -0.010     0.024    -0.008     0.005     0.023
   7 0 0 1 1 1 1 1   0   0   0   0   0   0   0    21.422    20.816    21.123     0.000     0.000     0.000     0.000   0   0   0   0   0   0   0     0.000     0.121     0.029    -0.004     0.004     0.005     0.023
   7 0 0 1 1 1 1 1  14   0   0   0   0   0   0    47.339    21.123    21.123     0.000     0.000     0.000     0.000   0   0   0   0   0   0   0     0.000     0.121    -0.078     0.005     0.022     0.005     0.023
   7 0 1 0 1 1 1 1   6   0   0   0   0   0   0    20.147    21.123    21.123     0.000     0.000     0.000     0.000   0   0   0   0   0   0   0     0.000    -0.238    -0.078     0.005     0.022     0.022    -0.008
   7 0 1 0 1 1 1 1   6   0   0   0   0   0   0    20.147    21.123    21.123     0.000     0.000     0.000     0.000   0   0   0   0   0   0   0     0.000     0.115    -0.078     0.005     0.022    -0.009    -0.002
   7 0 0 1 1 1 1 1   0   0   0   0   0   0   0    21.422    20.816    21.123     0.000     0.000     0.000     0.000   0   0   0   0   0   0   0     0.000     0.115     0.028    -0.004     0.004    -0.009    -0.002
   7 0 1 0 1 1 1 1   6   0   0   0   0   0   0    20.147    20.816    21.123     0.000     0.000     0.000     0.000   0   0   0   0   0   0   0     0.000    -0.074     0.028    -0.004     0.004     0.004     0.021
   7 0 1 0 1 1 1 1   6   0   6   0   0   0   0    20.147    20.816    20.353     0.000     0.000     0.000     0.000   0   0   0   0   0   0   0     0.000    -0.226     0.028    -0.004     0.004    -0.007     0.020
   7 0 0 1 1 1 1 1  14   6   6   0   0   0   0    47.339    20.353    20.353     0.000     0.000     0.000     0.000   0   0   0   0   0   0   0     0.000    -0.226     0.109    -0.002    -0.008    -0.007     0.020
   7 0 0 1 1 1 1 1   0   0   6   0   0   0   0    21.422    20.816    20.353     0.000     0.000     0.000     0.000   0   0   0   0   0   0   0     0.000    -0.226     0.026    -0.003     0.004    -0.007     0.020
   7 0 1 0 1 1 1 1   6   0   0   0   0   0   0    20.147    20.816    21.123     0.000     0.000     0.000     0.000   0   0   0   0   0   0   0     0.000    -0.070     0.026    -0.003     0.004     0.004     0.020
   7 0 1 0 1 1 1 1   6   0   6   0   0   0   0    20.147    20.816    20.353     0.000     0.000     0.000     0.000   0   0   0   0   0   0   0     0.000    -0.215     0.026    -0.003     0.004    -0.007     0.018
   7 0 1 1 1 1 1 1   6   0   6   0   0   0   0    20.147    20.816    20.353     0.000     0.000     0.000     0.000   0   0   0   0   0   0   0     0.000     0.103    -0.007    -0.003     0.004    -0.007     0.018
   7 0 0 1 1 1 1 1   0   0   6   0   0   0   0    21.422    20.816    20.353     0.000     0.000     0.000     0.000   0   0   0   0   0   0   0     0.000     0.103     0.025    -0.003     0.004    -0.007     0.018
   7 0 0 1 1 1 1 1  14   0   6   0   0   0   0    47.339    21.123    20.353     0.000     0.000     0.000     0.000   0   0   0   0   0   0   0     0.000     0.103    -0.067     0.004     0.019    -0.007     0.018
   7 0 0 1 1 1 1 1  14   6   6   0   0   0   0    47.339    20.353    20.353     0.000     0.000     0.000     0.000   0   0   0   0   0   0   0     0.000     0.103    -0.204    -0.007     0.016    -0.007     0.018
   7 0 1 0 1 1 1 1   6   6   6   0   0   0   0    20.147    20.353    20.353     0.000     0.000     0.000     0.000   0   0   0   0   0   0   0     0.000     0.098    -0.204    -0.007     0.016    -0.002    -0.007
   7 0 0 1 1 1 1 1   0   0   6   0   0   0   0    21.422    20.816    20.353     0.000     0.000     0.000     0.000   0   0   0   0   0   0   0     0.000     0.098     0.024    -0.003     0.004    -0.002    -0.007
   7 0 1 0 1 1 1 1   6   0   0   0   0   0   0    20.147    20.816    21.123     0.000     0.000     0.000     0.000   0   0   0   0   0   0   0     0.000    -0.064     0.024    -0.003     0.004     0.003     0.018
   7 0 0 1 1 1 1 1  14   0   0   0   0   0   0    47.339    21.123    21.123     0.000     0.000     0.000     0.000   0   0   0   0   0   0   0     0.000    -0.064    -0.194     0.015    -0.006     0.003     0.018
   7 0 1 0 1 1 1 1   6   0   6   0   0   0   0    20.147    21.123    20.353     0.000     0.000     0.000     0.000   0   0   0   0   0   0   0     0.000     0.093    -0.194     0.015    -0.006    -0.002    -0.006
   7 0 0 1 1 1 1 1   0   0   6   0   0   0   0    21.422    20.816    20.353     0.000     0.000     0.000     0.000   0   0   0   0   0   0   0     0.000     0.093     0.023    -0.003     0.003    -0.002    -0.006
   7 0 1 0 1 1 1 1   6   0   0   0   0   0   0    20.147    20.816    21.123     0.000     0.000     0.000     0.000   0   0   0   0   0   0   0     0.000    -0.060     0.023    -0.003     0.003     0.003     0.017
   7 0 1 0 1 1 1 1   6   0   0   0   0   0   0    20.147    20.816    21.123     0.000     0.000     0.000     0.000   0   0   0   0   0   0   0     0.000    -0.184     0.023    -0.003     0.003     0.014    -0.006
   7 0 1 1 1 1 1 1   6   0   0   0   0   0   0    20.147    20.816    21.123     0.000     0.000     0.000     0.000   0   0   0   0   0   0   0     0.000     0.089    -0.006    -0.003     0.003     0.014    -0.006
   7 0 0 1 1 1 1 1   0   0   0   0   0   0   0    21.422    20.816    21.123     0.000     0.000     0.000     0.000   0   0   0   0   0   0   0     0.000     0.089     0.021    -0.002     0.003     0.014    -0.006
   7 0 1 0 1 1 1 1   6   0   0   0   0   0   0    20.147    20.816    21.123     0.000     0.000     0.000     0.000   0   0   0   0   0   0   0     0.000    -0.057     0.021    -0.002     0.003     0.003     0.016
   7 0 1 0 1 1 1 1   6   0   0   0   0   0   0    20.147    20.816    21.123     0.000     0.000     0.000     0.000   0   0   0   0   0   0   0     0.000    -0.175     0.021    -0.002     0.003     0.012    -0.006
   7 0 1 0 1 1 1 1   6   0   0   0   0   0   0    20.147    20.816    21.123     0.000     0.000     0.000     0.000   0   0   0   0   0   0   0     0.000     0.084     0.021    -0.002     0.003    -0.005    -0.001
   7 0 0 1 1 1 1 1   0   0   0   0   0   0   0    21.422    20.816    21.123     0.000     0.000     0.000     0.000   0   0   0   0   0   0   0     0.000     0.084     0.020    -0.002     0.003    -0.005    -0.001
   7 0 1 0 1 1 1 1   6   0   0   0   0   0   0    20.147    20.816    21.123     0.000     0.000     0.000     0.000   0   0   0   0   0   0   0     0.000    -0.054     0.020    -0.002     0.003     0.002     0.015
   7 0 1 0 1 1 1 1   6   0   0   0   0   0   0    20.147    20.816    21.123     0.000     0.000     0.000     0.000   0   0   0   0   0   0   0     0.000    -0.166     0.020    -0.002     0.003     0.011    -0.005
   7 0 1 0 1 1 1 1   6   0   6   0   0   0   0    20.147    20.816    20.353     0.000     0.000     0.000     0.000   0   0   0   0   0   0   0     0.000     0.080     0.020    -0.002     0.003    -0.001    -0.005
   7 0 0 1 1 1 1 1   0   0   6   0   0   0   0    21.422    20.816    20.353     0.000     0.000     0.000     0.000   0   0   0   0   0   0   0     0.000     0.080     0.019    -0.002     0.003    -0.001    -0.005
   7 0 1 0 1 1 1 1   6   0   0   0   0   0   0    20.147    20.816    21.123     0.000     0.000     0.000     0.000   0   0   0   0   0   0   0     0.000    -0.052     0.019    -0.002     0.003     0.002     0.014
   7 0 1 0 1 1 1 1   6   0   0   0   0   0   0    20.147    20.816    21.123     0.000     0.000     0.000     0.000   0   0   0   0   0   0   0     0.000    -0.158     0.019    -0.002     0.003     0.010    -0.005
   7 0 1 1 1 1 1 1   6   0   0   0   0   0   0    20.147    20.816    21.123     0.000     0.000     0.000     0.000   0   0   0   0   0   0   0     0.000     0.076    -0.004    -0.002     0.003     0.010    -0.005
   7 0 0 1 1 1 1 1   0   0   0   0   0   0   0    21.422    20.816    21.123     0.000     0.000     0.000     0.000   0   0   0   0   0   0   0     0.000     0.076     0.018    -0.002     0.003     0.010    -0.005
   7 0 0 1 1 1 1 1  14   0   0   0   0   0   0    47.339    21.123    21.123     0.000     0.000     0.000     0.000   0   0   0   0   0   0   0     0.000     0.076    -0.049     0.002     0.014     0.010    -0.005
   7 0 1 0 1 1 1 1   6   0   0   0   0   0   0    20.147    21.123    21.123     0.000     0.000     0.000     0.000   0   0   0   0   0   0   0     0.000    -0.150    -0.049     0.002     0.014     0.009    -0.005
   7 0 0 1 1 1 1 1  14   6   0   0   0   0   0    47.339    20.353    21.123     0.000     0.000     0.000     0.000   0   0   0   0   0   0   0     0.000    -0.150     0.072    -0.001    -0.004     0.009    -0.005
   7 0 0 1 1 1 1 1   0   0   0   0   0   0   0    21.422    20.816    21.123     0.000     0.000     0.000     0.000   0   0   0   0   0   0   0     0.000    -0.150     0.018    -0.002     0.003     0.009    -0.005
   7 0 0 1 1 1 1 1  14   0   0   0   0   0   0    47.339    21.123    21.123     0.000     0.000     0.000     0.000   0   0   0   0   0   0   0     0.000    -0.150    -0.047     0.002     0.013     0.009    -0.005
   7 0 1 0 1 1 1 1   6   0   0   0   0   0   0    20.147    21.123    21.123     0.000     0.000     0.000     0.000   0   0   0   0   0   0   0     0.000    -0.143    -0.047     0.002     0.013     0.009    -0.005
   7 0 1 0 1 1 1 1   6   0   0   0   0   0   0    20.147    21.123    21.123     0.000     0.000     0.000     0.000   0   0   0   0   0   0   0     0.000     0.069    -0.047     0.002     0.013    -0.004    -0.001
   7 0 0 1 1 1 1 1   0   0   0   0   0   0   0    21.422    20.816    21.123     0.000     0.000     0.000     0.000   0   0   0   0   0   0   0     0.000     0.069     0.017    -0.001     0.003    -0.004    -0.001
   7 0 1 0 1 1 1 1   6   0   0   0   0   0   0    20.147    20.816    21.123     0.000     0.000     0.000     0.000   0   0   0   0   0   0   0     0.000    -0.044     0.017    -0.001     0.003     0.002     0.012
   7 0 1 0 1 1 1 1   6   0   0   0   0   0   0    20.147    20.816    21.123     0.000     0.000     0.000     0.000   0   0   0   0   0   0   0     0.000    -0.135     0.017    -0.001     0.003     0.008    -0.004
   7 0 1 1 1 1 1 1   6   0   0   0   0   0   0    20.147    20.816    21.123     0.000     0.000     0.000     0.000   0   0   0   0   0   0   0     0.000     0.065    -0.003    -0.001     0.003     0.008    -0.004
   7 0 1 0 1 1 1 1  13   0   0   0   0   0   0    48.192    20.816    20.816     0.000     0.000     0.000     0.000   0   0   0   0   0   0   0     0.000     0.016    -0.003    -0.001     0.003    -0.001     0.002
   7 0 1 0 1 1 1 1   6   0   6   0   0   0   0    20.147    20.816    20.353     0.000     0.000     0.000     0.000   0   0   0   0   0   0   0     0.000    -0.042    -0.003    -0.001     0.003     0.012     0.002
   7 0 1 0 1 1 1 1   6   0   0   0   0   0   0    20.147    20.816    21.123     0.000     0.000     0.000     0.000   0   0   0   0   0   0   0     0.000    -0.129    -0.003    -0.001     0.003     0.007    -0.004
   7 0 0 1 1 1 1 1  14   0   0   0   0   0   0    47.339    21.123    21.123     0.000     0.000     0.000     0.000   0   0   0   0   0   0   0     0.000    -0.129     0.062    -0.003    -0.001     0.007    -0.004
   7 0 0 1 1 1 1 1   0   0   0   0   0   0   0    21.422    20.816    21.123     0.000     0.000     0.000     0.000   0   0   0   0   0   0   0     0.000    -0.129     0.015    -0.001     0.002     0.007    -0.004
   7 0 1 0 1 1 1 1   6   0   0   0   0   0   0    20.147    20.816    21.123     0.000     0.000     0.000     0.000   0   0   0   0   0   0   0     0.000    -0.040     0.015    -0.001     0.002     0.001     0.011
   7 0 1 0 1 1 1 1   6   0   0   0   0   0   0    20.147    20.816    21.123     0.000     0.000     0.000     0.000   0   0   0   0   0   0   0     0.000    -0.122     0.015    -0.001     0.002     0.006    -0.004
   7 0 0 1 1 1 1 1  14   6   0   0   0   0   0    47.339    20.353    21.123     0.000     0.000     0.000     0.000   0   0   0   0   0   0   0     0.000    -0.122     0.059    -0.001    -0.003     0.006    -0.004
   7 0 0 1 1 1 1 1   0   0   0   0   0   0   0    21.422    20.816    21.123     0.000     0.000     0.000     0.000   0   0   0   0   0   0   0     0.000    -0.122     0.014    -0.001     0.002     0.006    -0.004
   7 0 1 0 1 1 1 1   6   0   0   0   0   0   0    20.147    20.816    21.123     0.000     0.000     0.000     0.000   0   0   0   0   0   0   0     0.000    -0.038     0.014    -0.001     0.002     0.001     0.011
   7 0 1 0 1 1 1 1   6   0   0   0   0   0   0    20.147    20.816    21.123     0.000     0.000     0.000     0.000   0   0   0   0   0   0   0     0.000    -0.116     0.014    -0.001     0.002     0.006    -0.004
   7 0 1 0 1 1 1 1   6   0   6   0   0   0   0    20.147    20.816    20.353     0.000     0.000     0.000     0.000   0   0   0   0   0   0   0     0.000     0.056     0.014    -0.001     0.002    -0.001    -0.003
   7 0 0 1 1 1 1 1   0   0   6   0   0   0   0    21.422    20.816    20.353     0.000     0.000     0.000     0.000   0   0   0   0   0   0   0     0.000     0.056     0.014    -0.001     0.002    -0.001    -0.003
   7 0 0 1 1 1 1 1  14   0   6   0   0   0   0    47.339    21.123    20.353     0.000     0.000     0.000     0.000   0   0   0   0   0   0   0     0.000     0.056    -0.036     0.001     0.010    -0.001    -0.003
   7 0 0 1 1 1 1 1  14   0   6   0   0   0   0    47.339    21.123    20.353     0.000     0.000     0.000     0.000   0   0   0   0   0   0   0     0.000     0.056    -0.110     0.005    -0.004    -0.001    -0.003
   7 0 1 1 1 1 1 1   6   0   6   0   0   0   0    20.147    21.123    20.353     0.000     0.000     0.000     0.000   0   0   0   0   0   0   0     0.000     0.053    -0.002     0.005    -0.004    -0.001    -0.003
   7 0 1 0 1 1 1 1  13   0   0   0   0   0   0    48.192    21.123    20.816     0.000     0.000     0.000     0.000   0   0   0   0   0   0   0     0.000     0.013    -0.002     0.005    -0.004    -0.001     0.002
   7 0 1 0 1 1 1 1   6   0   0   0   0   0   0    20.147    21.123    21.123     0.000     0.000     0.000     0.000   0   0   0   0   0   0   0     0.000    -0.034    -0.002     0.005    -0.004     0.001     0.010
   7 0 1 0 1 1 1 1   6   0   0   0   0   0   0    20.147    21.123    21.123     0.000     0.000     0.000     0.000   0   0   0   0   0   0   0     0.000    -0.105    -0.002     0.005    -0.004     0.005    -0.003
   7 0 1 0 1 1 1 1   6   0  17   0   0   0   0    20.147    21.123    56.468     0.000     0.000     0.000     0.000   0   0   0   0   0   0   0     0.000     0.050    -0.002     0.005    -0.004    -0.002    -0.001
   7 0 0 1 1 1 1 1   0   0  17   0   0   0   0    21.422    20.816    56.468     0.000     0.000     0.000     0.000   0   0   0   0   0   0   0     0.000     0.050     0.012    -0.001     0.002    -0.002    -0.001
   7 0 1 0 1 1 1 1   6   0   0   0   0   0   0    20.147    20.816    21.123     0.000     0.000     0.000     0.000   0   0   0   0   0   0   0     0.000    -0.033     0.012    -0.001     0.002     0.001     0.009
   7 0 1 0 1 1 1 1   6   0   0   0   0   0   0    20.147    20.816    21.123     0.000     0.000     0.000     0.000   0   0   0   0   0   0   0     0.000    -0.100     0.012    -0.001     0.002     0.004    -0.003
   7 0 1 0 1 1 1 1   6   0  17   0   0   0   0    20.147    20.816    56.468     0.000     0.000     0.000     0.000   0   0   0   0   0   0   0     0.000     0.048     0.012    -0.001     0.002    -0.002    -0.001
   7 0 0 1 1 1 1 1   0   0  17   0   0   0   0    21.422    20.816    56.468     0.000     0.000     0.000     0.000   0   0   0   0   0   0   0     0.000     0.048     0.012    -0.001     0.002    -0.002    -0.001
   7 0 1 0 1 1 1 1   6   0   0   0   0   0   0    20.147    20.816    21.123     0.000     0.000     0.000     0.000   0   0   0   0   0   0   0     0.000    -0.031     0.012    -0.001     0.002     0.001     0.009
   7 0 1 0 1 1 1 1   6   0   0   0   0   0   0    20.147    20.816    21.123     0.000     0.000     0.000     0.000   0   0   0   0   0   0   0     0.000    -0.095     0.012    -0.001     0.002     0.004    -0.003
   7 0 1 0 1 1 1 1   6   0   6   0   0   0   0    20.147    20.816    20.395     0.000     0.000     0.000     0.000   0   0   0   0   0   0   0     0.000     0.046     0.012    -0.001     0.002    -0.001    -0.002
   7 0 0 1 1 1 1 1   0   0   6   0   0   0   0    21.422    20.816    20.395     0.000     0.000     0.000     0.000   0   0   0   0   0   0   0     0.000     0.046     0.011    -0.001     0.002    -0.001    -0.002
   7 0 1 0 1 1 1 1   6   0   0   0   0   0   0    20.147    20.816    21.123     0.000     0.000     0.000     0.000   0   0   0   0   0   0   0     0.000    -0.029     0.011    -0.001     0.002     0.001     0.008
   7 0 1 0 1 1 1 1   6   0   0   0   0   0   0    20.147    20.816    21.123     0.000     0.000     0.000     0.000   0   0   0   0   0   0   0     0.000    -0.090     0.011    -0.001     0.002     0.004    -0.003
   7 0 1 0 1 1 1 1   6   0   6   0   0   0   0    20.147    20.816    20.353     0.000     0.000     0.000     0.000   0   0   0   0   0   0   0     0.000     0.043     0.011    -0.001     0.002    -0.000    -0.002
   7 0 0 1 1 1 1 1   0   0   6   0   0   0   0    21.422    20.816    20.353     0.000     0.000     0.000     0.000   0   0   0   0   0   0   0     0.000     0.043     0.010    -0.001     0.002    -0.000    -0.002
   7 0 1 0 1 1 1 1   6   0   0   0   0   0   0    20.147    20.816    21.123     0.000     0.000     0.000     0.000   0   0   0   0   0   0   0     0.000    -0.028     0.010    -0.001     0.002     0.001     0.008
   7 0 1 0 1 1 1 1   6   0   0   0   0   0   0    20.147    20.816    21.123     0.000     0.000     0.000     0.000   0   0   0   0   0   0   0     0.000    -0.085     0.010    -0.001     0.002     0.003    -0.003
   7 0 0 1 1 1 1 1  14  17   0   0   0   0   0    47.339    56.468    21.123     0.000     0.000     0.000     0.000   0   0   0   0   0   0   0     0.000    -0.085     0.041    -0.002    -0.001     0.003    -0.003
   7 0 0 1 1 1 1 1   0   0   0   0   0   0   0    21.422    20.816    21.123     0.000     0.000     0.000     0.000   0   0   0   0   0   0   0     0.000    -0.085     0.010    -0.001     0.002     0.003    -0.003
   7 0 1 0 1 1 1 1   6   0   0   0   0   0   0    20.147    20.816    21.123     0.000     0.000     0.000     0.000   0   0   0   0   0   0   0     0.000    -0.027     0.010    -0.001     0.002     0.001     0.007
   7 0 1 0 1 1 1 1   6   0   0   0   0   0   0    20.147    20.816    21.123     0.000     0.000     0.000     0.000   0   0   0   0   0   0   0     0.000    -0.081     0.010    -0.001     0.002     0.003    -0.003
   7 0 1 1 1 1 1 1  14   0   0   0   0   0   0    47.339    20.816    21.123     0.000     0.000     0.000     0.000   0   0   0   0   0   0   0     0.000    -0.001     0.039    -0.001     0.002     0.003    -0.003
   7 0 0 1 1 1 1 1   0   0   0   0   0   0   0    21.422    20.816    21.123     0.000     0.000     0.000     0.000   0   0   0   0   0   0   0     0.000    -0.001     0.009    -0.001     0.001     0.003    -0.003
   7 0 1 0 1 1 1 1   6   0   0   0   0   0   0    20.147    20.816    21.123     0.000     0.000     0.000     0.000   0   0   0   0   0   0   0     0.000    -0.025     0.009    -0.001     0.001     0.001     0.007
   7 0 1 0 1 1 1 1   6   0   0   0   0   0   0    20.147    20.816    21.123     0.000     0.000     0.000     0.000   0   0   0   0   0   0   0     0.000    -0.077     0.009    -0.001     0.001     0.003    -0.003
   7 0 1 0 1 1 1 1   6   0  17   0   0   0   0    20.147    20.816    56.468     0.000     0.000     0.000     0.000   0   0   0   0   0   0   0     0.000     0.037     0.009    -0.001     0.001    -0.001    -0.000
   7 0 0 1 1 1 1 1   0   0  17   0   0   0   0    21.422    20.816    56.468     0.000     0.000     0.000     0.000   0   0   0   0   0   0   0     0.000     0.037     0.009    -0.000     0.001    -0.001    -0.000
   7 0 1 0 1 1 1 1   6   0   0   0   0   0   0    20.147    20.816    21.123     0.000     0.000     0.000     0.000   0   0   0   0   0   0   0     0.000    -0.024     0.009    -0.000     0.001     0.001     0.007
   7 0 0 1 1 1 1 1  14   0   0   0   0   0   0    47.339    21.123    21.123     0.000     0.000     0.000     0.000   0   0   0   0   0   0   0     0.000    -0.024    -0.073     0.003    -0.002     0.001     0.007
   7 0 1 0 1 1 1 1   6   0  17   0   0   0   0    20.147    21.123    56.468     0.000     0.000     0.000     0.000   0   0   0   0   0   0   0     0.000     0.035    -0.073     0.003    -0.002    -0.001    -0.000
   7 0 0 1 1 1 1 1   0   0  17   0   0   0   0    21.422    20.816    56.468     0.000     0.000     0.000     0.000   0   0   0   0   0   0   0     0.000     0.035     0.009    -0.000     0.001    -0.001    -0.000
   7 0 1 0 1 1 1 1   6   0   0   0   0   0   0    20.147    20.816    21.123     0.000     0.000     0.000     0.000   0   0   0   0   0   0   0     0.000    -0.023     0.009    -0.000     0.001     0.001     0.006
   7 0 1 0 1 1 1 1   6   0   0   0   0   0   0    20.147    20.816    21.123     0.000     0.000     0.000     0.000   0   0   0   0   0   0   0     0.000    -0.070     0.009    -0.000     0.001     0.002    -0.002
   7 0 1 0 1 1 1 1   6   0   6   0   0   0   0    20.147    20.816    20.395     0.000     0.000     0.000     0.000   0   0   0   0   0   0   0     0.000     0.033     0.009    -0.000     0.001    -0.000    -0.001
   7 0 0 1 1 1 1 1   0   0   6   0   0   0   0    21.422    20.816    20.395     0.000     0.000     0.000     0.000   0   0   0   0   0   0   0     0.000     0.033     0.008    -0.000     0.001    -0.000    -0.001
   7 0 1 0 1 1 1 1   6   0   6   0   0   0   0    20.147    20.816    20.353     0.000     0.000     0.000     0.000   0   0   0   0   0   0   0     0.000    -0.022     0.008    -0.000     0.001     0.006     0.000
   7 0 1 0 1 1 1 1   6   0   0   0   0   0   0    20.147    20.816    21.123     0.000     0.000     0.000     0.000   0   0   0   0   0   0   0     0.000    -0.066     0.008    -0.000     0.001     0.002    -0.002
   7 0 1 0 1 1 1 1   6   0   6   0   0   0   0    20.147    20.816    20.395     0.000     0.000     0.000     0.000   0   0   0   0   0   0   0     0.000     0.032     0.008    -0.000     0.001    -0.000    -0.001
   7 0 0 1 1 1 1 1   0   0   6   0   0   0   0    21.422    20.816    20.395     0.000     0.000     0.000     0.000   0   0   0   0   0   0   0     0.000     0.032     0.008    -0.000     0.001    -0.000    -0.001
   7 0 1 0 1 1 1 1   6   0   0   0   0   0   0    20.147    20.816    21.123     0.000     0.000     0.000     0.000   0   0   0   0   0   0   0     0.000    -0.021     0.008    -0.000     0.001     0.000     0.006
   7 0 1 0 1 1 1 1   6   0   0   0   0   0   0    20.147    20.816    21.123     0.000     0.000     0.000     0.000   0   0   0   0   0   0   0     0.000    -0.063     0.008    -0.000     0.001     0.002    -0.002
   7 0 1 1 1 1 1 1   6   0   0   0   0   0   0    20.147    20.816    21.123     0.000     0.000     0.000     0.000   0   0   0   0   0   0   0     0.000     0.030    -0.001    -0.000     0.001     0.002    -0.002
   7 0 0 1 1 1 1 1   0   0   0   0   0   0   0    21.422    20.816    21.123     0.000     0.000     0.000     0.000   0   0   0   0   0   0   0     0.000     0.030     0.007    -0.000     0.001     0.002    -0.002
   7 0 1 0 1 1 1 1   6   0   0   0   0   0   0    20.147    20.816    21.123     0.000     0.000     0.000     0.000   0   0   0   0   0   0   0     0.000    -0.020     0.007    -0.000     0.001     0.000     0.005
   7 0 0 1 1 1 1 1  14   0   0   0   0   0   0    47.339    21.123    21.123     0.000     0.000     0.000     0.000   0   0   0   0   0   0   0     0.000    -0.020    -0.060     0.002    -0.002     0.000     0.005
   7 0 0 1 1 1 1 1  14  17   0   0   0   0   0    47.339    56.468    21.123     0.000     0.000     0.000     0.000   0   0   0   0   0   0   0     0.000    -0.020     0.029    -0.001    -0.000     0.000     0.005
   7 0 0 1 1 1 1 1   0   0   0   0   0   0   0    21.422    20.816    21.123     0.000     0.000     0.000     0.000   0   0   0   0   0   0   0     0.000    -0.020     0.007    -0.000     0.001     0.000     0.005
   7 0 1 0 1 1 1 1   6   0   0   0   0   0   0    20.147    20.816    21.123     0.000     0.000     0.000     0.000   0   0   0   0   0   0   0     0.000    -0.019     0.007    -0.000     0.001     0.000     0.005
   7 0 0 1 1 1 1 1  14   0   0   0   0   0   0    47.339    21.123    21.123     0.000     0.000     0.000     0.000   0   0   0   0   0   0   0     0.000    -0.019    -0.057     0.002    -0.002     0.000     0.005
   7 0 1 0 1 1 1 1   6   0   6   0   0   0   0    20.147    21.123    20.353     0.000     0.000     0.000     0.000   0   0   0   0   0   0   0     0.000     0.027    -0.057     0.002    -0.002    -0.000    -0.001
   7 0 0 1 1 1 1 1   0   0   6   0   0   0   0    21.422    20.816    20.353     0.000     0.000     0.000     0.000   0   0   0   0   0   0   0     0.000     0.027     0.007    -0.000     0.001    -0.000    -0.001
   7 0 1 0 1 1 1 1   6   0   0   0   0   0   0    20.147    20.816    21.123     0.000     0.000     0.000     0.000   0   0   0   0   0   0   0     0.000    -0.018     0.007    -0.000     0.001     0.000     0.005
   7 0 1 0 1 1 1 1   6   0   0   0   0   0   0    20.147    20.816    21.123     0.000     0.000     0.000     0.000   0   0   0   0   0   0   0     0.000    -0.054     0.007    -0.000     0.001     0.001    -0.002
   7 0 1 0 1 1 1 1   6   0   6   0   0   0   0    20.147    20.816    20.395     0.000     0.000     0.000     0.000   0   0   0   0   0   0   0     0.000     0.026     0.007    -0.000     0.001    -0.000    -0.001
   7 0 0 1 1 1 1 1   0   0   6   0   0   0   0    21.422    20.816    20.395     0.000     0.000     0.000     0.000   0   0   0   0   0   0   0     0.000     0.026     0.006    -0.000     0.001    -0.000    -0.001
   7 0 1 0 1 1 1 1   6   0   0   0   0   0   0    20.147    20.816    21.123     0.000     0.000     0.000     0.000   0   0   0   0   0   0   0     0.000    -0.017     0.006    -0.000     0.001     0.000     0.005
   7 0 1 0 1 1 1 1   6   0   0   0   0   0   0    20.147    20.816    21.123     0.000     0.000     0.000     0.000   0   0   0   0   0   0   0     0.000    -0.051     0.006    -0.000     0.001     0.001    -0.002
   7 0 0 1 1 1 1 1  14   6   0   0   0   0   0    47.339    20.395    21.123     0.000     0.000     0.000     0.000   0   0   0   0   0   0   0     0.000    -0.051     0.025    -0.000    -0.001     0.001    -0.002
   7 0 0 1 1 1 1 1   0   0   0   0   0   0   0    21.422    20.816    21.123     0.000     0.000     0.000     0.000   0   0   0   0   0   0   0     0.000    -0.051     0.006    -0.000     0.001     0.001    -0.002
   7 0 1 0 1 1 1 1   6   0   6   0   0   0   0    20.147    20.816    20.353     0.000     0.000     0.000     0.000   0   0   0   0   0   0   0     0.000    -0.016     0.006    -0.000     0.001     0.004     0.000
   7 0 0 1 1 1 1 1  14   0   6   0   0   0   0    47.339    21.123    20.353     0.000     0.000     0.000     0.000   0   0   0   0   0   0   0     0.000    -0.016    -0.049     0.001    -0.002     0.004     0.000
   7 0 1 0 1 1 1 1   6   0   6   0   0   0   0    20.147    21.123    20.395     0.000     0.000     0.000     0.000   0   0   0   0   0   0   0     0.000     0.023    -0.049     0.001    -0.002    -0.000    -0.001
   7 0 0 1 1 1 1 1   0   0   6   0   0   0   0    21.422    20.816    20.395     0.000     0.000     0.000     0.000   0   0   0   0   0   0   0     0.000     0.023     0.006    -0.000     0.001    -0.000    -0.001
   7 0 0 1 1 1 1 1  14   0   6   0   0   0   0    47.339    21.123    20.395     0.000     0.000     0.000     0.000   0   0   0   0   0   0   0     0.000     0.023    -0.015     0.000     0.004    -0.000    -0.001
   7 0 1 0 1 1 1 1   6   0   0   0   0   0   0    20.147    21.123    21.123     0.000     0.000     0.000     0.000   0   0   0   0   0   0   0     0.000    -0.046    -0.015     0.000     0.004     0.001    -0.002
   7 0 1 1 1 1 1 1  14   0   0   0   0   0   0    47.339    21.123    21.123     0.000     0.000     0.000     0.000   0   0   0   0   0   0   0     0.000    -0.000     0.022     0.000     0.004     0.001    -0.002
   7 0 0 1 1 1 1 1   0   0   0   0   0   0   0    21.422    20.816    21.123     0.000     0.000     0.000     0.000   0   0   0   0   0   0   0     0.000    -0.000     0.005    -0.000     0.001     0.001    -0.002
   7 0 1 0 1 1 1 1   6   0   0   0   0   0   0    20.147    20.816    21.123     0.000     0.000     0.000     0.000   0   0   0   0   0   0   0     0.000    -0.014     0.005    -0.000     0.001     0.000     0.004
   7 0 1 0 1 1 1 1   6   0   0   0   0   0   0    20.147    20.816    21.123     0.000     0.000     0.000     0.000   0   0   0   0   0   0   0     0.000    -0.044     0.005    -0.000     0.001     0.001    -0.001
   7 0 1 0 1 1 1 1   6   0   6   0   0   0   0    20.147    20.816    20.399     0.000     0.000     0.000     0.000   0   0   0   0   0   0   0     0.000     0.021     0.005    -0.000     0.001    -0.000    -0.001
   7 0 0 1 1 1 1 1   0   6   6   0   0   0   0    21.422    20.188    20.399     0.000     0.000     0.000     0.000   0   0   0   0   0   0   0     0.000     0.021     0.005     0.001    -0.000    -0.000    -0.001
   7 0 1 0 1 1 1 1   6   6   6   0   0   0   0    20.147    20.188    20.353     0.000     0.000     0.000     0.000   0   0   0   0   0   0   0     0.000    -0.014     0.005     0.001    -0.000     0.004     0.000
   7 0 1 0 1 1 1 1   6   6   0   0   0   0   0    20.147    20.188    21.123     0.000     0.000     0.000     0.000   0   0   0   0   0   0   0     0.000    -0.042     0.005     0.001    -0.000     0.001    -0.001
   7 0 1 0 1 1 1 1   6   6   6   0   0   0   0    20.147    20.188    20.399     0.000     0.000     0.000     0.000   0   0   0   0   0   0   0     0.000     0.020     0.005     0.001    -0.000    -0.000    -0.001
   7 0 0 1 1 1 1 1   0   0   6   0   0   0   0    21.422    20.816    20.399     0.000     0.000     0.000     0.000   0   0   0   0   0   0   0     0.000     0.020     0.005    -0.000     0.001    -0.000    -0.001
   7 0 1 0 1 1 1 1   6   0   0   0   0   0   0    20.147    20.816    21.123     0.000     0.000     0.000     0.000   0   0   0   0   0   0   0     0.000    -0.013     0.005    -0.000     0.001     0.000     0.004
   7 0 0 1 1 1 1 1  14   0   0   0   0   0   0    47.339    21.123    21.123     0.000     0.000     0.000     0.000   0   0   0   0   0   0   0     0.000    -0.013    -0.040     0.001    -0.001     0.000     0.004
   7 0 1 0 1 1 1 1   6   0   6   0   0   0   0    20.147    21.123    20.399     0.000     0.000     0.000     0.000   0   0   0   0   0   0   0     0.000     0.019    -0.040     0.001    -0.001    -0.000    -0.001
   7 0 0 1 1 1 1 1   0   0   6   0   0   0   0    21.422    20.816    20.399     0.000     0.000     0.000     0.000   0   0   0   0   0   0   0     0.000     0.019     0.005    -0.000     0.001    -0.000    -0.001
   7 0 1 0 1 1 1 1   6   0   0   0   0   0   0    20.147    20.816    21.123     0.000     0.000     0.000     0.000   0   0   0   0   0   0   0     0.000    -0.012     0.005    -0.000     0.001     0.000     0.003
   7 0 1 0 1 1 1 1   6   0   0   0   0   0   0    20.147    20.816    21.123     0.000     0.000     0.000     0.000   0   0   0   0   0   0   0     0.000    -0.038     0.005    -0.000     0.001     0.001    -0.001
   7 0 1 0 1 1 1 1   6   0   6   0   0   0   0    20.147    20.816    20.399     0.000     0.000     0.000     0.000   0   0   0   0   0   0   0     0.000     0.018     0.005    -0.000     0.001    -0.000    -0.001
   7 0 0 1 1 1 1 1   0   0   6   0   0   0   0    21.422    20.816    20.399     0.000     0.000     0.000     0.000   0   0   0   0   0   0   0     0.000     0.018     0.004    -0.000     0.001    -0.000    -0.001
   7 0 1 0 1 1 1 1   6   0   6   0   0   0   0    20.147    20.816    20.353     0.000     0.000     0.000     0.000   0   0   0   0   0   0   0     0.000    -0.012     0.004    -0.000     0.001     0.003     0.000
   7 0 1 0 1 1 1 1   6   0   0   0   0   0   0    20.147    20.816    21.123     0.000     0.000     0.000     0.000   0   0   0   0   0   0   0     0.000    -0.036     0.004    -0.000     0.001     0.001    -0.001
   7 0 1 0 1 1 1 1   6   0   6   0   0   0   0    20.147    20.816    20.399     0.000     0.000     0.000     0.000   0   0   0   0   0   0   0     0.000     0.017     0.004    -0.000     0.001    -0.000    -0.001
   7 0 0 1 1 1 1 1   0   0   6   0   0   0   0    21.422    20.816    20.399     0.000     0.000     0.000     0.000   0   0   0   0   0   0   0     0.000     0.017     0.004    -0.000     0.001    -0.000    -0.001
   7 0 1 0 1 1 1 1   6   0   0   0   0   0   0    20.147    20.816    21.123     0.000     0.000     0.000     0.000   0   0   0   0   0   0   0     0.000    -0.011     0.004    -0.000     0.001     0.000     0.003
   7 0 1 0 1 1 1 1   6   0   0   0   0   0   0    20.147    20.816    21.123     0.000     0.000     0.000     0.000   0   0   0   0   0   0   0     0.000    -0.034     0.004    -0.000     0.001     0.001    -0.001
   7 0 0 1 1 1 1 1  14   6   0   0   0   0   0    47.339    20.399    21.123     0.000     0.000     0.000     0.000   0   0   0   0   0   0   0     0.000    -0.034     0.016    -0.000    -0.001     0.001    -0.001
   7 0 1 0 1 1 1 1  13   6   0   0   0   0   0    48.192    20.399    20.816     0.000     0.000     0.000     0.000   0   0   0   0   0   0   0     0.000     0.004     0.016    -0.000    -0.001    -0.000     0.001
   7 0 1 0 1 1 1 1   6   6   0   0   0   0   0    20.147    20.399    21.123     0.000     0.000     0.000     0.000   0   0   0   0   0   0   0     0.000    -0.011     0.016    -0.000    -0.001     0.000     0.003
   7 0 0 1 1 1 1 1  14   0   0   0   0   0   0    47.339    21.123    21.123     0.000     0.000     0.000     0.000   0   0   0   0   0   0   0     0.000    -0.011    -0.032     0.001    -0.001     0.000     0.003
   7 0 1 0 1 1 1 1   6   0   6   0   0   0   0    20.147    21.123    20.399     0.000     0.000     0.000     0.000   0   0   0   0   0   0   0     0.000     0.016    -0.032     0.001    -0.001    -0.000    -0.001
   7 0 0 1 1 1 1 1   0   6   6   0   0   0   0    21.422    20.188    20.399     0.000     0.000     0.000     0.000   0   0   0   0   0   0   0     0.000     0.016     0.004     0.001    -0.000    -0.000    -0.001
   7 0 1 0 1 1 1 1   6   6   0   0   0   0   0    20.147    20.188    21.123     0.000     0.000     0.000     0.000   0   0   0   0   0   0   0     0.000    -0.010     0.004     0.001    -0.000     0.000     0.003
   7 0 1 0 1 1 1 1   6   6   0   0   0   0   0    20.147    20.188    21.123     0.000     0.000     0.000     0.000   0   0   0   0   0   0   0     0.000    -0.031     0.004     0.001    -0.000     0.001    -0.001
   7 0 1 0 1 1 1 1   6   6   6   0   0   0   0    20.147    20.188    20.399     0.000     0.000     0.000     0.000   0   0   0   0   0   0   0     0.000     0.015     0.004     0.001    -0.000    -0.000    -0.000
   7 0 0 1 1 1 1 1   0   0   6   0   0   0   0    21.422    20.816    20.399     0.000     0.000     0.000     0.000   0   0   0   0   0   0   0     0.000     0.015     0.004    -0.000     0.001    -0.000    -0.000
   7 0 1 0 1 1 1 1   6   0   0   0   0   0   0    20.147    20.816    21.123     0.000     0.000     0.000     0.000   0   0   0   0   0   0   0     0.000    -0.010     0.004    -0.000     0.001     0.000     0.003
   7 0 1 0 1 1 1 1   6   0   6   0   0   0   0    20.147    20.816    20.353     0.000     0.000     0.000     0.000   0   0   0   0   0   0   0     0.000    -0.029     0.004    -0.000     0.001    -0.001     0.000
   7 0 1 0 1 1 1 1   6   0   6   0   0   0   0    20.147    20.816    20.399     0.000     0.000     0.000     0.000   0   0   0   0   0   0   0     0.000     0.014     0.004    -0.000     0.001    -0.000    -0.000
   7 0 0 1 1 1 1 1   0   0   6   0   0   0   0    21.422    20.816    20.399     0.000     0.000     0.000     0.000   0   0   0   0   0   0   0     0.000     0.014     0.003    -0.000     0.001    -0.000    -0.000
   7 0 1 0 1 1 1 1   6   0   0   0   0   0   0    20.147    20.816    21.123     0.000     0.000     0.000     0.000   0   0   0   0   0   0   0     0.000    -0.009     0.003    -0.000     0.001     0.000     0.003
   7 0 1 0 1 1 1 1   6   0   0   0   0   0   0    20.147    20.816    21.123     0.000     0.000     0.000     0.000   0   0   0   0   0   0   0     0.000    -0.028     0.003    -0.000     0.001     0.000    -0.001
