  248
   1 1   0     0.000   0     4.801
   1 1   0     0.000   0     5.511
   1 1   0     0.000   0     5.723
   1 1   0     0.000   0     5.822
   7 0 0 0 1 1 1 1  16  14   0   0   0   0   0    58.481    43.491    21.159     0.000     0.000     0.000     0.000   0   0   0   0   0   0   0     0.000     0.000     0.000     0.061    -0.046     0.611     0.143
   7 0 0 0 1 1 1 1  24   0  17   0   0   0   0     5.260    21.037    58.789     0.000     0.000     0.000     0.000   0   0   0   0   0   0   0     0.000     0.000     0.000    -0.028    -0.179     0.049     0.121
   7 0 0 1 1 1 1 1  31  30  17   0   0   0   0     5.384     5.140    58.789     0.000     0.000     0.000     0.000   0   0   0   0   0   0   0     0.000     0.000     0.122    -0.064    -0.001     0.049     0.121
   7 0 0 0 1 1 1 1  31  16  26   0   0   0   0     5.384    58.244     5.902     0.000     0.000     0.000     0.000   0   0   0   0   0   0   0     0.000     0.000     0.122    -0.050    -0.491     0.171     0.278
   7 0 0 0 1 1 1 1  16  24   2   0   0   0   0    58.481     5.282    22.149     0.000     0.000     0.000     0.000   0   0   0   0   0   0   0     0.000     0.000     0.122    -0.040     0.061     0.133     0.581
   7 0 0 0 1 1 1 1  24   0  17   0   0   0   0     5.260    21.037    58.789     0.000     0.000     0.000     0.000   0   0   0   0   0   0   0     0.000     0.000     0.122    -0.026    -0.164     0.044     0.110
   7 0 0 0 1 1 1 1  31  20  26   0   0   0   0     5.384    62.464     5.902     0.000     0.000     0.000     0.000   0   0   0   0   0   0   0     0.000     0.000     0.122    -0.003    -0.060     0.081     0.134
   7 0 0 0 1 1 1 1  31  16  23   0   0   0   0     5.384    58.244     5.533     0.000     0.000     0.000     0.000   0   0   0   0   0   0   0     0.000     0.000     0.122    -0.045    -0.466     0.167     0.276
   7 0 0 0 1 1 1 1  16  14   0   0   0   0   0    58.481    43.491    21.159     0.000     0.000     0.000     0.000   0   0   0   0   0   0   0     0.000     0.000     0.122     0.051    -0.037     0.552     0.123
   7 0 0 0 1 1 1 1  24  17  11   0   0   0   0     5.260    57.684    54.468     0.000     0.000     0.000     0.000   0   0   0   0   0   0   0     0.000     0.000     0.122    -0.084    -0.008     0.097     0.031
   7 0 0 0 1 1 1 1  31  30   2   0   0   0   0     5.384     5.140    22.151     0.000     0.000     0.000     0.000   0   0   0   0   0   0   0     0.000     0.000     0.122    -0.052    -0.000     0.145     0.083
   7 0 0 0 1 1 1 1  31  16  23   0   0   0   0     5.384    58.244     5.533     0.000     0.000     0.000     0.000   0   0   0   0   0   0   0     0.000     0.000     0.122    -0.041    -0.443     0.151     0.253
   7 0 0 0 1 1 1 1  16  14   2   0   0   0   0    58.481    44.171    22.149     0.000     0.000     0.000     0.000   0   0   0   0   0   0   0     0.000     0.000     0.122     0.015    -0.054     0.114     0.524
   7 0 0 0 1 1 1 1  17   0  17   0   0   0   0    58.142    21.037    58.789     0.000     0.000     0.000     0.000   0   0   0   0   0   0   0     0.000     0.000     0.122    -0.022    -0.145     0.034     0.090
   7 0 0 0 1 1 1 1  31  20   2   0   0   0   0     5.384    62.464    22.151     0.000     0.000     0.000     0.000   0   0   0   0   0   0   0     0.000     0.000     0.122    -0.002    -0.049     0.134     0.075
   7 0 0 0 1 1 1 1  31  16  23   0   0   0   0     5.384    58.244     5.533     0.000     0.000     0.000     0.000   0   0   0   0   0   0   0     0.000     0.000     0.122    -0.037    -0.421     0.137     0.232
   7 0 0 0 1 1 1 1  16  24   2   0   0   0   0    58.481     5.305    22.149     0.000     0.000     0.000     0.000   0   0   0   0   0   0   0     0.000     0.000     0.122    -0.030     0.052     0.105     0.498
   7 0 0 0 1 1 1 1  24   0  24   0   0   0   0     5.207    20.971     5.305     0.000     0.000     0.000     0.000   0   0   0   0   0   0   0     0.000     0.000     0.122    -0.039    -0.133     0.010     0.079
   7 0 0 0 1 1 1 1  31  30   2   0   0   0   0     5.384     5.144    22.151     0.000     0.000     0.000     0.000   0   0   0   0   0   0   0     0.000     0.000     0.122    -0.042     0.001     0.124     0.068
   7 0 0 0 1 1 1 1  31  16  26   0   0   0   0     5.384    58.244     5.902     0.000     0.000     0.000     0.000   0   0   0   0   0   0   0     0.000     0.000     0.122    -0.033    -0.400     0.114     0.196
   7 0 0 0 1 1 1 1  16  14   0   0   0   0   0    58.481    43.704    21.159     0.000     0.000     0.000     0.000   0   0   0   0   0   0   0     0.000     0.000     0.122     0.031    -0.033     0.473     0.097
   7 0 0 0 1 1 1 1  29  14  26   0   0   0   0     5.591    45.023     5.886     0.000     0.000     0.000     0.000   0   0   0   0   0   0   0     0.000     0.000     0.122    -0.018    -0.097     0.026     0.076
   7 0 0 0 1 1 1 1  31  20  26   0   0   0   0     5.384    62.464     5.902     0.000     0.000     0.000     0.000   0   0   0   0   0   0   0     0.000     0.000     0.122    -0.002    -0.040     0.053     0.096
   7 0 0 0 1 1 1 1  31  16  23   0   0   0   0     5.384    58.244     5.533     0.000     0.000     0.000     0.000   0   0   0   0   0   0   0     0.000     0.000     0.122    -0.030    -0.380     0.112     0.197
   7 0 0 0 1 1 1 1  16  14   0   0   0   0   0    58.481    44.249    21.159     0.000     0.000     0.000     0.000   0   0   0   0   0   0   0     0.000     0.000     0.122     0.012    -0.044     0.449     0.090
   7 0 0 0 1 1 1 1  24   0  11   0   0   0   0     5.207    20.971    54.468     0.000     0.000     0.000     0.000   0   0   0   0   0   0   0     0.000     0.000     0.122    -0.033    -0.115     0.065     0.009
   7 0 0 0 1 1 1 1   0  20   1   0   0   0   0    21.125    62.478    21.882     0.000     0.000     0.000     0.000   0   0   0   0   0   0   0     0.000     0.000     0.122    -0.001    -0.037     0.108     0.056
   7 0 0 0 1 1 1 1  31  20  23   0   0   0   0     5.384    62.464     5.533     0.000     0.000     0.000     0.000   0   0   0   0   0   0   0     0.000     0.000     0.122     0.017    -0.096     0.102     0.180
   7 0 0 0 1 1 1 1  16   0   0   0   0   0   0    58.481    21.185    21.159     0.000     0.000     0.000     0.000   0   0   0   0   0   0   0     0.000     0.000     0.122    -0.022     0.045     0.427     0.083
   7 0 0 0 1 1 1 1  24   0  17   0   0   0   0     5.201    20.959    58.789     0.000     0.000     0.000     0.000   0   0   0   0   0   0   0     0.000     0.000     0.122    -0.030    -0.105     0.009     0.062
   7 0 0 0 1 1 1 1  31  20   2   0   0   0   0     5.384    62.284    21.931     0.000     0.000     0.000     0.000   0   0   0   0   0   0   0     0.000     0.000     0.122     0.008    -0.027     0.107     0.052
   7 0 0 0 1 1 1 1  31  16  23   0   0   0   0     5.384    58.244     5.533     0.000     0.000     0.000     0.000   0   0   0   0   0   0   0     0.000     0.000     0.122    -0.023    -0.356     0.092     0.165
   7 0 0 0 1 1 1 1  16  14   0   0   0   0   0    58.481    44.469    21.159     0.000     0.000     0.000     0.000   0   0   0   0   0   0   0     0.000     0.000     0.122     0.010    -0.040     0.406     0.077
   7 0 0 0 1 1 1 1  24   0  17   0   0   0   0     5.227    21.013    59.098     0.000     0.000     0.000     0.000   0   0   0   0   0   0   0     0.000     0.000     0.122    -0.018    -0.097     0.018     0.059
   7 0 0 0 1 1 1 1   0  30   2   0   0   0   0    21.125     5.137    21.931     0.000     0.000     0.000     0.000   0   0   0   0   0   0   0     0.000     0.000     0.122    -0.029     0.001     0.100     0.047
   7 0 0 0 1 1 1 1  20  11  14   0   0   0   0    62.478    56.138    44.022     0.000     0.000     0.000     0.000   0   0   0   0   0   0   0     0.000     0.000     0.122     0.101     0.006    -0.338    -0.056
   7 0 0 0 1 1 1 1  16  24   0   0   0   0   0    58.481     5.305    21.159     0.000     0.000     0.000     0.000   0   0   0   0   0   0   0     0.000     0.000     0.122    -0.019     0.038     0.385     0.071
   7 0 0 0 1 1 1 1  24   0  26   0   0   0   0     5.177    20.913     5.829     0.000     0.000     0.000     0.000   0   0   0   0   0   0   0     0.000     0.000     0.122    -0.032    -0.089     0.002     0.046
   7 0 0 0 1 1 1 1  31  20   2   0   0   0   0     5.384    62.246    22.151     0.000     0.000     0.000     0.000   0   0   0   0   0   0   0     0.000     0.000     0.122     0.009    -0.022     0.087     0.042
   7 0 0 0 1 1 1 1  20  11  14   0   0   0   0    62.478    56.138    44.022     0.000     0.000     0.000     0.000   0   0   0   0   0   0   0     0.000     0.000     0.122     0.091     0.005    -0.321    -0.051
   7 0 0 0 1 1 1 1  16  14   2   0   0   0   0    58.481    44.469    22.149     0.000     0.000     0.000     0.000   0   0   0   0   0   0   0     0.000     0.000     0.122     0.009    -0.035     0.066     0.366
   7 0 0 0 1 1 1 1  24   0  26   0   0   0   0     5.177    20.913     5.886     0.000     0.000     0.000     0.000   0   0   0   0   0   0   0     0.000     0.000     0.122    -0.029    -0.082     0.005     0.048
   7 0 0 0 1 1 1 1  31  20   2   0   0   0   0     5.384    62.464    21.931     0.000     0.000     0.000     0.000   0   0   0   0   0   0   0     0.000     0.000     0.122    -0.000    -0.025     0.088     0.039
   7 0 0 0 1 1 1 1   0  16   4   0   0   0   0    21.125    58.481    23.579     0.000     0.000     0.000     0.000   0   0   0   0   0   0   0     0.000     0.000     0.122    -0.018    -0.305     0.140     0.066
   7 0 0 0 1 1 1 1  16  14   2   0   0   0   0    58.481    43.852    22.149     0.000     0.000     0.000     0.000   0   0   0   0   0   0   0     0.000     0.000     0.122     0.020    -0.022     0.061     0.348
   7 0 0 0 1 1 1 1  24   0  17   0   0   0   0     5.217    20.988    59.219     0.000     0.000     0.000     0.000   0   0   0   0   0   0   0     0.000     0.000     0.122    -0.019    -0.076     0.013     0.057
   7 0 0 0 1 1 1 1  24  24  26   0   0   0   0     5.260     5.151     5.902     0.000     0.000     0.000     0.000   0   0   0   0   0   0   0     0.000     0.000     0.122    -0.033    -0.007     0.024     0.060
   7 0 0 0 1 1 1 1  20  11  14   0   0   0   0    62.478    56.346    44.022     0.000     0.000     0.000     0.000   0   0   0   0   0   0   0     0.000     0.000     0.122     0.074     0.004    -0.290    -0.045
   7 0 0 0 1 1 1 1  16   0   0   0   0   0   0    58.481    21.185    21.159     0.000     0.000     0.000     0.000   0   0   0   0   0   0   0     0.000     0.000     0.122    -0.015     0.034     0.330     0.056
   7 0 0 0 1 1 1 1  17   0  24   0   0   0   0    57.751    20.913     5.271     0.000     0.000     0.000     0.000   0   0   0   0   0   0   0     0.000     0.000     0.122    -0.026    -0.070     0.000     0.035
   7 0 0 0 1 1 1 1  17  24   2   0   0   0   0    58.142     5.155    21.931     0.000     0.000     0.000     0.000   0   0   0   0   0   0   0     0.000     0.000     0.122    -0.029    -0.007     0.078     0.026
   7 0 0 0 1 1 1 1  20  17  14   0   0   0   0    62.478    58.116    44.022     0.000     0.000     0.000     0.000   0   0   0   0   0   0   0     0.000     0.000     0.122     0.002     0.066    -0.276    -0.040
   7 0 0 0 1 1 1 1  16  14   0   0   0   0   0    58.481    44.645    21.159     0.000     0.000     0.000     0.000   0   0   0   0   0   0   0     0.000     0.000     0.122     0.008    -0.028     0.314     0.052
   7 0 0 0 1 1 1 1  26   0  26   0   0   0   0     5.735    20.956     5.886     0.000     0.000     0.000     0.000   0   0   0   0   0   0   0     0.000     0.000     0.122    -0.020    -0.064     0.005     0.037
   7 0 0 0 1 1 1 1   0  20   2   0   0   0   0    21.125    62.478    21.931     0.000     0.000     0.000     0.000   0   0   0   0   0   0   0     0.000     0.000     0.122     0.000    -0.020     0.073     0.030
   7 0 0 0 1 1 1 1  20  11  14   0   0   0   0    62.478    56.299    44.022     0.000     0.000     0.000     0.000   0   0   0   0   0   0   0     0.000     0.000     0.122     0.062     0.004    -0.262    -0.036
   7 0 0 0 1 1 1 1  16  13   0   0   0   0   0    58.481    50.535    21.159     0.000     0.000     0.000     0.000   0   0   0   0   0   0   0     0.000     0.000     0.122     0.033    -0.012     0.298     0.048
   7 0 0 0 1 1 1 1  17   0  17   0   0   0   0    57.751    20.913    59.219     0.000     0.000     0.000     0.000   0   0   0   0   0   0   0     0.000     0.000     0.122    -0.021    -0.059     0.005     0.046
   7 0 0 0 1 1 1 1   0  17   2   0   0   0   0    21.125    57.684    21.931     0.000     0.000     0.000     0.000   0   0   0   0   0   0   0     0.000     0.000     0.122    -0.022    -0.002     0.068     0.027
   7 0 0 0 1 1 1 1  31  16  23   0   0   0   0     5.384    58.244     5.533     0.000     0.000     0.000     0.000   0   0   0   0   0   0   0     0.000     0.000     0.122    -0.013    -0.249     0.041     0.117
   7 0 0 0 1 1 1 1  16  31   0   0   0   0   0    58.481     5.336    21.159     0.000     0.000     0.000     0.000   0   0   0   0   0   0   0     0.000     0.000     0.122    -0.020     0.011     0.283     0.045
   7 0 0 0 1 1 1 1  31  24  20   0   0   0   0     5.350     5.151    62.478     0.000     0.000     0.000     0.000   0   0   0   0   0   0   0     0.000     0.000     0.122    -0.037    -0.004     0.018     0.070
   7 0 0 0 1 1 1 1  24  29  26   0   0   0   0     5.237     5.503     5.902     0.000     0.000     0.000     0.000   0   0   0   0   0   0   0     0.000     0.000     0.122    -0.024    -0.006     0.014     0.044
   7 0 0 0 1 1 1 1  20  24  14   0   0   0   0    62.478     5.234    44.022     0.000     0.000     0.000     0.000   0   0   0   0   0   0   0     0.000     0.000     0.122     0.000     0.048    -0.236    -0.032
   7 0 0 0 1 1 1 1  16  14   0   0   0   0   0    58.481    44.645    21.159     0.000     0.000     0.000     0.000   0   0   0   0   0   0   0     0.000     0.000     0.122     0.007    -0.023     0.269     0.041
   7 0 0 0 1 1 1 1  29  24  20   0   0   0   0     5.579     5.142    62.478     0.000     0.000     0.000     0.000   0   0   0   0   0   0   0     0.000     0.000     0.122    -0.039    -0.008     0.013     0.066
   7 0 0 0 1 1 1 1   0  20   2   0   0   0   0    21.237    62.220    21.931     0.000     0.000     0.000     0.000   0   0   0   0   0   0   0     0.000     0.000     0.122     0.008    -0.011     0.060     0.024
   7 0 0 0 1 1 1 1   1   0  24   0   0   0   0    21.720    21.017     5.345     0.000     0.000     0.000     0.000   0   0   0   0   0   0   0     0.000     0.000     0.122    -0.026    -0.224     0.011     0.085
   7 0 0 0 1 1 1 1  16   0   0   0   0   0   0    58.481    21.283    21.159     0.000     0.000     0.000     0.000   0   0   0   0   0   0   0     0.000     0.000     0.122    -0.009     0.028     0.256     0.038
   7 0 0 0 1 1 1 1  32  24  20   0   0   0   0     4.198     5.151    62.478     0.000     0.000     0.000     0.000   0   0   0   0   0   0   0     0.000     0.000     0.122    -0.031    -0.004     0.014     0.093
   7 0 0 0 1 1 1 1  31   4   2   0   0   0   0     5.384    23.450    21.931     0.000     0.000     0.000     0.000   0   0   0   0   0   0   0     0.000     0.000     0.122    -0.030    -0.003     0.056     0.020
   7 0 0 0 1 1 1 1  20  11  14   0   0   0   0    62.478    56.415    44.022     0.000     0.000     0.000     0.000   0   0   0   0   0   0   0     0.000     0.000     0.122     0.042     0.002    -0.213    -0.027
   7 0 0 0 1 1 1 1  16  31   2   0   0   0   0    58.481     5.338    22.149     0.000     0.000     0.000     0.000   0   0   0   0   0   0   0     0.000     0.000     0.122    -0.014     0.011     0.035     0.243
   7 0 0 0 1 1 1 1  17   0  20   0   0   0   0    58.116    21.037    62.478     0.000     0.000     0.000     0.000   0   0   0   0   0   0   0     0.000     0.000     0.122    -0.006    -0.046     0.014     0.058
   7 0 0 0 1 1 1 1  31  29   2   0   0   0   0     5.350     5.503    21.931     0.000     0.000     0.000     0.000   0   0   0   0   0   0   0     0.000     0.000     0.122    -0.019    -0.005     0.053     0.014
   7 0 0 0 1 1 1 1   0  16   2   0   0   0   0    21.237    58.481    21.931     0.000     0.000     0.000     0.000   0   0   0   0   0   0   0     0.000     0.000     0.122    -0.009    -0.203     0.123     0.038
   7 0 0 0 1 1 1 1  16   0   0   0   0   0   0    58.481    21.234    21.159     0.000     0.000     0.000     0.000   0   0   0   0   0   0   0     0.000     0.000     0.122    -0.008     0.023     0.231     0.033
   7 0 0 0 1 1 1 1  32   2  20   0   0   0   0     4.185    21.658    62.478     0.000     0.000     0.000     0.000   0   0   0   0   0   0   0     0.000     0.000     0.122    -0.042    -0.009     0.009     0.085
   7 0 0 0 1 1 1 1   0  30   2   0   0   0   0    21.237     5.137    21.931     0.000     0.000     0.000     0.000   0   0   0   0   0   0   0     0.000     0.000     0.122    -0.012     0.002     0.049     0.019
   7 0 0 0 1 1 1 1  17  24  23   0   0   0   0    57.793     5.156     5.533     0.000     0.000     0.000     0.000   0   0   0   0   0   0   0     0.000     0.000     0.122    -0.050    -0.023     0.008     0.089
   7 0 0 0 1 1 1 1  16  30   0   0   0   0   0    58.481     5.097    21.159     0.000     0.000     0.000     0.000   0   0   0   0   0   0   0     0.000     0.000     0.122    -0.019     0.005     0.219     0.030
   7 0 0 0 1 1 1 1  17   2  25   0   0   0   0    57.751    21.986     5.926     0.000     0.000     0.000     0.000   0   0   0   0   0   0   0     0.000     0.000     0.122    -0.039    -0.013     0.002     0.027
   7 0 0 0 1 1 1 1  24  24  28   0   0   0   0     5.260     5.143     5.566     0.000     0.000     0.000     0.000   0   0   0   0   0   0   0     0.000     0.000     0.122    -0.018    -0.003     0.010     0.034
   7 0 0 0 1 1 1 1  20  24  14   0   0   0   0    62.478     5.227    44.022     0.000     0.000     0.000     0.000   0   0   0   0   0   0   0     0.000     0.000     0.122    -0.004     0.031    -0.193    -0.021
   7 0 0 0 1 1 1 1  16   0   0   0   0   0   0    58.481    21.283    21.159     0.000     0.000     0.000     0.000   0   0   0   0   0   0   0     0.000     0.000     0.122    -0.007     0.022     0.208     0.028
   7 0 0 0 1 1 1 1  14   2  24   0   0   0   0    43.567    22.222     5.156     0.000     0.000     0.000     0.000   0   0   0   0   0   0   0     0.000     0.000     0.122     0.080     0.012    -0.021    -0.001
   7 0 0 0 1 1 1 1   0  20   2   0   0   0   0    21.237    62.478    21.931     0.000     0.000     0.000     0.000   0   0   0   0   0   0   0     0.000     0.000     0.122     0.001    -0.010     0.044     0.016
   7 0 0 0 1 1 1 1  26  16   2   0   0   0   0     5.902    58.481    21.931     0.000     0.000     0.000     0.000   0   0   0   0   0   0   0     0.000     0.000     0.122    -0.004    -0.183     0.108     0.038
   7 0 0 0 1 1 1 1  16  30   0   0   0   0   0    58.481     5.094    21.159     0.000     0.000     0.000     0.000   0   0   0   0   0   0   0     0.000     0.000     0.122    -0.018     0.004     0.198     0.026
   7 0 0 0 1 1 1 1  25  17   0   0   0   0   0     5.884    57.576    21.081     0.000     0.000     0.000     0.000   0   0   0   0   0   0   0     0.000     0.000     0.122    -0.019    -0.000     0.076     0.012
   7 0 0 0 1 1 1 1   0  16   2   0   0   0   0    21.237    58.481    21.931     0.000     0.000     0.000     0.000   0   0   0   0   0   0   0     0.000     0.000     0.122    -0.003    -0.037     0.041     0.014
   7 0 0 0 1 1 1 1  17  17  23   0   0   0   0    57.850    57.576     5.533     0.000     0.000     0.000     0.000   0   0   0   0   0   0   0     0.000     0.000     0.122    -0.042    -0.016     0.008     0.075
   7 0 0 0 1 1 1 1  16  24   2   0   0   0   0    58.481     5.251    22.149     0.000     0.000     0.000     0.000   0   0   0   0   0   0   0     0.000     0.000     0.122    -0.007     0.014     0.024     0.188
   7 0 0 0 1 1 1 1  14   2   2   0   0   0   0    43.567    22.222    21.658     0.000     0.000     0.000     0.000   0   0   0   0   0   0   0     0.000     0.000     0.122     0.072     0.010    -0.032    -0.003
   7 0 0 0 1 1 1 1  24  11   2   0   0   0   0     5.232    59.774    21.931     0.000     0.000     0.000     0.000   0   0   0   0   0   0   0     0.000     0.000     0.122    -0.005    -0.021     0.038     0.009
   7 0 0 0 1 1 1 1   1   0  13   0   0   0   0    21.720    21.017    54.752     0.000     0.000     0.000     0.000   0   0   0   0   0   0   0     0.000     0.000     0.122    -0.015    -0.174     0.012     0.096
   7 0 0 0 1 1 1 1  16  14   0   0   0   0   0    58.481    44.469    21.159     0.000     0.000     0.000     0.000   0   0   0   0   0   0   0     0.000     0.000     0.122     0.005    -0.013     0.178     0.022
   7 0 0 0 1 1 1 1  30  14   9   0   0   0   0     5.106    46.937    17.972     0.000     0.000     0.000     0.000   0   0   0   0   0   0   0     0.000     0.000     0.122    -0.008    -0.030     0.054     0.004
   7 0 0 0 1 1 1 1  31  14   2   0   0   0   0     5.347    45.023    21.931     0.000     0.000     0.000     0.000   0   0   0   0   0   0   0     0.000     0.000     0.122    -0.003    -0.016     0.035     0.009
   7 0 0 0 1 1 1 1  17  24   2   0   0   0   0    57.793     5.151    21.931     0.000     0.000     0.000     0.000   0   0   0   0   0   0   0     0.000     0.000     0.122    -0.039    -0.017     0.090     0.008
   7 0 0 0 1 1 1 1  16   0   2   0   0   0   0    58.481    21.283    22.149     0.000     0.000     0.000     0.000   0   0   0   0   0   0   0     0.000     0.000     0.122    -0.005     0.018     0.020     0.170
   7 0 0 0 1 1 1 1  25  17   0   0   0   0   0     5.926    57.489    21.159     0.000     0.000     0.000     0.000   0   0   0   0   0   0   0     0.000     0.000     0.122    -0.018    -0.000     0.066     0.011
   7 0 0 0 1 1 1 1   0   4  13   0   0   0   0    21.081    23.450    52.157     0.000     0.000     0.000     0.000   0   0   0   0   0   0   0     0.000     0.000     0.122    -0.022    -0.002     0.007     0.026
   7 0 0 0 1 1 1 1  20  24  14   0   0   0   0    62.478     5.229    44.022     0.000     0.000     0.000     0.000   0   0   0   0   0   0   0     0.000     0.000     0.122    -0.003     0.024    -0.166    -0.014
   7 0 0 0 1 1 1 1  16  14   0   0   0   0   0    58.481    44.858    21.159     0.000     0.000     0.000     0.000   0   0   0   0   0   0   0     0.000     0.000     0.122     0.003    -0.017     0.161     0.019
   7 0 0 0 1 1 1 1  17  17   0   0   0   0   0    59.219    57.576    21.081     0.000     0.000     0.000     0.000   0   0   0   0   0   0   0     0.000     0.000     0.122    -0.014     0.001     0.062     0.010
   7 0 0 0 1 1 1 1   0  16   2   0   0   0   0    21.237    58.481    21.931     0.000     0.000     0.000     0.000   0   0   0   0   0   0   0     0.000     0.000     0.122    -0.002    -0.035     0.031     0.011
   7 0 0 0 1 1 1 1  26  16  13   0   0   0   0     5.902    58.481    54.752     0.000     0.000     0.000     0.000   0   0   0   0   0   0   0     0.000     0.000     0.122    -0.003    -0.158     0.028     0.083
   7 0 0 0 1 1 1 1  16   0   0   0   0   0   0    58.481    21.365    21.159     0.000     0.000     0.000     0.000   0   0   0   0   0   0   0     0.000     0.000     0.122    -0.003     0.025     0.153     0.017
   7 0 0 0 1 1 1 1  14   2  14   0   0   0   0    43.567    22.222    46.937     0.000     0.000     0.000     0.000   0   0   0   0   0   0   0     0.000     0.000     0.122     0.059     0.008    -0.002    -0.025
   7 0 0 0 1 1 1 1  24  11  23   0   0   0   0     5.229    59.774     5.533     0.000     0.000     0.000     0.000   0   0   0   0   0   0   0     0.000     0.000     0.122    -0.003    -0.017     0.005     0.022
   7 0 0 0 1 1 1 1  17  24  14   0   0   0   0    57.793     5.151    45.193     0.000     0.000     0.000     0.000   0   0   0   0   0   0   0     0.000     0.000     0.122    -0.034    -0.014     0.007     0.078
   7 0 0 0 1 1 1 1  16  32   0   0   0   0   0    58.481     4.135    21.159     0.000     0.000     0.000     0.000   0   0   0   0   0   0   0     0.000     0.000     0.122    -0.014     0.003     0.145     0.016
   7 0 0 0 1 1 1 1  17   4   0   0   0   0   0    59.219    23.450    21.081     0.000     0.000     0.000     0.000   0   0   0   0   0   0   0     0.000     0.000     0.122    -0.020    -0.000     0.056     0.009
   7 0 0 0 1 1 1 1  24  11   2   0   0   0   0     5.229    59.774    21.931     0.000     0.000     0.000     0.000   0   0   0   0   0   0   0     0.000     0.000     0.122    -0.003    -0.016     0.028     0.006
   7 0 0 0 1 1 1 1  20  24  14   0   0   0   0    62.478     5.226    44.022     0.000     0.000     0.000     0.000   0   0   0   0   0   0   0     0.000     0.000     0.122    -0.004     0.020    -0.150    -0.012
   7 0 0 0 1 1 1 1  16  13   0   0   0   0   0    58.481    50.535    21.159     0.000     0.000     0.000     0.000   0   0   0   0   0   0   0     0.000     0.000     0.122     0.015    -0.004     0.138     0.015
   7 0 0 0 1 1 1 1  25  14   0   0   0   0   0     5.926    46.937    21.159     0.000     0.000     0.000     0.000   0   0   0   0   0   0   0     0.000     0.000     0.122    -0.001    -0.021     0.054     0.008
   7 0 0 0 1 1 1 1  26  16   2   0   0   0   0     5.899    58.481    21.931     0.000     0.000     0.000     0.000   0   0   0   0   0   0   0     0.000     0.000     0.122    -0.001    -0.034     0.026     0.010
   7 0 0 0 1 1 1 1  26  16   2   0   0   0   0     5.902    58.481    21.931     0.000     0.000     0.000     0.000   0   0   0   0   0   0   0     0.000     0.000     0.122    -0.002    -0.143     0.072     0.023
   7 0 0 0 1 1 1 1  16  14   2   0   0   0   0    58.481    44.881    22.149     0.000     0.000     0.000     0.000   0   0   0   0   0   0   0     0.000     0.000     0.122     0.002    -0.014     0.014     0.131
   7 0 0 0 1 1 1 1  32   2  20   0   0   0   0     4.187    21.658    62.478     0.000     0.000     0.000     0.000   0   0   0   0   0   0   0     0.000     0.000     0.122    -0.020    -0.004     0.005     0.051
   7 0 0 0 1 1 1 1  24  24   0   0   0   0   0     5.229     5.151    21.081     0.000     0.000     0.000     0.000   0   0   0   0   0   0   0     0.000     0.000     0.122    -0.009    -0.002    -0.000     0.011
   7 0 0 0 1 1 1 1  17  23   2   0   0   0   0    57.793     5.377    21.931     0.000     0.000     0.000     0.000   0   0   0   0   0   0   0     0.000     0.000     0.122    -0.035    -0.015     0.067     0.006
   7 0 0 0 1 1 1 1  17  31   0   0   0   0   0    59.219     5.292    21.081     0.000     0.000     0.000     0.000   0   0   0   0   0   0   0     0.000     0.000     0.122    -0.014     0.000     0.125     0.019
   7 0 0 0 1 1 1 1  17  17   0   0   0   0   0    59.219    57.751    21.081     0.000     0.000     0.000     0.000   0   0   0   0   0   0   0     0.000     0.000     0.122    -0.008     0.002     0.048     0.008
   7 0 0 0 1 1 1 1  26  16   2   0   0   0   0     5.902    58.481    21.931     0.000     0.000     0.000     0.000   0   0   0   0   0   0   0     0.000     0.000     0.122    -0.000    -0.032     0.023     0.009
   7 0 0 0 1 1 1 1  17  24   2   0   0   0   0    57.850     5.151    21.931     0.000     0.000     0.000     0.000   0   0   0   0   0   0   0     0.000     0.000     0.122    -0.027    -0.009     0.063     0.006
   7 0 0 0 1 1 1 1  16   0   0   0   0   0   0    58.481    21.365    21.159     0.000     0.000     0.000     0.000   0   0   0   0   0   0   0     0.000     0.000     0.122    -0.002     0.021     0.118     0.011
   7 0 0 0 1 1 1 1  14   2  28   0   0   0   0    43.587    22.222     5.591     0.000     0.000     0.000     0.000   0   0   0   0   0   0   0     0.000     0.000     0.122     0.046     0.006    -0.016    -0.002
   7 0 0 0 1 1 1 1  24  11   2   0   0   0   0     5.227    59.774    21.931     0.000     0.000     0.000     0.000   0   0   0   0   0   0   0     0.000     0.000     0.122    -0.002    -0.014     0.022     0.004
   7 0 0 0 1 1 1 1   0  16  13   0   0   0   0    21.237    58.481    54.752     0.000     0.000     0.000     0.000   0   0   0   0   0   0   0     0.000     0.000     0.122    -0.003    -0.136     0.016     0.059
   7 0 0 0 1 1 1 1  16  14   0   0   0   0   0    58.481    43.648    21.159     0.000     0.000     0.000     0.000   0   0   0   0   0   0   0     0.000     0.000     0.122     0.008    -0.004     0.112     0.011
   7 0 0 0 1 1 1 1  17  26   0   0   0   0   0    59.219     5.737    21.081     0.000     0.000     0.000     0.000   0   0   0   0   0   0   0     0.000     0.000     0.122    -0.006     0.002     0.044     0.007
   7 0 0 0 1 1 1 1  24  11   2   0   0   0   0     5.229    59.774    21.931     0.000     0.000     0.000     0.000   0   0   0   0   0   0   0     0.000     0.000     0.122    -0.002    -0.013     0.020     0.004
   7 0 0 0 1 1 1 1  17   0  23   0   0   0   0    57.793    20.668     5.533     0.000     0.000     0.000     0.000   0   0   0   0   0   0   0     0.000     0.000     0.122    -0.035    -0.013     0.003     0.040
   7 0 0 0 1 1 1 1  16  14   0   0   0   0   0    58.481    44.335    21.159     0.000     0.000     0.000     0.000   0   0   0   0   0   0   0     0.000     0.000     0.122     0.004    -0.007     0.107     0.010
   7 0 0 0 1 1 1 1  17  14   0   0   0   0   0    59.219    45.023    21.081     0.000     0.000     0.000     0.000   0   0   0   0   0   0   0     0.000     0.000     0.122     0.000    -0.012     0.041     0.006
   7 0 0 0 1 1 1 1  17  11  13   0   0   0   0    57.850    59.774    54.064     0.000     0.000     0.000     0.000   0   0   0   0   0   0   0     0.000     0.000     0.122    -0.004    -0.012     0.001     0.013
   7 0 0 0 1 1 1 1  20  24  14   0   0   0   0    62.478     5.223    44.022     0.000     0.000     0.000     0.000   0   0   0   0   0   0   0     0.000     0.000     0.122    -0.006     0.014    -0.130    -0.007
   7 0 0 0 1 1 1 1  17  31   0   0   0   0   0    59.219     5.290    21.081     0.000     0.000     0.000     0.000   0   0   0   0   0   0   0     0.000     0.000     0.122    -0.012     0.000     0.102     0.015
   7 0 0 0 1 1 1 1  25  20   0   0   0   0   0     5.926    62.457    21.159     0.000     0.000     0.000     0.000   0   0   0   0   0   0   0     0.000     0.000     0.122     0.002    -0.006     0.039     0.006
   7 0 0 0 1 1 1 1  26  16  13   0   0   0   0     5.902    58.481    54.752     0.000     0.000     0.000     0.000   0   0   0   0   0   0   0     0.000     0.000     0.122    -0.000    -0.031     0.007     0.018
   7 0 0 0 1 1 1 1  26  16   2   0   0   0   0     5.902    58.481    21.931     0.000     0.000     0.000     0.000   0   0   0   0   0   0   0     0.000     0.000     0.122    -0.001    -0.123     0.052     0.016
   7 0 0 0 1 1 1 1  17   0   0   0   0   0   0    59.219    20.661    21.081     0.000     0.000     0.000     0.000   0   0   0   0   0   0   0     0.000     0.000     0.122    -0.013     0.000     0.096     0.013
   7 0 0 0 1 1 1 1  17   2   0   0   0   0   0    59.219    21.938    21.081     0.000     0.000     0.000     0.000   0   0   0   0   0   0   0     0.000     0.000     0.122    -0.014    -0.000     0.037     0.006
   7 0 0 0 1 1 1 1  17  24  25   0   0   0   0    58.142     5.165     5.901     0.000     0.000     0.000     0.000   0   0   0   0   0   0   0     0.000     0.000     0.122    -0.006    -0.000     0.013     0.000
   7 0 0 0 1 1 1 1  24   0   2   0   0   0   0     5.165    20.670    21.931     0.000     0.000     0.000     0.000   0   0   0   0   0   0   0     0.000     0.000     0.122    -0.032    -0.015     0.048     0.003
   7 0 0 0 1 1 1 1  17  14   0   0   0   0   0    59.219    44.758    21.081     0.000     0.000     0.000     0.000   0   0   0   0   0   0   0     0.000     0.000     0.122     0.001    -0.007     0.092     0.012
   7 0 0 0 1 1 1 1  14   2  28   0   0   0   0    43.648    22.222     5.595     0.000     0.000     0.000     0.000   0   0   0   0   0   0   0     0.000     0.000     0.122     0.036     0.004    -0.013    -0.001
   7 0 0 0 1 1 1 1  32  14   4   0   0   0   0     4.207    43.497    23.657     0.000     0.000     0.000     0.000   0   0   0   0   0   0   0     0.000     0.000     0.122    -0.029    -0.001     0.009     0.003
   7 0 0 0 1 1 1 1  30  14  23   0   0   0   0     5.137    43.874     5.453     0.000     0.000     0.000     0.000   0   0   0   0   0   0   0     0.000     0.000     0.122    -0.117    -0.005     0.005     0.024
   7 0 0 0 1 1 1 1  24  11   0   0   0   0   0     5.345    59.564    21.081     0.000     0.000     0.000     0.000   0   0   0   0   0   0   0     0.000     0.000     0.122    -0.000    -0.013     0.087     0.012
   7 0 0 0 1 1 1 1  17  17   0   0   0   0   0    59.219    57.793    21.081     0.000     0.000     0.000     0.000   0   0   0   0   0   0   0     0.000     0.000     0.122    -0.005     0.001     0.034     0.005
   7 0 0 0 1 1 1 1  24  22  20   0   0   0   0     5.227     4.988    62.478     0.000     0.000     0.000     0.000   0   0   0   0   0   0   0     0.000     0.000     0.122    -0.005     0.000     0.005    -0.009
   7 0 0 0 1 1 1 1  17  23   2   0   0   0   0    57.850     5.377    21.931     0.000     0.000     0.000     0.000   0   0   0   0   0   0   0     0.000     0.000     0.122    -0.024    -0.008     0.046     0.004
   7 0 0 0 1 1 1 1  16   0   0   0   0   0   0    58.481    21.185    21.159     0.000     0.000     0.000     0.000   0   0   0   0   0   0   0     0.000     0.000     0.122    -0.002     0.009     0.083     0.005
   7 0 0 0 1 1 1 1  25   2   0   0   0   0   0     5.926    21.780    21.159     0.000     0.000     0.000     0.000   0   0   0   0   0   0   0     0.000     0.000     0.122    -0.011    -0.000     0.032     0.005
   7 0 0 0 1 1 1 1  26  16   2   0   0   0   0     5.902    58.481    21.931     0.000     0.000     0.000     0.000   0   0   0   0   0   0   0     0.000     0.000     0.122    -0.000    -0.027     0.016     0.005
   7 0 0 0 1 1 1 1  27  13   2   0   0   0   0     5.380    54.936    22.278     0.000     0.000     0.000     0.000   0   0   0   0   0   0   0     0.000     0.000     0.122     0.007     0.051    -0.111    -0.003
   7 0 0 0 1 1 1 1  16   0   0   0   0   0   0    58.481    21.365    21.159     0.000     0.000     0.000     0.000   0   0   0   0   0   0   0     0.000     0.000     0.122    -0.001     0.014     0.079     0.005
   7 0 0 0 1 1 1 1  17  29  17   0   0   0   0    59.219     5.503    60.362     0.000     0.000     0.000     0.000   0   0   0   0   0   0   0     0.000     0.000     0.122    -0.006     0.000     0.017    -0.007
   7 0 0 0 1 1 1 1   6  28   0   0   0   0   0    20.307     5.557    20.688     0.000     0.000     0.000     0.000   0   0   0   0   0   0   0     0.000     0.000     0.122    -0.002     0.008    -0.009    -0.002
   7 0 0 0 1 1 1 1  17   0   2   0   0   0   0    57.576    20.670    21.931     0.000     0.000     0.000     0.000   0   0   0   0   0   0   0     0.000     0.000     0.122    -0.026    -0.012     0.041     0.002
   7 0 0 0 1 1 1 1  16  20   0   0   0   0   0    58.481    62.280    21.159     0.000     0.000     0.000     0.000   0   0   0   0   0   0   0     0.000     0.000     0.122     0.004    -0.003     0.075     0.004
   7 0 0 0 1 1 1 1  25  20   0   0   0   0   0     5.926    62.457    21.159     0.000     0.000     0.000     0.000   0   0   0   0   0   0   0     0.000     0.000     0.122     0.001    -0.004     0.030     0.004
   7 0 0 0 1 1 1 1   0  16   2   0   0   0   0    21.237    58.481    21.931     0.000     0.000     0.000     0.000   0   0   0   0   0   0   0     0.000     0.000     0.122    -0.001    -0.026     0.014     0.004
   7 0 0 0 1 1 1 1  20  22  25   0   0   0   0    62.284     5.003     5.926     0.000     0.000     0.000     0.000   0   0   0   0   0   0   0     0.000     0.000     0.122     0.005     0.021    -0.003    -0.064
   7 0 0 0 1 1 1 1  17  11   0   0   0   0   0    59.219    59.564    21.081     0.000     0.000     0.000     0.000   0   0   0   0   0   0   0     0.000     0.000     0.122     0.000    -0.011     0.071     0.009
   7 0 0 0 1 1 1 1  17   2   0   0   0   0   0    59.219    21.938    21.081     0.000     0.000     0.000     0.000   0   0   0   0   0   0   0     0.000     0.000     0.122    -0.010    -0.000     0.028     0.004
   7 0 0 0 1 1 1 1  24  14  25   0   0   0   0     5.260    45.023     5.890     0.000     0.000     0.000     0.000   0   0   0   0   0   0   0     0.000     0.000     0.122    -0.001    -0.007     0.013     0.000
   7 0 0 0 1 1 1 1  15  16   2   0   0   0   0    53.718    58.481    21.780     0.000     0.000     0.000     0.000   0   0   0   0   0   0   0     0.000     0.000     0.122     0.000    -0.103     0.047     0.014
   7 0 0 0 1 1 1 1  17  32   0   0   0   0   0    59.219     4.133    21.081     0.000     0.000     0.000     0.000   0   0   0   0   0   0   0     0.000     0.000     0.122    -0.007     0.001     0.067     0.008
   7 0 0 0 1 1 1 1  14   2  28   0   0   0   0    43.648    22.222     5.595     0.000     0.000     0.000     0.000   0   0   0   0   0   0   0     0.000     0.000     0.122     0.027     0.003    -0.010    -0.001
   7 0 0 0 1 1 1 1   0  16   2   0   0   0   0    21.237    58.481    21.931     0.000     0.000     0.000     0.000   0   0   0   0   0   0   0     0.000     0.000     0.122    -0.000    -0.025     0.013     0.004
   7 0 0 0 1 1 1 1  24  11  17   0   0   0   0     5.165    59.756    60.362     0.000     0.000     0.000     0.000   0   0   0   0   0   0   0     0.000     0.000     0.122    -0.010    -0.024     0.002     0.038
   7 0 0 0 1 1 1 1  24   0   0   0   0   0   0     5.345    20.590    21.081     0.000     0.000     0.000     0.000   0   0   0   0   0   0   0     0.000     0.000     0.122    -0.015    -0.000     0.064     0.008
   7 0 0 0 1 1 1 1  17  14  17   0   0   0   0    59.219    45.091    60.362     0.000     0.000     0.000     0.000   0   0   0   0   0   0   0     0.000     0.000     0.122     0.000    -0.007     0.014    -0.006
   7 0 0 0 1 1 1 1  17  11  14   0   0   0   0    57.850    59.774    44.573     0.000     0.000     0.000     0.000   0   0   0   0   0   0   0     0.000     0.000     0.122    -0.002    -0.008     0.001     0.010
   7 0 0 0 1 1 1 1  26  16   2   0   0   0   0     5.899    58.481    21.780     0.000     0.000     0.000     0.000   0   0   0   0   0   0   0     0.000     0.000     0.122    -0.000    -0.098     0.043     0.012
   7 0 0 0 1 1 1 1  24   0   0   0   0   0   0     5.345    20.590    21.081     0.000     0.000     0.000     0.000   0   0   0   0   0   0   0     0.000     0.000     0.122    -0.014    -0.000     0.061     0.007
   7 0 0 0 1 1 1 1  25  20   0   0   0   0   0     5.926    62.457    21.159     0.000     0.000     0.000     0.000   0   0   0   0   0   0   0     0.000     0.000     0.122     0.001    -0.003     0.025     0.003
   7 0 0 0 1 1 1 1  24  14  25   0   0   0   0     5.260    44.920     5.890     0.000     0.000     0.000     0.000   0   0   0   0   0   0   0     0.000     0.000     0.122    -0.000    -0.005     0.012    -0.000
   7 0 0 0 1 1 1 1  17  11  10   0   0   0   0    57.850    59.774    15.067     0.000     0.000     0.000     0.000   0   0   0   0   0   0   0     0.000     0.000     0.122    -0.007    -0.022    -0.022     0.006
   7 0 0 0 1 1 1 1  16  20   9   0   0   0   0    58.481    62.246    18.011     0.000     0.000     0.000     0.000   0   0   0   0   0   0   0     0.000     0.000     0.122     0.004    -0.003     0.039    -0.017
   7 0 0 0 1 1 1 1  25  20  11   0   0   0   0     5.926    62.390    53.406     0.000     0.000     0.000     0.000   0   0   0   0   0   0   0     0.000     0.000     0.122     0.001    -0.003     0.003     0.023
   7 0 0 0 1 1 1 1   0  16   2   0   0   0   0    21.237    58.481    21.931     0.000     0.000     0.000     0.000   0   0   0   0   0   0   0     0.000     0.000     0.122    -0.000    -0.023     0.010     0.003
   7 0 0 0 1 1 1 1  15  16   0   0   0   0   0    53.718    58.481    21.291     0.000     0.000     0.000     0.000   0   0   0   0   0   0   0     0.000     0.000     0.122     0.000    -0.092     0.012     0.042
   7 0 0 0 1 1 1 1  24  11   0   0   0   0   0     5.345    59.973    21.081     0.000     0.000     0.000     0.000   0   0   0   0   0   0   0     0.000     0.000     0.122    -0.000    -0.011     0.056     0.006
   7 0 0 0 1 1 1 1  17   2   0   0   0   0   0    59.219    21.538    21.081     0.000     0.000     0.000     0.000   0   0   0   0   0   0   0     0.000     0.000     0.122    -0.008    -0.000     0.022     0.002
   7 0 0 0 1 1 1 1   6  28  24   0   0   0   0    20.307     5.557     5.220     0.000     0.000     0.000     0.000   0   0   0   0   0   0   0     0.000     0.000     0.122    -0.001     0.006    -0.003     0.001
   7 0 0 0 1 1 1 1  26  16   2   0   0   0   0     5.902    58.481    21.780     0.000     0.000     0.000     0.000   0   0   0   0   0   0   0     0.000     0.000     0.122    -0.000    -0.087     0.040     0.010
   7 0 0 0 1 1 1 1  17  31   0   0   0   0   0    59.219     5.290    21.081     0.000     0.000     0.000     0.000   0   0   0   0   0   0   0     0.000     0.000     0.122    -0.006     0.000     0.053     0.005
   7 0 0 1 1 1 1 1   0  14   0   0   0   0   0    21.584    45.569    21.081     0.000     0.000     0.000     0.000   0   0   0   0   0   0   0     0.000     0.000     0.011     0.000    -0.007     0.053     0.005
   7 0 0 0 1 1 1 1  12  11   4   0   0   0   0    53.789    45.222    23.450     0.000     0.000     0.000     0.000   0   0   0   0   0   0   0     0.000     0.000     0.011    -0.007     0.004    -0.017    -0.000
   7 0 0 0 1 1 1 1  17   0   2   0   0   0   0    57.576    20.670    21.780     0.000     0.000     0.000     0.000   0   0   0   0   0   0   0     0.000     0.000     0.011    -0.020    -0.009     0.038     0.002
   7 0 0 0 1 1 1 1  24  11   0   0   0   0   0     5.345    60.270    21.081     0.000     0.000     0.000     0.000   0   0   0   0   0   0   0     0.000     0.000     0.011    -0.000    -0.012     0.050     0.005
   7 0 0 0 1 1 1 1  17   2   9   0   0   0   0    57.982    21.538    17.972     0.000     0.000     0.000     0.000   0   0   0   0   0   0   0     0.000     0.000     0.011    -0.007    -0.001     0.012     0.001
   7 0 0 0 1 1 1 1  26  16   2   0   0   0   0     5.899    58.481    21.931     0.000     0.000     0.000     0.000   0   0   0   0   0   0   0     0.000     0.000     0.011    -0.000    -0.021     0.009     0.003
   7 0 0 0 1 1 1 1   0   0  12   0   0   0   0    21.081    21.075    52.454     0.000     0.000     0.000     0.000   0   0   0   0   0   0   0     0.000     0.000     0.011    -0.001    -0.083     0.001     0.024
   7 0 0 0 1 1 1 1  26   0   0   0   0   0   0     5.886    20.590    21.159     0.000     0.000     0.000     0.000   0   0   0   0   0   0   0     0.000     0.000     0.011    -0.011    -0.001     0.048     0.005
   7 0 0 1 1 1 1 1   0  16   0   0   0   0   0    21.584    58.481    21.159     0.000     0.000     0.000     0.000   0   0   0   0   0   0   0     0.000     0.000     0.010    -0.001     0.006     0.048     0.005
   7 0 0 0 1 1 1 1   6  28  24   0   0   0   0    20.307     5.557     5.220     0.000     0.000     0.000     0.000   0   0   0   0   0   0   0     0.000     0.000     0.010    -0.001     0.005    -0.003     0.001
   7 0 0 0 1 1 1 1  17  22  10   0   0   0   0    57.850     4.985    15.067     0.000     0.000     0.000     0.000   0   0   0   0   0   0   0     0.000     0.000     0.010    -0.012    -0.002    -0.019     0.005
   7 0 0 0 1 1 1 1  24   0   0   0   0   0   0     5.345    20.590    21.081     0.000     0.000     0.000     0.000   0   0   0   0   0   0   0     0.000     0.000     0.010    -0.010    -0.000     0.045     0.004
   7 0 0 0 1 1 1 1  14   2  28   0   0   0   0    44.035    22.222     5.617     0.000     0.000     0.000     0.000   0   0   0   0   0   0   0     0.000     0.000     0.010     0.020     0.001    -0.007    -0.001
   7 0 0 0 1 1 1 1  12  12  18   0   0   0   0    53.789    52.454    45.641     0.000     0.000     0.000     0.000   0   0   0   0   0   0   0     0.000     0.000     0.010     0.001     0.007    -0.000    -0.015
   7 0 0 1 1 1 1 1  15  10  18   0   0   0   0    54.819    15.067    45.641     0.000     0.000     0.000     0.000   0   0   0   0   0   0   0     0.000     0.000     0.035    -0.025     0.001    -0.000    -0.015
   7 0 0 0 1 1 1 1  26  15   0   0   0   0   0     5.886    52.607    21.159     0.000     0.000     0.000     0.000   0   0   0   0   0   0   0     0.000     0.000     0.035    -0.000    -0.005     0.043     0.004
   7 0 0 1 1 1 1 1   0  16   0   0   0   0   0    21.584    58.481    21.159     0.000     0.000     0.000     0.000   0   0   0   0   0   0   0     0.000     0.000     0.009    -0.001     0.006     0.043     0.004
   7 0 0 0 1 1 1 1   0  16  17   0   0   0   0    21.253    58.481    59.255     0.000     0.000     0.000     0.000   0   0   0   0   0   0   0     0.000     0.000     0.009    -0.000    -0.013     0.002     0.007
   7 0 0 0 1 1 1 1  15  16   2   0   0   0   0    53.718    58.481    21.780     0.000     0.000     0.000     0.000   0   0   0   0   0   0   0     0.000     0.000     0.009     0.000    -0.076     0.034     0.010
   7 0 0 0 1 1 1 1  10   1   4   0   0   0   0    15.067    21.761    23.450     0.000     0.000     0.000     0.000   0   0   0   0   0   0   0     0.000     0.000     0.009     0.041     0.003    -0.014     0.001
   7 0 0 0 1 1 1 1  14  15  28   0   0   0   0    44.035    52.712     5.617     0.000     0.000     0.000     0.000   0   0   0   0   0   0   0     0.000     0.000     0.009     0.001     0.019    -0.006    -0.001
   7 0 0 0 1 1 1 1   0  16   2   0   0   0   0    21.237    58.481    21.780     0.000     0.000     0.000     0.000   0   0   0   0   0   0   0     0.000     0.000     0.009    -0.000    -0.019     0.008     0.002
   7 0 0 1 1 1 1 1  15  16   2   0   0   0   0    54.604    58.481    21.780     0.000     0.000     0.000     0.000   0   0   0   0   0   0   0     0.000     0.000     0.027     0.000    -0.045     0.008     0.002
   7 0 0 0 1 1 1 1  14   2  17   0   0   0   0    43.554    22.222    60.636     0.000     0.000     0.000     0.000   0   0   0   0   0   0   0     0.000     0.000     0.027     0.039     0.004    -0.001    -0.017
   7 0 0 1 1 1 1 1   0   2  17   0   0   0   0    21.584    21.780    60.636     0.000     0.000     0.000     0.000   0   0   0   0   0   0   0     0.000     0.000     0.008    -0.005     0.000    -0.001    -0.017
   7 0 0 0 1 1 1 1   6  28   0   0   0   0   0    20.334     5.557    20.700     0.000     0.000     0.000     0.000   0   0   0   0   0   0   0     0.000     0.000     0.008    -0.001     0.003    -0.005    -0.001
   7 0 0 0 1 1 1 1   6  28  24   0   0   0   0    20.357     5.557     5.142     0.000     0.000     0.000     0.000   0   0   0   0   0   0   0     0.000     0.000     0.008    -0.007     0.010    -0.017    -0.004
   7 0 0 0 1 1 1 1  17  14   0   0   0   0   0    59.219    44.700    21.081     0.000     0.000     0.000     0.000   0   0   0   0   0   0   0     0.000     0.000     0.008     0.001    -0.003     0.037     0.003
   7 0 0 1 1 1 1 1   0  16   0   0   0   0   0    21.584    58.481    21.081     0.000     0.000     0.000     0.000   0   0   0   0   0   0   0     0.000     0.000     0.007    -0.000     0.005     0.037     0.003
   7 0 0 0 1 1 1 1  24  14  25   0   0   0   0     5.260    44.920     5.890     0.000     0.000     0.000     0.000   0   0   0   0   0   0   0     0.000     0.000     0.007    -0.000    -0.004     0.008    -0.000
   7 0 0 0 1 1 1 1   0  16   2   0   0   0   0    21.237    58.481    21.780     0.000     0.000     0.000     0.000   0   0   0   0   0   0   0     0.000     0.000     0.007    -0.001    -0.070     0.030     0.007
   7 0 0 0 1 1 1 1  24  11  20   0   0   0   0     5.345    59.774    62.478     0.000     0.000     0.000     0.000   0   0   0   0   0   0   0     0.000     0.000     0.007    -0.000    -0.006     0.002     0.029
   7 0 0 0 1 1 1 1  14   2  28   0   0   0   0    43.648    22.222     5.595     0.000     0.000     0.000     0.000   0   0   0   0   0   0   0     0.000     0.000     0.007     0.018     0.001    -0.006    -0.000
   7 0 0 0 1 1 1 1   0  16   2   0   0   0   0    21.237    58.481    21.780     0.000     0.000     0.000     0.000   0   0   0   0   0   0   0     0.000     0.000     0.007    -0.000    -0.018     0.007     0.002
   7 0 0 0 1 1 1 1  27  13   0   0   0   0   0     5.380    53.213    21.019     0.000     0.000     0.000     0.000   0   0   0   0   0   0   0     0.000     0.000     0.007     0.003     0.020    -0.002    -0.067
   7 0 0 0 1 1 1 1  14   2  17   0   0   0   0    43.567    22.222    60.636     0.000     0.000     0.000     0.000   0   0   0   0   0   0   0     0.000     0.000     0.007     0.034     0.003    -0.001    -0.016
   7 0 1 0 1 1 1 1  13   2   2   0   0   0   0    47.725    22.222    22.149     0.000     0.000     0.000     0.000   0   0   0   0   0   0   0     0.000     0.007     0.007     0.034     0.003    -0.004     0.000
   7 0 0 0 1 1 1 1   6  28  25   0   0   0   0    20.298     5.557     5.706     0.000     0.000     0.000     0.000   0   0   0   0   0   0   0     0.000     0.007     0.007    -0.001     0.004    -0.002     0.001
   7 0 0 0 1 1 1 1  20   1  25   0   0   0   0    62.284    21.719     5.926     0.000     0.000     0.000     0.000   0   0   0   0   0   0   0     0.000     0.007     0.007     0.025     0.003    -0.002    -0.038
   7 0 0 0 1 1 1 1  24   0   0   0   0   0   0     5.345    20.590    21.081     0.000     0.000     0.000     0.000   0   0   0   0   0   0   0     0.000     0.007     0.007    -0.008    -0.000     0.032     0.003
   7 0 0 0 1 1 1 1  14   2  28   0   0   0   0    44.035    22.222     5.617     0.000     0.000     0.000     0.000   0   0   0   0   0   0   0     0.000     0.007     0.007     0.017     0.001    -0.005    -0.000
   7 0 0 0 1 1 1 1  31   2   9   0   0   0   0     5.295    21.490    17.959     0.000     0.000     0.000     0.000   0   0   0   0   0   0   0     0.000     0.007     0.007     0.003    -0.003     0.007     0.000
   7 0 0 1 1 1 1 1  17  16   9   0   0   0   0    60.362    58.481    17.959     0.000     0.000     0.000     0.000   0   0   0   0   0   0   0     0.000     0.007     0.024     0.000    -0.038     0.007     0.000
   7 0 0 0 1 1 1 1  14   2  27   0   0   0   0    43.567    22.222     5.215     0.000     0.000     0.000     0.000   0   0   0   0   0   0   0     0.000     0.007     0.024     0.030     0.003    -0.016    -0.001
   7 0 0 1 1 1 1 1   0  16  27   0   0   0   0    21.584    58.481     5.215     0.000     0.000     0.000     0.000   0   0   0   0   0   0   0     0.000     0.007     0.006    -0.000     0.005    -0.016    -0.001
   7 0 0 0 1 1 1 1  10  25   5   0   0   0   0    15.327     5.926    22.663     0.000     0.000     0.000     0.000   0   0   0   0   0   0   0     0.000     0.007     0.006    -0.000    -0.011     0.001     0.003
   7 0 0 0 1 1 1 1   6  28  24   0   0   0   0    20.334     5.557     5.142     0.000     0.000     0.000     0.000   0   0   0   0   0   0   0     0.000     0.007     0.006    -0.006     0.010    -0.015    -0.003
   7 0 0 0 1 1 1 1  10   3   4   0   0   0   0    15.067    23.160    23.450     0.000     0.000     0.000     0.000   0   0   0   0   0   0   0     0.000     0.007     0.006     0.000     0.024    -0.012     0.000
   7 0 0 0 1 1 1 1  14   2  28   0   0   0   0    44.035    22.222     5.617     0.000     0.000     0.000     0.000   0   0   0   0   0   0   0     0.000     0.007     0.006     0.016     0.001    -0.005    -0.000
   7 0 0 0 1 1 1 1   0  16   2   0   0   0   0    21.237    58.481    21.780     0.000     0.000     0.000     0.000   0   0   0   0   0   0   0     0.000     0.007     0.006    -0.000    -0.016     0.006     0.002
   7 0 0 0 1 1 1 1   0  16   2   0   0   0   0    21.237    58.481    21.780     0.000     0.000     0.000     0.000   0   0   0   0   0   0   0     0.000     0.007     0.006    -0.001    -0.059     0.026     0.006
