  288
   1 1   0     0.000   0     4.886
   1 1   0     0.000   0     5.541
   1 1   0     0.000   0     5.849
   1 1   0     0.000   0     6.182
   7 0 0 0 1 1 1 1  19  24   3   0   0   0   0    65.694     5.265    22.421     0.000     0.000     0.000     0.000   0   0   0   0   0   0   0     0.000     0.000     0.000    -0.162    -0.035     0.489     0.155
   7 0 0 0 1 1 1 1  26  25  25   0   0   0   0     5.789     5.620     5.802     0.000     0.000     0.000     0.000   0   0   0   0   0   0   0     0.000     0.000     0.000    -0.169    -0.062    -0.013     0.042
   7 0 0 0 1 1 1 1  26  12  31   0   0   0   0     5.843    49.144     5.507     0.000     0.000     0.000     0.000   0   0   0   0   0   0   0     0.000     0.000     0.000    -0.223    -0.096    -0.008     0.078
   7 0 0 0 1 1 1 1  24  14  28   0   0   0   0     5.464    47.280     5.675     0.000     0.000     0.000     0.000   0   0   0   0   0   0   0     0.000     0.000     0.000    -0.198    -0.718     0.042     0.172
   7 0 0 0 1 1 1 1  16  24   3   0   0   0   0    57.738     5.265    22.421     0.000     0.000     0.000     0.000   0   0   0   0   0   0   0     0.000     0.000     0.000    -0.147    -0.044     0.465     0.115
   7 0 0 0 1 1 1 1  26  25  25   0   0   0   0     5.789     5.620     5.802     0.000     0.000     0.000     0.000   0   0   0   0   0   0   0     0.000     0.000     0.000    -0.154    -0.056    -0.012     0.038
   7 0 0 0 1 1 1 1  26  24  31   0   0   0   0     5.843     5.265     5.513     0.000     0.000     0.000     0.000   0   0   0   0   0   0   0     0.000     0.000     0.000    -0.181    -0.068    -0.002     0.074
   7 0 0 0 1 1 1 1  24  29  30   0   0   0   0     5.464     5.620     5.669     0.000     0.000     0.000     0.000   0   0   0   0   0   0   0     0.000     0.000     0.000    -0.420    -0.134     0.040     0.156
   7 0 0 0 1 1 1 1  19  24   3   0   0   0   0    65.694     5.321    22.421     0.000     0.000     0.000     0.000   0   0   0   0   0   0   0     0.000     0.000     0.000    -0.121    -0.026     0.441     0.129
   7 0 0 0 1 1 1 1  26  25  25   0   0   0   0     5.789     5.620     5.802     0.000     0.000     0.000     0.000   0   0   0   0   0   0   0     0.000     0.000     0.000    -0.140    -0.051    -0.010     0.034
   7 0 0 0 1 1 1 1  26  12  31   0   0   0   0     5.843    49.144     5.507     0.000     0.000     0.000     0.000   0   0   0   0   0   0   0     0.000     0.000     0.000    -0.187    -0.077    -0.007     0.064
   7 0 0 0 1 1 1 1  24  14   5   0   0   0   0     5.464    47.280    22.734     0.000     0.000     0.000     0.000   0   0   0   0   0   0   0     0.000     0.000     0.000    -0.159    -0.642     0.041     0.147
   7 0 0 0 1 1 1 1  19  25   3   0   0   0   0    65.694     5.542    22.421     0.000     0.000     0.000     0.000   0   0   0   0   0   0   0     0.000     0.000     0.000    -0.151    -0.029     0.419     0.116
   7 0 0 0 1 1 1 1  26  25  25   0   0   0   0     5.789     5.467     5.802     0.000     0.000     0.000     0.000   0   0   0   0   0   0   0     0.000     0.000     0.000    -0.147    -0.056    -0.009     0.031
   7 0 0 0 1 1 1 1  26  14  31   0   0   0   0     5.843    47.280     5.513     0.000     0.000     0.000     0.000   0   0   0   0   0   0   0     0.000     0.000     0.000    -0.090    -0.260    -0.002     0.060
   7 0 0 0 1 1 1 1  24   0  17   0   0   0   0     5.480    21.156    56.387     0.000     0.000     0.000     0.000   0   0   0   0   0   0   0     0.000     0.000     0.000    -0.327    -0.087     0.127     0.032
   7 0 0 0 1 1 1 1  16  25   3   0   0   0   0    57.738     5.542    22.421     0.000     0.000     0.000     0.000   0   0   0   0   0   0   0     0.000     0.000     0.000    -0.137    -0.036     0.398     0.088
   7 0 0 0 1 1 1 1  25   3  25   0   0   0   0     5.664    22.379     5.781     0.000     0.000     0.000     0.000   0   0   0   0   0   0   0     0.000     0.000     0.000    -0.182    -0.064    -0.014     0.026
   7 0 0 0 1 1 1 1  26  24   6   0   0   0   0     5.843     5.265    21.066     0.000     0.000     0.000     0.000   0   0   0   0   0   0   0     0.000     0.000     0.000    -0.140    -0.045     0.013     0.076
   7 0 0 0 1 1 1 1  29  14  23   0   0   0   0     5.711    47.280     5.733     0.000     0.000     0.000     0.000   0   0   0   0   0   0   0     0.000     0.000     0.000    -0.195    -0.577    -0.048     0.096
   7 0 0 0 1 1 1 1  19  24   3   0   0   0   0    65.694     5.321    22.421     0.000     0.000     0.000     0.000   0   0   0   0   0   0   0     0.000     0.000     0.000    -0.094    -0.019     0.378     0.097
   7 0 0 0 1 1 1 1  26   3  25   0   0   0   0     5.789    22.379     5.825     0.000     0.000     0.000     0.000   0   0   0   0   0   0   0     0.000     0.000     0.000    -0.170    -0.055    -0.004     0.028
   7 0 0 0 1 1 1 1  26  14  31   0   0   0   0     5.843    47.280     5.503     0.000     0.000     0.000     0.000   0   0   0   0   0   0   0     0.000     0.000     0.000    -0.072    -0.234    -0.008     0.048
   7 0 0 0 1 1 1 1  29  14  28   0   0   0   0     5.696    47.280     5.595     0.000     0.000     0.000     0.000   0   0   0   0   0   0   0     0.000     0.000     0.000    -0.186    -0.539    -0.048     0.086
   7 0 0 0 1 1 1 1  16  25   3   0   0   0   0    57.738     5.542    22.421     0.000     0.000     0.000     0.000   0   0   0   0   0   0   0     0.000     0.000     0.000    -0.117    -0.029     0.359     0.073
   7 0 0 0 1 1 1 1  25  30  25   0   0   0   0     5.664     4.883     5.820     0.000     0.000     0.000     0.000   0   0   0   0   0   0   0     0.000     0.000     0.000    -0.167    -0.052    -0.006     0.024
   7 0 0 0 1 1 1 1  24   3  31   0   0   0   0     5.339    22.421     5.500     0.000     0.000     0.000     0.000   0   0   0   0   0   0   0     0.000     0.000     0.000    -0.218    -0.073    -0.011     0.042
   7 0 0 0 1 1 1 1  24   3  29   0   0   0   0     5.329    22.421     5.803     0.000     0.000     0.000     0.000   0   0   0   0   0   0   0     0.000     0.000     0.000    -0.503    -0.145    -0.039     0.075
   7 0 0 0 1 1 1 1  19  24   3   0   0   0   0    65.694     5.321    22.421     0.000     0.000     0.000     0.000   0   0   0   0   0   0   0     0.000     0.000     0.000    -0.079    -0.015     0.341     0.080
   7 0 0 0 1 1 1 1  26   3   3   0   0   0   0     5.789    22.379    24.178     0.000     0.000     0.000     0.000   0   0   0   0   0   0   0     0.000     0.000     0.000    -0.151    -0.046     0.005     0.035
   7 0 0 0 1 1 1 1  24   3  31   0   0   0   0     5.265    22.421     5.513     0.000     0.000     0.000     0.000   0   0   0   0   0   0   0     0.000     0.000     0.000    -0.203    -0.085    -0.011     0.041
   7 0 0 0 1 1 1 1  29  14  23   0   0   0   0     5.696    47.280     5.733     0.000     0.000     0.000     0.000   0   0   0   0   0   0   0     0.000     0.000     0.000    -0.156    -0.469    -0.037     0.071
   7 0 0 0 1 1 1 1  16  25   3   0   0   0   0    57.738     5.542    22.421     0.000     0.000     0.000     0.000   0   0   0   0   0   0   0     0.000     0.000     0.000    -0.100    -0.024     0.324     0.061
   7 0 0 0 1 1 1 1  25  30  25   0   0   0   0     5.649     4.883     5.774     0.000     0.000     0.000     0.000   0   0   0   0   0   0   0     0.000     0.000     0.000    -0.151    -0.046    -0.013     0.018
   7 0 0 0 1 1 1 1  24   3   6   0   0   0   0     5.265    22.421    21.066     0.000     0.000     0.000     0.000   0   0   0   0   0   0   0     0.000     0.000     0.000    -0.190    -0.077     0.000     0.056
   7 0 0 0 1 1 1 1  29  14  28   0   0   0   0     5.711    47.280     5.653     0.000     0.000     0.000     0.000   0   0   0   0   0   0   0     0.000     0.000     0.000    -0.135    -0.438    -0.024     0.069
   7 0 0 0 1 1 1 1  18  27   1   0   0   0   0    49.255     5.398    22.008     0.000     0.000     0.000     0.000   0   0   0   0   0   0   0     0.000     0.000     0.000     0.011    -0.035     0.112    -0.127
   7 0 0 0 1 1 1 1  26  12   3   0   0   0   0     5.789    49.144    24.178     0.000     0.000     0.000     0.000   0   0   0   0   0   0   0     0.000     0.000     0.000    -0.088    -0.024     0.004     0.030
   7 0 0 0 1 1 1 1  26  12   5   0   0   0   0     5.843    49.144    23.145     0.000     0.000     0.000     0.000   0   0   0   0   0   0   0     0.000     0.000     0.000    -0.111    -0.036     0.008     0.054
   7 0 0 0 1 1 1 1  24   3  23   0   0   0   0     5.301    22.421     5.871     0.000     0.000     0.000     0.000   0   0   0   0   0   0   0     0.000     0.000     0.000    -0.409    -0.121    -0.004     0.081
   7 0 0 0 1 1 1 1  18  24   0   0   0   0   0    49.255     5.321    21.139     0.000     0.000     0.000     0.000   0   0   0   0   0   0   0     0.000     0.000     0.000    -0.060    -0.009     0.303     0.066
   7 0 0 0 1 1 1 1  26   3   3   0   0   0   0     5.789    22.379    22.421     0.000     0.000     0.000     0.000   0   0   0   0   0   0   0     0.000     0.000     0.000    -0.128    -0.034     0.086     0.008
   7 0 0 0 1 1 1 1  26  14  13   0   0   0   0     5.857    47.280    44.218     0.000     0.000     0.000     0.000   0   0   0   0   0   0   0     0.000     0.000     0.000    -0.039    -0.170     0.054     0.013
   7 0 0 0 1 1 1 1  29  29  24   0   0   0   0     5.666     5.501     5.495     0.000     0.000     0.000     0.000   0   0   0   0   0   0   0     0.000     0.000     0.000    -0.382    -0.129    -0.035     0.052
   7 0 0 0 1 1 1 1  16  25   3   0   0   0   0    57.738     5.542    22.421     0.000     0.000     0.000     0.000   0   0   0   0   0   0   0     0.000     0.000     0.000    -0.083    -0.017     0.287     0.045
   7 0 0 0 1 1 1 1  25  30  25   0   0   0   0     5.649     4.883     5.788     0.000     0.000     0.000     0.000   0   0   0   0   0   0   0     0.000     0.000     0.000    -0.134    -0.034    -0.009     0.015
   7 0 0 0 1 1 1 1  24   3  16   0   0   0   0     5.339    22.421    49.849     0.000     0.000     0.000     0.000   0   0   0   0   0   0   0     0.000     0.000     0.000    -0.158    -0.047     0.044     0.005
   7 0 0 0 1 1 1 1  23   3  23   0   0   0   0     5.617    22.421     5.925     0.000     0.000     0.000     0.000   0   0   0   0   0   0   0     0.000     0.000     0.000    -0.356    -0.074     0.015     0.076
   7 0 0 0 1 1 1 1  18  12   0   0   0   0   0    49.255    49.548    21.139     0.000     0.000     0.000     0.000   0   0   0   0   0   0   0     0.000     0.000     0.000    -0.033     0.003     0.273     0.056
   7 0 1 0 1 1 1 1  30  12  26   0   0   0   0     4.883    49.548     5.781     0.000     0.000     0.000     0.000   0   0   0   0   0   0   0     0.000    -0.125     0.000    -0.033     0.003    -0.033     0.009
   7 0 0 0 1 1 1 1  24   3  26   0   0   0   0     5.265    22.421     5.888     0.000     0.000     0.000     0.000   0   0   0   0   0   0   0     0.000    -0.125     0.000    -0.148    -0.055    -0.013     0.023
   7 0 0 0 1 1 1 1  29  14  17   0   0   0   0     5.666    47.280    56.387     0.000     0.000     0.000     0.000   0   0   0   0   0   0   0     0.000    -0.125     0.000    -0.111    -0.332     0.058    -0.011
   7 0 0 0 1 1 1 1  18  24   0   0   0   0   0    49.255     5.265    21.139     0.000     0.000     0.000     0.000   0   0   0   0   0   0   0     0.000    -0.125     0.000    -0.057    -0.007     0.259     0.051
   7 0 1 0 1 1 1 1  30  24  26   0   0   0   0     4.883     5.265     5.781     0.000     0.000     0.000     0.000   0   0   0   0   0   0   0     0.000    -0.117     0.000    -0.057    -0.007    -0.030     0.008
   7 0 0 0 1 1 1 1  24   3  31   0   0   0   0     5.265    22.421     5.513     0.000     0.000     0.000     0.000   0   0   0   0   0   0   0     0.000    -0.117     0.000    -0.138    -0.050    -0.008     0.025
   7 0 0 0 1 1 1 1  29  14  17   0   0   0   0     5.696    47.280    55.061     0.000     0.000     0.000     0.000   0   0   0   0   0   0   0     0.000    -0.117     0.000    -0.094    -0.310     0.060    -0.003
   7 0 0 0 1 1 1 1  16  25   3   0   0   0   0    57.738     5.467    22.421     0.000     0.000     0.000     0.000   0   0   0   0   0   0   0     0.000    -0.117     0.000    -0.082    -0.014     0.246     0.036
   7 0 1 0 1 1 1 1  30  25  26   0   0   0   0     4.883     5.467     5.781     0.000     0.000     0.000     0.000   0   0   0   0   0   0   0     0.000    -0.109     0.000    -0.082    -0.014    -0.027     0.007
   7 0 0 0 1 1 1 1  25  14  29   0   0   0   0     5.542    47.280     5.811     0.000     0.000     0.000     0.000   0   0   0   0   0   0   0     0.000    -0.109     0.000    -0.055    -0.129    -0.014     0.019
   7 0 0 0 1 1 1 1  24   3  29   0   0   0   0     5.301    22.421     5.803     0.000     0.000     0.000     0.000   0   0   0   0   0   0   0     0.000    -0.109     0.000    -0.290    -0.081    -0.023     0.036
   7 0 0 0 1 1 1 1  18  24   1   0   0   0   0    49.255     5.321    22.008     0.000     0.000     0.000     0.000   0   0   0   0   0   0   0     0.000    -0.109     0.000    -0.043    -0.004     0.072    -0.121
   7 0 1 0 1 1 1 1  30  24  25   0   0   0   0     4.883     5.321     5.774     0.000     0.000     0.000     0.000   0   0   0   0   0   0   0     0.000    -0.102     0.000    -0.043    -0.004    -0.014     0.010
   7 0 0 0 1 1 1 1  25  14   6   0   0   0   0     5.542    47.280    21.053     0.000     0.000     0.000     0.000   0   0   0   0   0   0   0     0.000    -0.102     0.000    -0.050    -0.120    -0.003     0.031
   7 0 0 0 1 1 1 1  29  14  24   0   0   0   0     5.620    47.280     5.493     0.000     0.000     0.000     0.000   0   0   0   0   0   0   0     0.000    -0.102     0.000    -0.097    -0.270    -0.029     0.032
   7 0 0 0 1 1 1 1  16   3   3   0   0   0   0    57.738    22.379    22.421     0.000     0.000     0.000     0.000   0   0   0   0   0   0   0     0.000    -0.102     0.000    -0.108    -0.013     0.231     0.029
   7 0 1 0 1 1 1 1   3   3  25   0   0   0   0    22.379    22.379     5.829     0.000     0.000     0.000     0.000   0   0   0   0   0   0   0     0.000    -0.096     0.000    -0.108    -0.013    -0.010     0.012
   7 0 0 0 1 1 1 1  24   3   2   0   0   0   0     5.339    22.421    23.402     0.000     0.000     0.000     0.000   0   0   0   0   0   0   0     0.000    -0.096     0.000    -0.112    -0.032     0.005     0.050
   7 0 0 0 1 1 1 1  29  14  23   0   0   0   0     5.620    47.280     5.901     0.000     0.000     0.000     0.000   0   0   0   0   0   0   0     0.000    -0.096     0.000    -0.088    -0.252    -0.008     0.047
   7 0 0 0 1 1 1 1  18  12   0   0   0   0   0    49.255    49.548    21.139     0.000     0.000     0.000     0.000   0   0   0   0   0   0   0     0.000    -0.096     0.000    -0.024     0.005     0.219     0.034
   7 0 1 0 1 1 1 1  30  12  26   0   0   0   0     4.883    49.548     5.753     0.000     0.000     0.000     0.000   0   0   0   0   0   0   0     0.000    -0.092     0.000    -0.024     0.005    -0.026     0.005
   7 0 0 0 1 1 1 1  26  14   1   0   0   0   0     5.850    47.280    22.377     0.000     0.000     0.000     0.000   0   0   0   0   0   0   0     0.000    -0.092     0.000    -0.024    -0.105     0.008     0.045
   7 0 0 0 1 1 1 1  23   5  23   0   0   0   0     5.617    22.093     5.959     0.000     0.000     0.000     0.000   0   0   0   0   0   0   0     0.000    -0.092     0.000    -0.238    -0.047     0.011     0.054
   7 0 0 0 1 1 1 1  18  32   0   0   0   0   0    49.255     4.181    21.139     0.000     0.000     0.000     0.000   0   0   0   0   0   0   0     0.000    -0.092     0.000    -0.050    -0.004     0.208     0.031
   7 0 1 0 1 1 1 1   3  32  29   0   0   0   0    22.379     4.181     5.501     0.000     0.000     0.000     0.000   0   0   0   0   0   0   0     0.000    -0.086     0.000    -0.050    -0.004     0.083    -0.000
   7 0 0 0 1 1 1 1  25   5  31   0   0   0   0     5.542    22.014     5.495     0.000     0.000     0.000     0.000   0   0   0   0   0   0   0     0.000    -0.086     0.000     0.003    -0.064    -0.009     0.015
   7 0 0 0 1 1 1 1  29  14  23   0   0   0   0     5.711    47.280     5.944     0.000     0.000     0.000     0.000   0   0   0   0   0   0   0     0.000    -0.086     0.000    -0.060    -0.226     0.001     0.045
   7 0 0 0 1 1 1 1  16   3   3   0   0   0   0    57.738    22.379    22.421     0.000     0.000     0.000     0.000   0   0   0   0   0   0   0     0.000    -0.086     0.000    -0.100    -0.010     0.198     0.023
   7 0 1 0 1 1 1 1  30   3   8   0   0   0   0     4.883    22.379    16.962     0.000     0.000     0.000     0.000   0   0   0   0   0   0   0     0.000    -0.083     0.000    -0.100    -0.010     0.079    -0.000
   7 0 0 0 1 1 1 1  24   3   6   0   0   0   0     5.265    22.421    21.148     0.000     0.000     0.000     0.000   0   0   0   0   0   0   0     0.000    -0.083     0.000    -0.093    -0.031     0.001     0.031
   7 0 0 0 1 1 1 1  24   5  28   0   0   0   0     5.240    22.093     5.629     0.000     0.000     0.000     0.000   0   0   0   0   0   0   0     0.000    -0.083     0.000    -0.212    -0.065    -0.015     0.025
   7 0 1 0 1 1 1 1  30   5   8   0   0   0   0     4.883    22.093    16.962     0.000     0.000     0.000     0.000   0   0   0   0   0   0   0     0.000    -0.130     0.000    -0.212    -0.065     0.188     0.001
   7 0 1 0 1 1 1 1   3   5  25   0   0   0   0    22.379    22.093     5.762     0.000     0.000     0.000     0.000   0   0   0   0   0   0   0     0.000    -0.078     0.000    -0.212    -0.065    -0.012     0.008
   7 0 0 0 1 1 1 1  24   3   2   0   0   0   0     5.352    22.421    23.402     0.000     0.000     0.000     0.000   0   0   0   0   0   0   0     0.000    -0.078     0.000    -0.087    -0.022     0.004     0.037
   7 0 0 0 1 1 1 1  24   3  23   0   0   0   0     5.240    22.421     5.940     0.000     0.000     0.000     0.000   0   0   0   0   0   0   0     0.000    -0.078     0.000    -0.202    -0.058    -0.002     0.038
   7 0 0 0 1 1 1 1  18  24   0   0   0   0   0    49.255     5.301    21.139     0.000     0.000     0.000     0.000   0   0   0   0   0   0   0     0.000    -0.078     0.000    -0.035    -0.002     0.178     0.027
   7 0 1 0 1 1 1 1  30  24   8   0   0   0   0     4.883     5.301    16.962     0.000     0.000     0.000     0.000   0   0   0   0   0   0   0     0.000    -0.074     0.000    -0.035    -0.002     0.076    -0.000
   7 0 0 0 1 1 1 1  26  14   6   0   0   0   0     5.857    47.280    21.207     0.000     0.000     0.000     0.000   0   0   0   0   0   0   0     0.000    -0.074     0.000    -0.017    -0.081     0.006     0.033
   7 0 0 0 1 1 1 1  29   5  23   0   0   0   0     5.711    22.093     5.976     0.000     0.000     0.000     0.000   0   0   0   0   0   0   0     0.000    -0.074     0.000    -0.190    -0.048     0.003     0.044
   7 0 1 0 1 1 1 1  30   5  18   0   0   0   0     4.883    22.093    49.043     0.000     0.000     0.000     0.000   0   0   0   0   0   0   0     0.000    -0.121     0.000    -0.190    -0.048    -0.006     0.047
   7 0 1 0 1 1 1 1  25   5  25   0   0   0   0     5.437    22.093     5.842     0.000     0.000     0.000     0.000   0   0   0   0   0   0   0     0.000    -0.071     0.000    -0.190    -0.048    -0.007     0.012
   7 0 0 0 1 1 1 1  25   5  29   0   0   0   0     5.542    22.014     5.811     0.000     0.000     0.000     0.000   0   0   0   0   0   0   0     0.000    -0.071     0.000     0.006    -0.049    -0.008     0.010
   7 0 0 0 1 1 1 1  24   3  29   0   0   0   0     5.301    22.421     5.803     0.000     0.000     0.000     0.000   0   0   0   0   0   0   0     0.000    -0.071     0.000    -0.180    -0.043    -0.012     0.019
   7 0 1 0 1 1 1 1  30   3   8   0   0   0   0     4.883    22.421    16.962     0.000     0.000     0.000     0.000   0   0   0   0   0   0   0     0.000    -0.113     0.000    -0.180    -0.043     0.167     0.001
   7 0 1 0 1 1 1 1   3   3  28   0   0   0   0    22.379    22.421     5.513     0.000     0.000     0.000     0.000   0   0   0   0   0   0   0     0.000    -0.068     0.000    -0.180    -0.043     0.036    -0.001
   7 0 0 0 1 1 1 1  24  13  10   0   0   0   0     5.231    51.505    16.127     0.000     0.000     0.000     0.000   0   0   0   0   0   0   0     0.000    -0.068     0.000    -0.056    -0.016    -0.000     0.022
   7 0 1 0 1 1 1 1   8  13   4   0   0   0   0    16.962    51.505    23.474     0.000     0.000     0.000     0.000   0   0   0   0   0   0   0     0.000    -0.170     0.000    -0.056    -0.016     0.015    -0.031
   7 0 0 0 1 1 1 1  27  30   3   0   0   0   0     5.398     4.883    23.744     0.000     0.000     0.000     0.000   0   0   0   0   0   0   0     0.000    -0.170     0.000    -0.105     0.026     0.007    -0.023
   7 0 1 0 1 1 1 1  30  30   8   0   0   0   0     4.883     4.883    16.962     0.000     0.000     0.000     0.000   0   0   0   0   0   0   0     0.000    -0.066     0.000    -0.105     0.026     0.071    -0.000
   7 0 0 0 1 1 1 1  25  14   2   0   0   0   0     5.694    47.280    23.402     0.000     0.000     0.000     0.000   0   0   0   0   0   0   0     0.000    -0.066     0.000    -0.018    -0.069     0.002     0.028
   7 0 1 0 1 1 1 1  29  14   4   0   0   0   0     5.501    47.280    23.474     0.000     0.000     0.000     0.000   0   0   0   0   0   0   0     0.000    -0.163     0.000    -0.018    -0.069     0.013    -0.028
   7 0 1 0 1 1 1 1  30  14   8   0   0   0   0     4.883    47.280    16.962     0.000     0.000     0.000     0.000   0   0   0   0   0   0   0     0.000    -0.098     0.000    -0.018    -0.069     0.157     0.001
   7 0 0 0 1 1 1 1  25  17   3   0   0   0   0     5.762    56.777    24.178     0.000     0.000     0.000     0.000   0   0   0   0   0   0   0     0.000    -0.098     0.000    -0.028     0.001     0.002     0.017
   7 0 0 0 1 1 1 1  24   3  25   0   0   0   0     5.360    22.421     5.806     0.000     0.000     0.000     0.000   0   0   0   0   0   0   0     0.000    -0.098     0.000    -0.064    -0.013    -0.003     0.012
   7 0 1 0 1 1 1 1   8   3   4   0   0   0   0    16.962    22.421    23.474     0.000     0.000     0.000     0.000   0   0   0   0   0   0   0     0.000    -0.153     0.000    -0.064    -0.013     0.012    -0.025
   7 0 0 0 1 1 1 1  27  30   3   0   0   0   0     5.398     4.883    23.775     0.000     0.000     0.000     0.000   0   0   0   0   0   0   0     0.000    -0.153     0.000    -0.092     0.023     0.006    -0.021
   7 0 1 0 1 1 1 1  30  30   8   0   0   0   0     4.883     4.883    16.962     0.000     0.000     0.000     0.000   0   0   0   0   0   0   0     0.000    -0.060     0.000    -0.092     0.023     0.067    -0.000
   7 0 0 0 1 1 1 1  25  14   4   0   0   0   0     5.620    47.280    23.474     0.000     0.000     0.000     0.000   0   0   0   0   0   0   0     0.000    -0.060     0.000    -0.020    -0.060     0.007    -0.009
   7 0 1 0 1 1 1 1  29  14  11   0   0   0   0     5.501    47.280    56.906     0.000     0.000     0.000     0.000   0   0   0   0   0   0   0     0.000    -0.147     0.000    -0.020    -0.060     0.005    -0.058
   7 0 0 0 1 1 1 1  18  11   0   0   0   0   0    49.255    49.463    21.139     0.000     0.000     0.000     0.000   0   0   0   0   0   0   0     0.000    -0.147     0.000    -0.054    -0.004     0.148     0.018
   7 0 1 0 1 1 1 1  25  11  29   0   0   0   0     5.437    49.463     5.501     0.000     0.000     0.000     0.000   0   0   0   0   0   0   0     0.000    -0.058     0.000    -0.054    -0.004     0.064    -0.000
   7 0 0 0 1 1 1 1  25  14   2   0   0   0   0     5.694    47.280    23.402     0.000     0.000     0.000     0.000   0   0   0   0   0   0   0     0.000    -0.058     0.000    -0.014    -0.056     0.002     0.024
   7 0 1 0 1 1 1 1   8  14  17   0   0   0   0    16.962    47.280    56.305     0.000     0.000     0.000     0.000   0   0   0   0   0   0   0     0.000    -0.138     0.000    -0.014    -0.056     0.021    -0.010
   7 0 1 0 1 1 1 1  30  14   8   0   0   0   0     4.883    47.280    16.962     0.000     0.000     0.000     0.000   0   0   0   0   0   0   0     0.000    -0.085     0.000    -0.014    -0.056     0.141     0.000
   7 0 0 0 1 1 1 1  25  17   3   0   0   0   0     5.762    56.777    24.178     0.000     0.000     0.000     0.000   0   0   0   0   0   0   0     0.000    -0.085     0.000    -0.024     0.001     0.002     0.016
   7 0 0 0 1 1 1 1  24   5  12   0   0   0   0     5.231    22.014    47.002     0.000     0.000     0.000     0.000   0   0   0   0   0   0   0     0.000    -0.085     0.000     0.010    -0.033     0.013    -0.001
   7 0 1 0 1 1 1 1  29   5  22   0   0   0   0     5.501    22.014     5.082     0.000     0.000     0.000     0.000   0   0   0   0   0   0   0     0.000    -0.134     0.000     0.010    -0.033    -0.021     0.010
   7 0 0 0 1 1 1 1  19   9  30   0   0   0   0    56.792    18.608     4.883     0.000     0.000     0.000     0.000   0   0   0   0   0   0   0     0.000    -0.134     0.000    -0.011    -0.024    -0.079     0.013
   7 0 1 0 1 1 1 1   3   9  28   0   0   0   0    22.379    18.608     5.513     0.000     0.000     0.000     0.000   0   0   0   0   0   0   0     0.000    -0.054     0.000    -0.011    -0.024     0.030    -0.001
   7 0 0 0 1 1 1 1  25  29  12   0   0   0   0     5.620     5.501    45.901     0.000     0.000     0.000     0.000   0   0   0   0   0   0   0     0.000    -0.054     0.000    -0.050    -0.016     0.018     0.000
   7 0 1 0 1 1 1 1   8  29  12   0   0   0   0    16.962     5.501    45.916     0.000     0.000     0.000     0.000   0   0   0   0   0   0   0     0.000    -0.125     0.000    -0.050    -0.016     0.040    -0.004
   7 0 0 0 1 1 1 1  19   3   3   0   0   0   0    65.694    22.379    22.421     0.000     0.000     0.000     0.000   0   0   0   0   0   0   0     0.000    -0.125     0.000    -0.067    -0.004     0.133     0.015
   7 0 1 0 1 1 1 1  30   3   8   0   0   0   0     4.883    22.379    16.962     0.000     0.000     0.000     0.000   0   0   0   0   0   0   0     0.000    -0.053     0.000    -0.067    -0.004     0.059    -0.000
   7 0 0 0 1 1 1 1  23   3  25   0   0   0   0     5.617    22.421     5.806     0.000     0.000     0.000     0.000   0   0   0   0   0   0   0     0.000    -0.053     0.000    -0.047    -0.009    -0.002     0.009
   7 0 1 0 1 1 1 1  29   3  11   0   0   0   0     5.501    22.421    56.906     0.000     0.000     0.000     0.000   0   0   0   0   0   0   0     0.000    -0.122     0.000    -0.047    -0.009     0.004    -0.050
   7 0 0 0 1 1 1 1  27  30   3   0   0   0   0     5.398     4.883    23.775     0.000     0.000     0.000     0.000   0   0   0   0   0   0   0     0.000    -0.122     0.000    -0.072     0.018     0.006    -0.017
   7 0 0 0 1 1 1 1  25  10  25   0   0   0   0     5.752    15.301     5.922     0.000     0.000     0.000     0.000   0   0   0   0   0   0   0     0.000    -0.122     0.000     0.009    -0.017     0.004     0.029
   7 0 0 0 1 1 1 1  25   5   2   0   0   0   0     5.542    22.014    23.402     0.000     0.000     0.000     0.000   0   0   0   0   0   0   0     0.000    -0.122     0.000     0.010    -0.027     0.000     0.018
   7 0 1 0 1 1 1 1  29   5  12   0   0   0   0     5.501    22.014    48.945     0.000     0.000     0.000     0.000   0   0   0   0   0   0   0     0.000    -0.114     0.000     0.010    -0.027     0.017    -0.008
   7 0 0 0 1 1 1 1  18  32   0   0   0   0   0    49.255     4.159    21.139     0.000     0.000     0.000     0.000   0   0   0   0   0   0   0     0.000    -0.114     0.000    -0.040    -0.002     0.126     0.013
   7 0 1 0 1 1 1 1  30  32   8   0   0   0   0     4.883     4.159    16.962     0.000     0.000     0.000     0.000   0   0   0   0   0   0   0     0.000    -0.049     0.000    -0.040    -0.002     0.056     0.000
   7 0 0 0 1 1 1 1  23   3  25   0   0   0   0     5.617    22.421     5.794     0.000     0.000     0.000     0.000   0   0   0   0   0   0   0     0.000    -0.049     0.000    -0.042    -0.008    -0.003     0.008
   7 0 1 0 1 1 1 1   8   3  12   0   0   0   0    16.962    22.421    45.611     0.000     0.000     0.000     0.000   0   0   0   0   0   0   0     0.000    -0.110     0.000    -0.042    -0.008     0.043    -0.003
   7 0 1 0 1 1 1 1  30   3   8   0   0   0   0     4.883    22.421    16.962     0.000     0.000     0.000     0.000   0   0   0   0   0   0   0     0.000    -0.066     0.000    -0.042    -0.008     0.120     0.000
   7 0 0 0 1 1 1 1  25   5   3   0   0   0   0     5.646    22.093    24.178     0.000     0.000     0.000     0.000   0   0   0   0   0   0   0     0.000    -0.066     0.000     0.026    -0.026    -0.001     0.013
   7 0 0 0 1 1 1 1  24   5   2   0   0   0   0     5.231    22.014    23.450     0.000     0.000     0.000     0.000   0   0   0   0   0   0   0     0.000    -0.066     0.000     0.010    -0.024     0.000     0.016
   7 0 1 0 1 1 1 1  29   5  11   0   0   0   0     5.501    22.014    55.053     0.000     0.000     0.000     0.000   0   0   0   0   0   0   0     0.000    -0.104     0.000     0.010    -0.024     0.005    -0.036
   7 0 0 0 1 1 1 1  19   0  30   0   0   0   0    56.792    21.173     4.883     0.000     0.000     0.000     0.000   0   0   0   0   0   0   0     0.000    -0.104     0.000    -0.009    -0.021    -0.062     0.010
   7 0 1 0 1 1 1 1  30   0   8   0   0   0   0     4.883    21.173    16.962     0.000     0.000     0.000     0.000   0   0   0   0   0   0   0     0.000    -0.046     0.000    -0.009    -0.021     0.051     0.000
   7 0 0 0 1 1 1 1  25  12   6   0   0   0   0     5.694    48.932    19.605     0.000     0.000     0.000     0.000   0   0   0   0   0   0   0     0.000    -0.046     0.000    -0.034    -0.008     0.021     0.001
   7 0 1 0 1 1 1 1   8  12  12   0   0   0   0    16.962    48.932    45.916     0.000     0.000     0.000     0.000   0   0   0   0   0   0   0     0.000    -0.099     0.000    -0.034    -0.008     0.034    -0.003
   7 0 0 0 1 1 1 1  19   3   3   0   0   0   0    65.694    22.379    22.421     0.000     0.000     0.000     0.000   0   0   0   0   0   0   0     0.000    -0.099     0.000    -0.055    -0.003     0.113     0.011
   7 0 1 0 1 1 1 1  30   3  28   0   0   0   0     4.883    22.379     5.513     0.000     0.000     0.000     0.000   0   0   0   0   0   0   0     0.000    -0.043     0.000    -0.055    -0.003     0.025    -0.001
   7 0 0 0 1 1 1 1  23   3  25   0   0   0   0     5.617    22.421     5.794     0.000     0.000     0.000     0.000   0   0   0   0   0   0   0     0.000    -0.043     0.000    -0.035    -0.006    -0.002     0.006
   7 0 1 0 1 1 1 1  29   3  11   0   0   0   0     5.501    22.421    56.906     0.000     0.000     0.000     0.000   0   0   0   0   0   0   0     0.000    -0.095     0.000    -0.035    -0.006     0.004    -0.041
   7 0 0 0 1 1 1 1  20  26  23   0   0   0   0    62.903     5.841     5.755     0.000     0.000     0.000     0.000   0   0   0   0   0   0   0     0.000    -0.095     0.000    -0.022     0.001     0.006     0.021
   7 0 1 0 1 1 1 1   3  26   1   0   0   0   0    22.379     5.841    22.530     0.000     0.000     0.000     0.000   0   0   0   0   0   0   0     0.000    -0.042     0.000    -0.022     0.001     0.002    -0.022
   7 0 0 0 1 1 1 1  24   3   6   0   0   0   0     5.352    22.421    19.605     0.000     0.000     0.000     0.000   0   0   0   0   0   0   0     0.000    -0.042     0.000    -0.033    -0.007     0.019     0.001
   7 0 1 0 1 1 1 1   8   3  12   0   0   0   0    16.962    22.421    45.611     0.000     0.000     0.000     0.000   0   0   0   0   0   0   0     0.000    -0.089     0.000    -0.033    -0.007     0.037    -0.003
   7 0 0 0 1 1 1 1   8  30  28   0   0   0   0    18.700     4.883     5.587     0.000     0.000     0.000     0.000   0   0   0   0   0   0   0     0.000    -0.089     0.000    -0.056     0.008    -0.024    -0.010
   7 0 0 0 1 1 1 1  25  10  25   0   0   0   0     5.762    15.301     5.922     0.000     0.000     0.000     0.000   0   0   0   0   0   0   0     0.000    -0.089     0.000     0.008    -0.013     0.003     0.025
   7 0 0 0 1 1 1 1   3   3   4   0   0   0   0    22.421    22.413    23.499     0.000     0.000     0.000     0.000   0   0   0   0   0   0   0     0.000    -0.089     0.000    -0.012    -0.037     0.003    -0.007
   7 0 1 0 1 1 1 1  29   3   4   0   0   0   0     5.501    22.413    23.474     0.000     0.000     0.000     0.000   0   0   0   0   0   0   0     0.000    -0.087     0.000    -0.012    -0.037     0.007    -0.015
   7 0 0 0 1 1 1 1  14  32   0   0   0   0   0    47.280     4.181    21.139     0.000     0.000     0.000     0.000   0   0   0   0   0   0   0     0.000    -0.087     0.000    -0.027    -0.000     0.107     0.010
   7 0 1 0 1 1 1 1  30  32   8   0   0   0   0     4.883     4.181    16.962     0.000     0.000     0.000     0.000   0   0   0   0   0   0   0     0.000    -0.038     0.000    -0.027    -0.000     0.047     0.000
   7 0 0 0 1 1 1 1   3   5  22   0   0   0   0    22.421    22.093     5.033     0.000     0.000     0.000     0.000   0   0   0   0   0   0   0     0.000    -0.038     0.000    -0.035    -0.011    -0.007     0.003
   7 0 1 0 1 1 1 1  29   5  11   0   0   0   0     5.501    22.093    58.064     0.000     0.000     0.000     0.000   0   0   0   0   0   0   0     0.000    -0.081     0.000    -0.035    -0.011     0.002    -0.054
   7 0 1 0 1 1 1 1  30   5   8   0   0   0   0     4.883    22.093    16.962     0.000     0.000     0.000     0.000   0   0   0   0   0   0   0     0.000    -0.051     0.000    -0.035    -0.011     0.102    -0.000
   7 0 1 0 1 1 1 1  25   5  29   0   0   0   0     5.437    22.093     5.501     0.000     0.000     0.000     0.000   0   0   0   0   0   0   0     0.000    -0.037     0.000    -0.035    -0.011     0.045     0.000
   7 0 0 0 1 1 1 1  25   5   2   0   0   0   0     5.810    22.014    23.402     0.000     0.000     0.000     0.000   0   0   0   0   0   0   0     0.000    -0.037     0.000     0.017    -0.006     0.002     0.013
   7 0 1 0 1 1 1 1  30   5  29   0   0   0   0     4.883    22.014     5.550     0.000     0.000     0.000     0.000   0   0   0   0   0   0   0     0.000     0.080     0.000     0.017    -0.006    -0.127     0.001
   7 0 0 0 1 1 1 1  15  28  30   0   0   0   0    47.624     5.587     5.307     0.000     0.000     0.000     0.000   0   0   0   0   0   0   0     0.000     0.080     0.000    -0.022    -0.008    -0.012     0.012
   7 0 1 0 1 1 1 1   3  28  28   0   0   0   0    22.379     5.587     5.505     0.000     0.000     0.000     0.000   0   0   0   0   0   0   0     0.000    -0.035     0.000    -0.022    -0.008     0.023    -0.001
   7 0 1 0 1 1 1 1  29  28   6   0   0   0   0     5.501     5.587    19.605     0.000     0.000     0.000     0.000   0   0   0   0   0   0   0     0.000    -0.027     0.000    -0.022    -0.008     0.017    -0.000
   7 0 1 0 1 1 1 1  30  28   8   0   0   0   0     4.883     5.587    16.962     0.000     0.000     0.000     0.000   0   0   0   0   0   0   0     0.000     0.075     0.000    -0.022    -0.008    -0.169    -0.000
   7 0 1 0 1 1 1 1   8  28  11   0   0   0   0    16.962     5.587    49.463     0.000     0.000     0.000     0.000   0   0   0   0   0   0   0     0.000     0.049     0.000    -0.022    -0.008    -0.045     0.001
   7 0 0 0 1 1 1 1  25  17   3   0   0   0   0     5.752    56.777    24.178     0.000     0.000     0.000     0.000   0   0   0   0   0   0   0     0.000     0.049     0.000    -0.016     0.000     0.001     0.011
   7 0 0 0 1 1 1 1  24   5   2   0   0   0   0     5.231    22.014    23.450     0.000     0.000     0.000     0.000   0   0   0   0   0   0   0     0.000     0.049     0.000     0.009    -0.016    -0.000     0.012
   7 0 1 0 1 1 1 1   8   5  12   0   0   0   0    16.962    22.014    45.611     0.000     0.000     0.000     0.000   0   0   0   0   0   0   0     0.000    -0.073     0.000     0.009    -0.016     0.033    -0.002
   7 0 1 0 1 1 1 1  30   5   8   0   0   0   0     4.883    22.014    16.962     0.000     0.000     0.000     0.000   0   0   0   0   0   0   0     0.000    -0.047     0.000     0.009    -0.016     0.095    -0.000
   7 0 1 0 1 1 1 1  30   5   8   0   0   0   0     4.883    22.014    16.962     0.000     0.000     0.000     0.000   0   0   0   0   0   0   0     0.000    -0.034     0.000     0.009    -0.016     0.041     0.000
   7 0 0 0 1 1 1 1   3   3  22   0   0   0   0    22.421    22.413     5.033     0.000     0.000     0.000     0.000   0   0   0   0   0   0   0     0.000    -0.034     0.000    -0.009    -0.031    -0.006     0.002
   7 0 1 0 1 1 1 1  30   3  29   0   0   0   0     4.883    22.413     5.550     0.000     0.000     0.000     0.000   0   0   0   0   0   0   0     0.000     0.071     0.000    -0.009    -0.031    -0.111     0.001
   7 0 0 0 1 1 1 1  19  28  30   0   0   0   0    56.792     5.587     4.883     0.000     0.000     0.000     0.000   0   0   0   0   0   0   0     0.000     0.071     0.000    -0.020    -0.007    -0.044     0.007
   7 0 0 0 1 1 1 1  25   2   4   0   0   0   0     5.867    21.630    22.790     0.000     0.000     0.000     0.000   0   0   0   0   0   0   0     0.000     0.071     0.000    -0.039    -0.003    -0.002     0.013
   7 0 0 0 1 1 1 1  25   5   2   0   0   0   0     5.794    22.014    23.402     0.000     0.000     0.000     0.000   0   0   0   0   0   0   0     0.000     0.071     0.000     0.014    -0.006     0.002     0.011
   7 0 1 0 1 1 1 1  29   5  12   0   0   0   0     5.501    22.014    48.945     0.000     0.000     0.000     0.000   0   0   0   0   0   0   0     0.000    -0.068     0.000     0.014    -0.006     0.012    -0.005
   7 0 0 0 1 1 1 1  14  32  27   0   0   0   0    47.280     4.181     5.229     0.000     0.000     0.000     0.000   0   0   0   0   0   0   0     0.000    -0.068     0.000    -0.022    -0.000     0.008     0.090
   7 0 1 0 1 1 1 1   2  32  29   0   0   0   0    21.610     4.181     5.501     0.000     0.000     0.000     0.000   0   0   0   0   0   0   0     0.000    -0.037     0.000    -0.022    -0.000     0.039    -0.000
   7 0 0 0 1 1 1 1   3   5   6   0   0   0   0    22.421    22.093    19.605     0.000     0.000     0.000     0.000   0   0   0   0   0   0   0     0.000    -0.037     0.000    -0.029    -0.007     0.014    -0.000
   7 0 1 0 1 1 1 1  30   5   8   0   0   0   0     4.883    22.093    16.962     0.000     0.000     0.000     0.000   0   0   0   0   0   0   0     0.000     0.068     0.000    -0.029    -0.007    -0.148    -0.000
   7 0 1 0 1 1 1 1   8   5  11   0   0   0   0    16.962    22.093    49.463     0.000     0.000     0.000     0.000   0   0   0   0   0   0   0     0.000     0.043     0.000    -0.029    -0.007    -0.039     0.001
   7 0 0 0 1 1 1 1  25  10  25   0   0   0   0     5.752    15.301     5.922     0.000     0.000     0.000     0.000   0   0   0   0   0   0   0     0.000     0.043     0.000     0.006    -0.010     0.002     0.020
   7 0 0 0 1 1 1 1  25   5  10   0   0   0   0     5.467    22.014    16.144     0.000     0.000     0.000     0.000   0   0   0   0   0   0   0     0.000     0.043     0.000     0.007    -0.016    -0.000     0.008
   7 0 1 0 1 1 1 1  30   5   8   0   0   0   0     4.883    22.014    16.962     0.000     0.000     0.000     0.000   0   0   0   0   0   0   0     0.000     0.064     0.000     0.007    -0.016    -0.141    -0.000
   7 0 0 0 1 1 1 1  20  28  30   0   0   0   0    59.733     5.580     4.883     0.000     0.000     0.000     0.000   0   0   0   0   0   0   0     0.000     0.064     0.000    -0.022    -0.009    -0.041     0.006
   7 0 1 0 1 1 1 1  30  28   8   0   0   0   0     4.883     5.580    16.962     0.000     0.000     0.000     0.000   0   0   0   0   0   0   0     0.000    -0.029     0.000    -0.022    -0.009     0.037     0.000
   7 0 1 0 1 1 1 1  29  28   6   0   0   0   0     5.501     5.580    19.605     0.000     0.000     0.000     0.000   0   0   0   0   0   0   0     0.000    -0.020     0.000    -0.022    -0.009     0.013    -0.000
   7 0 1 0 1 1 1 1  30  28   8   0   0   0   0     4.883     5.580    16.962     0.000     0.000     0.000     0.000   0   0   0   0   0   0   0     0.000     0.059     0.000    -0.022    -0.009    -0.134    -0.000
   7 0 0 0 1 1 1 1  14  32   0   0   0   0   0    47.280     4.228    21.139     0.000     0.000     0.000     0.000   0   0   0   0   0   0   0     0.000     0.059     0.000    -0.017     0.000     0.083     0.007
   7 0 0 0 1 1 1 1  25   5   3   0   0   0   0     5.620    22.093    24.087     0.000     0.000     0.000     0.000   0   0   0   0   0   0   0     0.000     0.059     0.000     0.019    -0.020    -0.001     0.008
   7 0 0 0 1 1 1 1  29  30  15   0   0   0   0     5.560     4.883    44.933     0.000     0.000     0.000     0.000   0   0   0   0   0   0   0     0.000     0.059     0.000     0.002    -0.019     0.007    -0.000
   7 0 0 0 1 1 1 1  29  30  12   0   0   0   0     5.785     4.883    46.022     0.000     0.000     0.000     0.000   0   0   0   0   0   0   0     0.000     0.059     0.000     0.055    -0.020     0.018     0.002
   7 0 0 0 1 1 1 1  10  32   9   0   0   0   0    15.876     4.299    18.608     0.000     0.000     0.000     0.000   0   0   0   0   0   0   0     0.000     0.059     0.000    -0.006     0.011    -0.004    -0.012
   7 0 1 0 1 1 1 1  30  32  28   0   0   0   0     4.883     4.299     5.473     0.000     0.000     0.000     0.000   0   0   0   0   0   0   0     0.000    -0.027     0.000    -0.006     0.011     0.022    -0.000
   7 0 0 0 1 1 1 1  25   5   6   0   0   0   0     5.483    22.014    19.605     0.000     0.000     0.000     0.000   0   0   0   0   0   0   0     0.000    -0.027     0.000     0.006    -0.013     0.012     0.000
   7 0 1 0 1 1 1 1   8   5  12   0   0   0   0    16.962    22.014    45.867     0.000     0.000     0.000     0.000   0   0   0   0   0   0   0     0.000    -0.059     0.000     0.006    -0.013     0.023    -0.002
   7 0 1 0 1 1 1 1   8   5  11   0   0   0   0    16.962    22.014    49.463     0.000     0.000     0.000     0.000   0   0   0   0   0   0   0     0.000     0.039     0.000     0.006    -0.013    -0.034     0.001
   7 0 0 0 1 1 1 1  25   2  26   0   0   0   0     5.867    21.630     5.901     0.000     0.000     0.000     0.000   0   0   0   0   0   0   0     0.000     0.039     0.000    -0.031    -0.002     0.001     0.015
   7 0 0 0 1 1 1 1  25   5   1   0   0   0   0     5.813    22.014    22.420     0.000     0.000     0.000     0.000   0   0   0   0   0   0   0     0.000     0.039     0.000     0.010    -0.004     0.002     0.011
   7 0 1 0 1 1 1 1  29   5  11   0   0   0   0     5.501    22.014    53.102     0.000     0.000     0.000     0.000   0   0   0   0   0   0   0     0.000    -0.056     0.000     0.010    -0.004     0.004    -0.017
   7 0 1 0 1 1 1 1  30   5   8   0   0   0   0     4.883    22.014    16.962     0.000     0.000     0.000     0.000   0   0   0   0   0   0   0     0.000    -0.038     0.000     0.010    -0.004     0.077    -0.000
   7 0 1 0 1 1 1 1   3   5  29   0   0   0   0    22.379    22.014     5.501     0.000     0.000     0.000     0.000   0   0   0   0   0   0   0     0.000    -0.024     0.000     0.010    -0.004     0.033    -0.000
   7 0 1 0 1 1 1 1  29   5  22   0   0   0   0     5.501    22.014     5.012     0.000     0.000     0.000     0.000   0   0   0   0   0   0   0     0.000    -0.017     0.000     0.010    -0.004    -0.004     0.002
   7 0 1 0 1 1 1 1  30   5   8   0   0   0   0     4.883    22.014    16.962     0.000     0.000     0.000     0.000   0   0   0   0   0   0   0     0.000     0.055     0.000     0.010    -0.004    -0.120    -0.000
   7 0 0 0 1 1 1 1   3   3   4   0   0   0   0    23.562    22.413    23.757     0.000     0.000     0.000     0.000   0   0   0   0   0   0   0     0.000     0.055     0.000    -0.030     0.009    -0.008     0.006
   7 0 0 0 1 1 1 1  25  14  25   0   0   0   0     5.908    40.508     5.922     0.000     0.000     0.000     0.000   0   0   0   0   0   0   0     0.000     0.055     0.000     0.004    -0.004     0.007     0.016
   7 0 0 0 1 1 1 1  29  30   2   0   0   0   0     5.560     4.883    23.474     0.000     0.000     0.000     0.000   0   0   0   0   0   0   0     0.000     0.055     0.000     0.002    -0.016    -0.000     0.009
   7 0 1 0 1 1 1 1  30  30  29   0   0   0   0     4.883     4.883     5.550     0.000     0.000     0.000     0.000   0   0   0   0   0   0   0     0.000     0.051     0.000     0.002    -0.016    -0.082     0.001
   7 0 1 0 1 1 1 1   8  30  11   0   0   0   0    16.962     4.883    49.463     0.000     0.000     0.000     0.000   0   0   0   0   0   0   0     0.000     0.035     0.000     0.002    -0.016    -0.029     0.000
   7 0 0 1 1 1 1 1   1  30  11   0   0   0   0    22.530     4.883    49.463     0.000     0.000     0.000     0.000   0   0   0   0   0   0   0     0.000     0.035    -0.014    -0.023     0.001    -0.029     0.000
   7 0 1 0 1 1 1 1  29  30   6   0   0   0   0     5.501     4.883    19.605     0.000     0.000     0.000     0.000   0   0   0   0   0   0   0     0.000    -0.016    -0.014    -0.023     0.001     0.010    -0.000
   7 0 1 0 1 1 1 1   8  30  12   0   0   0   0    16.962     4.883    46.022     0.000     0.000     0.000     0.000   0   0   0   0   0   0   0     0.000    -0.050    -0.014    -0.023     0.001     0.018    -0.002
   7 0 1 0 1 1 1 1  30  30   8   0   0   0   0     4.883     4.883    16.962     0.000     0.000     0.000     0.000   0   0   0   0   0   0   0     0.000    -0.034    -0.014    -0.023     0.001     0.071    -0.000
   7 0 0 0 1 1 1 1  25   7  26   0   0   0   0     5.867    20.032     5.897     0.000     0.000     0.000     0.000   0   0   0   0   0   0   0     0.000    -0.034    -0.014     0.018    -0.003    -0.000     0.011
   7 0 0 0 1 1 1 1  25   5  31   0   0   0   0     5.794    22.014     5.502     0.000     0.000     0.000     0.000   0   0   0   0   0   0   0     0.000    -0.034    -0.014     0.008    -0.004    -0.002     0.003
   7 0 1 0 1 1 1 1  30   5   8   0   0   0   0     4.883    22.014    16.962     0.000     0.000     0.000     0.000   0   0   0   0   0   0   0     0.000     0.049    -0.014     0.008    -0.004    -0.108    -0.000
   7 0 0 0 1 1 1 1  14   0  27   0   0   0   0    47.280    20.739     5.229     0.000     0.000     0.000     0.000   0   0   0   0   0   0   0     0.000     0.049    -0.014     0.017    -0.003     0.006     0.067
   7 0 1 0 1 1 1 1  30   0   8   0   0   0   0     4.883    20.739    16.962     0.000     0.000     0.000     0.000   0   0   0   0   0   0   0     0.000    -0.022    -0.014     0.017    -0.003     0.031     0.000
   7 0 0 0 1 1 1 1  25  30   2   0   0   0   0     5.467     4.883    23.518     0.000     0.000     0.000     0.000   0   0   0   0   0   0   0     0.000    -0.022    -0.014     0.002    -0.012     0.000     0.009
   7 0 1 0 1 1 1 1  30  30   8   0   0   0   0     4.883     4.883    16.962     0.000     0.000     0.000     0.000   0   0   0   0   0   0   0     0.000     0.045    -0.014     0.002    -0.012    -0.102    -0.000
   7 0 1 0 1 1 1 1  30  30   8   0   0   0   0     4.883     4.883    16.962     0.000     0.000     0.000     0.000   0   0   0   0   0   0   0     0.000    -0.032    -0.014     0.002    -0.012     0.064    -0.000
   7 0 0 1 1 1 1 1  14  29   8   0   0   0   0    48.184     5.501    16.962     0.000     0.000     0.000     0.000   0   0   0   0   0   0   0     0.000    -0.032    -0.025     0.029    -0.000     0.064    -0.000
   7 0 1 0 1 1 1 1  29  29   6   0   0   0   0     5.501     5.501    19.605     0.000     0.000     0.000     0.000   0   0   0   0   0   0   0     0.000    -0.014    -0.025     0.029    -0.000     0.009    -0.000
   7 0 0 0 1 1 1 1  29  30  23   0   0   0   0     5.711     4.883     5.959     0.000     0.000     0.000     0.000   0   0   0   0   0   0   0     0.000    -0.014    -0.025     0.042    -0.025    -0.000     0.011
   7 0 0 0 1 1 1 1   5  30  28   0   0   0   0    23.158     4.883     5.580     0.000     0.000     0.000     0.000   0   0   0   0   0   0   0     0.000    -0.014    -0.025    -0.030     0.004    -0.019    -0.006
   7 0 0 1 1 1 1 1   1   4  28   0   0   0   0    22.530    22.712     5.580     0.000     0.000     0.000     0.000   0   0   0   0   0   0   0     0.000    -0.014    -0.012    -0.004     0.003    -0.019    -0.006
   7 0 0 0 1 1 1 1  24   5  25   0   0   0   0     5.489    22.014     5.823     0.000     0.000     0.000     0.000   0   0   0   0   0   0   0     0.000    -0.014    -0.012     0.007    -0.004    -0.001     0.003
   7 0 1 0 1 1 1 1  29   5  11   0   0   0   0     5.501    22.014    53.102     0.000     0.000     0.000     0.000   0   0   0   0   0   0   0     0.000    -0.045    -0.012     0.007    -0.004     0.003    -0.013
   7 0 0 0 1 1 1 1  14  32   0   0   0   0   0    47.280     4.236    21.139     0.000     0.000     0.000     0.000   0   0   0   0   0   0   0     0.000    -0.045    -0.012    -0.013     0.000     0.061     0.005
   7 0 0 0 1 1 1 1   3   2   3   0   0   0   0    22.413    21.755    22.421     0.000     0.000     0.000     0.000   0   0   0   0   0   0   0     0.000    -0.045    -0.012    -0.024    -0.007     0.028     0.000
   7 0 0 0 1 1 1 1  29  30   2   0   0   0   0     5.560     4.883    23.518     0.000     0.000     0.000     0.000   0   0   0   0   0   0   0     0.000    -0.045    -0.012     0.002    -0.013     0.000     0.008
   7 0 1 0 1 1 1 1  30  30   8   0   0   0   0     4.883     4.883    16.962     0.000     0.000     0.000     0.000   0   0   0   0   0   0   0     0.000     0.041    -0.012     0.002    -0.013    -0.094     0.000
   7 0 0 0 1 1 1 1  10  32   6   0   0   0   0    15.858     4.299    20.824     0.000     0.000     0.000     0.000   0   0   0   0   0   0   0     0.000     0.041    -0.012    -0.005     0.009    -0.019    -0.005
   7 0 0 0 1 1 1 1  25  10  25   0   0   0   0     5.908    16.150     5.922     0.000     0.000     0.000     0.000   0   0   0   0   0   0   0     0.000     0.041    -0.012    -0.002     0.007     0.005     0.014
   7 0 1 0 1 1 1 1  29  10   6   0   0   0   0     5.501    16.150    19.605     0.000     0.000     0.000     0.000   0   0   0   0   0   0   0     0.000    -0.013    -0.012    -0.002     0.007     0.008    -0.000
   7 0 0 0 1 1 1 1  29  30   2   0   0   0   0     5.785     4.883    23.450     0.000     0.000     0.000     0.000   0   0   0   0   0   0   0     0.000    -0.013    -0.012     0.038    -0.014     0.002     0.014
   7 0 1 0 1 1 1 1  30  30   8   0   0   0   0     4.883     4.883    16.962     0.000     0.000     0.000     0.000   0   0   0   0   0   0   0     0.000    -0.028    -0.012     0.038    -0.014     0.058    -0.000
   7 0 1 0 1 1 1 1   2  30  29   0   0   0   0    21.610     4.883     5.501     0.000     0.000     0.000     0.000   0   0   0   0   0   0   0     0.000    -0.023    -0.012     0.038    -0.014     0.027    -0.000
   7 0 0 0 1 1 1 1  25   7   1   0   0   0   0     5.794    20.872    22.420     0.000     0.000     0.000     0.000   0   0   0   0   0   0   0     0.000    -0.023    -0.012     0.000    -0.006     0.001     0.007
   7 0 1 0 1 1 1 1   8   7  12   0   0   0   0    16.962    20.872    45.611     0.000     0.000     0.000     0.000   0   0   0   0   0   0   0     0.000    -0.041    -0.012     0.000    -0.006     0.017    -0.001
   7 0 1 0 1 1 1 1   8   7  32   0   0   0   0    16.962    20.872     4.155     0.000     0.000     0.000     0.000   0   0   0   0   0   0   0     0.000     0.027    -0.012     0.000    -0.006    -0.022     0.001
   7 0 0 1 1 1 1 1   1   3  32   0   0   0   0    22.530    23.811     4.155     0.000     0.000     0.000     0.000   0   0   0   0   0   0   0     0.000     0.027    -0.011    -0.002     0.004    -0.022     0.001
   7 0 1 0 1 1 1 1  29   3   6   0   0   0   0     5.501    23.811    19.605     0.000     0.000     0.000     0.000   0   0   0   0   0   0   0     0.000    -0.012    -0.011    -0.002     0.004     0.007    -0.000
   7 0 1 0 1 1 1 1  29   3  11   0   0   0   0     5.501    23.811    57.833     0.000     0.000     0.000     0.000   0   0   0   0   0   0   0     0.000    -0.040    -0.011    -0.002     0.004     0.002    -0.022
   7 0 0 0 1 1 1 1  10  32  28   0   0   0   0    15.858     4.248     5.580     0.000     0.000     0.000     0.000   0   0   0   0   0   0   0     0.000    -0.040    -0.011    -0.005     0.008    -0.016    -0.004
   7 0 0 0 1 1 1 1  25  27  13   0   0   0   0     5.868     5.255    57.386     0.000     0.000     0.000     0.000   0   0   0   0   0   0   0     0.000    -0.040    -0.011    -0.009    -0.001     0.008    -0.001
   7 0 0 0 1 1 1 1  24   4   1   0   0   0   0     5.489    22.715    22.453     0.000     0.000     0.000     0.000   0   0   0   0   0   0   0     0.000    -0.040    -0.011    -0.008    -0.001     0.001     0.007
   7 0 1 0 1 1 1 1  30   4   8   0   0   0   0     4.883    22.715    16.962     0.000     0.000     0.000     0.000   0   0   0   0   0   0   0     0.000     0.038    -0.011    -0.008    -0.001    -0.084     0.000
   7 0 1 0 1 1 1 1  30   4   8   0   0   0   0     4.883    22.715    16.962     0.000     0.000     0.000     0.000   0   0   0   0   0   0   0     0.000    -0.026    -0.011    -0.008    -0.001     0.054    -0.000
   7 0 0 0 1 1 1 1   3   2   3   0   0   0   0    22.413    21.755    22.421     0.000     0.000     0.000     0.000   0   0   0   0   0   0   0     0.000    -0.026    -0.011    -0.021    -0.006     0.026     0.000
   7 0 1 0 1 1 1 1  29   2   6   0   0   0   0     5.501    21.755    19.605     0.000     0.000     0.000     0.000   0   0   0   0   0   0   0     0.000    -0.010    -0.011    -0.021    -0.006     0.007    -0.000
   7 0 1 0 1 1 1 1  30   2  29   0   0   0   0     4.883    21.755     5.550     0.000     0.000     0.000     0.000   0   0   0   0   0   0   0     0.000     0.035    -0.011    -0.021    -0.006    -0.057     0.001
   7 0 0 0 1 1 1 1   5   3   2   0   0   0   0    23.168    22.413    23.150     0.000     0.000     0.000     0.000   0   0   0   0   0   0   0     0.000     0.035    -0.011    -0.020     0.003    -0.017    -0.005
   7 0 0 1 1 1 1 1   1   3   2   0   0   0   0    22.530    22.413    23.150     0.000     0.000     0.000     0.000   0   0   0   0   0   0   0     0.000     0.035    -0.010    -0.014     0.001    -0.017    -0.005
   7 0 0 0 1 1 1 1  12  11  29   0   0   0   0    47.179    50.189     5.501     0.000     0.000     0.000     0.000   0   0   0   0   0   0   0     0.000     0.035    -0.010     0.007     0.002    -0.017    -0.001
   7 0 1 0 1 1 1 1  29  11  22   0   0   0   0     5.501    50.189     5.064     0.000     0.000     0.000     0.000   0   0   0   0   0   0   0     0.000    -0.035    -0.010     0.007     0.002    -0.007     0.003
   7 0 1 0 1 1 1 1   8  11  30   0   0   0   0    16.962    50.189     5.307     0.000     0.000     0.000     0.000   0   0   0   0   0   0   0     0.000     0.024    -0.010     0.007     0.002    -0.010     0.001
   7 0 0 0 1 1 1 1   6   6  25   0   0   0   0    19.577    19.429     5.620     0.000     0.000     0.000     0.000   0   0   0   0   0   0   0     0.000     0.024    -0.010    -0.001     0.019    -0.011     0.000
   7 0 0 0 1 1 1 1  29  30   1   0   0   0   0     5.560     4.883    21.928     0.000     0.000     0.000     0.000   0   0   0   0   0   0   0     0.000     0.024    -0.010     0.003    -0.011     0.003    -0.000
   7 0 1 0 1 1 1 1  30  30   8   0   0   0   0     4.883     4.883    16.962     0.000     0.000     0.000     0.000   0   0   0   0   0   0   0     0.000     0.034    -0.010     0.003    -0.011    -0.075     0.000
   7 0 1 0 1 1 1 1  30  30   8   0   0   0   0     4.883     4.883    16.962     0.000     0.000     0.000     0.000   0   0   0   0   0   0   0     0.000    -0.024    -0.010     0.003    -0.011     0.050    -0.000
   7 0 1 0 1 1 1 1  30  30   8   0   0   0   0     4.883     4.883    16.962     0.000     0.000     0.000     0.000   0   0   0   0   0   0   0     0.000    -0.015    -0.010     0.003    -0.011     0.023    -0.000
   7 0 0 0 1 1 1 1  25  13  31   0   0   0   0     5.781    46.798     5.502     0.000     0.000     0.000     0.000   0   0   0   0   0   0   0     0.000    -0.015    -0.010    -0.010    -0.001    -0.001     0.002
   7 0 1 0 1 1 1 1  30  13   8   0   0   0   0     4.883    46.798    16.962     0.000     0.000     0.000     0.000   0   0   0   0   0   0   0     0.000     0.032    -0.010    -0.010    -0.001    -0.072     0.000
   7 0 0 0 1 1 1 1  21  28  32   0   0   0   0    64.717     5.533     4.299     0.000     0.000     0.000     0.000   0   0   0   0   0   0   0     0.000     0.032    -0.010    -0.016    -0.004    -0.004     0.007
   7 0 0 0 1 1 1 1  25  27   4   0   0   0   0     5.868     5.255    22.790     0.000     0.000     0.000     0.000   0   0   0   0   0   0   0     0.000     0.032    -0.010    -0.008    -0.001    -0.001     0.007
   7 0 0 0 1 1 1 1  25  30  24   0   0   0   0     5.450     4.883     5.723     0.000     0.000     0.000     0.000   0   0   0   0   0   0   0     0.000     0.032    -0.010     0.003    -0.009    -0.000     0.003
   7 0 0 0 1 1 1 1  29  30  23   0   0   0   0     5.785     4.883     5.965     0.000     0.000     0.000     0.000   0   0   0   0   0   0   0     0.000     0.032    -0.010     0.030    -0.011     0.001     0.008
   7 0 1 0 1 1 1 1  30  30   8   0   0   0   0     4.883     4.883    16.962     0.000     0.000     0.000     0.000   0   0   0   0   0   0   0     0.000    -0.022    -0.010     0.030    -0.011     0.047    -0.000
   7 0 0 0 1 1 1 1   6   6  25   0   0   0   0    19.577    19.429     5.483     0.000     0.000     0.000     0.000   0   0   0   0   0   0   0     0.000    -0.022    -0.010    -0.000     0.016    -0.012     0.000
   7 0 1 0 1 1 1 1  29   6  10   0   0   0   0     5.501    19.429    15.167     0.000     0.000     0.000     0.000   0   0   0   0   0   0   0     0.000    -0.009    -0.010    -0.000     0.016     0.004    -0.000
   7 0 1 0 1 1 1 1   8   6  12   0   0   0   0    16.962    19.429    45.611     0.000     0.000     0.000     0.000   0   0   0   0   0   0   0     0.000    -0.032    -0.010    -0.000     0.016     0.013    -0.001
   7 0 0 0 1 1 1 1   3   6   4   0   0   0   0    23.562    19.429    23.817     0.000     0.000     0.000     0.000   0   0   0   0   0   0   0     0.000    -0.032    -0.010    -0.017     0.005    -0.004     0.008
   7 0 1 0 1 1 1 1  30   6  28   0   0   0   0     4.883    19.429     5.473     0.000     0.000     0.000     0.000   0   0   0   0   0   0   0     0.000    -0.014    -0.010    -0.017     0.005     0.014    -0.000
   7 0 0 0 1 1 1 1  25   7  31   0   0   0   0     5.794    20.872     5.502     0.000     0.000     0.000     0.000   0   0   0   0   0   0   0     0.000    -0.014    -0.010     0.000    -0.004    -0.001     0.002
   7 0 1 0 1 1 1 1  29   7  24   0   0   0   0     5.501    20.872     5.226     0.000     0.000     0.000     0.000   0   0   0   0   0   0   0     0.000    -0.030    -0.010     0.000    -0.004    -0.016     0.001
   7 0 1 0 1 1 1 1   8   7  30   0   0   0   0    16.962    20.872     5.307     0.000     0.000     0.000     0.000   0   0   0   0   0   0   0     0.000     0.021    -0.010     0.000    -0.004    -0.009     0.001
   7 0 0 1 1 1 1 1   2   6  30   0   0   0   0    23.518    19.577     5.307     0.000     0.000     0.000     0.000   0   0   0   0   0   0   0     0.000     0.021     0.009     0.008    -0.001    -0.009     0.001
   7 0 1 0 1 1 1 1   8   6  12   0   0   0   0    16.962    19.577    45.611     0.000     0.000     0.000     0.000   0   0   0   0   0   0   0     0.000    -0.009     0.009     0.008    -0.001     0.004    -0.000
   7 0 1 0 1 1 1 1  30   6   8   0   0   0   0     4.883    19.577    16.962     0.000     0.000     0.000     0.000   0   0   0   0   0   0   0     0.000     0.029     0.009     0.008    -0.001    -0.064     0.000
   7 0 1 0 1 1 1 1  30   6   8   0   0   0   0     4.883    19.577    16.962     0.000     0.000     0.000     0.000   0   0   0   0   0   0   0     0.000    -0.020     0.009     0.008    -0.001     0.044    -0.000
   7 0 1 0 1 1 1 1   2   6  29   0   0   0   0    21.610    19.577     5.501     0.000     0.000     0.000     0.000   0   0   0   0   0   0   0     0.000    -0.016     0.009     0.008    -0.001     0.020    -0.000
   7 0 1 0 1 1 1 1  29   6   6   0   0   0   0     5.501    19.577    19.605     0.000     0.000     0.000     0.000   0   0   0   0   0   0   0     0.000    -0.008     0.009     0.008    -0.001     0.006    -0.000
   7 0 1 0 1 1 1 1  30   6   8   0   0   0   0     4.883    19.577    16.962     0.000     0.000     0.000     0.000   0   0   0   0   0   0   0     0.000     0.027     0.009     0.008    -0.001    -0.061     0.000
