  372
   1 1   0     0.000   0     4.826
   1 1   0     0.000   0     5.439
   1 1   0     0.000   0     5.757
   1 1   0     0.000   0     6.034
   7 0 0 0 1 1 1 1  25  17  16   0   0   0   0     5.546    56.339    60.021     0.000     0.000     0.000     0.000   0   0   0   0   0   0   0     0.000     0.000     0.000    -0.249    -0.097     0.042     0.209
   7 0 0 0 1 1 1 1  25  12  25   0   0   0   0     5.544    46.975     5.685     0.000     0.000     0.000     0.000   0   0   0   0   0   0   0     0.000     0.000     0.000    -0.283    -0.118     0.002     0.138
   7 0 0 0 1 1 1 1  25  25  26   0   0   0   0     5.374     5.148     5.856     0.000     0.000     0.000     0.000   0   0   0   0   0   0   0     0.000     0.000     0.000    -0.302    -0.162     0.010     0.120
   7 0 0 0 1 1 1 1  29  29  29   0   0   0   0     5.560     5.319     5.736     0.000     0.000     0.000     0.000   0   0   0   0   0   0   0     0.000     0.000     0.000    -0.534    -0.242     0.013     0.210
   7 0 0 0 1 1 1 1  29  18  16   0   0   0   0     5.620    49.810    59.777     0.000     0.000     0.000     0.000   0   0   0   0   0   0   0     0.000     0.000     0.000    -0.083    -0.223     0.038     0.184
   7 0 0 0 1 1 1 1  25   3   4   0   0   0   0     5.549    22.046    22.601     0.000     0.000     0.000     0.000   0   0   0   0   0   0   0     0.000     0.000     0.000    -0.262    -0.110    -0.002     0.122
   7 0 0 0 1 1 1 1  25  25  26   0   0   0   0     5.401     5.180     5.856     0.000     0.000     0.000     0.000   0   0   0   0   0   0   0     0.000     0.000     0.000    -0.264    -0.128     0.012     0.108
   7 0 0 0 1 1 1 1  29  29  29   0   0   0   0     5.531     5.284     5.730     0.000     0.000     0.000     0.000   0   0   0   0   0   0   0     0.000     0.000     0.000    -0.505    -0.254    -0.003     0.186
   7 0 0 0 1 1 1 1  25  12  16   0   0   0   0     5.558    47.653    59.215     0.000     0.000     0.000     0.000   0   0   0   0   0   0   0     0.000     0.000     0.000    -0.181    -0.049     0.031     0.155
   7 0 0 0 1 1 1 1  25  12  25   0   0   0   0     5.467    46.507     5.682     0.000     0.000     0.000     0.000   0   0   0   0   0   0   0     0.000     0.000     0.000    -0.249    -0.127    -0.008     0.112
   7 0 0 0 1 1 1 1  25  25  25   0   0   0   0     5.373     5.108     5.667     0.000     0.000     0.000     0.000   0   0   0   0   0   0   0     0.000     0.000     0.000    -0.262    -0.144     0.000     0.092
   7 0 0 0 1 1 1 1  24  29  28   0   0   0   0     5.281     5.345     5.606     0.000     0.000     0.000     0.000   0   0   0   0   0   0   0     0.000     0.000     0.000    -0.427    -0.194     0.031     0.196
   7 0 0 0 1 1 1 1  31  17  27   0   0   0   0     5.342    56.316     5.164     0.000     0.000     0.000     0.000   0   0   0   0   0   0   0     0.000     0.000     0.000    -0.188    -0.065     0.163     0.035
   7 0 0 0 1 1 1 1  25  12  25   0   0   0   0     5.557    47.372     5.762     0.000     0.000     0.000     0.000   0   0   0   0   0   0   0     0.000     0.000     0.000    -0.197    -0.069     0.013     0.112
   7 0 0 0 1 1 1 1  29  25   0   0   0   0   0     5.523     5.198    21.171     0.000     0.000     0.000     0.000   0   0   0   0   0   0   0     0.000     0.000     0.000    -0.213    -0.091     0.018     0.093
   7 0 0 0 1 1 1 1  24  29  28   0   0   0   0     5.323     5.370     5.613     0.000     0.000     0.000     0.000   0   0   0   0   0   0   0     0.000     0.000     0.000    -0.375    -0.147     0.040     0.184
   7 0 0 0 1 1 1 1  12  18  27   0   0   0   0    48.385    50.068     5.140     0.000     0.000     0.000     0.000   0   0   0   0   0   0   0     0.000     0.000     0.000    -0.071    -0.180     0.149     0.029
   7 0 0 0 1 1 1 1  25  12  25   0   0   0   0     5.418    46.174     5.665     0.000     0.000     0.000     0.000   0   0   0   0   0   0   0     0.000     0.000     0.000    -0.223    -0.120    -0.012     0.090
   7 0 0 0 1 1 1 1  29  25  26   0   0   0   0     5.524     5.257     5.858     0.000     0.000     0.000     0.000   0   0   0   0   0   0   0     0.000     0.000     0.000    -0.181    -0.066     0.012     0.081
   7 0 0 0 1 1 1 1  29  29  24   0   0   0   0     5.581     5.255     5.466     0.000     0.000     0.000     0.000   0   0   0   0   0   0   0     0.000     0.000     0.000    -0.392    -0.179     0.009     0.145
   7 0 0 0 1 1 1 1  31  12  19   0   0   0   0     5.351    47.753    65.465     0.000     0.000     0.000     0.000   0   0   0   0   0   0   0     0.000     0.000     0.000    -0.134    -0.033     0.027     0.120
   7 0 0 0 1 1 1 1  25  12  25   0   0   0   0     5.569    47.653     5.783     0.000     0.000     0.000     0.000   0   0   0   0   0   0   0     0.000     0.000     0.000    -0.155    -0.045     0.014     0.094
   7 0 0 0 1 1 1 1  25  25  31   0   0   0   0     5.357     5.058     5.383     0.000     0.000     0.000     0.000   0   0   0   0   0   0   0     0.000     0.000     0.000    -0.218    -0.116    -0.003     0.068
   7 0 0 0 1 1 1 1  31  29  28   0   0   0   0     5.332     5.390     5.637     0.000     0.000     0.000     0.000   0   0   0   0   0   0   0     0.000     0.000     0.000    -0.303    -0.103     0.051     0.160
   7 0 0 0 1 1 1 1  25  22  27   0   0   0   0     5.605     5.473     5.182     0.000     0.000     0.000     0.000   0   0   0   0   0   0   0     0.000     0.000     0.000    -0.037    -0.130     0.120     0.029
   7 0 0 0 1 1 1 1  25  12   4   0   0   0   0     5.393    46.065    22.600     0.000     0.000     0.000     0.000   0   0   0   0   0   0   0     0.000     0.000     0.000    -0.191    -0.102    -0.014     0.073
   7 0 0 0 1 1 1 1  29   4  19   0   0   0   0     5.582    22.254    65.292     0.000     0.000     0.000     0.000   0   0   0   0   0   0   0     0.000     0.000     0.000    -0.158    -0.060     0.026     0.092
   7 0 0 0 1 1 1 1  24  11  28   0   0   0   0     5.325    43.060     5.604     0.000     0.000     0.000     0.000   0   0   0   0   0   0   0     0.000     0.000     0.000    -0.342    -0.149     0.025     0.133
   7 0 0 0 1 1 1 1  31  17  19   0   0   0   0     5.361    55.998    66.203     0.000     0.000     0.000     0.000   0   0   0   0   0   0   0     0.000     0.000     0.000    -0.150    -0.048     0.026     0.105
   7 0 0 0 1 1 1 1  25  12  25   0   0   0   0     5.606    47.612     5.824     0.000     0.000     0.000     0.000   0   0   0   0   0   0   0     0.000     0.000     0.000    -0.127    -0.034     0.020     0.082
   7 0 0 0 1 1 1 1  29  27  26   0   0   0   0     5.536     5.244     5.876     0.000     0.000     0.000     0.000   0   0   0   0   0   0   0     0.000     0.000     0.000    -0.151    -0.063     0.011     0.066
   7 0 0 0 1 1 1 1  29  29  29   0   0   0   0     5.512     5.200     5.761     0.000     0.000     0.000     0.000   0   0   0   0   0   0   0     0.000     0.000     0.000    -0.337    -0.166     0.001     0.114
   7 0 0 0 1 1 1 1  12  18   0   0   0   0   0    48.172    50.314    21.155     0.000     0.000     0.000     0.000   0   0   0   0   0   0   0     0.000     0.000     0.000    -0.058    -0.141     0.002     0.065
   7 0 0 0 1 1 1 1  25  17  25   0   0   0   0     5.617    56.275     5.828     0.000     0.000     0.000     0.000   0   0   0   0   0   0   0     0.000     0.000     0.000    -0.136    -0.042     0.020     0.075
   7 0 0 0 1 1 1 1  25  25  31   0   0   0   0     5.332     5.026     5.421     0.000     0.000     0.000     0.000   0   0   0   0   0   0   0     0.000     0.000     0.000    -0.179    -0.093     0.001     0.057
   7 0 0 0 1 1 1 1  29  25  30   0   0   0   0     5.636     5.201     5.624     0.000     0.000     0.000     0.000   0   0   0   0   0   0   0     0.000     0.000     0.000    -0.247    -0.093     0.046     0.140
   7 0 0 0 1 1 1 1  25  12  27   0   0   0   0     5.617    47.835     5.037     0.000     0.000     0.000     0.000   0   0   0   0   0   0   0     0.000     0.000     0.000    -0.090    -0.019     0.105     0.025
   7 0 0 0 1 1 1 1  25  12   4   0   0   0   0     5.524    46.332    22.564     0.000     0.000     0.000     0.000   0   0   0   0   0   0   0     0.000     0.000     0.000    -0.135    -0.056    -0.006     0.056
   7 0 0 0 1 1 1 1  29  25  31   0   0   0   0     5.582     5.217     5.514     0.000     0.000     0.000     0.000   0   0   0   0   0   0   0     0.000     0.000     0.000    -0.114    -0.041     0.020     0.084
   7 0 0 0 1 1 1 1  29  25  29   0   0   0   0     5.486     5.047     5.749     0.000     0.000     0.000     0.000   0   0   0   0   0   0   0     0.000     0.000     0.000    -0.291    -0.145    -0.007     0.091
   7 0 0 0 1 1 1 1  12  22  19   0   0   0   0    48.545     5.512    65.465     0.000     0.000     0.000     0.000   0   0   0   0   0   0   0     0.000     0.000     0.000    -0.040    -0.109     0.012     0.072
   7 0 0 0 1 1 1 1  25  12   4   0   0   0   0     5.390    45.868    22.603     0.000     0.000     0.000     0.000   0   0   0   0   0   0   0     0.000     0.000     0.000    -0.139    -0.070    -0.010     0.050
   7 0 0 0 1 1 1 1  29  25  19   0   0   0   0     5.582     5.084    65.414     0.000     0.000     0.000     0.000   0   0   0   0   0   0   0     0.000     0.000     0.000    -0.131    -0.050     0.015     0.070
   7 0 0 0 1 1 1 1  29  29  30   0   0   0   0     5.671     5.403     5.636     0.000     0.000     0.000     0.000   0   0   0   0   0   0   0     0.000     0.000     0.000    -0.185    -0.054     0.043     0.121
   7 0 0 0 1 1 1 1  31  16  27   0   0   0   0     5.367    57.911     5.018     0.000     0.000     0.000     0.000   0   0   0   0   0   0   0     0.000     0.000     0.000    -0.061     0.024     0.089     0.022
   7 0 0 0 1 1 1 1  25  12  25   0   0   0   0     5.617    47.753     5.916     0.000     0.000     0.000     0.000   0   0   0   0   0   0   0     0.000     0.000     0.000    -0.085    -0.019     0.024     0.085
   7 0 0 0 1 1 1 1  25  12   0   0   0   0   0     5.305    45.571    21.154     0.000     0.000     0.000     0.000   0   0   0   0   0   0   0     0.000     0.000     0.000    -0.144    -0.073    -0.002     0.045
   7 0 0 0 1 1 1 1  24  29  28   0   0   0   0     5.342     5.217     5.623     0.000     0.000     0.000     0.000   0   0   0   0   0   0   0     0.000     0.000     0.000    -0.222    -0.087     0.019     0.090
   7 0 0 0 1 1 1 1  25   1  27   0   0   0   0     5.617    21.956     5.390     0.000     0.000     0.000     0.000   0   0   0   0   0   0   0     0.000     0.000     0.000    -0.027    -0.092     0.050     0.006
   7 0 0 0 1 1 1 1   3   1  25   0   0   0   0    22.533    21.912     5.922     0.000     0.000     0.000     0.000   0   0   0   0   0   0   0     0.000     0.000     0.000    -0.017    -0.080     0.028     0.079
   7 0 0 0 1 1 1 1  31  25  31   0   0   0   0     5.337     5.258     5.514     0.000     0.000     0.000     0.000   0   0   0   0   0   0   0     0.000     0.000     0.000    -0.082    -0.025     0.017     0.067
   7 0 0 0 1 1 1 1  29  23  23   0   0   0   0     5.662     5.536     5.601     0.000     0.000     0.000     0.000   0   0   0   0   0   0   0     0.000     0.000     0.000    -0.148    -0.036    -0.013     0.070
   7 0 0 0 1 1 1 1  31   5  16   0   0   0   0     5.367    21.970    62.728     0.000     0.000     0.000     0.000   0   0   0   0   0   0   0     0.000     0.000     0.000     0.016    -0.052     0.018     0.079
   7 0 0 0 1 1 1 1  25  12  25   0   0   0   0     5.627    47.989     5.926     0.000     0.000     0.000     0.000   0   0   0   0   0   0   0     0.000     0.000     0.000    -0.067    -0.010     0.027     0.072
   7 0 0 0 1 1 1 1  31  27  29   0   0   0   0     5.337     5.217     6.028     0.000     0.000     0.000     0.000   0   0   0   0   0   0   0     0.000     0.000     0.000    -0.101    -0.034     0.020     0.108
   7 0 0 0 1 1 1 1  25  25  24   0   0   0   0     5.392     5.021     5.479     0.000     0.000     0.000     0.000   0   0   0   0   0   0   0     0.000     0.000     0.000    -0.223    -0.101    -0.008     0.063
   7 0 0 0 1 1 1 1  12   4  27   0   0   0   0    48.016    22.078     5.245     0.000     0.000     0.000     0.000   0   0   0   0   0   0   0     0.000     0.000     0.000    -0.101    -0.037     0.053     0.007
   7 0 0 0 1 1 1 1   4  22  25   0   0   0   0    22.496     5.402     5.909     0.000     0.000     0.000     0.000   0   0   0   0   0   0   0     0.000     0.000     0.000    -0.006    -0.058     0.024     0.061
   7 0 0 0 1 1 1 1  29  27  19   0   0   0   0     5.662     5.294    66.180     0.000     0.000     0.000     0.000   0   0   0   0   0   0   0     0.000     0.000     0.000    -0.062    -0.011     0.013     0.056
   7 0 0 0 1 1 1 1  29  23  30   0   0   0   0     5.671     5.531     5.645     0.000     0.000     0.000     0.000   0   0   0   0   0   0   0     0.000     0.000     0.000    -0.123    -0.030     0.027     0.089
   7 0 0 0 1 1 1 1  22  16  12   0   0   0   0     5.465    58.981    45.731     0.000     0.000     0.000     0.000   0   0   0   0   0   0   0     0.000     0.000     0.000     0.003     0.047    -0.093    -0.044
   7 0 0 0 1 1 1 1   4   1  25   0   0   0   0    22.485    21.962     5.944     0.000     0.000     0.000     0.000   0   0   0   0   0   0   0     0.000     0.000     0.000    -0.018    -0.083     0.023     0.064
   7 0 0 0 1 1 1 1  25  12   0   0   0   0   0     5.305    45.500    21.142     0.000     0.000     0.000     0.000   0   0   0   0   0   0   0     0.000     0.000     0.000    -0.110    -0.048    -0.004     0.032
   7 0 0 0 1 1 1 1  25  28  29   0   0   0   0     5.390     4.986     5.776     0.000     0.000     0.000     0.000   0   0   0   0   0   0   0     0.000     0.000     0.000    -0.194    -0.083    -0.002     0.056
   7 0 0 0 1 1 1 1  31   5  16   0   0   0   0     5.367    21.970    55.283     0.000     0.000     0.000     0.000   0   0   0   0   0   0   0     0.000     0.000     0.000     0.015    -0.041    -0.002     0.031
   7 0 0 0 1 1 1 1  25  12  25   0   0   0   0     5.602    45.769     5.861     0.000     0.000     0.000     0.000   0   0   0   0   0   0   0     0.000     0.000     0.000    -0.094    -0.027     0.009     0.040
   7 0 0 0 1 1 1 1  29   5  27   0   0   0   0     5.668    21.970     5.863     0.000     0.000     0.000     0.000   0   0   0   0   0   0   0     0.000     0.000     0.000     0.012    -0.044     0.015     0.094
   7 0 0 0 1 1 1 1  29  23  23   0   0   0   0     5.633     5.457     5.591     0.000     0.000     0.000     0.000   0   0   0   0   0   0   0     0.000     0.000     0.000    -0.137    -0.048    -0.020     0.047
   7 0 0 0 1 1 1 1  12  18  11   0   0   0   0    48.016    50.546    53.790     0.000     0.000     0.000     0.000   0   0   0   0   0   0   0     0.000     0.000     0.000    -0.028    -0.076     0.018    -0.051
   7 0 0 0 1 1 1 1   3  18  25   0   0   0   0    22.504    49.818     5.948     0.000     0.000     0.000     0.000   0   0   0   0   0   0   0     0.000     0.000     0.000    -0.013    -0.057     0.018     0.055
   7 0 0 0 1 1 1 1   4  19  23   0   0   0   0    22.443    62.407     5.569     0.000     0.000     0.000     0.000   0   0   0   0   0   0   0     0.000     0.000     0.000    -0.004    -0.046    -0.007     0.035
   7 0 0 0 1 1 1 1  23  12  28   0   0   0   0     5.553    45.880     5.684     0.000     0.000     0.000     0.000   0   0   0   0   0   0   0     0.000     0.000     0.000    -0.142    -0.051     0.015     0.068
   7 0 0 0 1 1 1 1  25  13  11   0   0   0   0     5.617    49.608    54.250     0.000     0.000     0.000     0.000   0   0   0   0   0   0   0     0.000     0.000     0.000    -0.050    -0.010     0.021    -0.045
   7 0 0 0 1 1 1 1  25  12  25   0   0   0   0     5.616    45.726     5.845     0.000     0.000     0.000     0.000   0   0   0   0   0   0   0     0.000     0.000     0.000    -0.081    -0.021     0.007     0.032
   7 0 0 0 1 1 1 1  25  27  16   0   0   0   0     5.297     5.190    58.960     0.000     0.000     0.000     0.000   0   0   0   0   0   0   0     0.000     0.000     0.000    -0.090    -0.035     0.002     0.038
   7 0 0 0 1 1 1 1  29  17  23   0   0   0   0     5.685    56.280     5.880     0.000     0.000     0.000     0.000   0   0   0   0   0   0   0     0.000     0.000     0.000    -0.102    -0.032     0.027     0.112
   7 0 0 0 1 1 1 1  12   4  27   0   0   0   0    48.629    22.099     5.390     0.000     0.000     0.000     0.000   0   0   0   0   0   0   0     0.000     0.000     0.000    -0.062    -0.020     0.028    -0.003
   7 0 0 0 1 1 1 1   4  12  25   0   0   0   0    22.453    48.336     5.954     0.000     0.000     0.000     0.000   0   0   0   0   0   0   0     0.000     0.000     0.000    -0.039    -0.004     0.016     0.048
   7 0 0 0 1 1 1 1   4  19  23   0   0   0   0    22.443    62.262     5.569     0.000     0.000     0.000     0.000   0   0   0   0   0   0   0     0.000     0.000     0.000    -0.003    -0.038    -0.007     0.030
   7 0 0 0 1 1 1 1  23  28  25   0   0   0   0     5.555     4.976     5.549     0.000     0.000     0.000     0.000   0   0   0   0   0   0   0     0.000     0.000     0.000    -0.143    -0.046    -0.020     0.035
   7 0 0 0 1 1 1 1  29  17  16   0   0   0   0     5.755    56.814    55.477     0.000     0.000     0.000     0.000   0   0   0   0   0   0   0     0.000     0.000     0.000    -0.033     0.001     0.002     0.034
   7 0 0 0 1 1 1 1   4  18  25   0   0   0   0    22.463    50.409     5.964     0.000     0.000     0.000     0.000   0   0   0   0   0   0   0     0.000     0.000     0.000    -0.012    -0.059     0.015     0.049
   7 0 0 0 1 1 1 1  29   5  29   0   0   0   0     5.703    21.970     6.047     0.000     0.000     0.000     0.000   0   0   0   0   0   0   0     0.000     0.000     0.000     0.016    -0.030     0.011     0.086
   7 0 0 0 1 1 1 1  25  25  30   0   0   0   0     5.363     4.983     5.651     0.000     0.000     0.000     0.000   0   0   0   0   0   0   0     0.000     0.000     0.000    -0.135    -0.057     0.007     0.057
   7 0 0 0 1 1 1 1  29  17  16   0   0   0   0     5.752    56.732    55.508     0.000     0.000     0.000     0.000   0   0   0   0   0   0   0     0.000     0.000     0.000    -0.031     0.000     0.002     0.031
   7 0 0 0 1 1 1 1  25  12  25   0   0   0   0     5.582    45.605     5.861     0.000     0.000     0.000     0.000   0   0   0   0   0   0   0     0.000     0.000     0.000    -0.069    -0.018     0.005     0.025
   7 0 0 0 1 1 1 1  25  23  23   0   0   0   0     5.642     5.432     5.629     0.000     0.000     0.000     0.000   0   0   0   0   0   0   0     0.000     0.000     0.000    -0.070    -0.011    -0.004     0.027
   7 0 0 0 1 1 1 1  29  23  23   0   0   0   0     5.687     5.482     5.894     0.000     0.000     0.000     0.000   0   0   0   0   0   0   0     0.000     0.000     0.000    -0.077    -0.022     0.020     0.096
   7 0 0 0 1 1 1 1  32  16  16   0   0   0   0     4.277    57.918    56.275     0.000     0.000     0.000     0.000   0   0   0   0   0   0   0     0.000     0.000     0.000    -0.023     0.013     0.007     0.037
   7 0 0 0 1 1 1 1  22   4   1   0   0   0   0     5.469    22.686    22.031     0.000     0.000     0.000     0.000   0   0   0   0   0   0   0     0.000     0.000     0.000    -0.003     0.018    -0.028    -0.072
   7 0 0 0 1 1 1 1   4   1  30   0   0   0   0    22.413    21.978     5.879     0.000     0.000     0.000     0.000   0   0   0   0   0   0   0     0.000     0.000     0.000    -0.010    -0.052     0.011     0.075
   7 0 0 0 1 1 1 1  23  25  30   0   0   0   0     5.549     4.992     5.656     0.000     0.000     0.000     0.000   0   0   0   0   0   0   0     0.000     0.000     0.000    -0.112    -0.037     0.010     0.049
   7 0 0 0 1 1 1 1  12   4  11   0   0   0   0    47.877    22.043    53.367     0.000     0.000     0.000     0.000   0   0   0   0   0   0   0     0.000     0.000     0.000    -0.057    -0.017     0.011    -0.041
   7 0 0 0 1 1 1 1  25  12   0   0   0   0   0     5.369    45.501    21.182     0.000     0.000     0.000     0.000   0   0   0   0   0   0   0     0.000     0.000     0.000    -0.060    -0.022    -0.001     0.019
   7 0 0 0 1 1 1 1  29   5  26   0   0   0   0     5.704    21.967     5.976     0.000     0.000     0.000     0.000   0   0   0   0   0   0   0     0.000     0.000     0.000     0.015    -0.024     0.008     0.059
   7 0 0 0 1 1 1 1  29  23  23   0   0   0   0     5.704     5.539     5.919     0.000     0.000     0.000     0.000   0   0   0   0   0   0   0     0.000     0.000     0.000    -0.053    -0.009     0.019     0.089
   7 0 0 0 1 1 1 1  29  17  16   0   0   0   0     5.755    56.814    63.423     0.000     0.000     0.000     0.000   0   0   0   0   0   0   0     0.000     0.000     0.000    -0.023     0.001     0.008     0.043
   7 0 0 0 1 1 1 1  22   4   4   0   0   0   0     5.469    22.757    21.980     0.000     0.000     0.000     0.000   0   0   0   0   0   0   0     0.000     0.000     0.000    -0.002     0.017    -0.062    -0.024
   7 0 0 0 1 1 1 1   3  12  19   0   0   0   0    22.221    45.351    66.186     0.000     0.000     0.000     0.000   0   0   0   0   0   0   0     0.000     0.000     0.000    -0.069    -0.019     0.001     0.027
   7 0 0 0 1 1 1 1  23   4  25   0   0   0   0     5.575    22.173     5.549     0.000     0.000     0.000     0.000   0   0   0   0   0   0   0     0.000     0.000     0.000    -0.067    -0.022    -0.015     0.024
   7 0 0 0 1 1 1 1  12   4  11   0   0   0   0    48.720    21.980    52.909     0.000     0.000     0.000     0.000   0   0   0   0   0   0   0     0.000     0.000     0.000    -0.063    -0.013     0.012    -0.034
   7 0 0 0 1 1 1 1  25  16  25   0   0   0   0     5.617    57.317     5.937     0.000     0.000     0.000     0.000   0   0   0   0   0   0   0     0.000     0.000     0.000    -0.020     0.007     0.007     0.029
   7 0 0 0 1 1 1 1  24   5  29   0   0   0   0     5.342    22.011     5.986     0.000     0.000     0.000     0.000   0   0   0   0   0   0   0     0.000     0.000     0.000     0.003    -0.028     0.006     0.051
   7 0 0 0 1 1 1 1  29  23  23   0   0   0   0     5.694     5.427     5.866     0.000     0.000     0.000     0.000   0   0   0   0   0   0   0     0.000     0.000     0.000    -0.088    -0.022     0.014     0.066
   7 0 0 0 1 1 1 1  16  32  11   0   0   0   0    57.922     4.277    52.433     0.000     0.000     0.000     0.000   0   0   0   0   0   0   0     0.000     0.000     0.000    -0.017     0.006     0.023    -0.016
   7 0 0 0 1 1 1 1  25   4  25   0   0   0   0     5.364    22.044     5.864     0.000     0.000     0.000     0.000   0   0   0   0   0   0   0     0.000     0.000     0.000    -0.045    -0.016     0.001     0.017
   7 0 0 0 1 1 1 1  25  23  23   0   0   0   0     5.652     5.428     5.627     0.000     0.000     0.000     0.000   0   0   0   0   0   0   0     0.000     0.000     0.000    -0.050    -0.007    -0.005     0.020
   7 0 0 0 1 1 1 1  23  25  28   0   0   0   0     5.560     4.965     5.701     0.000     0.000     0.000     0.000   0   0   0   0   0   0   0     0.000     0.000     0.000    -0.099    -0.026     0.007     0.035
   7 0 0 0 1 1 1 1   5   4  32   0   0   0   0    21.977    22.600     4.274     0.000     0.000     0.000     0.000   0   0   0   0   0   0   0     0.000     0.000     0.000     0.002     0.028    -0.015     0.006
   7 0 0 0 1 1 1 1   4  22   4   0   0   0   0    22.429     5.390    23.785     0.000     0.000     0.000     0.000   0   0   0   0   0   0   0     0.000     0.000     0.000     0.000    -0.019     0.007     0.032
   7 0 0 0 1 1 1 1  23  25   4   0   0   0   0     5.536     4.967    22.630     0.000     0.000     0.000     0.000   0   0   0   0   0   0   0     0.000     0.000     0.000    -0.057    -0.013    -0.004     0.019
   7 0 0 0 1 1 1 1  25  25  11   0   0   0   0     5.347     4.954    52.831     0.000     0.000     0.000     0.000   0   0   0   0   0   0   0     0.000     0.000     0.000    -0.095    -0.033     0.013    -0.042
   7 0 0 0 1 1 1 1  13  22  11   0   0   0   0    50.405     5.368    53.029     0.000     0.000     0.000     0.000   0   0   0   0   0   0   0     0.000     0.000     0.000     0.001    -0.018     0.015    -0.029
   7 0 0 0 1 1 1 1   3  13  25   0   0   0   0    22.481    49.805     5.972     0.000     0.000     0.000     0.000   0   0   0   0   0   0   0     0.000     0.000     0.000    -0.020    -0.002     0.006     0.031
   7 0 0 0 1 1 1 1   4  16  27   0   0   0   0    22.401    55.504     5.977     0.000     0.000     0.000     0.000   0   0   0   0   0   0   0     0.000     0.000     0.000     0.001    -0.019     0.007     0.064
   7 0 0 0 1 1 1 1  29  17  23   0   0   0   0     5.704    56.412     5.939     0.000     0.000     0.000     0.000   0   0   0   0   0   0   0     0.000     0.000     0.000    -0.041    -0.009     0.012     0.075
   7 0 0 0 1 1 1 1  17  23  11   0   0   0   0    57.229     5.428    52.832     0.000     0.000     0.000     0.000   0   0   0   0   0   0   0     0.000     0.000     0.000    -0.044    -0.005     0.015    -0.024
   7 0 0 0 1 1 1 1  22   0   1   0   0   0   0     5.470    21.140    22.031     0.000     0.000     0.000     0.000   0   0   0   0   0   0   0     0.000     0.000     0.000    -0.002     0.011    -0.014    -0.043
   7 0 0 0 1 1 1 1  16  23   6   0   0   0   0    58.715     5.868    19.364     0.000     0.000     0.000     0.000   0   0   0   0   0   0   0     0.000     0.000     0.000    -0.007     0.035     0.040     0.013
   7 0 0 0 1 1 1 1  24   5  23   0   0   0   0     5.428    21.989     5.954     0.000     0.000     0.000     0.000   0   0   0   0   0   0   0     0.000     0.000     0.000     0.010    -0.027     0.013     0.071
   7 0 0 0 1 1 1 1  13  25  11   0   0   0   0    49.823     5.640    54.812     0.000     0.000     0.000     0.000   0   0   0   0   0   0   0     0.000     0.000     0.000    -0.018    -0.001     0.009    -0.029
   7 0 0 0 1 1 1 1  25  16  24   0   0   0   0     5.586    57.048     5.467     0.000     0.000     0.000     0.000   0   0   0   0   0   0   0     0.000     0.000     0.000    -0.016     0.002     0.014     0.001
   7 0 0 0 1 1 1 1  23  12   4   0   0   0   0     5.528    45.261    22.646     0.000     0.000     0.000     0.000   0   0   0   0   0   0   0     0.000     0.000     0.000    -0.053    -0.011    -0.002     0.015
   7 0 0 0 1 1 1 1  22  11  28   0   0   0   0     5.465    53.022     4.935     0.000     0.000     0.000     0.000   0   0   0   0   0   0   0     0.000     0.000     0.000     0.010    -0.038    -0.084    -0.027
   7 0 0 0 1 1 1 1   5  11  12   0   0   0   0    21.948    46.925    45.989     0.000     0.000     0.000     0.000   0   0   0   0   0   0   0     0.000     0.000     0.000     0.006     0.030    -0.025    -0.000
   7 0 0 0 1 1 1 1  25   4  25   0   0   0   0     5.358    21.980     5.840     0.000     0.000     0.000     0.000   0   0   0   0   0   0   0     0.000     0.000     0.000    -0.040    -0.011    -0.000     0.011
   7 0 0 0 1 1 1 1  23  25   5   0   0   0   0     5.507     5.799    21.980     0.000     0.000     0.000     0.000   0   0   0   0   0   0   0     0.000     0.000     0.000    -0.020     0.000     0.019     0.000
   7 0 0 0 1 1 1 1  24  17  17   0   0   0   0     5.514    56.700    54.182     0.000     0.000     0.000     0.000   0   0   0   0   0   0   0     0.000     0.000     0.000    -0.029    -0.003     0.066     0.014
   7 0 0 0 1 1 1 1  23  26  17   0   0   0   0     5.536     5.893    57.245     0.000     0.000     0.000     0.000   0   0   0   0   0   0   0     0.000     0.000     0.000    -0.016     0.006    -0.003     0.013
   7 0 0 0 1 1 1 1   4  13  11   0   0   0   0    22.726    49.447    50.378     0.000     0.000     0.000     0.000   0   0   0   0   0   0   0     0.000     0.000     0.000    -0.015    -0.001     0.020     0.003
   7 0 0 0 1 1 1 1  24   5  26   0   0   0   0     5.342    22.034     6.057     0.000     0.000     0.000     0.000   0   0   0   0   0   0   0     0.000     0.000     0.000     0.002    -0.021     0.004     0.050
   7 0 0 0 1 1 1 1  29   5  23   0   0   0   0     5.706    21.970     5.853     0.000     0.000     0.000     0.000   0   0   0   0   0   0   0     0.000     0.000     0.000     0.012    -0.021     0.007     0.040
   7 0 0 0 1 1 1 1  27  27  12   0   0   0   0     4.943     4.889    45.938     0.000     0.000     0.000     0.000   0   0   0   0   0   0   0     0.000     0.000     0.000     0.032     0.019    -0.022    -0.000
   7 0 0 0 1 1 1 1  25  27  25   0   0   0   0     5.258     5.177     5.907     0.000     0.000     0.000     0.000   0   0   0   0   0   0   0     0.000     0.000     0.000    -0.037    -0.011     0.001     0.014
   7 0 0 0 1 1 1 1  16  23   6   0   0   0   0    58.954     5.848    19.300     0.000     0.000     0.000     0.000   0   0   0   0   0   0   0     0.000     0.000     0.000    -0.006     0.024     0.039     0.011
   7 0 0 0 1 1 1 1  23  25  28   0   0   0   0     5.575     4.969     5.701     0.000     0.000     0.000     0.000   0   0   0   0   0   0   0     0.000     0.000     0.000    -0.060    -0.013     0.003     0.022
   7 0 0 0 1 1 1 1  29  17  20   0   0   0   0     5.778    55.465    60.030     0.000     0.000     0.000     0.000   0   0   0   0   0   0   0     0.000     0.000     0.000    -0.041    -0.004    -0.016     0.011
   7 0 0 0 1 1 1 1  25  13  11   0   0   0   0     5.632    49.847    50.563     0.000     0.000     0.000     0.000   0   0   0   0   0   0   0     0.000     0.000     0.000    -0.012    -0.000     0.013     0.002
   7 0 0 0 1 1 1 1   5  18   8   0   0   0   0    21.980    48.408    17.844     0.000     0.000     0.000     0.000   0   0   0   0   0   0   0     0.000     0.000     0.000     0.035     0.009    -0.009     0.007
   7 0 0 0 1 1 1 1  22  11  30   0   0   0   0     5.465    52.837     4.448     0.000     0.000     0.000     0.000   0   0   0   0   0   0   0     0.000     0.000     0.000     0.008    -0.030    -0.079    -0.020
   7 0 0 0 1 1 1 1   5  25  32   0   0   0   0    21.948     5.476     4.277     0.000     0.000     0.000     0.000   0   0   0   0   0   0   0     0.000     0.000     0.000     0.006     0.023    -0.007     0.004
   7 0 0 0 1 1 1 1  25   5   3   0   0   0   0     5.815    21.980    24.318     0.000     0.000     0.000     0.000   0   0   0   0   0   0   0     0.000     0.000     0.000     0.010    -0.006     0.005     0.022
   7 0 0 0 1 1 1 1  23  28  27   0   0   0   0     5.491     4.935     6.006     0.000     0.000     0.000     0.000   0   0   0   0   0   0   0     0.000     0.000     0.000    -0.046    -0.009     0.002     0.049
   7 0 0 0 1 1 1 1  24   5  17   0   0   0   0     5.524    21.985    54.064     0.000     0.000     0.000     0.000   0   0   0   0   0   0   0     0.000     0.000     0.000     0.008    -0.013     0.055     0.011
   7 0 0 0 1 1 1 1  13  26  12   0   0   0   0    49.531     5.875    55.199     0.000     0.000     0.000     0.000   0   0   0   0   0   0   0     0.000     0.000     0.000    -0.015     0.001     0.005    -0.037
   7 0 0 0 1 1 1 1  29   5  24   0   0   0   0     5.620    22.024     5.441     0.000     0.000     0.000     0.000   0   0   0   0   0   0   0     0.000     0.000     0.000     0.002    -0.012     0.010     0.001
   7 0 0 0 1 1 1 1  16   8   6   0   0   0   0    58.981    17.857    19.288     0.000     0.000     0.000     0.000   0   0   0   0   0   0   0     0.000     0.000     0.000    -0.008     0.006     0.033     0.010
   7 0 0 0 1 1 1 1  22  24  30   0   0   0   0     5.493     5.527     4.448     0.000     0.000     0.000     0.000   0   0   0   0   0   0   0     0.000     0.000     0.000    -0.003     0.012    -0.070    -0.023
   7 0 0 0 1 1 1 1   5  25  32   0   0   0   0    21.963     5.482     4.277     0.000     0.000     0.000     0.000   0   0   0   0   0   0   0     0.000     0.000     0.000     0.003     0.018    -0.007     0.003
   7 0 0 0 1 1 1 1  25   4  25   0   0   0   0     5.044    21.950     5.815     0.000     0.000     0.000     0.000   0   0   0   0   0   0   0     0.000     0.000     0.000    -0.033    -0.014    -0.001     0.006
   7 0 0 0 1 1 1 1   5  18  32   0   0   0   0    21.983    48.553     4.188     0.000     0.000     0.000     0.000   0   0   0   0   0   0   0     0.000     0.000     0.000     0.026     0.007    -0.012     0.002
   7 0 0 0 1 1 1 1  29  16  30   0   0   0   0     5.616    57.845     5.833     0.000     0.000     0.000     0.000   0   0   0   0   0   0   0     0.000     0.000     0.000    -0.017     0.019     0.004     0.038
   7 0 0 0 1 1 1 1  13  26  12   0   0   0   0    49.499     5.887    55.199     0.000     0.000     0.000     0.000   0   0   0   0   0   0   0     0.000     0.000     0.000    -0.013     0.000     0.005    -0.032
   7 0 0 0 1 1 1 1  25  12   6   0   0   0   0     5.358    45.539    19.638     0.000     0.000     0.000     0.000   0   0   0   0   0   0   0     0.000     0.000     0.000    -0.021    -0.005     0.010     0.000
   7 0 0 0 1 1 1 1  31   5  27   0   0   0   0     5.572    21.983     6.038     0.000     0.000     0.000     0.000   0   0   0   0   0   0   0     0.000     0.000     0.000     0.010    -0.004     0.020     0.046
   7 0 0 0 1 1 1 1  22  11  32   0   0   0   0     5.497    53.637     3.566     0.000     0.000     0.000     0.000   0   0   0   0   0   0   0     0.000     0.000     0.000     0.004    -0.029    -0.056    -0.019
   7 0 0 0 1 1 1 1  17  23  11   0   0   0   0    57.259     5.400    52.257     0.000     0.000     0.000     0.000   0   0   0   0   0   0   0     0.000     0.000     0.000    -0.043    -0.003     0.009    -0.015
   7 0 0 0 1 1 1 1  29   5  25   0   0   0   0     5.620    22.024     5.995     0.000     0.000     0.000     0.000   0   0   0   0   0   0   0     0.000     0.000     0.000     0.002    -0.010     0.002     0.021
   7 0 0 0 1 1 1 1  25  30  26   0   0   0   0     5.034     4.448     5.968     0.000     0.000     0.000     0.000   0   0   0   0   0   0   0     0.000     0.000     0.000    -0.046    -0.017     0.000     0.025
   7 0 0 0 1 1 1 1  29   5  17   0   0   0   0     5.778    21.992    53.793     0.000     0.000     0.000     0.000   0   0   0   0   0   0   0     0.000     0.000     0.000     0.008    -0.010     0.051     0.008
   7 0 0 0 1 1 1 1  13  25  11   0   0   0   0    50.442     4.951    54.300     0.000     0.000     0.000     0.000   0   0   0   0   0   0   0     0.000     0.000     0.000    -0.032    -0.003     0.007    -0.017
   7 0 0 0 1 1 1 1  25   1   1   0   0   0   0     5.815    21.895    22.356     0.000     0.000     0.000     0.000   0   0   0   0   0   0   0     0.000     0.000     0.000     0.002    -0.008     0.003     0.018
   7 0 0 0 1 1 1 1  16  21   6   0   0   0   0    58.772    66.543    19.282     0.000     0.000     0.000     0.000   0   0   0   0   0   0   0     0.000     0.000     0.000     0.005    -0.007     0.026     0.007
   7 0 0 0 1 1 1 1  24   0  23   0   0   0   0     5.524    21.159     5.977     0.000     0.000     0.000     0.000   0   0   0   0   0   0   0     0.000     0.000     0.000    -0.012     0.003     0.007     0.042
   7 0 0 0 1 1 1 1  27  18  23   0   0   0   0     4.918    50.662     5.534     0.000     0.000     0.000     0.000   0   0   0   0   0   0   0     0.000     0.000     0.000     0.014     0.022    -0.007     0.001
   7 0 0 0 1 1 1 1  25  12  14   0   0   0   0     5.012    45.146    39.694     0.000     0.000     0.000     0.000   0   0   0   0   0   0   0     0.000     0.000     0.000    -0.027    -0.012     0.013    -0.000
   7 0 0 0 1 1 1 1  23  25  26   0   0   0   0     5.489     4.953     6.074     0.000     0.000     0.000     0.000   0   0   0   0   0   0   0     0.000     0.000     0.000    -0.033    -0.007     0.002     0.036
   7 0 0 0 1 1 1 1  23  17  28   0   0   0   0     5.544    59.155     5.717     0.000     0.000     0.000     0.000   0   0   0   0   0   0   0     0.000     0.000     0.000    -0.014     0.012     0.001     0.014
   7 0 0 0 1 1 1 1  13  26  32   0   0   0   0    49.482     5.817     4.328     0.000     0.000     0.000     0.000   0   0   0   0   0   0   0     0.000     0.000     0.000    -0.012    -0.000     0.000     0.014
   7 0 0 0 1 1 1 1  17  23  31   0   0   0   0    58.513     5.414     5.470     0.000     0.000     0.000     0.000   0   0   0   0   0   0   0     0.000     0.000     0.000    -0.018    -0.001     0.010     0.000
   7 0 0 0 1 1 1 1   5   4  19   0   0   0   0    21.983    22.825    61.418     0.000     0.000     0.000     0.000   0   0   0   0   0   0   0     0.000     0.000     0.000     0.006     0.027     0.004    -0.006
   7 0 0 0 1 1 1 1  22  11  30   0   0   0   0     5.497    52.837     4.448     0.000     0.000     0.000     0.000   0   0   0   0   0   0   0     0.000     0.000     0.000     0.004    -0.021    -0.052    -0.015
   7 0 0 0 1 1 1 1  17  22  11   0   0   0   0    57.590     4.995    52.249     0.000     0.000     0.000     0.000   0   0   0   0   0   0   0     0.000     0.000     0.000    -0.036    -0.002     0.007    -0.011
   7 0 0 0 1 1 1 1  10   0  25   0   0   0   0    15.087    21.221     5.812     0.000     0.000     0.000     0.000   0   0   0   0   0   0   0     0.000     0.000     0.000     0.005     0.033    -0.004     0.004
   7 0 0 0 1 1 1 1  23  16  11   0   0   0   0     5.868    58.715    50.430     0.000     0.000     0.000     0.000   0   0   0   0   0   0   0     0.000     0.000     0.000    -0.003     0.008     0.035     0.010
   7 0 0 0 1 1 1 1  23  17  17   0   0   0   0     5.483    59.156    54.991     0.000     0.000     0.000     0.000   0   0   0   0   0   0   0     0.000     0.000     0.000    -0.015     0.014     0.026     0.002
   7 0 0 0 1 1 1 1  13   4  12   0   0   0   0    49.531    21.980    55.320     0.000     0.000     0.000     0.000   0   0   0   0   0   0   0     0.000     0.000     0.000    -0.025    -0.004     0.003    -0.025
   7 0 0 0 1 1 1 1  22  10   4   0   0   0   0     5.456    15.132    21.971     0.000     0.000     0.000     0.000   0   0   0   0   0   0   0     0.000     0.000     0.000     0.008     0.000    -0.019    -0.004
   7 0 0 0 1 1 1 1  12  25   0   0   0   0   0    54.763     5.030    20.673     0.000     0.000     0.000     0.000   0   0   0   0   0   0   0     0.000     0.000     0.000    -0.018     0.001    -0.040    -0.021
   7 0 0 0 1 1 1 1  28   5  30   0   0   0   0     5.715    21.978     5.966     0.000     0.000     0.000     0.000   0   0   0   0   0   0   0     0.000     0.000     0.000     0.007    -0.005     0.010     0.039
   7 0 0 0 1 1 1 1   5  16  32   0   0   0   0    21.948    64.476     4.277     0.000     0.000     0.000     0.000   0   0   0   0   0   0   0     0.000     0.000     0.000     0.007     0.017    -0.004     0.002
   7 0 0 0 1 1 1 1  14  25  21   0   0   0   0    39.694     5.851    68.130     0.000     0.000     0.000     0.000   0   0   0   0   0   0   0     0.000     0.000     0.000     0.003     0.017    -0.002     0.004
   7 0 0 0 1 1 1 1  23   5  11   0   0   0   0     5.846    22.002    50.542     0.000     0.000     0.000     0.000   0   0   0   0   0   0   0     0.000     0.000     0.000     0.007    -0.003     0.029     0.007
   7 0 0 0 1 1 1 1  22  11  30   0   0   0   0     5.521    52.831     4.448     0.000     0.000     0.000     0.000   0   0   0   0   0   0   0     0.000     0.000     0.000     0.003    -0.018    -0.045    -0.014
   7 0 0 0 1 1 1 1  23  27  17   0   0   0   0     5.569     5.483    57.232     0.000     0.000     0.000     0.000   0   0   0   0   0   0   0     0.000     0.000     0.000    -0.003    -0.031    -0.001     0.007
   7 0 0 0 1 1 1 1   3  10  25   0   0   0   0    24.273    15.094     5.770     0.000     0.000     0.000     0.000   0   0   0   0   0   0   0     0.000     0.000     0.000     0.005    -0.002    -0.019     0.011
   7 0 0 0 1 1 1 1  12  25   0   0   0   0   0    54.763     5.071    20.701     0.000     0.000     0.000     0.000   0   0   0   0   0   0   0     0.000     0.000     0.000    -0.013     0.001    -0.033    -0.018
   7 0 0 0 1 1 1 1  24   5  16   0   0   0   0     5.528    22.034    50.276     0.000     0.000     0.000     0.000   0   0   0   0   0   0   0     0.000     0.000     0.000     0.004    -0.008     0.026     0.005
   7 0 0 0 1 1 1 1  13  26  32   0   0   0   0    49.482     5.887     4.329     0.000     0.000     0.000     0.000   0   0   0   0   0   0   0     0.000     0.000     0.000    -0.008     0.001     0.000     0.011
   7 0 0 0 1 1 1 1  29   5  24   0   0   0   0     5.620    22.024     5.470     0.000     0.000     0.000     0.000   0   0   0   0   0   0   0     0.000     0.000     0.000     0.001    -0.006     0.005     0.000
   7 0 0 0 1 1 1 1  27  16  30   0   0   0   0     5.797    58.715     5.993     0.000     0.000     0.000     0.000   0   0   0   0   0   0   0     0.000     0.000     0.000    -0.002     0.006     0.012     0.034
   7 0 0 0 1 1 1 1  32  23  17   0   0   0   0     4.357     5.438    53.536     0.000     0.000     0.000     0.000   0   0   0   0   0   0   0     0.000     0.000     0.000    -0.019    -0.000     0.037     0.009
   7 0 0 0 1 1 1 1   7  32  25   0   0   0   0    21.154     4.328     5.794     0.000     0.000     0.000     0.000   0   0   0   0   0   0   0     0.000     0.000     0.000    -0.001     0.008    -0.042    -0.008
   7 0 0 0 1 1 1 1  24  10   6   0   0   0   0     5.153    15.210    19.642     0.000     0.000     0.000     0.000   0   0   0   0   0   0   0     0.000     0.000     0.000    -0.002    -0.010     0.006     0.000
   7 0 0 0 1 1 1 1  25   9  12   0   0   0   0     4.972    17.572    54.523     0.000     0.000     0.000     0.000   0   0   0   0   0   0   0     0.000     0.000     0.000    -0.083    -0.020     0.001    -0.018
   7 0 0 0 1 1 1 1  11  10   7   0   0   0   0    46.065    15.202    20.047     0.000     0.000     0.000     0.000   0   0   0   0   0   0   0     0.000     0.000     0.000    -0.003    -0.016     0.014     0.000
   7 0 0 0 1 1 1 1  12   4  24   0   0   0   0    45.234    21.957     4.869     0.000     0.000     0.000     0.000   0   0   0   0   0   0   0     0.000     0.000     0.000    -0.023    -0.012     0.413     0.000
   7 0 0 0 1 1 1 1  14   3  12   0   0   0   0    39.689    24.438    49.703     0.000     0.000     0.000     0.000   0   0   0   0   0   0   0     0.000     0.000     0.000     0.006     0.019    -0.003     0.002
   7 0 0 0 1 1 1 1  23  21  11   0   0   0   0     5.841    67.918    50.590     0.000     0.000     0.000     0.000   0   0   0   0   0   0   0     0.000     0.000     0.000    -0.003     0.004     0.024     0.005
   7 0 0 0 1 1 1 1  32  23  30   0   0   0   0     4.357     5.428     5.981     0.000     0.000     0.000     0.000   0   0   0   0   0   0   0     0.000     0.000     0.000    -0.018    -0.000     0.008     0.032
   7 0 0 0 1 1 1 1  12  13  30   0   0   0   0    55.406    50.442     5.069     0.000     0.000     0.000     0.000   0   0   0   0   0   0   0     0.000     0.000     0.000    -0.002     0.004    -0.027    -0.013
   7 0 0 0 1 1 1 1   4  23  26   0   0   0   0    23.764     5.428     5.915     0.000     0.000     0.000     0.000   0   0   0   0   0   0   0     0.000     0.000     0.000    -0.011     0.000     0.006     0.016
   7 0 0 0 1 1 1 1  31   1  12   0   0   0   0     5.060    22.032    54.763     0.000     0.000     0.000     0.000   0   0   0   0   0   0   0     0.000     0.000     0.000    -0.150    -0.023     0.001    -0.018
   7 0 0 0 1 1 1 1  32   5  24   0   0   0   0     4.271    22.034     5.364     0.000     0.000     0.000     0.000   0   0   0   0   0   0   0     0.000     0.000     0.000     0.004    -0.008    -0.008     0.005
   7 0 0 0 1 1 1 1  23  10   2   0   0   0   0     5.579    15.791    21.726     0.000     0.000     0.000     0.000   0   0   0   0   0   0   0     0.000     0.000     0.000    -0.003    -0.038     0.009     0.000
   7 0 0 0 1 1 1 1  28  17  22   0   0   0   0     5.701    57.166     5.310     0.000     0.000     0.000     0.000   0   0   0   0   0   0   0     0.000     0.000     0.000    -0.004     0.001     0.008     0.001
   7 0 0 0 1 1 1 1  29  22   6   0   0   0   0     5.704     5.428    19.288     0.000     0.000     0.000     0.000   0   0   0   0   0   0   0     0.000     0.000     0.000    -0.013     0.000     0.024     0.002
   7 0 0 0 1 1 1 1  11   0  12   0   0   0   0    46.065    21.152    54.519     0.000     0.000     0.000     0.000   0   0   0   0   0   0   0     0.000     0.000     0.000    -0.006    -0.040     0.003    -0.021
   7 0 0 0 1 1 1 1  12   9  12   0   0   0   0    45.563    17.572    55.320     0.000     0.000     0.000     0.000   0   0   0   0   0   0   0     0.000     0.000     0.000     0.021    -0.014     0.001    -0.018
   7 0 0 0 1 1 1 1  14  11  10   0   0   0   0    39.694    50.794    15.094     0.000     0.000     0.000     0.000   0   0   0   0   0   0   0     0.000     0.000     0.000     0.010    -0.001     0.004    -0.001
   7 0 0 0 1 1 1 1   3  30  22   0   0   0   0    22.193     4.448     5.427     0.000     0.000     0.000     0.000   0   0   0   0   0   0   0     0.000     0.000     0.000    -0.028    -0.004    -0.001     0.007
   7 0 0 0 1 1 1 1  28   0  30   0   0   0   0     5.717    21.159     5.993     0.000     0.000     0.000     0.000   0   0   0   0   0   0   0     0.000     0.000     0.000    -0.004     0.003     0.007     0.031
   7 0 0 0 1 1 1 1   5   2  32   0   0   0   0    21.976    21.563     4.277     0.000     0.000     0.000     0.000   0   0   0   0   0   0   0     0.000     0.000     0.000    -0.007     0.006    -0.004     0.002
   7 0 0 0 1 1 1 1  28  17  22   0   0   0   0     5.701    57.549     5.310     0.000     0.000     0.000     0.000   0   0   0   0   0   0   0     0.000     0.000     0.000    -0.003     0.002     0.007     0.001
   7 0 0 0 1 1 1 1  26  16  23   0   0   0   0     5.951    58.168     6.021     0.000     0.000     0.000     0.000   0   0   0   0   0   0   0     0.000     0.000     0.000    -0.002     0.004     0.010     0.030
   7 0 0 0 1 1 1 1  32   7  11   0   0   0   0     4.354    21.105    50.744     0.000     0.000     0.000     0.000   0   0   0   0   0   0   0     0.000     0.000     0.000    -0.001    -0.046     0.012     0.002
   7 0 0 0 1 1 1 1   7  32  25   0   0   0   0    21.153     4.328     5.794     0.000     0.000     0.000     0.000   0   0   0   0   0   0   0     0.000     0.000     0.000    -0.001     0.006    -0.035    -0.006
   7 0 0 0 1 1 1 1   4  23  26   0   0   0   0    23.759     5.428     5.915     0.000     0.000     0.000     0.000   0   0   0   0   0   0   0     0.000     0.000     0.000    -0.010     0.000     0.005     0.013
   7 0 0 0 1 1 1 1  22  29  13   0   0   0   0     5.543     5.704    48.471     0.000     0.000     0.000     0.000   0   0   0   0   0   0   0     0.000     0.000     0.000    -0.003     0.002     0.032     0.010
   7 0 0 0 1 1 1 1  24   5  23   0   0   0   0     5.711    21.978     6.018     0.000     0.000     0.000     0.000   0   0   0   0   0   0   0     0.000     0.000     0.000     0.005    -0.003     0.006     0.028
   7 0 0 0 1 1 1 1  16  17  32   0   0   0   0    54.975    56.367     4.329     0.000     0.000     0.000     0.000   0   0   0   0   0   0   0     0.000     0.000     0.000     0.001    -0.010    -0.000     0.007
   7 0 0 0 1 1 1 1  28  21  18   0   0   0   0     5.712    68.130    47.915     0.000     0.000     0.000     0.000   0   0   0   0   0   0   0     0.000     0.000     0.000    -0.002     0.003     0.007     0.001
   7 0 0 0 1 1 1 1  16  22   0   0   0   0   0    54.895     5.024    21.192     0.000     0.000     0.000     0.000   0   0   0   0   0   0   0     0.000     0.000     0.000    -0.012     0.009    -0.003     0.004
   7 0 0 0 1 1 1 1  12  18  24   0   0   0   0    54.519    49.210     5.235     0.000     0.000     0.000     0.000   0   0   0   0   0   0   0     0.000     0.000     0.000     0.003    -0.004    -0.034    -0.011
   7 0 0 0 1 1 1 1  12   4  30   0   0   0   0    45.234    21.925     4.448     0.000     0.000     0.000     0.000   0   0   0   0   0   0   0     0.000     0.000     0.000    -0.023    -0.012     0.392     0.000
   7 0 0 0 1 1 1 1  25  23  26   0   0   0   0     5.906     5.400     5.915     0.000     0.000     0.000     0.000   0   0   0   0   0   0   0     0.000     0.000     0.000    -0.014    -0.000     0.003     0.009
   7 0 0 0 1 1 1 1  25   9  12   0   0   0   0     4.959    17.572    54.519     0.000     0.000     0.000     0.000   0   0   0   0   0   0   0     0.000     0.000     0.000    -0.141    -0.016     0.001    -0.013
   7 0 0 0 1 1 1 1  22  11  13   0   0   0   0     5.528    52.831    48.988     0.000     0.000     0.000     0.000   0   0   0   0   0   0   0     0.000     0.000     0.000     0.001    -0.011    -0.018    -0.002
   7 0 0 0 1 1 1 1  12  13  30   0   0   0   0    55.454    49.680     5.057     0.000     0.000     0.000     0.000   0   0   0   0   0   0   0     0.000     0.000     0.000    -0.003     0.002    -0.025    -0.012
   7 0 0 0 1 1 1 1  14  25   1   0   0   0   0    39.548     5.843    21.895     0.000     0.000     0.000     0.000   0   0   0   0   0   0   0     0.000     0.000     0.000     0.001     0.010     0.002    -0.002
   7 0 0 0 1 1 1 1  22  26   5   0   0   0   0     5.541     5.906    22.494     0.000     0.000     0.000     0.000   0   0   0   0   0   0   0     0.000     0.000     0.000    -0.001     0.006     0.015     0.029
   7 0 0 0 1 1 1 1  32   7  11   0   0   0   0     4.354    21.105    50.578     0.000     0.000     0.000     0.000   0   0   0   0   0   0   0     0.000     0.000     0.000    -0.001    -0.042     0.012     0.003
   7 0 0 0 1 1 1 1  23  27   2   0   0   0   0     5.579     5.480    21.724     0.000     0.000     0.000     0.000   0   0   0   0   0   0   0     0.000     0.000     0.000    -0.002    -0.019     0.007     0.000
   7 0 0 0 1 1 1 1  25   9   4   0   0   0   0     5.873    17.970    23.404     0.000     0.000     0.000     0.000   0   0   0   0   0   0   0     0.000     0.000     0.000     0.000    -0.006     0.000     0.006
   7 0 0 0 1 1 1 1   5   1   8   0   0   0   0    22.002    21.852    17.824     0.000     0.000     0.000     0.000   0   0   0   0   0   0   0     0.000     0.000     0.000     0.020     0.002    -0.004     0.003
   7 0 0 0 1 1 1 1  31   1  12   0   0   0   0     5.060    22.032    56.048     0.000     0.000     0.000     0.000   0   0   0   0   0   0   0     0.000     0.000     0.000    -0.415    -0.015     0.001    -0.031
   7 0 0 0 1 1 1 1  12   9   7   0   0   0   0    45.513    17.572    21.152     0.000     0.000     0.000     0.000   0   0   0   0   0   0   0     0.000     0.000     0.000     0.021    -0.012     0.001    -0.009
   7 0 0 0 1 1 1 1  10   0  28   0   0   0   0    15.087    21.221     5.701     0.000     0.000     0.000     0.000   0   0   0   0   0   0   0     0.000     0.000     0.000     0.002     0.025    -0.002     0.003
   7 0 0 0 1 1 1 1  17  17   5   0   0   0   0    53.622    53.305    22.050     0.000     0.000     0.000     0.000   0   0   0   0   0   0   0     0.000     0.000     0.000     0.029     0.016     0.003    -0.002
   7 0 0 0 1 1 1 1  18   7  16   0   0   0   0    49.224    20.171    55.862     0.000     0.000     0.000     0.000   0   0   0   0   0   0   0     0.000     0.000     0.000     0.009    -0.001    -0.011    -0.002
   7 0 0 0 1 1 1 1  12  17  30   0   0   0   0    54.540    57.231     5.066     0.000     0.000     0.000     0.000   0   0   0   0   0   0   0     0.000     0.000     0.000    -0.002     0.003    -0.018    -0.006
   7 0 0 0 1 1 1 1   3  10  25   0   0   0   0    23.936    15.598     5.798     0.000     0.000     0.000     0.000   0   0   0   0   0   0   0     0.000     0.000     0.000     0.000    -0.005    -0.010     0.005
   7 0 0 0 1 1 1 1  23  21  11   0   0   0   0     5.839    67.918    50.684     0.000     0.000     0.000     0.000   0   0   0   0   0   0   0     0.000     0.000     0.000    -0.002     0.003     0.015     0.002
   7 0 0 0 1 1 1 1  32   7  11   0   0   0   0     4.353    21.102    50.744     0.000     0.000     0.000     0.000   0   0   0   0   0   0   0     0.000     0.000     0.000    -0.001    -0.039     0.010     0.001
   7 0 0 0 1 1 1 1  25   9  16   0   0   0   0     5.002    17.572    54.975     0.000     0.000     0.000     0.000   0   0   0   0   0   0   0     0.000     0.000     0.000     0.017    -0.012    -0.004     0.001
   7 0 0 0 1 1 1 1  28   4  30   0   0   0   0     4.930    21.921     4.448     0.000     0.000     0.000     0.000   0   0   0   0   0   0   0     0.000     0.000     0.000    -0.017    -0.008     0.144     0.000
   7 0 0 0 1 1 1 1  22  29  14   0   0   0   0     5.534     5.704    48.191     0.000     0.000     0.000     0.000   0   0   0   0   0   0   0     0.000     0.000     0.000    -0.003     0.001     0.022     0.003
   7 0 0 0 1 1 1 1  24   6  17   0   0   0   0     5.528    19.359    55.004     0.000     0.000     0.000     0.000   0   0   0   0   0   0   0     0.000     0.000     0.000     0.004    -0.004     0.012     0.002
   7 0 0 0 1 1 1 1  23  10   7   0   0   0   0     5.579    15.791    20.058     0.000     0.000     0.000     0.000   0   0   0   0   0   0   0     0.000     0.000     0.000    -0.002    -0.028     0.007     0.000
   7 0 0 0 1 1 1 1  14   3   1   0   0   0   0    39.548    24.462    21.895     0.000     0.000     0.000     0.000   0   0   0   0   0   0   0     0.000     0.000     0.000     0.004     0.013     0.001    -0.002
   7 0 0 0 1 1 1 1  24   1  12   0   0   0   0     4.869    22.032    54.519     0.000     0.000     0.000     0.000   0   0   0   0   0   0   0     0.000     0.000     0.000    -0.133    -0.015     0.001    -0.011
   7 0 0 0 1 1 1 1  12  18  24   0   0   0   0    54.519    49.210     5.150     0.000     0.000     0.000     0.000   0   0   0   0   0   0   0     0.000     0.000     0.000     0.002    -0.003    -0.041    -0.011
   7 0 0 0 1 1 1 1  32  19   7   0   0   0   0     4.297    61.174    21.152     0.000     0.000     0.000     0.000   0   0   0   0   0   0   0     0.000     0.000     0.000    -0.013    -0.000     0.004    -0.006
   7 0 0 0 1 1 1 1   0  28  10   0   0   0   0    21.212     5.685    15.118     0.000     0.000     0.000     0.000   0   0   0   0   0   0   0     0.000     0.000     0.000    -0.002     0.002     0.014     0.001
   7 0 0 0 1 1 1 1  22  26   3   0   0   0   0     5.534     5.906    21.953     0.000     0.000     0.000     0.000   0   0   0   0   0   0   0     0.000     0.000     0.000    -0.001     0.005     0.003     0.020
   7 0 0 0 1 1 1 1  31   1  12   0   0   0   0     5.060    22.032    56.063     0.000     0.000     0.000     0.000   0   0   0   0   0   0   0     0.000     0.000     0.000    -0.393    -0.012     0.000    -0.026
   7 0 0 0 1 1 1 1  11  17  32   0   0   0   0    52.832    57.233     4.152     0.000     0.000     0.000     0.000   0   0   0   0   0   0   0     0.000     0.000     0.000    -0.001     0.003    -0.015    -0.004
   7 0 0 0 1 1 1 1  25   9  26   0   0   0   0     5.873    17.974     5.916     0.000     0.000     0.000     0.000   0   0   0   0   0   0   0     0.000     0.000     0.000     0.000    -0.005     0.001     0.008
   7 0 0 0 1 1 1 1  23  27  22   0   0   0   0     5.453     5.451     5.427     0.000     0.000     0.000     0.000   0   0   0   0   0   0   0     0.000     0.000     0.000    -0.003    -0.032    -0.001     0.004
   7 0 0 0 1 1 1 1  24   5  30   0   0   0   0     5.723    22.032     5.659     0.000     0.000     0.000     0.000   0   0   0   0   0   0   0     0.000     0.000     0.000     0.003    -0.003    -0.001     0.008
   7 0 0 0 1 1 1 1  12   4  30   0   0   0   0    45.215    21.921     4.448     0.000     0.000     0.000     0.000   0   0   0   0   0   0   0     0.000     0.000     0.000    -0.017    -0.008     0.371     0.000
   7 0 0 0 1 1 1 1  18   5  12   0   0   0   0    50.626    21.980    45.097     0.000     0.000     0.000     0.000   0   0   0   0   0   0   0     0.000     0.000     0.000     0.003    -0.000    -0.014    -0.003
   7 0 0 0 1 1 1 1  23  21   5   0   0   0   0     5.765    67.867    22.379     0.000     0.000     0.000     0.000   0   0   0   0   0   0   0     0.000     0.000     0.000    -0.004     0.002    -0.001     0.007
   7 0 0 0 1 1 1 1  32   9  26   0   0   0   0     4.338    17.813     5.869     0.000     0.000     0.000     0.000   0   0   0   0   0   0   0     0.000     0.000     0.000     0.001    -0.005    -0.010     0.006
   7 0 0 0 1 1 1 1  23  10   7   0   0   0   0     5.579    15.791    20.058     0.000     0.000     0.000     0.000   0   0   0   0   0   0   0     0.000     0.000     0.000    -0.002    -0.025     0.006     0.000
   7 0 0 0 1 1 1 1  25   9   4   0   0   0   0     5.815    17.968    23.352     0.000     0.000     0.000     0.000   0   0   0   0   0   0   0     0.000     0.000     0.000     0.000    -0.008    -0.000     0.004
   7 0 0 0 1 1 1 1  30   1  11   0   0   0   0     4.448    22.035    58.234     0.000     0.000     0.000     0.000   0   0   0   0   0   0   0     0.000     0.000     0.000    -0.126    -0.015     0.000    -0.017
   7 0 0 0 1 1 1 1  11   2  30   0   0   0   0    46.163    21.743     4.925     0.000     0.000     0.000     0.000   0   0   0   0   0   0   0     0.000     0.000     0.000    -0.003    -0.017     0.019     0.000
   7 0 0 0 1 1 1 1  32  19   7   0   0   0   0     4.297    61.174    21.152     0.000     0.000     0.000     0.000   0   0   0   0   0   0   0     0.000     0.000     0.000    -0.012    -0.000     0.003    -0.005
   7 0 0 0 1 1 1 1  27  10   3   0   0   0   0     5.569    15.204    22.904     0.000     0.000     0.000     0.000   0   0   0   0   0   0   0     0.000     0.000     0.000     0.002    -0.001     0.008     0.001
   7 0 0 0 1 1 1 1  21  23  21   0   0   0   0    66.524     5.755    67.867     0.000     0.000     0.000     0.000   0   0   0   0   0   0   0     0.000     0.000     0.000    -0.001     0.006    -0.004     0.002
   7 0 0 0 1 1 1 1  24   1  23   0   0   0   0     4.869    22.032     5.852     0.000     0.000     0.000     0.000   0   0   0   0   0   0   0     0.000     0.000     0.000    -0.374    -0.010    -0.000     0.008
   7 0 0 0 1 1 1 1  12  25   1   0   0   0   0    55.446     5.002    21.430     0.000     0.000     0.000     0.000   0   0   0   0   0   0   0     0.000     0.000     0.000    -0.008     0.000    -0.025    -0.009
   7 0 0 0 1 1 1 1   3   1  25   0   0   0   0    23.892    21.938     5.732     0.000     0.000     0.000     0.000   0   0   0   0   0   0   0     0.000     0.000     0.000     0.001    -0.003    -0.013     0.004
   7 0 0 0 1 1 1 1   2  30   6   0   0   0   0    21.586     4.448    19.431     0.000     0.000     0.000     0.000   0   0   0   0   0   0   0     0.000     0.000     0.000    -0.017    -0.003     0.007    -0.000
   7 0 0 0 1 1 1 1  25   4  29   0   0   0   0     5.997    23.738     5.712     0.000     0.000     0.000     0.000   0   0   0   0   0   0   0     0.000     0.000     0.000     0.000    -0.021     0.007     0.016
   7 0 0 0 1 1 1 1  11  13  30   0   0   0   0    52.832    50.503     5.069     0.000     0.000     0.000     0.000   0   0   0   0   0   0   0     0.000     0.000     0.000    -0.001     0.002    -0.013    -0.003
   7 0 0 0 1 1 1 1   0  28   8   0   0   0   0    21.212     5.685    17.227     0.000     0.000     0.000     0.000   0   0   0   0   0   0   0     0.000     0.000     0.000    -0.002     0.002     0.010     0.001
   7 0 0 1 1 1 1 1   1   8   8   0   0   0   0    22.562    17.827    17.227     0.000     0.000     0.000     0.000   0   0   0   0   0   0   0     0.000     0.000    -0.070    -0.001     0.002     0.010     0.001
   7 0 0 0 1 1 1 1  22  11   9   0   0   0   0     5.531    55.117    17.572     0.000     0.000     0.000     0.000   0   0   0   0   0   0   0     0.000     0.000    -0.070     0.001    -0.010    -0.093    -0.008
   7 0 0 0 1 1 1 1  28  17  30   0   0   0   0     4.930    55.320     4.448     0.000     0.000     0.000     0.000   0   0   0   0   0   0   0     0.000     0.000    -0.070    -0.015    -0.009     0.353     0.000
   7 0 0 0 1 1 1 1  28  12  30   0   0   0   0     4.930    45.051     4.448     0.000     0.000     0.000     0.000   0   0   0   0   0   0   0     0.000     0.000    -0.070    -0.013    -0.006     0.137     0.000
   7 0 0 0 1 1 1 1  22  25  16   0   0   0   0     5.534     5.589    55.399     0.000     0.000     0.000     0.000   0   0   0   0   0   0   0     0.000     0.000    -0.070    -0.003     0.001     0.016     0.002
   7 0 0 0 1 1 1 1  11  30   7   0   0   0   0    45.773     4.829    20.045     0.000     0.000     0.000     0.000   0   0   0   0   0   0   0     0.000     0.000    -0.070    -0.002    -0.021     0.008    -0.000
   7 0 0 0 1 1 1 1  32   8   7   0   0   0   0     4.318    17.912    21.152     0.000     0.000     0.000     0.000   0   0   0   0   0   0   0     0.000     0.000    -0.070    -0.000    -0.008     0.003    -0.004
   7 0 0 0 1 1 1 1  25   9   8   0   0   0   0     5.790    17.974    17.127     0.000     0.000     0.000     0.000   0   0   0   0   0   0   0     0.000     0.000    -0.070     0.000    -0.008     0.021     0.001
   7 0 0 0 1 1 1 1  17  23   9   0   0   0   0    53.576     6.040    18.717     0.000     0.000     0.000     0.000   0   0   0   0   0   0   0     0.000     0.000    -0.070     0.012     0.024    -0.000    -0.037
   7 0 0 0 1 1 1 1  23   7  23   0   0   0   0     5.852    21.121     6.031     0.000     0.000     0.000     0.000   0   0   0   0   0   0   0     0.000     0.000    -0.070    -0.000    -0.012     0.006     0.023
   7 0 0 0 1 1 1 1  28   9  13   0   0   0   0     4.967    17.572    53.284     0.000     0.000     0.000     0.000   0   0   0   0   0   0   0     0.000     0.000    -0.070     0.016    -0.010     0.001    -0.003
   7 0 0 0 1 1 1 1  27  10   3   0   0   0   0     5.571    15.204    22.904     0.000     0.000     0.000     0.000   0   0   0   0   0   0   0     0.000     0.000    -0.070     0.002    -0.001     0.008     0.001
   7 0 0 0 1 1 1 1  12  10  13   0   0   0   0    54.430    14.996    54.850     0.000     0.000     0.000     0.000   0   0   0   0   0   0   0     0.000     0.000    -0.070     0.008    -0.000    -0.005    -0.017
   7 0 0 0 1 1 1 1  11   4  11   0   0   0   0    41.237    21.974    58.873     0.000     0.000     0.000     0.000   0   0   0   0   0   0   0     0.000     0.000    -0.070    -0.009    -0.350     0.000    -0.022
   7 0 0 0 1 1 1 1   5  18  13   0   0   0   0    21.950    48.664    54.544     0.000     0.000     0.000     0.000   0   0   0   0   0   0   0     0.000     0.000    -0.070     0.011     0.002     0.000    -0.007
   7 0 0 0 1 1 1 1   4  23  10   0   0   0   0    23.747     5.428    15.691     0.000     0.000     0.000     0.000   0   0   0   0   0   0   0     0.000     0.000    -0.070    -0.006     0.000     0.006     0.001
   7 0 0 0 1 1 1 1  23  27  13   0   0   0   0     5.765     5.430    49.501     0.000     0.000     0.000     0.000   0   0   0   0   0   0   0     0.000     0.000    -0.070    -0.000    -0.009     0.006    -0.000
   7 0 0 0 1 1 1 1  32   9  26   0   0   0   0     4.331    17.813     5.870     0.000     0.000     0.000     0.000   0   0   0   0   0   0   0     0.000     0.000    -0.070     0.001    -0.005    -0.008     0.005
   7 0 0 0 1 1 1 1  23  10  24   0   0   0   0     5.586    15.801     5.356     0.000     0.000     0.000     0.000   0   0   0   0   0   0   0     0.000     0.000    -0.070    -0.001    -0.023     0.007     0.000
   7 0 0 0 1 1 1 1  14  25  10   0   0   0   0    39.351     5.838    15.629     0.000     0.000     0.000     0.000   0   0   0   0   0   0   0     0.000     0.000    -0.070     0.002     0.007     0.000    -0.003
   7 0 0 0 1 1 1 1  26  10   8   0   0   0   0     5.897    15.890    17.138     0.000     0.000     0.000     0.000   0   0   0   0   0   0   0     0.000     0.000    -0.070    -0.001    -0.031     0.039     0.002
   7 0 0 0 1 1 1 1  11  30   8   0   0   0   0    45.793     4.829    17.066     0.000     0.000     0.000     0.000   0   0   0   0   0   0   0     0.000     0.000    -0.070    -0.002    -0.019     0.008    -0.000
   7 0 0 0 1 1 1 1  32  19  21   0   0   0   0     4.297    60.915    65.160     0.000     0.000     0.000     0.000   0   0   0   0   0   0   0     0.000     0.000    -0.070    -0.015    -0.000    -0.003     0.003
   7 0 0 0 1 1 1 1  25   5  27   0   0   0   0     5.876    21.976     5.166     0.000     0.000     0.000     0.000   0   0   0   0   0   0   0     0.000     0.000    -0.070     0.003    -0.001    -0.000     0.004
   7 0 0 0 1 1 1 1  22  25  15   0   0   0   0     5.534     5.589    50.790     0.000     0.000     0.000     0.000   0   0   0   0   0   0   0     0.000     0.000    -0.070    -0.002     0.001     0.015     0.002
   7 0 0 0 1 1 1 1  25   4  27   0   0   0   0     5.988    23.764     5.226     0.000     0.000     0.000     0.000   0   0   0   0   0   0   0     0.000     0.000    -0.070     0.000    -0.022     0.012    -0.007
   7 0 0 0 1 1 1 1  25  23  27   0   0   0   0     6.003     5.443     5.201     0.000     0.000     0.000     0.000   0   0   0   0   0   0   0     0.000     0.000    -0.070    -0.005     0.000     0.008     0.003
   7 0 0 0 1 1 1 1  27   0   0   0   0   0   0     5.566    21.214    20.849     0.000     0.000     0.000     0.000   0   0   0   0   0   0   0     0.000     0.000    -0.070    -0.001     0.002     0.006     0.000
   7 0 0 1 1 1 1 1   1  31   0   0   0   0   0    22.562     5.060    20.849     0.000     0.000     0.000     0.000   0   0   0   0   0   0   0     0.000     0.000    -0.059    -0.012     0.000     0.006     0.000
   7 0 0 0 1 1 1 1  30   1  11   0   0   0   0     4.448    22.035    59.273     0.000     0.000     0.000     0.000   0   0   0   0   0   0   0     0.000     0.000    -0.059    -0.333    -0.008     0.000    -0.022
   7 0 0 0 1 1 1 1  32  27  21   0   0   0   0     4.329     5.177    65.160     0.000     0.000     0.000     0.000   0   0   0   0   0   0   0     0.000     0.000    -0.059    -0.006    -0.000    -0.002     0.004
   7 0 0 0 1 1 1 1  26  10  25   0   0   0   0     5.909    15.584     5.792     0.000     0.000     0.000     0.000   0   0   0   0   0   0   0     0.000     0.000    -0.059     0.000    -0.003    -0.005     0.003
   7 0 0 0 1 1 1 1  11  10  23   0   0   0   0    52.774    14.996     5.378     0.000     0.000     0.000     0.000   0   0   0   0   0   0   0     0.000     0.000    -0.059     0.009    -0.000    -0.037    -0.004
   7 0 0 0 1 1 1 1  18   7  19   0   0   0   0    49.224    20.171    64.666     0.000     0.000     0.000     0.000   0   0   0   0   0   0   0     0.000     0.000    -0.059     0.006    -0.001    -0.009    -0.001
   7 0 0 0 1 1 1 1   6   1  10   0   0   0   0    19.361    22.030    15.290     0.000     0.000     0.000     0.000   0   0   0   0   0   0   0     0.000     0.000    -0.059     0.002     0.335    -0.004     0.000
   7 0 0 0 1 1 1 1  28  24  22   0   0   0   0     5.694     5.489     5.313     0.000     0.000     0.000     0.000   0   0   0   0   0   0   0     0.000     0.000    -0.059     0.000    -0.002     0.004    -0.000
   7 0 0 0 1 1 1 1  23   9  17   0   0   0   0     6.008    18.717    53.305     0.000     0.000     0.000     0.000   0   0   0   0   0   0   0     0.000     0.000    -0.059    -0.000    -0.028     0.019     0.009
   7 0 0 0 1 1 1 1   9   7  17   0   0   0   0    18.126    20.188    59.178     0.000     0.000     0.000     0.000   0   0   0   0   0   0   0     0.000     0.000    -0.059     0.001    -0.004     0.000     0.007
   7 0 0 0 1 1 1 1  32  19  24   0   0   0   0     4.297    61.188     5.345     0.000     0.000     0.000     0.000   0   0   0   0   0   0   0     0.000     0.000    -0.059    -0.009    -0.000    -0.010     0.002
   7 0 0 0 1 1 1 1  25  12  30   0   0   0   0     4.943    45.032     4.448     0.000     0.000     0.000     0.000   0   0   0   0   0   0   0     0.000     0.000    -0.059    -0.012    -0.005     0.131     0.000
   7 0 0 0 1 1 1 1  23  21  22   0   0   0   0     5.791    67.863     5.380     0.000     0.000     0.000     0.000   0   0   0   0   0   0   0     0.000     0.000    -0.059    -0.003     0.002     0.001     0.011
   7 0 0 0 1 1 1 1  23   7  23   0   0   0   0     5.852    21.121     6.031     0.000     0.000     0.000     0.000   0   0   0   0   0   0   0     0.000     0.000    -0.059    -0.000    -0.010     0.005     0.020
   7 0 0 0 1 1 1 1  12  13   1   0   0   0   0    55.487    50.281    21.430     0.000     0.000     0.000     0.000   0   0   0   0   0   0   0     0.000     0.000    -0.059    -0.001     0.001    -0.020    -0.006
   7 0 0 0 1 1 1 1  18  19   4   0   0   0   0    50.590    66.213    21.925     0.000     0.000     0.000     0.000   0   0   0   0   0   0   0     0.000     0.000    -0.059    -0.000     0.002    -0.010    -0.002
   7 0 0 0 1 1 1 1   4   5  22   0   0   0   0    22.751    22.375     5.428     0.000     0.000     0.000     0.000   0   0   0   0   0   0   0     0.000     0.000    -0.059    -0.002     0.005     0.001     0.012
   7 0 0 0 1 1 1 1  11   4  32   0   0   0   0    41.237    21.974     4.353     0.000     0.000     0.000     0.000   0   0   0   0   0   0   0     0.000     0.000    -0.059    -0.007    -0.316    -0.000     0.003
   7 0 0 0 1 1 1 1  13  17  24   0   0   0   0    53.284    57.621     5.525     0.000     0.000     0.000     0.000   0   0   0   0   0   0   0     0.000     0.000    -0.059    -0.001     0.003    -0.005     0.003
   7 0 0 0 1 1 1 1   0   1  10   0   0   0   0    21.214    21.853    15.057     0.000     0.000     0.000     0.000   0   0   0   0   0   0   0     0.000     0.000    -0.059     0.001    -0.002     0.017     0.001
   7 0 0 0 1 1 1 1  26  15  27   0   0   0   0     5.906    48.039     5.228     0.000     0.000     0.000     0.000   0   0   0   0   0   0   0     0.000     0.000    -0.059    -0.023    -0.000     0.008     0.001
   7 0 0 0 1 1 1 1  18  32  16   0   0   0   0    49.108     4.014    55.837     0.000     0.000     0.000     0.000   0   0   0   0   0   0   0     0.000     0.000    -0.059     0.012     0.000    -0.006    -0.001
   7 0 0 0 1 1 1 1  23  10  30   0   0   0   0     5.586    15.801     4.943     0.000     0.000     0.000     0.000   0   0   0   0   0   0   0     0.000     0.000    -0.059    -0.001    -0.020     0.011     0.000
   7 0 0 0 1 1 1 1  27  16   0   0   0   0   0     5.571    54.752    20.849     0.000     0.000     0.000     0.000   0   0   0   0   0   0   0     0.000     0.000    -0.059    -0.004    -0.000     0.006     0.000
   7 0 0 0 1 1 1 1  11   4  24   0   0   0   0    58.234    22.754     5.136     0.000     0.000     0.000     0.000   0   0   0   0   0   0   0     0.000     0.000    -0.059    -0.001     0.002    -0.025    -0.009
   7 0 0 0 1 1 1 1  24  28  28   0   0   0   0     5.524     5.606     5.606     0.000     0.000     0.000     0.000   0   0   0   0   0   0   0     0.000     0.000    -0.059    -0.000    -0.008     0.009     0.001
   7 0 0 0 1 1 1 1   6   1  29   0   0   0   0    19.364    22.030     5.775     0.000     0.000     0.000     0.000   0   0   0   0   0   0   0     0.000     0.000    -0.059     0.002     0.318    -0.002     0.001
   7 0 0 0 1 1 1 1   3  20  25   0   0   0   0    23.892    61.998     5.732     0.000     0.000     0.000     0.000   0   0   0   0   0   0   0     0.000     0.000    -0.059    -0.004     0.000    -0.009     0.003
   7 0 0 0 1 1 1 1  22   6   2   0   0   0   0     5.534    19.431    21.715     0.000     0.000     0.000     0.000   0   0   0   0   0   0   0     0.000     0.000    -0.059     0.002    -0.001    -0.002     0.012
   7 0 0 0 1 1 1 1  25   4  27   0   0   0   0     5.988    23.764     5.226     0.000     0.000     0.000     0.000   0   0   0   0   0   0   0     0.000     0.000    -0.059     0.000    -0.019     0.010    -0.007
   7 0 0 0 1 1 1 1  25  23  29   0   0   0   0     6.002     5.444     5.723     0.000     0.000     0.000     0.000   0   0   0   0   0   0   0     0.000     0.000    -0.059    -0.004     0.000     0.006     0.012
   7 0 0 0 1 1 1 1  11   4  17   0   0   0   0    58.808    22.810    57.447     0.000     0.000     0.000     0.000   0   0   0   0   0   0   0     0.000     0.000    -0.059    -0.000     0.001     0.012    -0.013
   7 0 0 0 1 1 1 1  23   0  22   0   0   0   0     5.762    21.087     5.481     0.000     0.000     0.000     0.000   0   0   0   0   0   0   0     0.000     0.000    -0.059    -0.006     0.000     0.001     0.014
   7 0 0 0 1 1 1 1  11  11  29   0   0   0   0    59.844    46.207     5.483     0.000     0.000     0.000     0.000   0   0   0   0   0   0   0     0.000     0.000    -0.059    -0.003     0.001    -0.036    -0.019
   7 0 0 0 1 1 1 1  13  13   5   0   0   0   0    53.284    50.503    21.978     0.000     0.000     0.000     0.000   0   0   0   0   0   0   0     0.000     0.000    -0.059    -0.001     0.003     0.001    -0.005
   7 0 0 0 1 1 1 1  28   6  25   0   0   0   0     5.685    20.245     5.637     0.000     0.000     0.000     0.000   0   0   0   0   0   0   0     0.000     0.000    -0.059     0.000    -0.002    -0.000     0.003
   7 0 0 0 1 1 1 1  30   1  22   0   0   0   0     4.448    22.035     5.427     0.000     0.000     0.000     0.000   0   0   0   0   0   0   0     0.000     0.000    -0.059    -0.118    -0.009    -0.001     0.002
   7 0 0 0 1 1 1 1  10  14  16   0   0   0   0    14.905    44.370    58.060     0.000     0.000     0.000     0.000   0   0   0   0   0   0   0     0.000     0.000    -0.059    -0.026    -0.000    -0.001     0.003
   7 0 0 0 1 1 1 1  27  31  14   0   0   0   0     5.177     5.518    49.162     0.000     0.000     0.000     0.000   0   0   0   0   0   0   0     0.000     0.000    -0.059    -0.006     0.002     0.000     0.302
   7 0 0 0 1 1 1 1  24  22  12   0   0   0   0     5.143     5.462    47.276     0.000     0.000     0.000     0.000   0   0   0   0   0   0   0     0.000     0.000    -0.059    -0.006    -0.001     0.005     0.000
   7 0 0 0 1 1 1 1  30  16  22   0   0   0   0     4.611    55.876     5.427     0.000     0.000     0.000     0.000   0   0   0   0   0   0   0     0.000     0.000    -0.059    -0.007    -0.002    -0.001     0.003
   7 0 0 0 1 1 1 1  23   7  14   0   0   0   0     5.852    21.121    46.085     0.000     0.000     0.000     0.000   0   0   0   0   0   0   0     0.000     0.000    -0.059    -0.000    -0.009     0.006    -0.009
   7 0 0 0 1 1 1 1   9  32   0   0   0   0   0    18.718     4.297    21.325     0.000     0.000     0.000     0.000   0   0   0   0   0   0   0     0.000     0.000    -0.059    -0.001     0.001    -0.004    -0.023
   7 0 0 0 1 1 1 1  10  20   0   0   0   0   0    15.255    62.281    20.831     0.000     0.000     0.000     0.000   0   0   0   0   0   0   0     0.000     0.000    -0.059     0.010     0.000     0.002    -0.001
   7 0 0 0 1 1 1 1  23  21  11   0   0   0   0     5.801    64.550    50.174     0.000     0.000     0.000     0.000   0   0   0   0   0   0   0     0.000     0.000    -0.059    -0.013    -0.000     0.011     0.001
   7 0 0 0 1 1 1 1   9   9  17   0   0   0   0    18.127    17.813    59.183     0.000     0.000     0.000     0.000   0   0   0   0   0   0   0     0.000     0.000    -0.059     0.001    -0.004     0.000     0.006
   7 0 0 0 1 1 1 1  16  17  30   0   0   0   0    54.817    56.387     5.370     0.000     0.000     0.000     0.000   0   0   0   0   0   0   0     0.000     0.000    -0.059     0.001    -0.006    -0.001     0.002
   7 0 0 0 1 1 1 1   4  23  22   0   0   0   0    23.747     5.399     4.954     0.000     0.000     0.000     0.000   0   0   0   0   0   0   0     0.000     0.000    -0.059    -0.007    -0.000     0.003     0.013
   7 0 0 0 1 1 1 1   4  27  22   0   0   0   0    22.754     5.340     5.428     0.000     0.000     0.000     0.000   0   0   0   0   0   0   0     0.000     0.000    -0.059    -0.003     0.001     0.001     0.010
   7 0 0 0 1 1 1 1  30   1   2   0   0   0   0     4.448    22.035    21.706     0.000     0.000     0.000     0.000   0   0   0   0   0   0   0     0.000     0.000    -0.059    -0.300    -0.005     0.002    -0.001
   7 0 0 0 1 1 1 1   6   1  10   0   0   0   0    19.365    22.030    15.292     0.000     0.000     0.000     0.000   0   0   0   0   0   0   0     0.000     0.000    -0.059     0.001     0.287    -0.003     0.000
   7 0 0 0 1 1 1 1  10   0  25   0   0   0   0    15.011    21.218     5.805     0.000     0.000     0.000     0.000   0   0   0   0   0   0   0     0.000     0.000    -0.059     0.002     0.022    -0.001     0.001
   7 0 0 0 1 1 1 1  17  27  20   0   0   0   0    59.202     5.335    62.358     0.000     0.000     0.000     0.000   0   0   0   0   0   0   0     0.000     0.000    -0.059    -0.003     0.001     0.007    -0.000
   7 0 0 0 1 1 1 1  18  12  27   0   0   0   0    49.377    53.641     5.268     0.000     0.000     0.000     0.000   0   0   0   0   0   0   0     0.000     0.000    -0.059     0.001    -0.008    -0.001    -0.007
   7 0 0 0 1 1 1 1   9  32  11   0   0   0   0    18.641     4.297    50.604     0.000     0.000     0.000     0.000   0   0   0   0   0   0   0     0.000     0.000    -0.059    -0.001     0.001    -0.001    -0.013
   7 0 0 0 1 1 1 1  18  19   9   0   0   0   0    50.590    66.232    17.572     0.000     0.000     0.000     0.000   0   0   0   0   0   0   0     0.000     0.000    -0.059    -0.000     0.002     0.004    -0.003
   7 0 0 1 1 1 1 1   1  17   9   0   0   0   0    22.562    53.612    17.572     0.000     0.000     0.000     0.000   0   0   0   0   0   0   0     0.000     0.000    -0.048     0.011    -0.000     0.004    -0.003
   7 0 0 0 1 1 1 1  11   4   2   0   0   0   0    41.237    21.974    21.706     0.000     0.000     0.000     0.000   0   0   0   0   0   0   0     0.000     0.000    -0.048    -0.005    -0.285     0.002    -0.001
   7 0 0 0 1 1 1 1  16  17  30   0   0   0   0    54.826    56.387     5.370     0.000     0.000     0.000     0.000   0   0   0   0   0   0   0     0.000     0.000    -0.048     0.001    -0.006    -0.000     0.002
   7 0 0 0 1 1 1 1   3  20  25   0   0   0   0    23.892    62.104     5.732     0.000     0.000     0.000     0.000   0   0   0   0   0   0   0     0.000     0.000    -0.048    -0.003     0.000    -0.008     0.002
   7 0 0 0 1 1 1 1  11  10  23   0   0   0   0    52.745    14.991     5.374     0.000     0.000     0.000     0.000   0   0   0   0   0   0   0     0.000     0.000    -0.048     0.007     0.000    -0.034    -0.003
   7 0 0 0 1 1 1 1  32   7  11   0   0   0   0     4.353    21.102    50.578     0.000     0.000     0.000     0.000   0   0   0   0   0   0   0     0.000     0.000    -0.048    -0.000    -0.025     0.006     0.001
