  376
   1 1   0     0.000   0     4.911
   1 1   0     0.000   0     5.537
   1 1   0     0.000   0     5.842
   1 1   0     0.000   0     6.150
   7 0 0 0 1 1 1 1  16  18  16   0   0   0   0    59.220    49.318    61.526     0.000     0.000     0.000     0.000   0   0   0   0   0   0   0     0.000     0.000     0.000    -0.040    -0.315     0.055     0.134
   7 0 0 0 1 1 1 1  25   3  25   0   0   0   0     5.520    22.046     5.717     0.000     0.000     0.000     0.000   0   0   0   0   0   0   0     0.000     0.000     0.000    -0.400    -0.217    -0.080     0.054
   7 0 0 0 1 1 1 1  11  11  25   0   0   0   0    45.913    43.531     5.691     0.000     0.000     0.000     0.000   0   0   0   0   0   0   0     0.000     0.000     0.000    -0.398    -0.245    -0.072     0.044
   7 0 0 0 1 1 1 1  24  14  28   0   0   0   0     5.216    48.395     5.614     0.000     0.000     0.000     0.000   0   0   0   0   0   0   0     0.000     0.000     0.000    -0.425    -0.709    -0.036     0.125
   7 0 0 0 1 1 1 1  17  22  16   0   0   0   0    57.790     5.467    60.666     0.000     0.000     0.000     0.000   0   0   0   0   0   0   0     0.000     0.000     0.000    -0.065    -0.292     0.009     0.110
   7 0 0 0 1 1 1 1  25  12  25   0   0   0   0     5.656    47.677     5.922     0.000     0.000     0.000     0.000   0   0   0   0   0   0   0     0.000     0.000     0.000    -0.327    -0.094     0.023     0.085
   7 0 0 0 1 1 1 1  25   3  26   0   0   0   0     5.339    21.939     5.845     0.000     0.000     0.000     0.000   0   0   0   0   0   0   0     0.000     0.000     0.000    -0.360    -0.226    -0.066     0.039
   7 0 0 0 1 1 1 1  29  29  24   0   0   0   0     5.532     5.305     5.454     0.000     0.000     0.000     0.000   0   0   0   0   0   0   0     0.000     0.000     0.000    -0.626    -0.339    -0.059     0.091
   7 0 0 0 1 1 1 1  25  18  16   0   0   0   0     5.611    49.796    59.773     0.000     0.000     0.000     0.000   0   0   0   0   0   0   0     0.000     0.000     0.000    -0.123    -0.278    -0.021     0.087
   7 0 0 0 1 1 1 1  25  12  25   0   0   0   0     5.672    47.918     5.913     0.000     0.000     0.000     0.000   0   0   0   0   0   0   0     0.000     0.000     0.000    -0.290    -0.080     0.022     0.075
   7 0 0 0 1 1 1 1  25  25  25   0   0   0   0     5.318     5.168     5.691     0.000     0.000     0.000     0.000   0   0   0   0   0   0   0     0.000     0.000     0.000    -0.322    -0.201    -0.060     0.036
   7 0 0 0 1 1 1 1  29  29  24   0   0   0   0     5.564     5.324     5.475     0.000     0.000     0.000     0.000   0   0   0   0   0   0   0     0.000     0.000     0.000    -0.557    -0.270    -0.043     0.090
   7 0 0 0 1 1 1 1  17  22  16   0   0   0   0    57.905     5.471    60.998     0.000     0.000     0.000     0.000   0   0   0   0   0   0   0     0.000     0.000     0.000    -0.054    -0.240     0.011     0.095
   7 0 0 0 1 1 1 1  25   3  25   0   0   0   0     5.546    22.005     5.764     0.000     0.000     0.000     0.000   0   0   0   0   0   0   0     0.000     0.000     0.000    -0.300    -0.148    -0.049     0.044
   7 0 0 0 1 1 1 1  25  25  26   0   0   0   0     5.435     5.178     5.861     0.000     0.000     0.000     0.000   0   0   0   0   0   0   0     0.000     0.000     0.000    -0.290    -0.163    -0.047     0.034
   7 0 0 0 1 1 1 1  11  29  28   0   0   0   0    45.913     5.219     5.627     0.000     0.000     0.000     0.000   0   0   0   0   0   0   0     0.000     0.000     0.000    -0.529    -0.355    -0.024     0.104
   7 0 0 0 1 1 1 1  25  18  27   0   0   0   0     5.611    50.011     5.163     0.000     0.000     0.000     0.000   0   0   0   0   0   0   0     0.000     0.000     0.000    -0.107    -0.232     0.078    -0.013
   7 0 0 0 1 1 1 1  25  12  25   0   0   0   0     5.640    47.218     5.826     0.000     0.000     0.000     0.000   0   0   0   0   0   0   0     0.000     0.000     0.000    -0.264    -0.081    -0.006     0.046
   7 0 0 0 1 1 1 1  25  25  25   0   0   0   0     5.435     5.188     5.717     0.000     0.000     0.000     0.000   0   0   0   0   0   0   0     0.000     0.000     0.000    -0.257    -0.136    -0.043     0.030
   7 0 0 0 1 1 1 1  29  11  24   0   0   0   0     5.584    43.721     5.435     0.000     0.000     0.000     0.000   0   0   0   0   0   0   0     0.000     0.000     0.000    -0.469    -0.248    -0.057     0.066
   7 0 0 0 1 1 1 1  17  25  16   0   0   0   0    57.790     5.564    61.360     0.000     0.000     0.000     0.000   0   0   0   0   0   0   0     0.000     0.000     0.000    -0.167    -0.038     0.012     0.082
   7 0 0 0 1 1 1 1   4  12  25   0   0   0   0    22.599    47.420     5.927     0.000     0.000     0.000     0.000   0   0   0   0   0   0   0     0.000     0.000     0.000    -0.233    -0.070     0.014     0.061
   7 0 0 0 1 1 1 1  24  12  19   0   0   0   0     5.294    47.115    66.141     0.000     0.000     0.000     0.000   0   0   0   0   0   0   0     0.000     0.000     0.000    -0.229    -0.101    -0.003     0.053
   7 0 0 0 1 1 1 1  29  28  24   0   0   0   0     5.608     5.184     5.402     0.000     0.000     0.000     0.000   0   0   0   0   0   0   0     0.000     0.000     0.000    -0.406    -0.183    -0.066     0.055
   7 0 0 0 1 1 1 1  12  18  19   0   0   0   0    49.656    49.280    66.272     0.000     0.000     0.000     0.000   0   0   0   0   0   0   0     0.000     0.000     0.000    -0.043    -0.172     0.009     0.074
   7 0 0 0 1 1 1 1  25  12  25   0   0   0   0     5.682    48.314     5.942     0.000     0.000     0.000     0.000   0   0   0   0   0   0   0     0.000     0.000     0.000    -0.193    -0.053     0.017     0.060
   7 0 0 0 1 1 1 1  24  18  26   0   0   0   0     5.294    49.761     5.839     0.000     0.000     0.000     0.000   0   0   0   0   0   0   0     0.000     0.000     0.000    -0.092    -0.207    -0.042     0.024
   7 0 0 0 1 1 1 1  29  14  28   0   0   0   0     5.606    48.430     5.639     0.000     0.000     0.000     0.000   0   0   0   0   0   0   0     0.000     0.000     0.000    -0.190    -0.385    -0.011     0.092
   7 0 0 0 1 1 1 1  17  22  17   0   0   0   0    58.636     5.479    61.337     0.000     0.000     0.000     0.000   0   0   0   0   0   0   0     0.000     0.000     0.000    -0.034    -0.166     0.020     0.080
   7 0 0 0 1 1 1 1  25  18  25   0   0   0   0     5.547    50.145     5.767     0.000     0.000     0.000     0.000   0   0   0   0   0   0   0     0.000     0.000     0.000    -0.103    -0.205    -0.033     0.030
   7 0 0 0 1 1 1 1  25  11  19   0   0   0   0     5.563    42.976    66.190     0.000     0.000     0.000     0.000   0   0   0   0   0   0   0     0.000     0.000     0.000    -0.198    -0.085    -0.002     0.046
   7 0 0 0 1 1 1 1  29  11  30   0   0   0   0     5.564    42.779     5.630     0.000     0.000     0.000     0.000   0   0   0   0   0   0   0     0.000     0.000     0.000    -0.356    -0.197    -0.003     0.110
   7 0 0 0 1 1 1 1  12  26  27   0   0   0   0    48.948     5.814     5.162     0.000     0.000     0.000     0.000   0   0   0   0   0   0   0     0.000     0.000     0.000    -0.130    -0.038     0.054    -0.003
   7 0 0 0 1 1 1 1  25  25  25   0   0   0   0     5.640     5.199     5.826     0.000     0.000     0.000     0.000   0   0   0   0   0   0   0     0.000     0.000     0.000    -0.180    -0.056    -0.006     0.032
   7 0 0 0 1 1 1 1  24   4  26   0   0   0   0     5.313    22.384     5.873     0.000     0.000     0.000     0.000   0   0   0   0   0   0   0     0.000     0.000     0.000    -0.166    -0.069    -0.024     0.024
   7 0 0 0 1 1 1 1  29  28  23   0   0   0   0     5.694     5.206     5.581     0.000     0.000     0.000     0.000   0   0   0   0   0   0   0     0.000     0.000     0.000    -0.296    -0.116    -0.048     0.047
   7 0 0 0 1 1 1 1  16  25  16   0   0   0   0    59.030     5.563    62.991     0.000     0.000     0.000     0.000   0   0   0   0   0   0   0     0.000     0.000     0.000    -0.109    -0.016     0.028     0.071
   7 0 0 0 1 1 1 1   4  12  25   0   0   0   0    22.599    48.527     5.928     0.000     0.000     0.000     0.000   0   0   0   0   0   0   0     0.000     0.000     0.000    -0.141    -0.042     0.008     0.044
   7 0 0 0 1 1 1 1  26  27  28   0   0   0   0     5.810     5.289     5.582     0.000     0.000     0.000     0.000   0   0   0   0   0   0   0     0.000     0.000     0.000    -0.148    -0.042    -0.005     0.035
   7 0 0 0 1 1 1 1  29  28  30   0   0   0   0     5.701     5.197     5.643     0.000     0.000     0.000     0.000   0   0   0   0   0   0   0     0.000     0.000     0.000    -0.269    -0.105     0.002     0.096
   7 0 0 0 1 1 1 1  12   4  16   0   0   0   0    48.948    22.209    59.780     0.000     0.000     0.000     0.000   0   0   0   0   0   0   0     0.000     0.000     0.000    -0.140    -0.046    -0.005     0.041
   7 0 0 0 1 1 1 1  25  12  25   0   0   0   0     5.691    46.616     5.956     0.000     0.000     0.000     0.000   0   0   0   0   0   0   0     0.000     0.000     0.000    -0.151    -0.041     0.012     0.048
   7 0 0 0 1 1 1 1  25   1  23   0   0   0   0     5.640    21.918     5.565     0.000     0.000     0.000     0.000   0   0   0   0   0   0   0     0.000     0.000     0.000    -0.034    -0.123    -0.018     0.026
   7 0 0 0 1 1 1 1  24  25  30   0   0   0   0     5.380     5.339     5.653     0.000     0.000     0.000     0.000   0   0   0   0   0   0   0     0.000     0.000     0.000    -0.235    -0.063     0.016     0.088
   7 0 0 0 1 1 1 1  12  26  31   0   0   0   0    49.656     5.819     5.505     0.000     0.000     0.000     0.000   0   0   0   0   0   0   0     0.000     0.000     0.000    -0.091    -0.019     0.010     0.057
   7 0 0 0 1 1 1 1  25  18   0   0   0   0   0     5.616    50.276    21.102     0.000     0.000     0.000     0.000   0   0   0   0   0   0   0     0.000     0.000     0.000    -0.060    -0.143    -0.025     0.020
   7 0 0 0 1 1 1 1  26  27  12   0   0   0   0     5.810     5.289    46.831     0.000     0.000     0.000     0.000   0   0   0   0   0   0   0     0.000     0.000     0.000    -0.122    -0.034     0.083     0.009
   7 0 0 0 1 1 1 1  24  24  28   0   0   0   0     5.382     5.175     5.674     0.000     0.000     0.000     0.000   0   0   0   0   0   0   0     0.000     0.000     0.000    -0.213    -0.056     0.014     0.079
   7 0 0 0 1 1 1 1  17  23  19   0   0   0   0    57.655     5.515    66.212     0.000     0.000     0.000     0.000   0   0   0   0   0   0   0     0.000     0.000     0.000    -0.093    -0.022     0.004     0.040
   7 0 0 0 1 1 1 1  25  12  25   0   0   0   0     5.600    46.108     5.812     0.000     0.000     0.000     0.000   0   0   0   0   0   0   0     0.000     0.000     0.000    -0.135    -0.058    -0.013     0.021
   7 0 0 0 1 1 1 1  24  18  31   0   0   0   0     5.337    50.537     5.512     0.000     0.000     0.000     0.000   0   0   0   0   0   0   0     0.000     0.000     0.000    -0.055    -0.136    -0.001     0.039
   7 0 0 0 1 1 1 1  29  25  23   0   0   0   0     5.757     5.318     5.898     0.000     0.000     0.000     0.000   0   0   0   0   0   0   0     0.000     0.000     0.000    -0.192    -0.047     0.023     0.113
   7 0 0 0 1 1 1 1  17  22  29   0   0   0   0    58.648     5.486     5.837     0.000     0.000     0.000     0.000   0   0   0   0   0   0   0     0.000     0.000     0.000    -0.020    -0.099     0.012     0.048
   7 0 0 0 1 1 1 1   4  12  25   0   0   0   0    22.599    48.486     5.959     0.000     0.000     0.000     0.000   0   0   0   0   0   0   0     0.000     0.000     0.000    -0.097    -0.029     0.007     0.041
   7 0 0 0 1 1 1 1  26  29  26   0   0   0   0     5.810     5.210     6.028     0.000     0.000     0.000     0.000   0   0   0   0   0   0   0     0.000     0.000     0.000    -0.114    -0.033     0.008     0.077
   7 0 0 0 1 1 1 1  29  28  23   0   0   0   0     5.701     5.020     5.633     0.000     0.000     0.000     0.000   0   0   0   0   0   0   0     0.000     0.000     0.000    -0.218    -0.091    -0.028     0.034
   7 0 0 0 1 1 1 1  12   4  27   0   0   0   0    48.948    22.075     5.183     0.000     0.000     0.000     0.000   0   0   0   0   0   0   0     0.000     0.000     0.000    -0.131    -0.037     0.031    -0.002
   7 0 0 0 1 1 1 1  26  27  25   0   0   0   0     5.843     5.284     5.975     0.000     0.000     0.000     0.000   0   0   0   0   0   0   0     0.000     0.000     0.000    -0.096    -0.027     0.009     0.046
   7 0 0 0 1 1 1 1  25  18  19   0   0   0   0     5.589    50.650    65.965     0.000     0.000     0.000     0.000   0   0   0   0   0   0   0     0.000     0.000     0.000    -0.051    -0.131    -0.004     0.030
   7 0 0 0 1 1 1 1  24  11  28   0   0   0   0     5.361    42.999     5.646     0.000     0.000     0.000     0.000   0   0   0   0   0   0   0     0.000     0.000     0.000    -0.178    -0.056     0.002     0.052
   7 0 0 0 1 1 1 1  12  26  31   0   0   0   0    49.936     5.805     5.472     0.000     0.000     0.000     0.000   0   0   0   0   0   0   0     0.000     0.000     0.000    -0.064    -0.013     0.001     0.029
   7 0 0 0 1 1 1 1   4  22  25   0   0   0   0    22.662     5.473     5.911     0.000     0.000     0.000     0.000   0   0   0   0   0   0   0     0.000     0.000     0.000    -0.024    -0.084     0.004     0.026
   7 0 0 0 1 1 1 1  25  23  23   0   0   0   0     5.634     5.515     5.566     0.000     0.000     0.000     0.000   0   0   0   0   0   0   0     0.000     0.000     0.000    -0.079    -0.022    -0.017     0.018
   7 0 0 0 1 1 1 1  29  11  23   0   0   0   0     5.757    45.752     5.882     0.000     0.000     0.000     0.000   0   0   0   0   0   0   0     0.000     0.000     0.000    -0.142    -0.037     0.016     0.090
   7 0 0 0 1 1 1 1  12   4  19   0   0   0   0    47.741    22.075    66.210     0.000     0.000     0.000     0.000   0   0   0   0   0   0   0     0.000     0.000     0.000    -0.112    -0.040    -0.003     0.028
   7 0 0 0 1 1 1 1  25  12   0   0   0   0   0     5.618    45.745    21.138     0.000     0.000     0.000     0.000   0   0   0   0   0   0   0     0.000     0.000     0.000    -0.110    -0.042    -0.015     0.013
   7 0 0 0 1 1 1 1  26  27  12   0   0   0   0     5.810     5.294    46.979     0.000     0.000     0.000     0.000   0   0   0   0   0   0   0     0.000     0.000     0.000    -0.076    -0.023     0.061     0.005
   7 0 0 0 1 1 1 1  29  29  23   0   0   0   0     5.693     5.158     5.650     0.000     0.000     0.000     0.000   0   0   0   0   0   0   0     0.000     0.000     0.000    -0.192    -0.075    -0.021     0.027
   7 0 0 0 1 1 1 1  24  17  27   0   0   0   0     5.341    55.762     5.198     0.000     0.000     0.000     0.000   0   0   0   0   0   0   0     0.000     0.000     0.000    -0.101    -0.041     0.022    -0.006
   7 0 0 0 1 1 1 1  25  22  24   0   0   0   0     5.730     5.454     5.460     0.000     0.000     0.000     0.000   0   0   0   0   0   0   0     0.000     0.000     0.000    -0.017    -0.066     0.024     0.003
   7 0 0 0 1 1 1 1  23  24   4   0   0   0   0     5.581     5.339    22.668     0.000     0.000     0.000     0.000   0   0   0   0   0   0   0     0.000     0.000     0.000    -0.058    -0.012    -0.014     0.020
   7 0 0 0 1 1 1 1  29  29  23   0   0   0   0     5.749     5.189     5.924     0.000     0.000     0.000     0.000   0   0   0   0   0   0   0     0.000     0.000     0.000    -0.150    -0.037     0.014     0.090
   7 0 0 0 1 1 1 1  13  24  32   0   0   0   0    50.308     5.339     4.315     0.000     0.000     0.000     0.000   0   0   0   0   0   0   0     0.000     0.000     0.000    -0.061    -0.012     0.004     0.028
   7 0 0 0 1 1 1 1  25  17  25   0   0   0   0     5.582    55.762     5.814     0.000     0.000     0.000     0.000   0   0   0   0   0   0   0     0.000     0.000     0.000    -0.092    -0.037    -0.009     0.013
   7 0 0 0 1 1 1 1  16  29   5   0   0   0   0    59.189     5.997    21.979     0.000     0.000     0.000     0.000   0   0   0   0   0   0   0     0.000     0.000     0.000    -0.020     0.051     0.030     0.009
   7 0 0 0 1 1 1 1  24  18  29   0   0   0   0     5.342    50.650     5.774     0.000     0.000     0.000     0.000   0   0   0   0   0   0   0     0.000     0.000     0.000    -0.064    -0.164    -0.021     0.022
   7 0 0 0 1 1 1 1  15  24  15   0   0   0   0    51.832     5.339    57.053     0.000     0.000     0.000     0.000   0   0   0   0   0   0   0     0.000     0.000     0.000    -0.053    -0.009     0.008     0.036
   7 0 0 0 1 1 1 1   4  12  11   0   0   0   0    22.699    46.157    50.355     0.000     0.000     0.000     0.000   0   0   0   0   0   0   0     0.000     0.000     0.000    -0.069    -0.017     0.024     0.003
   7 0 0 0 1 1 1 1  25  18  22   0   0   0   0     5.463    50.650     5.421     0.000     0.000     0.000     0.000   0   0   0   0   0   0   0     0.000     0.000     0.000    -0.041    -0.095    -0.003     0.025
   7 0 0 0 1 1 1 1  25  27  30   0   0   0   0     5.568     5.201     5.659     0.000     0.000     0.000     0.000   0   0   0   0   0   0   0     0.000     0.000     0.000    -0.147    -0.064    -0.001     0.047
   7 0 0 0 1 1 1 1  12  30  19   0   0   0   0    47.792     4.514    66.183     0.000     0.000     0.000     0.000   0   0   0   0   0   0   0     0.000     0.000     0.000    -0.079    -0.030    -0.002     0.021
   7 0 0 0 1 1 1 1  25  25  11   0   0   0   0     5.749     5.440    49.780     0.000     0.000     0.000     0.000   0   0   0   0   0   0   0     0.000     0.000     0.000    -0.051    -0.013     0.030     0.005
   7 0 0 0 1 1 1 1  26  23  13   0   0   0   0     5.873     5.581    44.294     0.000     0.000     0.000     0.000   0   0   0   0   0   0   0     0.000     0.000     0.000    -0.043    -0.008     0.064     0.006
   7 0 0 0 1 1 1 1  24  29  23   0   0   0   0     5.361     5.169     5.914     0.000     0.000     0.000     0.000   0   0   0   0   0   0   0     0.000     0.000     0.000    -0.120    -0.038     0.007     0.072
   7 0 0 0 1 1 1 1  25  15   5   0   0   0   0     5.618    51.162    23.083     0.000     0.000     0.000     0.000   0   0   0   0   0   0   0     0.000     0.000     0.000    -0.054    -0.021     0.008    -0.028
   7 0 0 0 1 1 1 1  25  22  31   0   0   0   0     5.790     5.454     5.470     0.000     0.000     0.000     0.000   0   0   0   0   0   0   0     0.000     0.000     0.000    -0.010    -0.046     0.022     0.004
   7 0 0 0 1 1 1 1  23  17   4   0   0   0   0     5.566    56.674    22.727     0.000     0.000     0.000     0.000   0   0   0   0   0   0   0     0.000     0.000     0.000    -0.049    -0.012    -0.008     0.016
   7 0 0 0 1 1 1 1  29  18  23   0   0   0   0     5.774    49.280     5.947     0.000     0.000     0.000     0.000   0   0   0   0   0   0   0     0.000     0.000     0.000    -0.019    -0.079     0.012     0.071
   7 0 0 0 1 1 1 1  17  12   5   0   0   0   0    58.805    49.295    21.976     0.000     0.000     0.000     0.000   0   0   0   0   0   0   0     0.000     0.000     0.000    -0.026    -0.002     0.025     0.005
   7 0 0 0 1 1 1 1   0  22  25   0   0   0   0    21.154     5.366     5.997     0.000     0.000     0.000     0.000   0   0   0   0   0   0   0     0.000     0.000     0.000    -0.010    -0.040     0.005     0.030
   7 0 0 0 1 1 1 1  16  26   6   0   0   0   0    59.189     5.984    19.347     0.000     0.000     0.000     0.000   0   0   0   0   0   0   0     0.000     0.000     0.000    -0.015     0.041     0.041     0.011
   7 0 0 0 1 1 1 1  24  14  28   0   0   0   0     5.376    48.949     5.655     0.000     0.000     0.000     0.000   0   0   0   0   0   0   0     0.000     0.000     0.000    -0.029    -0.112     0.002     0.032
   7 0 0 0 1 1 1 1  24  17  27   0   0   0   0     5.342    55.762     5.210     0.000     0.000     0.000     0.000   0   0   0   0   0   0   0     0.000     0.000     0.000    -0.065    -0.024     0.014    -0.004
   7 0 0 0 1 1 1 1  25  12   4   0   0   0   0     5.618    45.623    22.827     0.000     0.000     0.000     0.000   0   0   0   0   0   0   0     0.000     0.000     0.000    -0.069    -0.022    -0.004     0.010
   7 0 0 0 1 1 1 1  25  18  22   0   0   0   0     5.440    50.650     5.422     0.000     0.000     0.000     0.000   0   0   0   0   0   0   0     0.000     0.000     0.000    -0.029    -0.075    -0.003     0.020
   7 0 0 0 1 1 1 1  25  18  23   0   0   0   0     5.595    50.650     5.637     0.000     0.000     0.000     0.000   0   0   0   0   0   0   0     0.000     0.000     0.000    -0.044    -0.104    -0.014     0.016
   7 0 0 0 1 1 1 1  15  25  32   0   0   0   0    51.733     5.636     4.316     0.000     0.000     0.000     0.000   0   0   0   0   0   0   0     0.000     0.000     0.000    -0.034    -0.005     0.002     0.020
   7 0 0 0 1 1 1 1  17  25  24   0   0   0   0    58.084     5.023     5.419     0.000     0.000     0.000     0.000   0   0   0   0   0   0   0     0.000     0.000     0.000    -0.060    -0.011     0.016     0.002
   7 0 0 0 1 1 1 1  26   5  12   0   0   0   0     5.884    21.982    45.986     0.000     0.000     0.000     0.000   0   0   0   0   0   0   0     0.000     0.000     0.000     0.020    -0.020     0.057     0.005
   7 0 0 0 1 1 1 1  29  17  17   0   0   0   0     5.774    58.636    54.166     0.000     0.000     0.000     0.000   0   0   0   0   0   0   0     0.000     0.000     0.000    -0.044    -0.008     0.067     0.009
   7 0 0 0 1 1 1 1  24  21   5   0   0   0   0     5.342    67.873    21.976     0.000     0.000     0.000     0.000   0   0   0   0   0   0   0     0.000     0.000     0.000    -0.038    -0.009     0.020    -0.001
   7 0 0 0 1 1 1 1  25   5  11   0   0   0   0     5.790    21.983    50.355     0.000     0.000     0.000     0.000   0   0   0   0   0   0   0     0.000     0.000     0.000     0.012    -0.017     0.019     0.003
   7 0 0 0 1 1 1 1  23  25  16   0   0   0   0     5.515     5.027    49.170     0.000     0.000     0.000     0.000   0   0   0   0   0   0   0     0.000     0.000     0.000    -0.062    -0.013     0.053     0.004
   7 0 0 0 1 1 1 1  24  18  28   0   0   0   0     5.342    50.650     5.643     0.000     0.000     0.000     0.000   0   0   0   0   0   0   0     0.000     0.000     0.000    -0.036    -0.090    -0.003     0.023
   7 0 0 0 1 1 1 1  12  30   5   0   0   0   0    47.792     4.514    21.976     0.000     0.000     0.000     0.000   0   0   0   0   0   0   0     0.000     0.000     0.000    -0.052    -0.018     0.017    -0.000
   7 0 0 0 1 1 1 1  25   3  25   0   0   0   0     5.582    21.624     5.863     0.000     0.000     0.000     0.000   0   0   0   0   0   0   0     0.000     0.000     0.000    -0.072    -0.021    -0.003     0.008
   7 0 0 0 1 1 1 1  21  26  20   0   0   0   0    68.123     5.955    62.271     0.000     0.000     0.000     0.000   0   0   0   0   0   0   0     0.000     0.000     0.000    -0.010     0.031     0.035     0.011
   7 0 0 0 1 1 1 1  23  31  23   0   0   0   0     5.626     5.438     5.931     0.000     0.000     0.000     0.000   0   0   0   0   0   0   0     0.000     0.000     0.000    -0.040    -0.009     0.007     0.050
   7 0 0 0 1 1 1 1  25  17   5   0   0   0   0     5.618    55.623    23.086     0.000     0.000     0.000     0.000   0   0   0   0   0   0   0     0.000     0.000     0.000    -0.057    -0.018     0.005    -0.021
   7 0 0 0 1 1 1 1   4  12  31   0   0   0   0    22.727    45.745     5.467     0.000     0.000     0.000     0.000   0   0   0   0   0   0   0     0.000     0.000     0.000    -0.047    -0.009     0.015     0.000
   7 0 0 0 1 1 1 1  25  18   5   0   0   0   0     5.574    50.650    21.979     0.000     0.000     0.000     0.000   0   0   0   0   0   0   0     0.000     0.000     0.000    -0.019    -0.059     0.017    -0.001
   7 0 0 0 1 1 1 1  29  17  23   0   0   0   0     5.757    58.581     5.865     0.000     0.000     0.000     0.000   0   0   0   0   0   0   0     0.000     0.000     0.000    -0.038    -0.008     0.005     0.037
   7 0 0 0 1 1 1 1  15  25  11   0   0   0   0    51.733     5.636    52.818     0.000     0.000     0.000     0.000   0   0   0   0   0   0   0     0.000     0.000     0.000    -0.025    -0.004     0.008    -0.023
   7 0 0 0 1 1 1 1  25   3  11   0   0   0   0     5.582    21.624    48.809     0.000     0.000     0.000     0.000   0   0   0   0   0   0   0     0.000     0.000     0.000    -0.061    -0.018     0.020     0.001
   7 0 0 0 1 1 1 1  26   5  10   0   0   0   0     5.885    21.983    16.184     0.000     0.000     0.000     0.000   0   0   0   0   0   0   0     0.000     0.000     0.000     0.015    -0.016     0.005     0.050
   7 0 0 0 1 1 1 1  23  24  17   0   0   0   0     5.566     5.326    54.014     0.000     0.000     0.000     0.000   0   0   0   0   0   0   0     0.000     0.000     0.000    -0.044    -0.010     0.051     0.005
   7 0 0 0 1 1 1 1  17  23  31   0   0   0   0    58.805     5.560     5.521     0.000     0.000     0.000     0.000   0   0   0   0   0   0   0     0.000     0.000     0.000    -0.020    -0.003     0.003     0.022
   7 0 0 0 1 1 1 1  25   5   3   0   0   0   0     5.814    21.980    24.345     0.000     0.000     0.000     0.000   0   0   0   0   0   0   0     0.000     0.000     0.000     0.014    -0.012     0.003     0.017
   7 0 0 0 1 1 1 1  23  24  12   0   0   0   0     5.581     5.342    46.359     0.000     0.000     0.000     0.000   0   0   0   0   0   0   0     0.000     0.000     0.000    -0.026    -0.005     0.036     0.003
   7 0 0 0 1 1 1 1  29  22  23   0   0   0   0     5.774     5.526     5.835     0.000     0.000     0.000     0.000   0   0   0   0   0   0   0     0.000     0.000     0.000    -0.011    -0.050     0.003     0.023
   7 0 0 0 1 1 1 1  12   3  27   0   0   0   0    46.297    21.624     4.941     0.000     0.000     0.000     0.000   0   0   0   0   0   0   0     0.000     0.000     0.000    -0.055    -0.019     0.018    -0.000
   7 0 0 0 1 1 1 1  25  12  10   0   0   0   0     5.618    45.567    15.050     0.000     0.000     0.000     0.000   0   0   0   0   0   0   0     0.000     0.000     0.000    -0.046    -0.013     0.021     0.001
   7 0 0 0 1 1 1 1  16  23   6   0   0   0   0    58.650     5.882    19.346     0.000     0.000     0.000     0.000   0   0   0   0   0   0   0     0.000     0.000     0.000    -0.010     0.023     0.027     0.005
   7 0 0 0 1 1 1 1  23  31  23   0   0   0   0     5.626     5.463     5.988     0.000     0.000     0.000     0.000   0   0   0   0   0   0   0     0.000     0.000     0.000    -0.027    -0.004     0.006     0.048
   7 0 0 0 1 1 1 1  24   6   5   0   0   0   0     5.342    19.376    21.978     0.000     0.000     0.000     0.000   0   0   0   0   0   0   0     0.000     0.000     0.000    -0.001    -0.026     0.012    -0.001
   7 0 0 0 1 1 1 1  25   5  26   0   0   0   0     5.839    21.979     5.916     0.000     0.000     0.000     0.000   0   0   0   0   0   0   0     0.000     0.000     0.000     0.012    -0.010     0.003     0.016
   7 0 0 0 1 1 1 1  26  10  30   0   0   0   0     5.885    15.040     5.962     0.000     0.000     0.000     0.000   0   0   0   0   0   0   0     0.000     0.000     0.000     0.019    -0.012     0.004     0.044
   7 0 0 0 1 1 1 1  25  27  24   0   0   0   0     5.608     5.201     5.518     0.000     0.000     0.000     0.000   0   0   0   0   0   0   0     0.000     0.000     0.000    -0.061    -0.022    -0.003     0.013
   7 0 0 0 1 1 1 1  12  30  11   0   0   0   0    48.519     4.514    52.814     0.000     0.000     0.000     0.000   0   0   0   0   0   0   0     0.000     0.000     0.000    -0.034    -0.011     0.004    -0.020
   7 0 0 0 1 1 1 1   4  30  31   0   0   0   0    22.767     4.514     5.467     0.000     0.000     0.000     0.000   0   0   0   0   0   0   0     0.000     0.000     0.000    -0.034    -0.005     0.012     0.001
   7 0 0 0 1 1 1 1  25  20  22   0   0   0   0     5.463    62.352     5.422     0.000     0.000     0.000     0.000   0   0   0   0   0   0   0     0.000     0.000     0.000    -0.065    -0.018    -0.002     0.012
   7 0 0 0 1 1 1 1  23  32  23   0   0   0   0     5.518     4.346     5.962     0.000     0.000     0.000     0.000   0   0   0   0   0   0   0     0.000     0.000     0.000    -0.030    -0.002     0.003     0.038
   7 0 0 0 1 1 1 1  15  32  32   0   0   0   0    51.693     4.297     4.310     0.000     0.000     0.000     0.000   0   0   0   0   0   0   0     0.000     0.000     0.000    -0.018    -0.002    -0.000     0.012
   7 0 0 0 1 1 1 1  25  21  26   0   0   0   0     5.862    68.123     5.914     0.000     0.000     0.000     0.000   0   0   0   0   0   0   0     0.000     0.000     0.000    -0.009     0.008     0.003     0.015
   7 0 0 0 1 1 1 1  23   3  29   0   0   0   0     5.496    21.709     6.128     0.000     0.000     0.000     0.000   0   0   0   0   0   0   0     0.000     0.000     0.000    -0.042    -0.008     0.002     0.037
   7 0 0 0 1 1 1 1  25   4  24   0   0   0   0     5.611    21.975     5.521     0.000     0.000     0.000     0.000   0   0   0   0   0   0   0     0.000     0.000     0.000    -0.072    -0.020    -0.003     0.011
   7 0 0 0 1 1 1 1   5  29  22   0   0   0   0    23.119     5.749     4.880     0.000     0.000     0.000     0.000   0   0   0   0   0   0   0     0.000     0.000     0.000    -0.007     0.006    -0.028    -0.015
   7 0 0 0 1 1 1 1  25   4  30   0   0   0   0     5.552    21.975     5.403     0.000     0.000     0.000     0.000   0   0   0   0   0   0   0     0.000     0.000     0.000    -0.046    -0.013     0.004    -0.003
   7 0 0 0 1 1 1 1  25   1   8   0   0   0   0     5.767    21.892    17.159     0.000     0.000     0.000     0.000   0   0   0   0   0   0   0     0.000     0.000     0.000    -0.002    -0.018     0.020     0.002
   7 0 0 0 1 1 1 1  23  32  30   0   0   0   0     5.496     4.341     5.955     0.000     0.000     0.000     0.000   0   0   0   0   0   0   0     0.000     0.000     0.000    -0.028    -0.001     0.003     0.043
   7 0 0 0 1 1 1 1   5  22  32   0   0   0   0    21.978     5.428     4.274     0.000     0.000     0.000     0.000   0   0   0   0   0   0   0     0.000     0.000     0.000    -0.001     0.013    -0.012     0.001
   7 0 0 0 1 1 1 1  25   4  14   0   0   0   0     5.552    22.016    39.737     0.000     0.000     0.000     0.000   0   0   0   0   0   0   0     0.000     0.000     0.000    -0.040    -0.012     0.011    -0.000
   7 0 0 0 1 1 1 1   5   4  26   0   0   0   0    21.979    22.832     5.895     0.000     0.000     0.000     0.000   0   0   0   0   0   0   0     0.000     0.000     0.000     0.005     0.023    -0.009     0.004
   7 0 0 0 1 1 1 1  25   3  23   0   0   0   0     5.563    21.584     5.835     0.000     0.000     0.000     0.000   0   0   0   0   0   0   0     0.000     0.000     0.000    -0.064    -0.019    -0.001     0.015
   7 0 0 0 1 1 1 1   5  29   4   0   0   0   0    23.088     5.755    23.398     0.000     0.000     0.000     0.000   0   0   0   0   0   0   0     0.000     0.000     0.000    -0.006     0.005    -0.008    -0.017
   7 0 0 0 1 1 1 1  25   5  26   0   0   0   0     5.846    21.977     5.915     0.000     0.000     0.000     0.000   0   0   0   0   0   0   0     0.000     0.000     0.000     0.010    -0.007     0.002     0.012
   7 0 0 0 1 1 1 1  29  16  10   0   0   0   0     6.066    58.387    16.278     0.000     0.000     0.000     0.000   0   0   0   0   0   0   0     0.000     0.000     0.000    -0.007     0.005     0.017     0.044
   7 0 0 0 1 1 1 1  29  17  11   0   0   0   0     5.772    58.636    52.804     0.000     0.000     0.000     0.000   0   0   0   0   0   0   0     0.000     0.000     0.000    -0.020    -0.002     0.006    -0.020
   7 0 0 0 1 1 1 1  17  28  11   0   0   0   0    57.349     5.618    52.385     0.000     0.000     0.000     0.000   0   0   0   0   0   0   0     0.000     0.000     0.000    -0.014    -0.002     0.004    -0.018
   7 0 0 0 1 1 1 1  25  17   8   0   0   0   0     5.552    55.623    17.236     0.000     0.000     0.000     0.000   0   0   0   0   0   0   0     0.000     0.000     0.000    -0.031    -0.009     0.008    -0.000
   7 0 0 0 1 1 1 1  25   1  26   0   0   0   0     5.031    22.034     5.992     0.000     0.000     0.000     0.000   0   0   0   0   0   0   0     0.000     0.000     0.000    -0.021    -0.054    -0.000     0.018
   7 0 0 0 1 1 1 1  23  25  30   0   0   0   0     5.498     5.950     5.962     0.000     0.000     0.000     0.000   0   0   0   0   0   0   0     0.000     0.000     0.000    -0.022    -0.000     0.002     0.039
   7 0 0 0 1 1 1 1  12   4   3   0   0   0   0    45.745    21.975    21.709     0.000     0.000     0.000     0.000   0   0   0   0   0   0   0     0.000     0.000     0.000    -0.040    -0.015     0.423     0.001
   7 0 0 0 1 1 1 1  25   5  26   0   0   0   0     5.862    21.976     5.917     0.000     0.000     0.000     0.000   0   0   0   0   0   0   0     0.000     0.000     0.000     0.009    -0.006     0.002     0.012
   7 0 0 0 1 1 1 1   5   4  26   0   0   0   0    21.979    22.831     5.894     0.000     0.000     0.000     0.000   0   0   0   0   0   0   0     0.000     0.000     0.000     0.004     0.020    -0.008     0.003
   7 0 0 0 1 1 1 1  28   5  23   0   0   0   0     5.600    21.986     5.677     0.000     0.000     0.000     0.000   0   0   0   0   0   0   0     0.000     0.000     0.000     0.012    -0.009    -0.021     0.007
   7 0 0 0 1 1 1 1  27  26   4   0   0   0   0     5.201     5.752    23.264     0.000     0.000     0.000     0.000   0   0   0   0   0   0   0     0.000     0.000     0.000     0.264     0.004     0.000    -0.011
   7 0 0 0 1 1 1 1  25   5   1   0   0   0   0     5.851    22.022    22.457     0.000     0.000     0.000     0.000   0   0   0   0   0   0   0     0.000     0.000     0.000     0.005    -0.006     0.002     0.018
   7 0 0 0 1 1 1 1  23   3   6   0   0   0   0     5.588    21.624    21.278     0.000     0.000     0.000     0.000   0   0   0   0   0   0   0     0.000     0.000     0.000    -0.047    -0.006     0.002     0.035
   7 0 0 0 1 1 1 1  29  11  23   0   0   0   0     5.739    51.939     5.864     0.000     0.000     0.000     0.000   0   0   0   0   0   0   0     0.000     0.000     0.000    -0.007    -0.043     0.001     0.017
   7 0 0 0 1 1 1 1  11  17  11   0   0   0   0    53.393    57.349    54.066     0.000     0.000     0.000     0.000   0   0   0   0   0   0   0     0.000     0.000     0.000    -0.005     0.003    -0.029    -0.056
   7 0 0 0 1 1 1 1  25   4  14   0   0   0   0     5.535    21.975    39.737     0.000     0.000     0.000     0.000   0   0   0   0   0   0   0     0.000     0.000     0.000    -0.033    -0.009     0.009    -0.000
   7 0 0 0 1 1 1 1   5   4  23   0   0   0   0    21.980    22.836     5.852     0.000     0.000     0.000     0.000   0   0   0   0   0   0   0     0.000     0.000     0.000     0.004     0.019    -0.004     0.011
   7 0 0 0 1 1 1 1  22  11   7   0   0   0   0     5.526    52.898    19.938     0.000     0.000     0.000     0.000   0   0   0   0   0   0   0     0.000     0.000     0.000     0.002    -0.020    -0.009    -0.035
   7 0 0 0 1 1 1 1  16  12   4   0   0   0   0    64.082    45.745    22.701     0.000     0.000     0.000     0.000   0   0   0   0   0   0   0     0.000     0.000     0.000    -0.017    -0.000     0.017     0.009
   7 0 0 0 1 1 1 1   4  15  11   0   0   0   0    22.827    51.659    50.706     0.000     0.000     0.000     0.000   0   0   0   0   0   0   0     0.000     0.000     0.000    -0.009    -0.001     0.007    -0.001
   7 0 0 0 1 1 1 1  25   3  17   0   0   0   0     5.031    21.584    53.714     0.000     0.000     0.000     0.000   0   0   0   0   0   0   0     0.000     0.000     0.000    -0.044    -0.017     0.028     0.000
   7 0 0 0 1 1 1 1  29   5  23   0   0   0   0     5.693    22.051     5.999     0.000     0.000     0.000     0.000   0   0   0   0   0   0   0     0.000     0.000     0.000     0.000    -0.028     0.001     0.034
   7 0 0 0 1 1 1 1  29   6   8   0   0   0   0     5.701    19.376    18.679     0.000     0.000     0.000     0.000   0   0   0   0   0   0   0     0.000     0.000     0.000     0.001    -0.017     0.003    -0.010
   7 0 0 0 1 1 1 1  25   1  26   0   0   0   0     5.862    21.920     5.908     0.000     0.000     0.000     0.000   0   0   0   0   0   0   0     0.000     0.000     0.000     0.001    -0.007     0.001     0.008
   7 0 0 0 1 1 1 1  16  23   4   0   0   0   0    59.773     5.842    22.801     0.000     0.000     0.000     0.000   0   0   0   0   0   0   0     0.000     0.000     0.000    -0.005     0.008     0.001     0.009
   7 0 0 0 1 1 1 1  24   5   6   0   0   0   0     5.518    21.983    21.319     0.000     0.000     0.000     0.000   0   0   0   0   0   0   0     0.000     0.000     0.000     0.009    -0.007     0.005     0.037
   7 0 0 0 1 1 1 1  11  25  27   0   0   0   0    53.428     5.715     5.386     0.000     0.000     0.000     0.000   0   0   0   0   0   0   0     0.000     0.000     0.000    -0.005     0.002    -0.028    -0.051
   7 0 0 0 1 1 1 1  30  18  30   0   0   0   0     4.514    50.822     4.515     0.000     0.000     0.000     0.000   0   0   0   0   0   0   0     0.000     0.000     0.000    -0.013    -0.029     0.093     0.000
   7 0 0 0 1 1 1 1   5   4  26   0   0   0   0    21.980    22.865     5.895     0.000     0.000     0.000     0.000   0   0   0   0   0   0   0     0.000     0.000     0.000     0.004     0.019    -0.006     0.003
   7 0 0 0 1 1 1 1  28  17   6   0   0   0   0     5.678    58.809    21.319     0.000     0.000     0.000     0.000   0   0   0   0   0   0   0     0.000     0.000     0.000    -0.009     0.002     0.007     0.033
   7 0 0 0 1 1 1 1   5   2  11   0   0   0   0    21.934    21.690    53.393     0.000     0.000     0.000     0.000   0   0   0   0   0   0   0     0.000     0.000     0.000     0.015     0.008    -0.001    -0.031
   7 0 0 0 1 1 1 1   4  11  11   0   0   0   0    22.827    51.128    50.706     0.000     0.000     0.000     0.000   0   0   0   0   0   0   0     0.000     0.000     0.000    -0.006     0.000     0.006    -0.001
   7 0 0 0 1 1 1 1  25  20  22   0   0   0   0     5.463    62.334     5.428     0.000     0.000     0.000     0.000   0   0   0   0   0   0   0     0.000     0.000     0.000    -0.039    -0.009    -0.001     0.008
   7 0 0 0 1 1 1 1  29  11   4   0   0   0   0     5.739    51.930    23.732     0.000     0.000     0.000     0.000   0   0   0   0   0   0   0     0.000     0.000     0.000    -0.005    -0.035     0.003    -0.014
   7 0 0 0 1 1 1 1  29  25   5   0   0   0   0     5.739     5.978    23.021     0.000     0.000     0.000     0.000   0   0   0   0   0   0   0     0.000     0.000     0.000    -0.009     0.005     0.004    -0.008
   7 0 0 0 1 1 1 1   4   1  22   0   0   0   0    22.767    22.005     5.425     0.000     0.000     0.000     0.000   0   0   0   0   0   0   0     0.000     0.000     0.000    -0.002    -0.021     0.001     0.011
   7 0 0 0 1 1 1 1  14   1  16   0   0   0   0    38.717    22.456    58.387     0.000     0.000     0.000     0.000   0   0   0   0   0   0   0     0.000     0.000     0.000     0.010     0.030    -0.004     0.003
   7 0 0 0 1 1 1 1  14  11  11   0   0   0   0    48.949    52.908    42.029     0.000     0.000     0.000     0.000   0   0   0   0   0   0   0     0.000     0.000     0.000     0.001    -0.017    -0.013    -0.284
   7 0 0 0 1 1 1 1  11  12  11   0   0   0   0    53.260    45.745    54.066     0.000     0.000     0.000     0.000   0   0   0   0   0   0   0     0.000     0.000     0.000    -0.013     0.001    -0.017    -0.043
   7 0 0 0 1 1 1 1  14   1  12   0   0   0   0    39.657    22.463    49.980     0.000     0.000     0.000     0.000   0   0   0   0   0   0   0     0.000     0.000     0.000     0.004     0.013    -0.005     0.001
   7 0 0 0 1 1 1 1   3  11  23   0   0   0   0    21.709    42.029     5.891     0.000     0.000     0.000     0.000   0   0   0   0   0   0   0     0.000     0.000     0.000    -0.016    -0.152    -0.000     0.011
   7 0 0 0 1 1 1 1  30   5   6   0   0   0   0     5.659    21.983    21.319     0.000     0.000     0.000     0.000   0   0   0   0   0   0   0     0.000     0.000     0.000     0.006    -0.004     0.007     0.029
   7 0 0 0 1 1 1 1   5  22  32   0   0   0   0    21.976     5.428     4.277     0.000     0.000     0.000     0.000   0   0   0   0   0   0   0     0.000     0.000     0.000    -0.004     0.009    -0.008     0.001
   7 0 0 0 1 1 1 1   4  10  10   0   0   0   0    23.752    15.244    15.710     0.000     0.000     0.000     0.000   0   0   0   0   0   0   0     0.000     0.000     0.000     0.003    -0.003     0.008     0.001
   7 0 0 0 1 1 1 1  24  10  12   0   0   0   0     5.344    14.989    47.741     0.000     0.000     0.000     0.000   0   0   0   0   0   0   0     0.000     0.000     0.000     0.029    -0.010     0.010     0.000
   7 0 0 0 1 1 1 1  22  11   3   0   0   0   0     5.526    52.804    21.584     0.000     0.000     0.000     0.000   0   0   0   0   0   0   0     0.000     0.000     0.000     0.001    -0.013    -0.044    -0.012
   7 0 0 0 1 1 1 1  23  27  29   0   0   0   0     5.581     5.201     5.739     0.000     0.000     0.000     0.000   0   0   0   0   0   0   0     0.000     0.000     0.000     0.004    -0.008    -0.006     0.003
   7 0 0 0 1 1 1 1  30   3  30   0   0   0   0     4.514    21.584     4.515     0.000     0.000     0.000     0.000   0   0   0   0   0   0   0     0.000     0.000     0.000    -0.023    -0.010     0.087     0.000
   7 0 0 0 1 1 1 1   5   4  26   0   0   0   0    21.979    22.821     5.896     0.000     0.000     0.000     0.000   0   0   0   0   0   0   0     0.000     0.000     0.000     0.002     0.013    -0.005     0.002
   7 0 0 0 1 1 1 1  30  17   5   0   0   0   0     5.565    58.652    23.286     0.000     0.000     0.000     0.000   0   0   0   0   0   0   0     0.000     0.000     0.000    -0.010     0.001     0.005     0.020
   7 0 0 0 1 1 1 1   8  32  28   0   0   0   0    18.679     4.316     5.602     0.000     0.000     0.000     0.000   0   0   0   0   0   0   0     0.000     0.000     0.000    -0.002     0.005    -0.015    -0.006
   7 0 0 0 1 1 1 1  10  23  25   0   0   0   0    15.047     5.668     5.862     0.000     0.000     0.000     0.000   0   0   0   0   0   0   0     0.000     0.000     0.000     0.004     0.013    -0.003     0.002
   7 0 0 0 1 1 1 1   3  18   6   0   0   0   0    21.624    50.822    21.307     0.000     0.000     0.000     0.000   0   0   0   0   0   0   0     0.000     0.000     0.000    -0.013    -0.032    -0.000     0.024
   7 0 0 0 1 1 1 1  32   7  24   0   0   0   0     4.319    20.290     5.703     0.000     0.000     0.000     0.000   0   0   0   0   0   0   0     0.000     0.000     0.000     0.002    -0.013     0.002     0.013
   7 0 1 0 1 1 1 1  11   7  18   0   0   0   0    41.384    20.290    50.650     0.000     0.000     0.000     0.000   0   0   0   0   0   0   0     0.000    -0.030     0.000     0.002    -0.013    -0.000     0.014
   7 0 0 0 1 1 1 1  14   1   1   0   0   0   0    39.373    22.459    21.918     0.000     0.000     0.000     0.000   0   0   0   0   0   0   0     0.000    -0.030     0.000     0.004     0.011     0.002    -0.002
   7 0 0 0 1 1 1 1  16  23   4   0   0   0   0    60.073     5.799    22.789     0.000     0.000     0.000     0.000   0   0   0   0   0   0   0     0.000    -0.030     0.000    -0.004     0.004     0.000     0.007
   7 0 0 0 1 1 1 1   3  11   6   0   0   0   0    21.709    42.029    19.375     0.000     0.000     0.000     0.000   0   0   0   0   0   0   0     0.000    -0.030     0.000    -0.008    -0.410     0.010    -0.000
   7 0 0 0 1 1 1 1  11  15   6   0   0   0   0    53.428    51.161    20.373     0.000     0.000     0.000     0.000   0   0   0   0   0   0   0     0.000    -0.030     0.000    -0.003     0.002    -0.021    -0.048
   7 0 0 0 1 1 1 1  25   1   3   0   0   0   0     5.851    21.922    24.152     0.000     0.000     0.000     0.000   0   0   0   0   0   0   0     0.000    -0.030     0.000     0.001    -0.005     0.001     0.005
   7 0 0 0 1 1 1 1   5   4  32   0   0   0   0    21.987    22.901     4.188     0.000     0.000     0.000     0.000   0   0   0   0   0   0   0     0.000    -0.030     0.000     0.003     0.023    -0.011    -0.000
   7 0 0 0 1 1 1 1   3  14  17   0   0   0   0    21.601    49.142    55.762     0.000     0.000     0.000     0.000   0   0   0   0   0   0   0     0.000    -0.030     0.000    -0.023    -0.044     0.009    -0.001
   7 0 0 0 1 1 1 1  30   3  30   0   0   0   0     4.514    21.584     4.515     0.000     0.000     0.000     0.000   0   0   0   0   0   0   0     0.000    -0.030     0.000    -0.027    -0.011     0.249     0.000
   7 0 0 0 1 1 1 1  26  10   1   0   0   0   0     5.911    15.507    22.459     0.000     0.000     0.000     0.000   0   0   0   0   0   0   0     0.000    -0.030     0.000     0.001    -0.005     0.003     0.009
   7 0 0 0 1 1 1 1   2  17   2   0   0   0   0    23.558    59.264    23.618     0.000     0.000     0.000     0.000   0   0   0   0   0   0   0     0.000    -0.030     0.000    -0.002     0.002     0.015     0.026
   7 0 0 0 1 1 1 1  29  32   6   0   0   0   0     5.647     4.130    19.375     0.000     0.000     0.000     0.000   0   0   0   0   0   0   0     0.000    -0.030     0.000    -0.007    -0.042     0.016     0.000
   7 0 0 0 1 1 1 1  11  19  11   0   0   0   0    53.260    57.210    53.747     0.000     0.000     0.000     0.000   0   0   0   0   0   0   0     0.000    -0.030     0.000    -0.006     0.001    -0.011    -0.029
   7 0 0 0 1 1 1 1  25   6   8   0   0   0   0     5.463    19.376    17.222     0.000     0.000     0.000     0.000   0   0   0   0   0   0   0     0.000    -0.030     0.000    -0.001    -0.012     0.005    -0.001
   7 0 0 0 1 1 1 1   3  14   6   0   0   0   0    21.624    49.120    19.339     0.000     0.000     0.000     0.000   0   0   0   0   0   0   0     0.000    -0.030     0.000    -0.015    -0.029     0.008    -0.000
   7 0 0 0 1 1 1 1  32   2  17   0   0   0   0     4.319    21.953    53.425     0.000     0.000     0.000     0.000   0   0   0   0   0   0   0     0.000    -0.030     0.000     0.001    -0.011     0.023     0.002
   7 0 0 0 1 1 1 1  32   6  21   0   0   0   0     4.313    19.376    64.918     0.000     0.000     0.000     0.000   0   0   0   0   0   0   0     0.000    -0.030     0.000     0.007    -0.004    -0.005     0.004
   7 0 0 0 1 1 1 1   4  28  23   0   0   0   0    23.752     5.701     5.433     0.000     0.000     0.000     0.000   0   0   0   0   0   0   0     0.000    -0.030     0.000    -0.002     0.004     0.004     0.012
   7 0 0 0 1 1 1 1  23  17  11   0   0   0   0     5.852    59.264    50.159     0.000     0.000     0.000     0.000   0   0   0   0   0   0   0     0.000    -0.030     0.000    -0.004     0.002     0.029     0.003
   7 0 0 0 1 1 1 1   3   3  11   0   0   0   0    21.624    21.566    53.893     0.000     0.000     0.000     0.000   0   0   0   0   0   0   0     0.000    -0.030     0.000    -0.037    -0.017     0.000    -0.041
   7 0 0 0 1 1 1 1  29  27   4   0   0   0   0     5.739     5.201    23.264     0.000     0.000     0.000     0.000   0   0   0   0   0   0   0     0.000    -0.030     0.000     0.004    -0.007     0.003    -0.004
   7 0 0 0 1 1 1 1  10   0  25   0   0   0   0    15.090    21.220     5.843     0.000     0.000     0.000     0.000   0   0   0   0   0   0   0     0.000    -0.030     0.000     0.002     0.012    -0.003     0.001
   7 0 0 0 1 1 1 1   6  10  32   0   0   0   0    19.339    14.976     4.161     0.000     0.000     0.000     0.000   0   0   0   0   0   0   0     0.000    -0.030     0.000     0.030     0.005    -0.010     0.000
   7 0 0 0 1 1 1 1  29  11   4   0   0   0   0     5.733    52.353    23.749     0.000     0.000     0.000     0.000   0   0   0   0   0   0   0     0.000    -0.030     0.000    -0.003    -0.038     0.002    -0.013
   7 0 0 0 1 1 1 1  30   3  30   0   0   0   0     4.514    21.584     4.515     0.000     0.000     0.000     0.000   0   0   0   0   0   0   0     0.000    -0.030     0.000    -0.025    -0.010     0.232     0.000
   7 0 0 0 1 1 1 1  30   3  30   0   0   0   0     4.514    21.584     4.515     0.000     0.000     0.000     0.000   0   0   0   0   0   0   0     0.000    -0.030     0.000    -0.018    -0.007     0.083     0.000
   7 0 0 0 1 1 1 1  11  10  15   0   0   0   0    52.748    14.978    54.260     0.000     0.000     0.000     0.000   0   0   0   0   0   0   0     0.000    -0.030     0.000     0.026     0.000    -0.009     0.004
   7 0 0 0 1 1 1 1   3  11   6   0   0   0   0    21.709    42.029    19.403     0.000     0.000     0.000     0.000   0   0   0   0   0   0   0     0.000    -0.030     0.000    -0.004    -0.389     0.008    -0.000
   7 0 0 0 1 1 1 1  29  26  18   0   0   0   0     5.739     5.915    43.056     0.000     0.000     0.000     0.000   0   0   0   0   0   0   0     0.000    -0.030     0.000    -0.005     0.005    -0.006     0.002
   7 0 0 0 1 1 1 1  14   1  10   0   0   0   0    39.373    22.498    15.222     0.000     0.000     0.000     0.000   0   0   0   0   0   0   0     0.000    -0.030     0.000     0.004     0.010     0.003    -0.001
   7 0 0 0 1 1 1 1  23  16  11   0   0   0   0     5.841    58.387    50.175     0.000     0.000     0.000     0.000   0   0   0   0   0   0   0     0.000    -0.030     0.000    -0.004     0.002     0.024     0.002
   7 0 0 0 1 1 1 1  32   7  23   0   0   0   0     4.319    20.916     6.005     0.000     0.000     0.000     0.000   0   0   0   0   0   0   0     0.000    -0.030     0.000    -0.002    -0.032     0.002     0.019
   7 0 0 0 1 1 1 1   6   6  32   0   0   0   0    19.376    19.374     4.277     0.000     0.000     0.000     0.000   0   0   0   0   0   0   0     0.000    -0.030     0.000     0.004     0.365    -0.006     0.001
   7 0 0 0 1 1 1 1  28  17  25   0   0   0   0     5.701    57.847     5.627     0.000     0.000     0.000     0.000   0   0   0   0   0   0   0     0.000    -0.030     0.000    -0.005     0.001     0.000     0.005
   7 0 0 0 1 1 1 1  11   2  27   0   0   0   0    41.384    21.519     5.198     0.000     0.000     0.000     0.000   0   0   0   0   0   0   0     0.000    -0.030     0.000    -0.026    -0.015     0.002    -0.001
   7 0 0 0 1 1 1 1   3   2  12   0   0   0   0    21.584    21.519    45.745     0.000     0.000     0.000     0.000   0   0   0   0   0   0   0     0.000    -0.030     0.000    -0.035    -0.019     0.012    -0.000
   7 0 0 0 1 1 1 1  23  27   7   0   0   0   0     5.581     5.201    20.112     0.000     0.000     0.000     0.000   0   0   0   0   0   0   0     0.000    -0.030     0.000     0.003    -0.006     0.005     0.000
   7 0 0 0 1 1 1 1   4  10  22   0   0   0   0    23.749    15.242     4.973     0.000     0.000     0.000     0.000   0   0   0   0   0   0   0     0.000    -0.030     0.000     0.002    -0.002     0.003     0.013
   7 0 0 0 1 1 1 1  23   0  11   0   0   0   0     5.799    21.154    50.117     0.000     0.000     0.000     0.000   0   0   0   0   0   0   0     0.000    -0.030     0.000    -0.009     0.000     0.025     0.002
   7 0 0 0 1 1 1 1  29  32   6   0   0   0   0     5.647     4.130    19.375     0.000     0.000     0.000     0.000   0   0   0   0   0   0   0     0.000    -0.030     0.000    -0.005    -0.034     0.014     0.000
   7 0 0 0 1 1 1 1   6   6  32   0   0   0   0    19.376    19.374     4.277     0.000     0.000     0.000     0.000   0   0   0   0   0   0   0     0.000    -0.030     0.000     0.003     0.346    -0.006     0.001
   7 0 0 0 1 1 1 1   4  11   6   0   0   0   0    22.855    51.128    19.505     0.000     0.000     0.000     0.000   0   0   0   0   0   0   0     0.000    -0.030     0.000    -0.003     0.001     0.010     0.001
   7 0 0 0 1 1 1 1   6  10  32   0   0   0   0    19.348    14.968     4.175     0.000     0.000     0.000     0.000   0   0   0   0   0   0   0     0.000    -0.030     0.000     0.030     0.005    -0.009     0.000
   7 0 0 0 1 1 1 1  24  17  23   0   0   0   0     5.523    58.766     6.031     0.000     0.000     0.000     0.000   0   0   0   0   0   0   0     0.000    -0.030     0.000    -0.008     0.001     0.003     0.018
   7 0 0 0 1 1 1 1  11  12   6   0   0   0   0    53.428    45.248    20.373     0.000     0.000     0.000     0.000   0   0   0   0   0   0   0     0.000    -0.030     0.000    -0.013     0.000    -0.015    -0.040
   7 0 0 0 1 1 1 1  24  30  32   0   0   0   0     5.700     5.387     4.287     0.000     0.000     0.000     0.000   0   0   0   0   0   0   0     0.000    -0.030     0.000     0.001    -0.004     0.000     0.005
   7 0 0 0 1 1 1 1  11  10  13   0   0   0   0    52.718    15.128    54.835     0.000     0.000     0.000     0.000   0   0   0   0   0   0   0     0.000    -0.030     0.000     0.006    -0.000    -0.007     0.005
   7 0 0 0 1 1 1 1   6   4   6   0   0   0   0    19.374    22.562    19.376     0.000     0.000     0.000     0.000   0   0   0   0   0   0   0     0.000    -0.030     0.000    -0.002     0.012    -0.369    -0.000
   7 0 0 0 1 1 1 1  23  27  20   0   0   0   0     5.581     5.201    62.260     0.000     0.000     0.000     0.000   0   0   0   0   0   0   0     0.000    -0.030     0.000     0.002    -0.005     0.003    -0.000
   7 0 0 0 1 1 1 1   3  10  23   0   0   0   0    24.336    15.488     5.417     0.000     0.000     0.000     0.000   0   0   0   0   0   0   0     0.000    -0.030     0.000     0.001    -0.003     0.002     0.008
   7 0 0 0 1 1 1 1  14   1  17   0   0   0   0    38.689    22.456    59.264     0.000     0.000     0.000     0.000   0   0   0   0   0   0   0     0.000    -0.030     0.000     0.006     0.015    -0.002     0.002
   7 0 0 0 1 1 1 1  32   5  24   0   0   0   0     4.278    21.986     5.361     0.000     0.000     0.000     0.000   0   0   0   0   0   0   0     0.000    -0.030     0.000     0.006    -0.009    -0.004     0.003
   7 0 0 0 1 1 1 1   6   6  32   0   0   0   0    19.376    19.374     4.278     0.000     0.000     0.000     0.000   0   0   0   0   0   0   0     0.000    -0.030     0.000     0.003     0.329    -0.005     0.001
   7 0 0 0 1 1 1 1  30  18  30   0   0   0   0     4.514    50.822     4.515     0.000     0.000     0.000     0.000   0   0   0   0   0   0   0     0.000    -0.030     0.000    -0.006    -0.016     0.078     0.000
   7 0 0 0 1 1 1 1  23   0  11   0   0   0   0     5.791    21.161    50.196     0.000     0.000     0.000     0.000   0   0   0   0   0   0   0     0.000    -0.030     0.000    -0.007     0.000     0.017     0.002
   7 0 0 0 1 1 1 1  13   9   4   0   0   0   0    47.942    18.702    23.752     0.000     0.000     0.000     0.000   0   0   0   0   0   0   0     0.000    -0.030     0.000     0.004     0.014    -0.000    -0.015
   7 0 0 0 1 1 1 1  17   4  17   0   0   0   0    55.762    22.022    55.763     0.000     0.000     0.000     0.000   0   0   0   0   0   0   0     0.000    -0.030     0.000    -0.018    -0.004     0.312     0.000
   7 0 0 0 1 1 1 1   4  11   6   0   0   0   0    22.827    51.096    19.508     0.000     0.000     0.000     0.000   0   0   0   0   0   0   0     0.000    -0.030     0.000    -0.003     0.000     0.007     0.001
   7 0 0 0 1 1 1 1   6  10  32   0   0   0   0    19.348    14.968     4.175     0.000     0.000     0.000     0.000   0   0   0   0   0   0   0     0.000    -0.030     0.000     0.027     0.005    -0.008     0.000
   7 0 0 0 1 1 1 1   3   3  12   0   0   0   0    21.624    21.548    45.745     0.000     0.000     0.000     0.000   0   0   0   0   0   0   0     0.000    -0.030     0.000    -0.030    -0.014     0.011    -0.000
   7 0 0 0 1 1 1 1   4  29  11   0   0   0   0    23.264     5.736    51.800     0.000     0.000     0.000     0.000   0   0   0   0   0   0   0     0.000    -0.030     0.000    -0.003     0.002    -0.000    -0.009
   7 0 0 0 1 1 1 1  14  11   1   0   0   0   0    39.649    51.035    21.918     0.000     0.000     0.000     0.000   0   0   0   0   0   0   0     0.000    -0.030     0.000     0.004    -0.008     0.001    -0.002
   7 0 0 0 1 1 1 1  22  29   5   0   0   0   0     5.550     5.755    22.520     0.000     0.000     0.000     0.000   0   0   0   0   0   0   0     0.000    -0.030     0.000    -0.003     0.001     0.008     0.028
   7 0 0 0 1 1 1 1  11   6  29   0   0   0   0    53.893    19.374     5.722     0.000     0.000     0.000     0.000   0   0   0   0   0   0   0     0.000    -0.030     0.000     0.007    -0.000    -0.046    -0.018
   7 0 0 0 1 1 1 1   5  14  30   0   0   0   0    21.978    46.022     5.310     0.000     0.000     0.000     0.000   0   0   0   0   0   0   0     0.000    -0.030     0.000     0.011     0.001    -0.004     0.001
   7 0 0 0 1 1 1 1   4  28  22   0   0   0   0    23.749     5.701     4.885     0.000     0.000     0.000     0.000   0   0   0   0   0   0   0     0.000    -0.030     0.000    -0.001     0.003     0.001     0.006
   7 0 0 0 1 1 1 1   6  26   6   0   0   0   0    19.362     5.760    19.376     0.000     0.000     0.000     0.000   0   0   0   0   0   0   0     0.000    -0.030     0.000    -0.004     0.007    -0.038    -0.000
   7 0 0 0 1 1 1 1  32   5  24   0   0   0   0     4.278    21.986     5.361     0.000     0.000     0.000     0.000   0   0   0   0   0   0   0     0.000    -0.030     0.000     0.005    -0.008    -0.003     0.002
   7 0 0 0 1 1 1 1  17  20   7   0   0   0   0    55.971    62.408    20.112     0.000     0.000     0.000     0.000   0   0   0   0   0   0   0     0.000    -0.030     0.000    -0.003    -0.016     0.004    -0.000
   7 0 0 0 1 1 1 1  25   5  27   0   0   0   0     5.881    22.022     5.319     0.000     0.000     0.000     0.000   0   0   0   0   0   0   0     0.000    -0.030     0.000     0.003    -0.002     0.001     0.008
   7 0 0 0 1 1 1 1  26  22   8   0   0   0   0     5.917     5.252    17.147     0.000     0.000     0.000     0.000   0   0   0   0   0   0   0     0.000    -0.030     0.000    -0.004     0.001     0.018     0.003
   7 0 0 0 1 1 1 1  14   2   4   0   0   0   0    40.144    23.618    23.754     0.000     0.000     0.000     0.000   0   0   0   0   0   0   0     0.000    -0.030     0.000     0.004     0.017    -0.000    -0.016
   7 0 0 0 1 1 1 1  11  17   6   0   0   0   0    53.636    55.762    20.373     0.000     0.000     0.000     0.000   0   0   0   0   0   0   0     0.000    -0.030     0.000    -0.004     0.001    -0.014    -0.035
   7 0 0 0 1 1 1 1  11   7   3   0   0   0   0    42.029    19.940    21.709     0.000     0.000     0.000     0.000   0   0   0   0   0   0   0     0.000    -0.030     0.000    -0.005    -0.013     0.130     0.000
   7 0 0 0 1 1 1 1  11  10  13   0   0   0   0    52.749    15.145    54.756     0.000     0.000     0.000     0.000   0   0   0   0   0   0   0     0.000    -0.030     0.000     0.005    -0.000    -0.007     0.003
   7 0 0 0 1 1 1 1  32   5   4   0   0   0   0     4.278    21.986    23.742     0.000     0.000     0.000     0.000   0   0   0   0   0   0   0     0.000    -0.030     0.000     0.004    -0.008     0.002    -0.003
   7 0 0 0 1 1 1 1  17   6  15   0   0   0   0    62.305    19.376    58.162     0.000     0.000     0.000     0.000   0   0   0   0   0   0   0     0.000    -0.030     0.000     0.005    -0.001     0.005     0.009
   7 0 0 0 1 1 1 1  26  10   4   0   0   0   0     5.908    15.488    22.943     0.000     0.000     0.000     0.000   0   0   0   0   0   0   0     0.000    -0.030     0.000     0.000    -0.003    -0.001     0.003
   7 0 0 0 1 1 1 1  22  25   5   0   0   0   0     5.539     5.574    22.520     0.000     0.000     0.000     0.000   0   0   0   0   0   0   0     0.000    -0.030     0.000    -0.005     0.000     0.007     0.026
   7 0 0 0 1 1 1 1  24   4  23   0   0   0   0     5.701    22.743     6.045     0.000     0.000     0.000     0.000   0   0   0   0   0   0   0     0.000    -0.030     0.000    -0.004     0.001     0.004     0.016
   7 0 0 0 1 1 1 1  32  15  16   0   0   0   0     4.316    51.033    54.555     0.000     0.000     0.000     0.000   0   0   0   0   0   0   0     0.000    -0.030     0.000    -0.009    -0.001    -0.003     0.003
   7 0 0 0 1 1 1 1  24   0  29   0   0   0   0     5.688    21.232     5.785     0.000     0.000     0.000     0.000   0   0   0   0   0   0   0     0.000    -0.030     0.000    -0.003     0.001    -0.001     0.004
   7 0 0 0 1 1 1 1  23  17  11   0   0   0   0     5.791    59.264    50.117     0.000     0.000     0.000     0.000   0   0   0   0   0   0   0     0.000    -0.030     0.000    -0.004     0.001     0.017     0.002
   7 0 0 0 1 1 1 1  11   3  29   0   0   0   0    53.893    21.584     5.722     0.000     0.000     0.000     0.000   0   0   0   0   0   0   0     0.000    -0.030     0.000    -0.021     0.000    -0.041    -0.016
   7 0 0 0 1 1 1 1   4  20  31   0   0   0   0    23.264    62.260     5.437     0.000     0.000     0.000     0.000   0   0   0   0   0   0   0     0.000    -0.030     0.000     0.004    -0.001    -0.009    -0.001
   7 0 0 0 1 1 1 1   6   6  31   0   0   0   0    19.376    19.374     5.371     0.000     0.000     0.000     0.000   0   0   0   0   0   0   0     0.000    -0.030     0.000     0.003     0.124    -0.005     0.000
   7 0 0 0 1 1 1 1   6  10   6   0   0   0   0    19.374    14.968    19.376     0.000     0.000     0.000     0.000   0   0   0   0   0   0   0     0.000    -0.030     0.000     0.024     0.004    -0.138    -0.000
   7 0 0 0 1 1 1 1   6   8   6   0   0   0   0    19.374    16.751    19.376     0.000     0.000     0.000     0.000   0   0   0   0   0   0   0     0.000    -0.030     0.000    -0.002     0.008    -0.349    -0.000
   7 0 0 0 1 1 1 1  12   0  18   0   0   0   0    45.181    21.160    50.650     0.000     0.000     0.000     0.000   0   0   0   0   0   0   0     0.000    -0.030     0.000    -0.016    -0.006    -0.000     0.009
   7 0 0 0 1 1 1 1   3  10  22   0   0   0   0    24.345    15.488     4.900     0.000     0.000     0.000     0.000   0   0   0   0   0   0   0     0.000    -0.030     0.000     0.001    -0.003     0.001     0.006
   7 0 0 0 1 1 1 1  11  23  11   0   0   0   0    52.651     5.799    53.378     0.000     0.000     0.000     0.000   0   0   0   0   0   0   0     0.000    -0.030     0.000    -0.000     0.004    -0.003    -0.012
   7 0 0 0 1 1 1 1  32   7  11   0   0   0   0     4.316    20.916    50.794     0.000     0.000     0.000     0.000   0   0   0   0   0   0   0     0.000    -0.030     0.000    -0.001    -0.025     0.004     0.000
   7 0 0 0 1 1 1 1  25  13   8   0   0   0   0     5.715    48.837    17.086     0.000     0.000     0.000     0.000   0   0   0   0   0   0   0     0.000    -0.030     0.000    -0.009    -0.001     0.008     0.000
   7 0 0 0 1 1 1 1  24  30  25   0   0   0   0     5.688     5.387     5.627     0.000     0.000     0.000     0.000   0   0   0   0   0   0   0     0.000    -0.030     0.000     0.001    -0.003    -0.000     0.004
   7 0 0 0 1 1 1 1   3   1  22   0   0   0   0    21.584    22.062     5.430     0.000     0.000     0.000     0.000   0   0   0   0   0   0   0     0.000    -0.030     0.000    -0.013    -0.023    -0.001     0.003
   7 0 0 0 1 1 1 1  24  17  23   0   0   0   0     5.701    59.110     6.045     0.000     0.000     0.000     0.000   0   0   0   0   0   0   0     0.000    -0.030     0.000    -0.003     0.001     0.004     0.014
   7 0 0 0 1 1 1 1  11  30   6   0   0   0   0    53.747     4.514    20.373     0.000     0.000     0.000     0.000   0   0   0   0   0   0   0     0.000    -0.030     0.000    -0.009     0.000    -0.012    -0.032
   7 0 0 0 1 1 1 1   4   1   6   0   0   0   0    22.865    21.960    19.505     0.000     0.000     0.000     0.000   0   0   0   0   0   0   0     0.000    -0.030     0.000     0.000    -0.003     0.008     0.001
   7 0 0 0 1 1 1 1  26   2   8   0   0   0   0     5.917    22.265    17.143     0.000     0.000     0.000     0.000   0   0   0   0   0   0   0     0.000    -0.030     0.000     0.001    -0.003     0.016     0.003
   7 0 0 0 1 1 1 1   6   4   6   0   0   0   0    19.374    22.562    19.376     0.000     0.000     0.000     0.000   0   0   0   0   0   0   0     0.000    -0.030     0.000    -0.000     0.008    -0.331    -0.000
   7 0 0 0 1 1 1 1  19  28  32   0   0   0   0    56.914     5.589     4.329     0.000     0.000     0.000     0.000   0   0   0   0   0   0   0     0.000    -0.030     0.000    -0.016    -0.002    -0.001     0.003
   7 0 0 0 1 1 1 1   3   1  26   0   0   0   0    23.844    21.922     5.900     0.000     0.000     0.000     0.000   0   0   0   0   0   0   0     0.000    -0.030     0.000     0.001    -0.002    -0.000     0.003
   7 0 0 0 1 1 1 1   4  20  27   0   0   0   0    22.769    62.365     5.191     0.000     0.000     0.000     0.000   0   0   0   0   0   0   0     0.000    -0.030     0.000    -0.007     0.000     0.004    -0.001
   7 0 0 0 1 1 1 1  32   9  11   0   0   0   0     4.316    17.901    50.794     0.000     0.000     0.000     0.000   0   0   0   0   0   0   0     0.000    -0.030     0.000     0.002    -0.006     0.003     0.000
   7 0 0 0 1 1 1 1   6   6  30   0   0   0   0    19.376    19.374     5.299     0.000     0.000     0.000     0.000   0   0   0   0   0   0   0     0.000    -0.030     0.000     0.002     0.297    -0.003     0.001
   7 0 0 0 1 1 1 1   4  28  22   0   0   0   0    23.631     5.619     4.901     0.000     0.000     0.000     0.000   0   0   0   0   0   0   0     0.000    -0.030     0.000    -0.002     0.001     0.001     0.005
   7 0 0 0 1 1 1 1  10   5  29   0   0   0   0    15.011    21.940     5.754     0.000     0.000     0.000     0.000   0   0   0   0   0   0   0     0.000    -0.030     0.000     0.021     0.005    -0.002     0.001
   7 0 0 0 1 1 1 1  11  28  29   0   0   0   0    53.893     5.594     5.722     0.000     0.000     0.000     0.000   0   0   0   0   0   0   0     0.000    -0.030     0.000    -0.002     0.002    -0.035    -0.014
   7 0 0 0 1 1 1 1   4  20  27   0   0   0   0    23.264    62.265     5.233     0.000     0.000     0.000     0.000   0   0   0   0   0   0   0     0.000    -0.030     0.000     0.003    -0.000     0.002    -0.004
   7 0 0 0 1 1 1 1   6   6   3   0   0   0   0    19.376    19.374    21.826     0.000     0.000     0.000     0.000   0   0   0   0   0   0   0     0.000    -0.030     0.000     0.002     0.118    -0.008    -0.000
   7 0 0 0 1 1 1 1  11   4  11   0   0   0   0    52.630    22.801    53.378     0.000     0.000     0.000     0.000   0   0   0   0   0   0   0     0.000    -0.030     0.000    -0.001     0.002    -0.003    -0.011
   7 0 0 0 1 1 1 1   3   1  12   0   0   0   0    21.566    22.067    45.745     0.000     0.000     0.000     0.000   0   0   0   0   0   0   0     0.000    -0.030     0.000    -0.016    -0.028     0.008    -0.000
   7 0 0 0 1 1 1 1  29  27   8   0   0   0   0     5.739     5.201    17.086     0.000     0.000     0.000     0.000   0   0   0   0   0   0   0     0.000    -0.030     0.000     0.002    -0.004     0.008     0.000
   7 0 0 0 1 1 1 1   6   6  25   0   0   0   0    19.376    19.374     5.882     0.000     0.000     0.000     0.000   0   0   0   0   0   0   0     0.000    -0.030     0.000     0.002     0.112    -0.001     0.001
   7 0 0 0 1 1 1 1  22   6   5   0   0   0   0     5.539    19.374    22.520     0.000     0.000     0.000     0.000   0   0   0   0   0   0   0     0.000    -0.030     0.000     0.004    -0.001     0.006     0.022
   7 0 0 0 1 1 1 1   6   2   6   0   0   0   0    19.374    21.777    19.376     0.000     0.000     0.000     0.000   0   0   0   0   0   0   0     0.000    -0.030     0.000     0.004     0.015    -0.314    -0.000
   7 0 0 0 1 1 1 1  17  13  17   0   0   0   0    55.762    49.263    55.763     0.000     0.000     0.000     0.000   0   0   0   0   0   0   0     0.000    -0.030     0.000    -0.003    -0.039     0.282     0.000
   7 0 0 0 1 1 1 1  30  30  24   0   0   0   0     5.665     5.387     5.700     0.000     0.000     0.000     0.000   0   0   0   0   0   0   0     0.000    -0.030     0.000     0.000    -0.003     0.000     0.003
   7 0 0 0 1 1 1 1  23   0  11   0   0   0   0     5.787    21.239    50.238     0.000     0.000     0.000     0.000   0   0   0   0   0   0   0     0.000    -0.030     0.000    -0.003     0.001     0.012     0.001
   7 0 0 0 1 1 1 1  31   9   9   0   0   0   0     5.465    17.901    18.072     0.000     0.000     0.000     0.000   0   0   0   0   0   0   0     0.000    -0.030     0.000     0.002    -0.008    -0.003     0.002
   7 0 0 0 1 1 1 1  11   7   0   0   0   0   0    53.912    19.935    20.985     0.000     0.000     0.000     0.000   0   0   0   0   0   0   0     0.000    -0.030     0.000    -0.009     0.000    -0.031    -0.012
   7 0 0 0 1 1 1 1  25  22   8   0   0   0   0     5.463     5.438    17.236     0.000     0.000     0.000     0.000   0   0   0   0   0   0   0     0.000    -0.030     0.000    -0.014    -0.002     0.003    -0.000
   7 0 0 0 1 1 1 1   6  27   6   0   0   0   0    19.374     5.372    19.376     0.000     0.000     0.000     0.000   0   0   0   0   0   0   0     0.000    -0.030     0.000     0.003     0.024    -0.131    -0.000
   7 0 0 0 1 1 1 1   3  14   3   0   0   0   0    21.624    49.171    21.708     0.000     0.000     0.000     0.000   0   0   0   0   0   0   0     0.000    -0.030     0.000    -0.010    -0.022     0.017    -0.000
   7 0 0 0 1 1 1 1  18  14  10   0   0   0   0    50.650    48.755    15.190     0.000     0.000     0.000     0.000   0   0   0   0   0   0   0     0.000    -0.030     0.000    -0.000    -0.016     0.268     0.001
   7 0 0 0 1 1 1 1   3  10   1   0   0   0   0    24.358    15.488    22.280     0.000     0.000     0.000     0.000   0   0   0   0   0   0   0     0.000    -0.030     0.000     0.000    -0.002     0.010     0.002
   7 0 0 1 1 1 1 1  21  23   1   0   0   0   0    68.701     5.799    22.280     0.000     0.000     0.000     0.000   0   0   0   0   0   0   0     0.000    -0.030     0.015    -0.001     0.002     0.010     0.002
   7 0 0 0 1 1 1 1  11   4  29   0   0   0   0    53.893    22.801     5.722     0.000     0.000     0.000     0.000   0   0   0   0   0   0   0     0.000    -0.030     0.015    -0.001     0.001    -0.032    -0.013
   7 0 0 0 1 1 1 1   6   6  30   0   0   0   0    19.376    19.374     5.306     0.000     0.000     0.000     0.000   0   0   0   0   0   0   0     0.000    -0.030     0.015     0.002     0.254    -0.003     0.001
   7 0 0 0 1 1 1 1  28  24  25   0   0   0   0     5.688     5.515     5.629     0.000     0.000     0.000     0.000   0   0   0   0   0   0   0     0.000    -0.030     0.015     0.000    -0.003     0.000     0.003
   7 0 0 0 1 1 1 1  27   4  18   0   0   0   0     5.198    22.770    50.650     0.000     0.000     0.000     0.000   0   0   0   0   0   0   0     0.000    -0.030     0.015    -0.002     0.003    -0.001    -0.053
   7 0 0 0 1 1 1 1  28  23  21   0   0   0   0     5.594     5.681    68.204     0.000     0.000     0.000     0.000   0   0   0   0   0   0   0     0.000    -0.030     0.015     0.000    -0.011     0.003    -0.002
   7 0 0 0 1 1 1 1  19  28  29   0   0   0   0    57.237     5.563     5.766     0.000     0.000     0.000     0.000   0   0   0   0   0   0   0     0.000    -0.030     0.015    -0.016    -0.002    -0.001     0.001
   7 0 0 0 1 1 1 1   3   1  30   0   0   0   0    21.584    22.061     5.665     0.000     0.000     0.000     0.000   0   0   0   0   0   0   0     0.000    -0.030     0.015    -0.007    -0.014    -0.000     0.002
   7 0 0 0 1 1 1 1  11   1  22   0   0   0   0    41.201    22.062     5.430     0.000     0.000     0.000     0.000   0   0   0   0   0   0   0     0.000    -0.030     0.015    -0.010    -0.020    -0.001     0.002
   7 0 0 0 1 1 1 1   3   3  11   0   0   0   0    21.624    21.539    42.029     0.000     0.000     0.000     0.000   0   0   0   0   0   0   0     0.000    -0.030     0.015    -0.020    -0.009     0.015    -0.000
   7 0 0 0 1 1 1 1   6   6  32   0   0   0   0    19.376    19.374     4.277     0.000     0.000     0.000     0.000   0   0   0   0   0   0   0     0.000    -0.030     0.015     0.001     0.242    -0.003     0.001
   7 0 0 0 1 1 1 1   4  28  22   0   0   0   0    23.631     5.619     4.887     0.000     0.000     0.000     0.000   0   0   0   0   0   0   0     0.000    -0.030     0.015    -0.001     0.001     0.000     0.004
   7 0 0 0 1 1 1 1  10  27  23   0   0   0   0    16.165     5.198     6.045     0.000     0.000     0.000     0.000   0   0   0   0   0   0   0     0.000    -0.030     0.015     0.001    -0.001     0.005     0.011
   7 0 0 0 1 1 1 1   3  11   9   0   0   0   0    21.709    42.029    17.826     0.000     0.000     0.000     0.000   0   0   0   0   0   0   0     0.000    -0.030     0.015     0.002    -0.299     0.003    -0.001
   7 0 0 0 1 1 1 1  17  20   2   0   0   0   0    55.964    62.408    21.719     0.000     0.000     0.000     0.000   0   0   0   0   0   0   0     0.000    -0.030     0.015    -0.001    -0.012     0.004    -0.000
   7 0 0 0 1 1 1 1   6   6   3   0   0   0   0    19.376    19.374    21.848     0.000     0.000     0.000     0.000   0   0   0   0   0   0   0     0.000    -0.030     0.015     0.002     0.107    -0.007    -0.000
   7 0 0 0 1 1 1 1   6  26   6   0   0   0   0    19.374     5.760    19.376     0.000     0.000     0.000     0.000   0   0   0   0   0   0   0     0.000    -0.030     0.015    -0.004     0.005    -0.121    -0.000
   7 0 0 0 1 1 1 1  17  12   0   0   0   0   0    59.282    51.282    21.243     0.000     0.000     0.000     0.000   0   0   0   0   0   0   0     0.000    -0.030     0.015    -0.001    -0.024    -0.004     0.003
   7 0 0 1 1 1 1 1  25  13   0   0   0   0   0     6.040    48.842    21.243     0.000     0.000     0.000     0.000   0   0   0   0   0   0   0     0.000    -0.030     0.007    -0.002     0.001    -0.004     0.003
   7 0 0 0 1 1 1 1   4   1   6   0   0   0   0    22.865    21.960    19.505     0.000     0.000     0.000     0.000   0   0   0   0   0   0   0     0.000    -0.030     0.007     0.000    -0.003     0.007     0.000
   7 0 0 0 1 1 1 1  23   0  11   0   0   0   0     5.787    21.161    50.117     0.000     0.000     0.000     0.000   0   0   0   0   0   0   0     0.000    -0.030     0.007    -0.005     0.000     0.012     0.001
   7 0 0 0 1 1 1 1  14  25   4   0   0   0   0    40.211     5.731    23.751     0.000     0.000     0.000     0.000   0   0   0   0   0   0   0     0.000    -0.030     0.007     0.011     0.002     0.000    -0.012
   7 0 0 0 1 1 1 1  11   6  17   0   0   0   0    53.797    19.471    58.049     0.000     0.000     0.000     0.000   0   0   0   0   0   0   0     0.000    -0.030     0.007     0.003    -0.000    -0.026    -0.009
   7 0 0 0 1 1 1 1  25   1  17   0   0   0   0     5.884    21.917    58.563     0.000     0.000     0.000     0.000   0   0   0   0   0   0   0     0.000    -0.030     0.007     0.001    -0.002     0.006     0.001
   7 0 0 0 1 1 1 1   9  19  25   0   0   0   0    17.966    60.893     5.813     0.000     0.000     0.000     0.000   0   0   0   0   0   0   0     0.000    -0.030     0.007     0.015     0.000    -0.005     0.000
   7 0 0 0 1 1 1 1   3  11   9   0   0   0   0    21.709    42.029    17.826     0.000     0.000     0.000     0.000   0   0   0   0   0   0   0     0.000    -0.030     0.007     0.002    -0.284     0.003    -0.001
   7 0 0 0 1 1 1 1  26  13  12   0   0   0   0     5.858    48.159    52.437     0.000     0.000     0.000     0.000   0   0   0   0   0   0   0     0.000    -0.030     0.007    -0.013    -0.001     0.002    -0.001
   7 0 0 0 1 1 1 1  26  32  25   0   0   0   0     5.922     4.335     5.787     0.000     0.000     0.000     0.000   0   0   0   0   0   0   0     0.000    -0.030     0.007     0.000    -0.002    -0.002     0.002
   7 0 0 0 1 1 1 1   6  27   6   0   0   0   0    19.374     5.372    19.376     0.000     0.000     0.000     0.000   0   0   0   0   0   0   0     0.000    -0.030     0.007     0.003     0.021    -0.115    -0.000
   7 0 0 0 1 1 1 1   4  20  11   0   0   0   0    22.755    62.315    50.801     0.000     0.000     0.000     0.000   0   0   0   0   0   0   0     0.000    -0.030     0.007    -0.008     0.000     0.003    -0.001
   7 0 0 0 1 1 1 1  29  11   8   0   0   0   0     5.739    49.377    17.086     0.000     0.000     0.000     0.000   0   0   0   0   0   0   0     0.000    -0.030     0.007    -0.000    -0.005     0.007     0.000
   7 0 0 0 1 1 1 1   0  28  10   0   0   0   0    21.236     5.674    15.084     0.000     0.000     0.000     0.000   0   0   0   0   0   0   0     0.000    -0.030     0.007    -0.002     0.001     0.010     0.000
   7 0 0 0 1 1 1 1  26  32   2   0   0   0   0     5.916     4.387    21.953     0.000     0.000     0.000     0.000   0   0   0   0   0   0   0     0.000    -0.030     0.007    -0.000    -0.011     0.011     0.002
   7 0 0 0 1 1 1 1  17  12   0   0   0   0   0    59.282    51.282    21.243     0.000     0.000     0.000     0.000   0   0   0   0   0   0   0     0.000    -0.030     0.007    -0.001    -0.021    -0.003     0.003
   7 0 0 0 1 1 1 1  12  11  18   0   0   0   0    45.181    50.118    50.650     0.000     0.000     0.000     0.000   0   0   0   0   0   0   0     0.000    -0.030     0.007    -0.010    -0.003    -0.000     0.007
   7 0 0 0 1 1 1 1  10  14   3   0   0   0   0    14.973    46.771    23.791     0.000     0.000     0.000     0.000   0   0   0   0   0   0   0     0.000    -0.030     0.007     0.009     0.003    -0.001     0.001
   7 0 0 0 1 1 1 1   3   1  12   0   0   0   0    21.573    22.067    45.745     0.000     0.000     0.000     0.000   0   0   0   0   0   0   0     0.000    -0.030     0.007    -0.010    -0.019     0.005    -0.000
   7 0 0 0 1 1 1 1  28  23  21   0   0   0   0     5.592     5.681    68.204     0.000     0.000     0.000     0.000   0   0   0   0   0   0   0     0.000    -0.030     0.007     0.000    -0.010     0.003    -0.002
   7 0 0 0 1 1 1 1  11  17   0   0   0   0   0    53.912    55.985    20.985     0.000     0.000     0.000     0.000   0   0   0   0   0   0   0     0.000    -0.030     0.007    -0.002     0.000    -0.026    -0.010
   7 0 0 0 1 1 1 1   3  30   0   0   0   0   0    24.534     5.313    21.562     0.000     0.000     0.000     0.000   0   0   0   0   0   0   0     0.000    -0.030     0.007     0.001    -0.001     0.006     0.003
   7 0 0 1 1 1 1 1  22  29   0   0   0   0   0     5.604     5.755    21.562     0.000     0.000     0.000     0.000   0   0   0   0   0   0   0     0.000    -0.030     0.026    -0.002     0.001     0.006     0.003
   7 0 0 0 1 1 1 1  17  12  21   0   0   0   0    59.282    51.282    68.204     0.000     0.000     0.000     0.000   0   0   0   0   0   0   0     0.000    -0.030     0.026    -0.001    -0.018     0.003    -0.001
   7 0 0 0 1 1 1 1  30   6  13   0   0   0   0     5.310    19.470    50.534     0.000     0.000     0.000     0.000   0   0   0   0   0   0   0     0.000    -0.030     0.026     0.002    -0.002    -0.001     0.003
   7 0 0 0 1 1 1 1  25   1  17   0   0   0   0     5.902    21.918    58.418     0.000     0.000     0.000     0.000   0   0   0   0   0   0   0     0.000    -0.030     0.026     0.001    -0.002     0.008     0.001
   7 0 0 0 1 1 1 1  11   1  24   0   0   0   0    52.630    21.741     5.280     0.000     0.000     0.000     0.000   0   0   0   0   0   0   0     0.000    -0.030     0.026     0.005    -0.000    -0.017    -0.003
   7 0 0 0 1 1 1 1   3  11   9   0   0   0   0    21.709    42.029    17.826     0.000     0.000     0.000     0.000   0   0   0   0   0   0   0     0.000    -0.030     0.026     0.002    -0.270     0.002    -0.000
