  404
   1 1   0     0.000   0     4.900
   1 1   0     0.000   0     5.509
   1 1   0     0.000   0     5.814
   1 1   0     0.000   0     6.074
   7 0 0 0 1 1 1 1  25   1  18   0   0   0   0     5.475    21.900    48.834     0.000     0.000     0.000     0.000   0   0   0   0   0   0   0     0.000     0.000     0.000    -0.118    -0.256    -0.036     0.146
   7 0 0 0 1 1 1 1  25  11  25   0   0   0   0     5.636    46.323     5.924     0.000     0.000     0.000     0.000   0   0   0   0   0   0   0     0.000     0.000     0.000    -0.281    -0.102     0.074     0.127
   7 0 0 0 1 1 1 1  25   3  29   0   0   0   0     5.532    22.381     5.787     0.000     0.000     0.000     0.000   0   0   0   0   0   0   0     0.000     0.000     0.000    -0.248    -0.098     0.010     0.104
   7 0 0 0 1 1 1 1  31  22  28   0   0   0   0     5.312     5.439     5.590     0.000     0.000     0.000     0.000   0   0   0   0   0   0   0     0.000     0.000     0.000    -0.238    -0.479    -0.014     0.167
   7 0 0 0 1 1 1 1  12   1  18   0   0   0   0    48.415    22.150    48.834     0.000     0.000     0.000     0.000   0   0   0   0   0   0   0     0.000     0.000     0.000    -0.224    -0.067    -0.031     0.126
   7 0 0 0 1 1 1 1  25  12  25   0   0   0   0     5.636    47.773     5.944     0.000     0.000     0.000     0.000   0   0   0   0   0   0   0     0.000     0.000     0.000    -0.259    -0.095     0.069     0.119
   7 0 0 0 1 1 1 1  25   3  29   0   0   0   0     5.532    22.381     5.787     0.000     0.000     0.000     0.000   0   0   0   0   0   0   0     0.000     0.000     0.000    -0.224    -0.089     0.009     0.094
   7 0 0 0 1 1 1 1  31  22  28   0   0   0   0     5.312     5.439     5.590     0.000     0.000     0.000     0.000   0   0   0   0   0   0   0     0.000     0.000     0.000    -0.217    -0.434    -0.012     0.150
   7 0 0 0 1 1 1 1  25  12  18   0   0   0   0     5.475    47.221    48.834     0.000     0.000     0.000     0.000   0   0   0   0   0   0   0     0.000     0.000     0.000    -0.227    -0.131    -0.029     0.120
   7 0 0 0 1 1 1 1  25  11  25   0   0   0   0     5.682    46.323     5.955     0.000     0.000     0.000     0.000   0   0   0   0   0   0   0     0.000     0.000     0.000    -0.231    -0.081     0.064     0.108
   7 0 0 0 1 1 1 1  25   3  29   0   0   0   0     5.532    22.258     5.787     0.000     0.000     0.000     0.000   0   0   0   0   0   0   0     0.000     0.000     0.000    -0.218    -0.104     0.008     0.085
   7 0 0 0 1 1 1 1  29  22  28   0   0   0   0     5.591     5.439     5.590     0.000     0.000     0.000     0.000   0   0   0   0   0   0   0     0.000     0.000     0.000    -0.197    -0.393    -0.011     0.135
   7 0 0 0 1 1 1 1  29  22  19   0   0   0   0     5.588     5.486    61.850     0.000     0.000     0.000     0.000   0   0   0   0   0   0   0     0.000     0.000     0.000    -0.126    -0.213    -0.036     0.107
   7 0 0 0 1 1 1 1  25  12  25   0   0   0   0     5.636    48.415     5.909     0.000     0.000     0.000     0.000   0   0   0   0   0   0   0     0.000     0.000     0.000    -0.200    -0.066     0.052     0.090
   7 0 0 0 1 1 1 1  25  23  23   0   0   0   0     5.682     5.568     5.660     0.000     0.000     0.000     0.000   0   0   0   0   0   0   0     0.000     0.000     0.000    -0.189    -0.062     0.030     0.078
   7 0 0 0 1 1 1 1  29  19  28   0   0   0   0     5.591    61.896     5.534     0.000     0.000     0.000     0.000   0   0   0   0   0   0   0     0.000     0.000     0.000    -0.609    -0.258    -0.022     0.116
   7 0 0 0 1 1 1 1  12  18  12   0   0   0   0    48.415    48.857    48.428     0.000     0.000     0.000     0.000   0   0   0   0   0   0   0     0.000     0.000     0.000    -0.070    -0.175     0.522     0.029
   7 0 0 0 1 1 1 1  25  12  25   0   0   0   0     5.682    47.773     5.964     0.000     0.000     0.000     0.000   0   0   0   0   0   0   0     0.000     0.000     0.000    -0.194    -0.068     0.052     0.090
   7 0 0 0 1 1 1 1  25   3  25   0   0   0   0     5.532    22.381     5.682     0.000     0.000     0.000     0.000   0   0   0   0   0   0   0     0.000     0.000     0.000    -0.169    -0.065    -0.033     0.056
   7 0 0 0 1 1 1 1  29   6  28   0   0   0   0     5.591    20.270     5.590     0.000     0.000     0.000     0.000   0   0   0   0   0   0   0     0.000     0.000     0.000    -0.233    -0.578    -0.010     0.111
   7 0 0 0 1 1 1 1  17  18  24   0   0   0   0    59.103    48.842     5.470     0.000     0.000     0.000     0.000   0   0   0   0   0   0   0     0.000     0.000     0.000    -0.031    -0.145     0.021     0.088
   7 0 0 0 1 1 1 1  25  12  23   0   0   0   0     5.682    48.415     5.628     0.000     0.000     0.000     0.000   0   0   0   0   0   0   0     0.000     0.000     0.000    -0.165    -0.052     0.077     0.045
   7 0 0 0 1 1 1 1  25   0  29   0   0   0   0     5.532    21.014     5.787     0.000     0.000     0.000     0.000   0   0   0   0   0   0   0     0.000     0.000     0.000    -0.039    -0.147     0.005     0.063
   7 0 0 0 1 1 1 1  29   6  28   0   0   0   0     5.591    20.270     5.534     0.000     0.000     0.000     0.000   0   0   0   0   0   0   0     0.000     0.000     0.000    -0.211    -0.550    -0.019     0.095
   7 0 0 0 1 1 1 1  17  13  15   0   0   0   0    58.079    49.078    53.665     0.000     0.000     0.000     0.000   0   0   0   0   0   0   0     0.000     0.000     0.000     0.019    -0.110     0.004     0.074
   7 0 0 0 1 1 1 1  25  25   9   0   0   0   0     5.614     5.239    17.895     0.000     0.000     0.000     0.000   0   0   0   0   0   0   0     0.000     0.000     0.000    -0.173    -0.073    -0.021     0.051
   7 0 0 0 1 1 1 1  25  23  23   0   0   0   0     5.682     5.568     5.660     0.000     0.000     0.000     0.000   0   0   0   0   0   0   0     0.000     0.000     0.000    -0.143    -0.045     0.020     0.059
   7 0 0 0 1 1 1 1  29   6  28   0   0   0   0     5.591    20.270     5.601     0.000     0.000     0.000     0.000   0   0   0   0   0   0   0     0.000     0.000     0.000    -0.191    -0.522    -0.002     0.095
   7 0 0 0 1 1 1 1  12  22  12   0   0   0   0    48.415     5.486    48.428     0.000     0.000     0.000     0.000   0   0   0   0   0   0   0     0.000     0.000     0.000    -0.076    -0.156     0.496     0.021
   7 0 0 0 1 1 1 1  25  13   0   0   0   0   0     5.592    49.078    20.978     0.000     0.000     0.000     0.000   0   0   0   0   0   0   0     0.000     0.000     0.000     0.002    -0.129    -0.030     0.045
   7 0 0 0 1 1 1 1  29   3  26   0   0   0   0     5.614    22.381     5.788     0.000     0.000     0.000     0.000   0   0   0   0   0   0   0     0.000     0.000     0.000    -0.127    -0.047    -0.030     0.041
   7 0 0 0 1 1 1 1  29   6  29   0   0   0   0     5.591    20.270     5.752     0.000     0.000     0.000     0.000   0   0   0   0   0   0   0     0.000     0.000     0.000    -0.172    -0.496    -0.014     0.079
   7 0 0 0 1 1 1 1  17  15  27   0   0   0   0    59.103    50.863     5.066     0.000     0.000     0.000     0.000   0   0   0   0   0   0   0     0.000     0.000     0.000     0.009    -0.092     0.093     0.030
   7 0 0 0 1 1 1 1  25  12   0   0   0   0   0     5.608    47.221    21.255     0.000     0.000     0.000     0.000   0   0   0   0   0   0   0     0.000     0.000     0.000    -0.146    -0.059     0.013     0.052
   7 0 0 0 1 1 1 1  29   4  26   0   0   0   0     5.614    22.254     5.788     0.000     0.000     0.000     0.000   0   0   0   0   0   0   0     0.000     0.000     0.000    -0.134    -0.064    -0.028     0.037
   7 0 0 0 1 1 1 1  29  22  24   0   0   0   0     5.614     5.439     5.424     0.000     0.000     0.000     0.000   0   0   0   0   0   0   0     0.000     0.000     0.000    -0.078    -0.226    -0.010     0.074
   7 0 0 0 1 1 1 1  12  22  12   0   0   0   0    48.415     5.486    48.428     0.000     0.000     0.000     0.000   0   0   0   0   0   0   0     0.000     0.000     0.000    -0.063    -0.135     0.471     0.017
   7 0 0 0 1 1 1 1  25  12  25   0   0   0   0     5.682    47.773     5.944     0.000     0.000     0.000     0.000   0   0   0   0   0   0   0     0.000     0.000     0.000    -0.123    -0.039     0.029     0.059
   7 0 0 0 1 1 1 1  29  22  26   0   0   0   0     5.591     5.439     5.788     0.000     0.000     0.000     0.000   0   0   0   0   0   0   0     0.000     0.000     0.000    -0.052    -0.122    -0.027     0.033
   7 0 0 0 1 1 1 1  29   6  28   0   0   0   0     5.591    20.270     5.601     0.000     0.000     0.000     0.000   0   0   0   0   0   0   0     0.000     0.000     0.000    -0.140    -0.460    -0.003     0.071
   7 0 0 0 1 1 1 1  27   5  24   0   0   0   0     5.197    21.953     5.235     0.000     0.000     0.000     0.000   0   0   0   0   0   0   0     0.000     0.000     0.000     0.089     0.034    -0.108    -0.021
   7 0 0 0 1 1 1 1  25  13   0   0   0   0   0     5.592    49.078    20.978     0.000     0.000     0.000     0.000   0   0   0   0   0   0   0     0.000     0.000     0.000     0.013    -0.099    -0.023     0.034
   7 0 0 0 1 1 1 1  29   4  26   0   0   0   0     5.591    22.330     5.885     0.000     0.000     0.000     0.000   0   0   0   0   0   0   0     0.000     0.000     0.000    -0.106    -0.036    -0.015     0.032
   7 0 0 0 1 1 1 1  29   6  28   0   0   0   0     5.591    20.270     5.640     0.000     0.000     0.000     0.000   0   0   0   0   0   0   0     0.000     0.000     0.000    -0.127    -0.437     0.014     0.088
   7 0 0 0 1 1 1 1  27   5  15   0   0   0   0     5.191    21.953    50.863     0.000     0.000     0.000     0.000   0   0   0   0   0   0   0     0.000     0.000     0.000     0.080     0.032     0.006    -0.071
   7 0 0 0 1 1 1 1  25  13   4   0   0   0   0     5.592    49.078    22.773     0.000     0.000     0.000     0.000   0   0   0   0   0   0   0     0.000     0.000     0.000     0.012    -0.089    -0.002     0.035
   7 0 0 0 1 1 1 1  29  22   5   0   0   0   0     5.591     5.439    21.982     0.000     0.000     0.000     0.000   0   0   0   0   0   0   0     0.000     0.000     0.000    -0.040    -0.102     0.039     0.001
   7 0 0 0 1 1 1 1  29   3  24   0   0   0   0     5.698    22.381     5.474     0.000     0.000     0.000     0.000   0   0   0   0   0   0   0     0.000     0.000     0.000    -0.164    -0.039     0.005     0.061
   7 0 0 0 1 1 1 1  12  22  12   0   0   0   0    48.415     5.486    48.428     0.000     0.000     0.000     0.000   0   0   0   0   0   0   0     0.000     0.000     0.000    -0.047    -0.108     0.448     0.012
   7 0 0 0 1 1 1 1  25  22  27   0   0   0   0     5.475     5.486     5.433     0.000     0.000     0.000     0.000   0   0   0   0   0   0   0     0.000     0.000     0.000    -0.049    -0.112     0.032    -0.027
   7 0 0 0 1 1 1 1  25  23  23   0   0   0   0     5.682     5.568     5.692     0.000     0.000     0.000     0.000   0   0   0   0   0   0   0     0.000     0.000     0.000    -0.083    -0.025     0.006     0.037
   7 0 0 0 1 1 1 1  29   4  28   0   0   0   0     5.698    22.348     5.648     0.000     0.000     0.000     0.000   0   0   0   0   0   0   0     0.000     0.000     0.000    -0.142    -0.019     0.019     0.076
   7 0 0 0 1 1 1 1  15  15  32   0   0   0   0    53.665    50.863     4.335     0.000     0.000     0.000     0.000   0   0   0   0   0   0   0     0.000     0.000     0.000     0.005    -0.063     0.034     0.072
   7 0 0 0 1 1 1 1   9  14  28   0   0   0   0    17.833    48.096     5.463     0.000     0.000     0.000     0.000   0   0   0   0   0   0   0     0.000     0.000     0.000    -0.035    -0.104     0.050     0.013
   7 0 0 0 1 1 1 1  29  22   5   0   0   0   0     5.614     5.439    21.982     0.000     0.000     0.000     0.000   0   0   0   0   0   0   0     0.000     0.000     0.000    -0.030    -0.079     0.032     0.003
   7 0 0 0 1 1 1 1  29  22  23   0   0   0   0     5.698     5.439     5.589     0.000     0.000     0.000     0.000   0   0   0   0   0   0   0     0.000     0.000     0.000    -0.039    -0.144    -0.007     0.047
   7 0 0 0 1 1 1 1  15  15   5   0   0   0   0    53.665    50.863    21.953     0.000     0.000     0.000     0.000   0   0   0   0   0   0   0     0.000     0.000     0.000     0.004    -0.057     0.065     0.031
   7 0 0 0 1 1 1 1  25  13   4   0   0   0   0     5.592    49.078    22.815     0.000     0.000     0.000     0.000   0   0   0   0   0   0   0     0.000     0.000     0.000     0.012    -0.069     0.000     0.028
   7 0 0 0 1 1 1 1  25  23  28   0   0   0   0     5.682     5.568     5.608     0.000     0.000     0.000     0.000   0   0   0   0   0   0   0     0.000     0.000     0.000    -0.069    -0.020     0.007     0.032
   7 0 0 0 1 1 1 1  24  16  29   0   0   0   0     5.235    57.434     5.713     0.000     0.000     0.000     0.000   0   0   0   0   0   0   0     0.000     0.000     0.000    -0.133     0.002    -0.029     0.038
   7 0 0 0 1 1 1 1  12  22  12   0   0   0   0    48.415     5.486    48.428     0.000     0.000     0.000     0.000   0   0   0   0   0   0   0     0.000     0.000     0.000    -0.036    -0.089     0.425     0.009
   7 0 0 0 1 1 1 1  26  22   7   0   0   0   0     5.837     5.486    20.118     0.000     0.000     0.000     0.000   0   0   0   0   0   0   0     0.000     0.000     0.000    -0.025    -0.086     0.003     0.026
   7 0 0 0 1 1 1 1  26  23  23   0   0   0   0     5.832     5.749     5.660     0.000     0.000     0.000     0.000   0   0   0   0   0   0   0     0.000     0.000     0.000    -0.063    -0.012     0.002     0.027
   7 0 0 0 1 1 1 1  29   6  28   0   0   0   0     5.591    20.270     5.640     0.000     0.000     0.000     0.000   0   0   0   0   0   0   0     0.000     0.000     0.000    -0.071    -0.391     0.007     0.059
   7 0 0 0 1 1 1 1  15  15  32   0   0   0   0    53.665    50.863     4.335     0.000     0.000     0.000     0.000   0   0   0   0   0   0   0     0.000     0.000     0.000     0.003    -0.049     0.027     0.058
   7 0 0 0 1 1 1 1  25  17  27   0   0   0   0     5.475    56.343     5.433     0.000     0.000     0.000     0.000   0   0   0   0   0   0   0     0.000     0.000     0.000    -0.080    -0.034     0.023    -0.021
   7 0 0 0 1 1 1 1   0  22  23   0   0   0   0    21.150     5.439     5.660     0.000     0.000     0.000     0.000   0   0   0   0   0   0   0     0.000     0.000     0.000    -0.016    -0.062     0.001     0.025
   7 0 0 0 1 1 1 1  11   0  17   0   0   0   0    45.383    21.140    56.385     0.000     0.000     0.000     0.000   0   0   0   0   0   0   0     0.000     0.000     0.000    -0.096    -0.193     0.096     0.007
   7 0 0 0 1 1 1 1  12  22  12   0   0   0   0    48.415     5.486    48.428     0.000     0.000     0.000     0.000   0   0   0   0   0   0   0     0.000     0.000     0.000    -0.030    -0.077     0.404     0.007
   7 0 0 0 1 1 1 1  25  17  25   0   0   0   0     5.475    56.343     5.479     0.000     0.000     0.000     0.000   0   0   0   0   0   0   0     0.000     0.000     0.000    -0.073    -0.031     0.131     0.009
   7 0 0 0 1 1 1 1  25   1  31   0   0   0   0     5.479    21.802     5.451     0.000     0.000     0.000     0.000   0   0   0   0   0   0   0     0.000     0.000     0.000    -0.152    -0.036    -0.009     0.018
   7 0 0 0 1 1 1 1  29   4  30   0   0   0   0     5.698    22.330     5.621     0.000     0.000     0.000     0.000   0   0   0   0   0   0   0     0.000     0.000     0.000    -0.099    -0.009     0.016     0.074
   7 0 0 0 1 1 1 1  15  15   5   0   0   0   0    53.665    50.863    21.953     0.000     0.000     0.000     0.000   0   0   0   0   0   0   0     0.000     0.000     0.000     0.002    -0.042     0.052     0.024
   7 0 0 0 1 1 1 1  26  22  25   0   0   0   0     5.837     5.486     5.983     0.000     0.000     0.000     0.000   0   0   0   0   0   0   0     0.000     0.000     0.000    -0.020    -0.065     0.010     0.033
   7 0 0 0 1 1 1 1  25   1  29   0   0   0   0     5.479    21.802     5.793     0.000     0.000     0.000     0.000   0   0   0   0   0   0   0     0.000     0.000     0.000    -0.144    -0.033    -0.002     0.020
   7 0 0 0 1 1 1 1  24   2  29   0   0   0   0     5.235    21.538     5.752     0.000     0.000     0.000     0.000   0   0   0   0   0   0   0     0.000     0.000     0.000    -0.173    -0.074    -0.015     0.032
   7 0 0 0 1 1 1 1  27  31  22   0   0   0   0     5.173     5.496     5.486     0.000     0.000     0.000     0.000   0   0   0   0   0   0   0     0.000     0.000     0.000     0.019     0.045    -0.010    -0.067
   7 0 0 0 1 1 1 1   9  12  28   0   0   0   0    17.833    48.753     5.463     0.000     0.000     0.000     0.000   0   0   0   0   0   0   0     0.000     0.000     0.000    -0.049    -0.009     0.035     0.006
   7 0 0 0 1 1 1 1  26   8  28   0   0   0   0     5.832    17.798     5.608     0.000     0.000     0.000     0.000   0   0   0   0   0   0   0     0.000     0.000     0.000    -0.044    -0.004     0.003     0.020
   7 0 0 0 1 1 1 1  24   2  12   0   0   0   0     5.235    21.538    48.415     0.000     0.000     0.000     0.000   0   0   0   0   0   0   0     0.000     0.000     0.000    -0.162    -0.067     0.085     0.006
   7 0 0 0 1 1 1 1  21  25  10   0   0   0   0    66.451     5.592    15.582     0.000     0.000     0.000     0.000   0   0   0   0   0   0   0     0.000     0.000     0.000    -0.101    -0.013     0.008     0.384
   7 0 0 0 1 1 1 1   4   0  25   0   0   0   0    22.278    20.953     5.468     0.000     0.000     0.000     0.000   0   0   0   0   0   0   0     0.000     0.000     0.000    -0.010    -0.050    -0.024     0.014
   7 0 0 0 1 1 1 1  24  21   1   0   0   0   0     5.235    67.927    21.802     0.000     0.000     0.000     0.000   0   0   0   0   0   0   0     0.000     0.000     0.000    -0.050     0.000    -0.022     0.012
   7 0 0 0 1 1 1 1  29  22  30   0   0   0   0     5.713     5.439     5.640     0.000     0.000     0.000     0.000   0   0   0   0   0   0   0     0.000     0.000     0.000    -0.015    -0.090     0.017     0.065
   7 0 0 0 1 1 1 1  24  23  21   0   0   0   0     5.281     5.463    66.451     0.000     0.000     0.000     0.000   0   0   0   0   0   0   0     0.000     0.000     0.000    -0.092    -0.033    -0.026     0.035
   7 0 0 0 1 1 1 1   4  22  25   0   0   0   0    22.278     5.433     5.468     0.000     0.000     0.000     0.000   0   0   0   0   0   0   0     0.000     0.000     0.000    -0.010    -0.047    -0.022     0.013
   7 0 0 0 1 1 1 1  25   1   6   0   0   0   0     5.479    21.802    19.526     0.000     0.000     0.000     0.000   0   0   0   0   0   0   0     0.000     0.000     0.000    -0.133    -0.024     0.020     0.002
   7 0 0 0 1 1 1 1  29   4  30   0   0   0   0     5.713    22.301     5.621     0.000     0.000     0.000     0.000   0   0   0   0   0   0   0     0.000     0.000     0.000    -0.075    -0.009     0.015     0.055
   7 0 0 0 1 1 1 1  24  26  21   0   0   0   0     5.281     5.792    66.451     0.000     0.000     0.000     0.000   0   0   0   0   0   0   0     0.000     0.000     0.000    -0.070    -0.024    -0.023     0.032
   7 0 0 0 1 1 1 1  22  15  22   0   0   0   0     5.486    50.863     5.509     0.000     0.000     0.000     0.000   0   0   0   0   0   0   0     0.000     0.000     0.000     0.023    -0.003    -0.031    -0.059
   7 0 0 0 1 1 1 1  24   2   1   0   0   0   0     5.235    21.538    21.802     0.000     0.000     0.000     0.000   0   0   0   0   0   0   0     0.000     0.000     0.000    -0.083    -0.026    -0.020     0.011
   7 0 0 0 1 1 1 1  29   6  24   0   0   0   0     5.591    20.270     5.370     0.000     0.000     0.000     0.000   0   0   0   0   0   0   0     0.000     0.000     0.000    -0.030    -0.358    -0.019     0.021
   7 0 0 0 1 1 1 1  12  22  12   0   0   0   0    48.415     5.509    48.428     0.000     0.000     0.000     0.000   0   0   0   0   0   0   0     0.000     0.000     0.000    -0.025    -0.063     0.362     0.003
   7 0 0 0 1 1 1 1   4  11  25   0   0   0   0    22.278    50.454     5.468     0.000     0.000     0.000     0.000   0   0   0   0   0   0   0     0.000     0.000     0.000    -0.038    -0.006    -0.019     0.011
   7 0 0 0 1 1 1 1  24  26   1   0   0   0   0     5.339     5.766    21.802     0.000     0.000     0.000     0.000   0   0   0   0   0   0   0     0.000     0.000     0.000    -0.065    -0.019    -0.018     0.011
   7 0 0 0 1 1 1 1  11   1  12   0   0   0   0    45.383    21.943    48.415     0.000     0.000     0.000     0.000   0   0   0   0   0   0   0     0.000     0.000     0.000    -0.032    -0.098     0.071     0.002
   7 0 0 0 1 1 1 1  27  27  30   0   0   0   0     5.433     5.430     5.534     0.000     0.000     0.000     0.000   0   0   0   0   0   0   0     0.000     0.000     0.000     0.003     0.344    -0.087    -0.007
   7 0 0 0 1 1 1 1   4  22   4   0   0   0   0    22.278     5.436    22.280     0.000     0.000     0.000     0.000   0   0   0   0   0   0   0     0.000     0.000     0.000    -0.009    -0.037     0.058     0.005
   7 0 0 0 1 1 1 1  29   6   6   0   0   0   0     5.591    20.270    19.526     0.000     0.000     0.000     0.000   0   0   0   0   0   0   0     0.000     0.000     0.000    -0.017    -0.125     0.016     0.001
   7 0 0 0 1 1 1 1  29  22  28   0   0   0   0     5.713     5.439     5.648     0.000     0.000     0.000     0.000   0   0   0   0   0   0   0     0.000     0.000     0.000    -0.009    -0.070     0.008     0.034
   7 0 0 0 1 1 1 1  25   0  25   0   0   0   0     5.475    21.142     5.479     0.000     0.000     0.000     0.000   0   0   0   0   0   0   0     0.000     0.000     0.000    -0.024    -0.071     0.326     0.003
   7 0 0 0 1 1 1 1  25   0  23   0   0   0   0     5.465    21.142     5.749     0.000     0.000     0.000     0.000   0   0   0   0   0   0   0     0.000     0.000     0.000    -0.020    -0.053     0.014    -0.010
   7 0 0 0 1 1 1 1  24   2   1   0   0   0   0     5.345    21.538    21.802     0.000     0.000     0.000     0.000   0   0   0   0   0   0   0     0.000     0.000     0.000    -0.072    -0.018    -0.015     0.010
   7 0 0 0 1 1 1 1  24   1  12   0   0   0   0     5.235    21.943    48.415     0.000     0.000     0.000     0.000   0   0   0   0   0   0   0     0.000     0.000     0.000    -0.021    -0.083     0.068     0.002
   7 0 0 0 1 1 1 1  27  27  28   0   0   0   0     5.433     5.430     5.672     0.000     0.000     0.000     0.000   0   0   0   0   0   0   0     0.000     0.000     0.000     0.003     0.310    -0.059     0.012
   7 0 0 0 1 1 1 1  22  13  26   0   0   0   0     5.486    49.078     5.790     0.000     0.000     0.000     0.000   0   0   0   0   0   0   0     0.000     0.000     0.000     0.020    -0.002    -0.055    -0.025
   7 0 0 0 1 1 1 1  25   0  17   0   0   0   0     5.229    21.120    56.385     0.000     0.000     0.000     0.000   0   0   0   0   0   0   0     0.000     0.000     0.000    -0.023    -0.067     0.029     0.000
   7 0 0 0 1 1 1 1  29   1  28   0   0   0   0     5.713    21.802     5.726     0.000     0.000     0.000     0.000   0   0   0   0   0   0   0     0.000     0.000     0.000    -0.092    -0.016     0.012     0.058
   7 0 0 0 1 1 1 1  24  23  14   0   0   0   0     5.281     5.463    46.626     0.000     0.000     0.000     0.000   0   0   0   0   0   0   0     0.000     0.000     0.000    -0.067    -0.022    -0.004     0.047
   7 0 0 0 1 1 1 1  24   0  23   0   0   0   0     5.235    21.140     5.749     0.000     0.000     0.000     0.000   0   0   0   0   0   0   0     0.000     0.000     0.000    -0.019    -0.049     0.011    -0.009
   7 0 0 0 1 1 1 1  25  20   6   0   0   0   0     5.479    62.536    19.526     0.000     0.000     0.000     0.000   0   0   0   0   0   0   0     0.000     0.000     0.000    -0.013    -0.118     0.014     0.000
   7 0 0 0 1 1 1 1  25   1  24   0   0   0   0     5.479    21.802     5.370     0.000     0.000     0.000     0.000   0   0   0   0   0   0   0     0.000     0.000     0.000    -0.332    -0.015    -0.016     0.015
   7 0 0 0 1 1 1 1   4   0   4   0   0   0   0    22.278    20.813    22.280     0.000     0.000     0.000     0.000   0   0   0   0   0   0   0     0.000     0.000     0.000     0.015    -0.042     0.166     0.004
   7 0 0 0 1 1 1 1  25   0  25   0   0   0   0     5.475    21.142     5.479     0.000     0.000     0.000     0.000   0   0   0   0   0   0   0     0.000     0.000     0.000    -0.015    -0.044     0.116     0.002
   7 0 0 0 1 1 1 1   3   2  26   0   0   0   0    21.958    21.591     5.890     0.000     0.000     0.000     0.000   0   0   0   0   0   0   0     0.000     0.000     0.000    -0.062    -0.023    -0.007     0.007
   7 0 0 0 1 1 1 1  11   0  14   0   0   0   0    45.383    21.140    46.634     0.000     0.000     0.000     0.000   0   0   0   0   0   0   0     0.000     0.000     0.000    -0.032    -0.119    -0.005     0.038
   7 0 0 0 1 1 1 1  27  27  30   0   0   0   0     5.433     5.430     5.534     0.000     0.000     0.000     0.000   0   0   0   0   0   0   0     0.000     0.000     0.000     0.003     0.284    -0.072    -0.006
   7 0 0 0 1 1 1 1  25  22  31   0   0   0   0     5.819     5.509     5.489     0.000     0.000     0.000     0.000   0   0   0   0   0   0   0     0.000     0.000     0.000    -0.008    -0.039     0.012    -0.000
   7 0 0 0 1 1 1 1   3   2   1   0   0   0   0    21.958    21.591    21.802     0.000     0.000     0.000     0.000   0   0   0   0   0   0   0     0.000     0.000     0.000    -0.058    -0.022    -0.014     0.004
   7 0 0 0 1 1 1 1  25   1  24   0   0   0   0     5.479    21.802     5.474     0.000     0.000     0.000     0.000   0   0   0   0   0   0   0     0.000     0.000     0.000    -0.315    -0.012    -0.007     0.016
   7 0 0 0 1 1 1 1  27  32  13   0   0   0   0     5.153     4.335    49.078     0.000     0.000     0.000     0.000   0   0   0   0   0   0   0     0.000     0.000     0.000     0.013     0.029     0.007    -0.019
   7 0 0 0 1 1 1 1   4   0   4   0   0   0   0    22.278    20.813    22.280     0.000     0.000     0.000     0.000   0   0   0   0   0   0   0     0.000     0.000     0.000     0.001    -0.023     0.050     0.003
   7 0 0 0 1 1 1 1  24  26  12   0   0   0   0     5.345     5.766    48.415     0.000     0.000     0.000     0.000   0   0   0   0   0   0   0     0.000     0.000     0.000    -0.047    -0.012     0.028     0.001
   7 0 1 0 1 1 1 1   2  26  29   0   0   0   0    21.521     5.766     5.773     0.000     0.000     0.000     0.000   0   0   0   0   0   0   0     0.000    -0.110     0.000    -0.047    -0.012    -0.012     0.014
   7 0 0 0 1 1 1 1  21  25  10   0   0   0   0    66.451     5.592    15.582     0.000     0.000     0.000     0.000   0   0   0   0   0   0   0     0.000    -0.110     0.000    -0.065    -0.006     0.005     0.269
   7 0 0 0 1 1 1 1  25  22  26   0   0   0   0     5.823     5.509     5.900     0.000     0.000     0.000     0.000   0   0   0   0   0   0   0     0.000    -0.110     0.000    -0.006    -0.035     0.002     0.013
   7 0 0 0 1 1 1 1  25   0  17   0   0   0   0     5.229    21.120    56.385     0.000     0.000     0.000     0.000   0   0   0   0   0   0   0     0.000    -0.110     0.000    -0.017    -0.051     0.025    -0.000
   7 0 0 0 1 1 1 1  24   2  25   0   0   0   0     5.235    21.538     5.475     0.000     0.000     0.000     0.000   0   0   0   0   0   0   0     0.000    -0.110     0.000    -0.103    -0.026     0.071     0.001
   7 0 0 0 1 1 1 1  12  22  12   0   0   0   0    48.415     5.509    48.428     0.000     0.000     0.000     0.000   0   0   0   0   0   0   0     0.000    -0.110     0.000    -0.017    -0.044     0.256     0.003
   7 0 0 0 1 1 1 1  24   0  27   0   0   0   0     5.235    21.140     5.433     0.000     0.000     0.000     0.000   0   0   0   0   0   0   0     0.000    -0.110     0.000    -0.013    -0.037     0.007    -0.012
   7 0 0 0 1 1 1 1  25   1   6   0   0   0   0     5.479    21.802    19.526     0.000     0.000     0.000     0.000   0   0   0   0   0   0   0     0.000    -0.110     0.000    -0.111    -0.008     0.012    -0.000
   7 0 0 0 1 1 1 1  25   1  24   0   0   0   0     5.479    21.802     5.345     0.000     0.000     0.000     0.000   0   0   0   0   0   0   0     0.000    -0.110     0.000    -0.299    -0.008    -0.035     0.009
   7 0 0 0 1 1 1 1  21  25  10   0   0   0   0    66.451     5.592    15.582     0.000     0.000     0.000     0.000   0   0   0   0   0   0   0     0.000    -0.110     0.000    -0.059    -0.006     0.004     0.243
   7 0 0 0 1 1 1 1  22  13  26   0   0   0   0     5.504    49.078     5.790     0.000     0.000     0.000     0.000   0   0   0   0   0   0   0     0.000    -0.110     0.000     0.015    -0.002    -0.037    -0.014
   7 0 0 0 1 1 1 1   3   2   6   0   0   0   0    21.958    21.591    19.526     0.000     0.000     0.000     0.000   0   0   0   0   0   0   0     0.000    -0.110     0.000    -0.047    -0.018     0.010    -0.003
   7 0 0 0 1 1 1 1   3   0   1   0   0   0   0    21.958    21.120    21.802     0.000     0.000     0.000     0.000   0   0   0   0   0   0   0     0.000    -0.110     0.000    -0.027    -0.096    -0.027     0.007
   7 0 0 0 1 1 1 1  25   0  25   0   0   0   0     5.475    21.142     5.479     0.000     0.000     0.000     0.000   0   0   0   0   0   0   0     0.000    -0.110     0.000    -0.016    -0.051     0.231     0.003
   7 0 0 0 1 1 1 1  24   0  27   0   0   0   0     5.235    21.140     5.433     0.000     0.000     0.000     0.000   0   0   0   0   0   0   0     0.000    -0.110     0.000    -0.011    -0.033     0.006    -0.011
   7 0 0 0 1 1 1 1  24   5  12   0   0   0   0     5.345    22.036    48.415     0.000     0.000     0.000     0.000   0   0   0   0   0   0   0     0.000    -0.110     0.000     0.004    -0.022     0.024     0.001
   7 0 0 0 1 1 1 1  11   0  12   0   0   0   0    45.383    21.140    48.415     0.000     0.000     0.000     0.000   0   0   0   0   0   0   0     0.000    -0.110     0.000    -0.024    -0.089     0.055    -0.002
   7 0 0 0 1 1 1 1  27  32  13   0   0   0   0     5.153     4.335    49.078     0.000     0.000     0.000     0.000   0   0   0   0   0   0   0     0.000    -0.110     0.000     0.010     0.025     0.005    -0.015
   7 0 0 0 1 1 1 1  22  13  22   0   0   0   0     5.509    49.078     5.513     0.000     0.000     0.000     0.000   0   0   0   0   0   0   0     0.000    -0.110     0.000     0.013    -0.003    -0.011    -0.031
   7 0 0 0 1 1 1 1   3   0   1   0   0   0   0    21.958    21.120    21.802     0.000     0.000     0.000     0.000   0   0   0   0   0   0   0     0.000    -0.110     0.000    -0.015    -0.042    -0.012     0.003
   7 0 0 0 1 1 1 1  25   1  28   0   0   0   0     5.479    21.802     5.726     0.000     0.000     0.000     0.000   0   0   0   0   0   0   0     0.000    -0.110     0.000    -0.283    -0.006     0.003     0.047
   7 0 0 0 1 1 1 1  21  25  10   0   0   0   0    66.451     5.592    15.582     0.000     0.000     0.000     0.000   0   0   0   0   0   0   0     0.000    -0.110     0.000    -0.052    -0.006     0.004     0.219
   7 0 0 0 1 1 1 1  24   0  11   0   0   0   0     5.235    21.140    48.152     0.000     0.000     0.000     0.000   0   0   0   0   0   0   0     0.000    -0.110     0.000    -0.010    -0.029     0.021    -0.000
   7 0 0 0 1 1 1 1  25   1  23   0   0   0   0     5.479    21.802     5.710     0.000     0.000     0.000     0.000   0   0   0   0   0   0   0     0.000    -0.110     0.000    -0.105    -0.006    -0.002     0.006
   7 0 0 0 1 1 1 1  24  20  14   0   0   0   0     5.121    62.415    46.634     0.000     0.000     0.000     0.000   0   0   0   0   0   0   0     0.000    -0.110     0.000    -0.074    -0.011    -0.005     0.019
   7 0 0 0 1 1 1 1  21  25  10   0   0   0   0    66.451     5.841    15.582     0.000     0.000     0.000     0.000   0   0   0   0   0   0   0     0.000    -0.110     0.000    -0.036    -0.001     0.004     0.208
   7 0 0 0 1 1 1 1  25   0  25   0   0   0   0     5.475    21.142     5.479     0.000     0.000     0.000     0.000   0   0   0   0   0   0   0     0.000    -0.110     0.000    -0.008    -0.026     0.105     0.000
   7 0 0 0 1 1 1 1  24  26  25   0   0   0   0     5.345     5.766     5.475     0.000     0.000     0.000     0.000   0   0   0   0   0   0   0     0.000    -0.110     0.000    -0.034    -0.008     0.035     0.001
   7 0 0 0 1 1 1 1  24   1  25   0   0   0   0     5.235    21.943     5.475     0.000     0.000     0.000     0.000   0   0   0   0   0   0   0     0.000    -0.110     0.000    -0.007    -0.052     0.062    -0.000
   7 0 0 0 1 1 1 1  24  26  14   0   0   0   0     5.345     5.796    46.626     0.000     0.000     0.000     0.000   0   0   0   0   0   0   0     0.000    -0.110     0.000    -0.034    -0.006    -0.002     0.032
   7 0 0 0 1 1 1 1  26  15  31   0   0   0   0     5.895    50.863     5.508     0.000     0.000     0.000     0.000   0   0   0   0   0   0   0     0.000    -0.110     0.000     0.014    -0.008     0.008    -0.003
   7 0 0 0 1 1 1 1  26  13  23   0   0   0   0     5.779    49.078     5.710     0.000     0.000     0.000     0.000   0   0   0   0   0   0   0     0.000    -0.110     0.000    -0.075    -0.004    -0.003     0.008
   7 0 0 0 1 1 1 1  25   1  24   0   0   0   0     5.479    21.802     5.345     0.000     0.000     0.000     0.000   0   0   0   0   0   0   0     0.000    -0.110     0.000    -0.268    -0.004    -0.032     0.007
   7 0 0 0 1 1 1 1  12  17  12   0   0   0   0    48.415    56.671    48.428     0.000     0.000     0.000     0.000   0   0   0   0   0   0   0     0.000    -0.110     0.000    -0.022     0.002     0.196     0.002
   7 0 0 0 1 1 1 1  22  13  22   0   0   0   0     5.509    49.078     5.513     0.000     0.000     0.000     0.000   0   0   0   0   0   0   0     0.000    -0.110     0.000     0.011    -0.002    -0.009    -0.026
   7 0 0 0 1 1 1 1  14   6   0   0   0   0   0    48.225    19.526    21.120     0.000     0.000     0.000     0.000   0   0   0   0   0   0   0     0.000    -0.110     0.000     0.008    -0.003    -0.013    -0.037
   7 0 1 0 1 1 1 1   2   6   1   0   0   0   0    21.521    19.526    21.802     0.000     0.000     0.000     0.000   0   0   0   0   0   0   0     0.000    -0.074     0.000     0.008    -0.003    -0.023     0.005
   7 0 0 0 1 1 1 1  21  25  10   0   0   0   0    66.451     5.592    15.582     0.000     0.000     0.000     0.000   0   0   0   0   0   0   0     0.000    -0.074     0.000    -0.044    -0.004     0.003     0.186
   7 0 0 0 1 1 1 1  27  27  28   0   0   0   0     5.433     5.430     5.605     0.000     0.000     0.000     0.000   0   0   0   0   0   0   0     0.000    -0.074     0.000     0.000     0.099    -0.028    -0.000
   7 0 0 0 1 1 1 1   3   0   1   0   0   0   0    21.958    21.120    21.802     0.000     0.000     0.000     0.000   0   0   0   0   0   0   0     0.000    -0.074     0.000    -0.012    -0.034    -0.010     0.002
   7 0 0 0 1 1 1 1  23  26   3   0   0   0   0     5.572     5.766    22.377     0.000     0.000     0.000     0.000   0   0   0   0   0   0   0     0.000    -0.074     0.000    -0.056    -0.011     0.049     0.001
   7 0 0 0 1 1 1 1  24  26  14   0   0   0   0     5.345     5.766    46.626     0.000     0.000     0.000     0.000   0   0   0   0   0   0   0     0.000    -0.074     0.000    -0.044    -0.010    -0.002     0.028
   7 0 0 0 1 1 1 1  22  27  22   0   0   0   0     5.509     5.433     5.513     0.000     0.000     0.000     0.000   0   0   0   0   0   0   0     0.000    -0.074     0.000     0.003    -0.009    -0.008    -0.023
   7 0 0 0 1 1 1 1  29  19  23   0   0   0   0     5.591    61.896     5.838     0.000     0.000     0.000     0.000   0   0   0   0   0   0   0     0.000    -0.074     0.000    -0.095    -0.004     0.001     0.016
   7 0 0 0 1 1 1 1  25   1  24   0   0   0   0     5.479    21.802     5.480     0.000     0.000     0.000     0.000   0   0   0   0   0   0   0     0.000    -0.074     0.000    -0.254    -0.003    -0.005     0.012
   7 0 0 0 1 1 1 1  27  27  23   0   0   0   0     5.433     5.430     5.788     0.000     0.000     0.000     0.000   0   0   0   0   0   0   0     0.000    -0.074     0.000     0.002     0.176    -0.042    -0.003
   7 0 0 0 1 1 1 1  25   0  25   0   0   0   0     5.475    21.142     5.479     0.000     0.000     0.000     0.000   0   0   0   0   0   0   0     0.000    -0.074     0.000    -0.006    -0.021     0.094     0.000
   7 0 0 0 1 1 1 1  25   1  17   0   0   0   0     5.239    21.943    56.385     0.000     0.000     0.000     0.000   0   0   0   0   0   0   0     0.000    -0.074     0.000    -0.005    -0.025     0.019    -0.000
   7 0 0 0 1 1 1 1  25  20  17   0   0   0   0     5.239    62.415    56.385     0.000     0.000     0.000     0.000   0   0   0   0   0   0   0     0.000    -0.074     0.000    -0.058    -0.013     0.045    -0.002
   7 0 0 0 1 1 1 1  25  13  25   0   0   0   0     5.475    49.242     5.479     0.000     0.000     0.000     0.000   0   0   0   0   0   0   0     0.000    -0.074     0.000    -0.026    -0.006     0.167     0.002
   7 0 0 0 1 1 1 1  26  15  31   0   0   0   0     5.894    50.863     5.508     0.000     0.000     0.000     0.000   0   0   0   0   0   0   0     0.000    -0.074     0.000     0.012    -0.006     0.006    -0.002
   7 0 0 0 1 1 1 1  26  13   1   0   0   0   0     5.779    49.078    21.925     0.000     0.000     0.000     0.000   0   0   0   0   0   0   0     0.000    -0.074     0.000    -0.066    -0.002     0.007    -0.002
   7 0 0 0 1 1 1 1  25   1  28   0   0   0   0     5.479    21.802     5.726     0.000     0.000     0.000     0.000   0   0   0   0   0   0   0     0.000    -0.074     0.000    -0.241    -0.002     0.002     0.039
   7 0 0 0 1 1 1 1  27   3   3   0   0   0   0     5.180    23.071    22.381     0.000     0.000     0.000     0.000   0   0   0   0   0   0   0     0.000    -0.074     0.000     0.002     0.014     0.004    -0.013
   7 0 0 0 1 1 1 1  22  13  22   0   0   0   0     5.509    49.078     5.513     0.000     0.000     0.000     0.000   0   0   0   0   0   0   0     0.000    -0.074     0.000     0.009    -0.001    -0.007    -0.020
   7 0 0 0 1 1 1 1   3   2   1   0   0   0   0    21.958    21.591    21.802     0.000     0.000     0.000     0.000   0   0   0   0   0   0   0     0.000    -0.074     0.000    -0.030    -0.009    -0.009     0.002
   7 0 1 0 1 1 1 1   2   2   1   0   0   0   0    21.521    21.591    21.802     0.000     0.000     0.000     0.000   0   0   0   0   0   0   0     0.000    -0.061     0.000    -0.030    -0.009    -0.021     0.004
   7 0 0 0 1 1 1 1  12  17  12   0   0   0   0    48.415    56.671    48.428     0.000     0.000     0.000     0.000   0   0   0   0   0   0   0     0.000    -0.061     0.000    -0.017     0.002     0.158     0.002
   7 0 0 0 1 1 1 1  27  27  28   0   0   0   0     5.433     5.430     5.605     0.000     0.000     0.000     0.000   0   0   0   0   0   0   0     0.000    -0.061     0.000     0.000     0.088    -0.025     0.001
   7 0 0 0 1 1 1 1  24  21  25   0   0   0   0     5.345    67.927     5.475     0.000     0.000     0.000     0.000   0   0   0   0   0   0   0     0.000    -0.061     0.000    -0.014     0.003     0.031     0.001
   7 0 0 0 1 1 1 1  23  27  11   0   0   0   0     5.572     5.197    48.106     0.000     0.000     0.000     0.000   0   0   0   0   0   0   0     0.000    -0.061     0.000     0.006    -0.021     0.053     0.001
   7 0 0 0 1 1 1 1  27  27  23   0   0   0   0     5.433     5.430     5.788     0.000     0.000     0.000     0.000   0   0   0   0   0   0   0     0.000    -0.061     0.000     0.002     0.150    -0.037    -0.002
   7 0 0 0 1 1 1 1  25   0  25   0   0   0   0     5.475    21.142     5.479     0.000     0.000     0.000     0.000   0   0   0   0   0   0   0     0.000    -0.061     0.000    -0.005    -0.018     0.083     0.000
   7 0 0 0 1 1 1 1  29   6  23   0   0   0   0     5.591    20.270     5.838     0.000     0.000     0.000     0.000   0   0   0   0   0   0   0     0.000    -0.061     0.000    -0.002    -0.087     0.001     0.014
   7 0 0 0 1 1 1 1  25   1  28   0   0   0   0     5.479    21.802     5.726     0.000     0.000     0.000     0.000   0   0   0   0   0   0   0     0.000    -0.061     0.000    -0.228    -0.001     0.002     0.037
   7 0 0 0 1 1 1 1  25   0  25   0   0   0   0     5.475    21.142     5.479     0.000     0.000     0.000     0.000   0   0   0   0   0   0   0     0.000    -0.061     0.000    -0.009    -0.032     0.143     0.002
   7 0 0 0 1 1 1 1  16   8  16   0   0   0   0    55.004    17.800    55.005     0.000     0.000     0.000     0.000   0   0   0   0   0   0   0     0.000    -0.061     0.000    -0.033    -0.006     0.042     0.000
   7 0 0 0 1 1 1 1  26  15   4   0   0   0   0     5.894    50.863    23.420     0.000     0.000     0.000     0.000   0   0   0   0   0   0   0     0.000    -0.061     0.000    -0.019    -0.002     0.009    -0.002
   7 0 0 0 1 1 1 1   3   0   1   0   0   0   0    21.958    21.120    21.802     0.000     0.000     0.000     0.000   0   0   0   0   0   0   0     0.000    -0.061     0.000    -0.016    -0.056    -0.019     0.004
   7 0 0 0 1 1 1 1  27   1  13   0   0   0   0     5.153    21.910    49.078     0.000     0.000     0.000     0.000   0   0   0   0   0   0   0     0.000    -0.061     0.000     0.005     0.014     0.004    -0.010
   7 0 0 0 1 1 1 1  26  21   1   0   0   0   0     5.895    66.451    22.393     0.000     0.000     0.000     0.000   0   0   0   0   0   0   0     0.000    -0.061     0.000    -0.014     0.000     0.003     0.012
   7 0 1 0 1 1 1 1   2  21  23   0   0   0   0    21.521    66.451     5.838     0.000     0.000     0.000     0.000   0   0   0   0   0   0   0     0.000    -0.027     0.000    -0.014     0.000    -0.001     0.013
   7 0 0 0 1 1 1 1  23  27   3   0   0   0   0     5.572     5.197    22.377     0.000     0.000     0.000     0.000   0   0   0   0   0   0   0     0.000    -0.027     0.000     0.005    -0.019     0.041     0.000
   7 0 0 0 1 1 1 1  21  25  10   0   0   0   0    66.451     5.604    15.582     0.000     0.000     0.000     0.000   0   0   0   0   0   0   0     0.000    -0.027     0.000    -0.030    -0.002     0.003     0.136
   7 0 0 0 1 1 1 1  22  27  26   0   0   0   0     5.505     5.433     5.790     0.000     0.000     0.000     0.000   0   0   0   0   0   0   0     0.000    -0.027     0.000     0.003    -0.006    -0.018    -0.007
   7 0 0 0 1 1 1 1   3   0   1   0   0   0   0    21.958    21.120    21.802     0.000     0.000     0.000     0.000   0   0   0   0   0   0   0     0.000    -0.027     0.000    -0.007    -0.025    -0.008     0.002
   7 0 0 0 1 1 1 1  25   1  24   0   0   0   0     5.479    21.802     5.345     0.000     0.000     0.000     0.000   0   0   0   0   0   0   0     0.000    -0.027     0.000    -0.216    -0.000    -0.025     0.005
   7 0 0 0 1 1 1 1  17  22  17   0   0   0   0    56.385     5.509    56.387     0.000     0.000     0.000     0.000   0   0   0   0   0   0   0     0.000    -0.027     0.000    -0.010    -0.023     0.129     0.001
   7 0 0 0 1 1 1 1  13   0  13   0   0   0   0    49.078    21.048    49.103     0.000     0.000     0.000     0.000   0   0   0   0   0   0   0     0.000    -0.027     0.000     0.077     0.001    -0.024    -0.000
   7 0 0 0 1 1 1 1  29  19  11   0   0   0   0     5.591    61.896    50.819     0.000     0.000     0.000     0.000   0   0   0   0   0   0   0     0.000    -0.027     0.000    -0.081    -0.002     0.004    -0.003
   7 0 1 0 1 1 1 1   2  19   1   0   0   0   0    21.521    61.896    21.802     0.000     0.000     0.000     0.000   0   0   0   0   0   0   0     0.000    -0.051     0.000    -0.081    -0.002    -0.017     0.003
   7 0 0 0 1 1 1 1  21  25  10   0   0   0   0    66.451     5.592    15.582     0.000     0.000     0.000     0.000   0   0   0   0   0   0   0     0.000    -0.051     0.000    -0.029    -0.003     0.002     0.122
   7 0 0 0 1 1 1 1  24   1  11   0   0   0   0     5.238    21.951    48.152     0.000     0.000     0.000     0.000   0   0   0   0   0   0   0     0.000    -0.051     0.000    -0.004    -0.013     0.016    -0.000
   7 0 0 0 1 1 1 1  25  20  17   0   0   0   0     5.239    62.415    56.385     0.000     0.000     0.000     0.000   0   0   0   0   0   0   0     0.000    -0.051     0.000    -0.021    -0.005     0.016    -0.001
   7 0 0 0 1 1 1 1  23   2  11   0   0   0   0     5.572    21.538    48.106     0.000     0.000     0.000     0.000   0   0   0   0   0   0   0     0.000    -0.051     0.000    -0.047    -0.008     0.046     0.001
   7 0 0 0 1 1 1 1  20  27   2   0   0   0   0    63.058     5.433    21.741     0.000     0.000     0.000     0.000   0   0   0   0   0   0   0     0.000    -0.051     0.000     0.002    -0.017     0.016     0.002
   7 0 0 0 1 1 1 1  29  27  29   0   0   0   0     5.588     5.247     5.591     0.000     0.000     0.000     0.000   0   0   0   0   0   0   0     0.000    -0.051     0.000    -0.014    -0.004     0.072     0.000
   7 0 0 0 1 1 1 1  29   1  11   0   0   0   0     5.713    21.802    50.835     0.000     0.000     0.000     0.000   0   0   0   0   0   0   0     0.000    -0.051     0.000    -0.020    -0.002     0.005    -0.002
   7 0 0 0 1 1 1 1  25   1  28   0   0   0   0     5.479    21.802     5.726     0.000     0.000     0.000     0.000   0   0   0   0   0   0   0     0.000    -0.051     0.000    -0.204    -0.000     0.001     0.033
   7 0 0 0 1 1 1 1  24  26  14   0   0   0   0     5.345     5.766    46.626     0.000     0.000     0.000     0.000   0   0   0   0   0   0   0     0.000    -0.051     0.000    -0.030    -0.006    -0.001     0.018
   7 0 0 0 1 1 1 1  32  13  31   0   0   0   0     4.233    49.078     5.489     0.000     0.000     0.000     0.000   0   0   0   0   0   0   0     0.000    -0.051     0.000     0.028    -0.007     0.004    -0.002
   7 0 0 0 1 1 1 1   3   0  15   0   0   0   0    21.958    21.120    50.863     0.000     0.000     0.000     0.000   0   0   0   0   0   0   0     0.000    -0.051     0.000    -0.006    -0.022    -0.004     0.002
   7 0 0 0 1 1 1 1  25   1  24   0   0   0   0     5.479    21.802     5.483     0.000     0.000     0.000     0.000   0   0   0   0   0   0   0     0.000    -0.051     0.000    -0.194    -0.000    -0.004     0.009
   7 0 0 0 1 1 1 1  29  26  29   0   0   0   0     5.588     5.796     5.591     0.000     0.000     0.000     0.000   0   0   0   0   0   0   0     0.000    -0.051     0.000    -0.017    -0.002     0.115     0.001
   7 0 0 1 1 1 1 1  22  13  29   0   0   0   0     5.513    49.078     5.591     0.000     0.000     0.000     0.000   0   0   0   0   0   0   0     0.000    -0.051    -0.015     0.006    -0.001     0.115     0.001
   7 0 0 0 1 1 1 1  25  20  12   0   0   0   0     5.239    62.415    48.415     0.000     0.000     0.000     0.000   0   0   0   0   0   0   0     0.000    -0.051    -0.015    -0.019    -0.004     0.012    -0.001
   7 0 0 0 1 1 1 1  24   1  25   0   0   0   0     5.345    21.943     5.475     0.000     0.000     0.000     0.000   0   0   0   0   0   0   0     0.000    -0.051    -0.015     0.002    -0.032     0.063     0.000
   7 0 0 0 1 1 1 1  16  25  16   0   0   0   0    55.004     5.530    55.005     0.000     0.000     0.000     0.000   0   0   0   0   0   0   0     0.000    -0.051    -0.015    -0.026    -0.008     0.064     0.001
   7 0 0 0 1 1 1 1  16   8  16   0   0   0   0    55.004    17.800    55.005     0.000     0.000     0.000     0.000   0   0   0   0   0   0   0     0.000    -0.051    -0.015    -0.029    -0.005     0.035     0.000
   7 0 0 0 1 1 1 1  29   6   2   0   0   0   0     5.591    20.270    23.452     0.000     0.000     0.000     0.000   0   0   0   0   0   0   0     0.000    -0.051    -0.015    -0.001    -0.076     0.001     0.023
   7 0 0 0 1 1 1 1  25   1  28   0   0   0   0     5.479    21.802     5.726     0.000     0.000     0.000     0.000   0   0   0   0   0   0   0     0.000    -0.051    -0.015    -0.184     0.000     0.001     0.029
   7 0 0 0 1 1 1 1  29  26  29   0   0   0   0     5.588     5.796     5.591     0.000     0.000     0.000     0.000   0   0   0   0   0   0   0     0.000    -0.051    -0.015    -0.015    -0.002     0.106     0.001
   7 0 0 0 1 1 1 1  16  25  16   0   0   0   0    55.004     5.592    55.005     0.000     0.000     0.000     0.000   0   0   0   0   0   0   0     0.000    -0.051    -0.015    -0.018    -0.003     0.032     0.000
   7 0 0 0 1 1 1 1  24   5  25   0   0   0   0     5.345    22.036     5.475     0.000     0.000     0.000     0.000   0   0   0   0   0   0   0     0.000    -0.051    -0.015     0.003    -0.010     0.028     0.000
   7 0 0 0 1 1 1 1  25   5  17   0   0   0   0     5.229    22.177    56.385     0.000     0.000     0.000     0.000   0   0   0   0   0   0   0     0.000    -0.051    -0.015    -0.041    -0.010     0.032    -0.002
   7 0 0 0 1 1 1 1  21  25  10   0   0   0   0    66.451     5.592    15.582     0.000     0.000     0.000     0.000   0   0   0   0   0   0   0     0.000    -0.051    -0.015    -0.024    -0.002     0.002     0.101
   7 0 0 0 1 1 1 1  22   6  22   0   0   0   0     5.509    20.277     5.513     0.000     0.000     0.000     0.000   0   0   0   0   0   0   0     0.000    -0.051    -0.015     0.002    -0.004    -0.004    -0.013
   7 0 0 0 1 1 1 1  23  27  11   0   0   0   0     5.838     5.430    50.643     0.000     0.000     0.000     0.000   0   0   0   0   0   0   0     0.000    -0.051    -0.015     0.001    -0.012     0.015     0.002
   7 0 0 0 1 1 1 1  25   1  24   0   0   0   0     5.479    21.802     5.345     0.000     0.000     0.000     0.000   0   0   0   0   0   0   0     0.000    -0.051    -0.015    -0.175     0.001    -0.020     0.004
   7 0 0 1 1 1 1 1  11  12  24   0   0   0   0    53.389    47.388     5.345     0.000     0.000     0.000     0.000   0   0   0   0   0   0   0     0.000    -0.051    -0.027    -0.010     0.004    -0.020     0.004
   7 0 0 0 1 1 1 1  32  13  31   0   0   0   0     4.233    49.078     5.489     0.000     0.000     0.000     0.000   0   0   0   0   0   0   0     0.000    -0.051    -0.027     0.027    -0.007     0.004    -0.002
   7 0 0 0 1 1 1 1  26  15   4   0   0   0   0     5.894    50.863    23.420     0.000     0.000     0.000     0.000   0   0   0   0   0   0   0     0.000    -0.051    -0.027    -0.015    -0.001     0.007    -0.002
   7 0 0 0 1 1 1 1  25   5  17   0   0   0   0     5.229    22.177    56.385     0.000     0.000     0.000     0.000   0   0   0   0   0   0   0     0.000    -0.051    -0.027    -0.038    -0.009     0.028    -0.001
   7 0 0 0 1 1 1 1  21  25  10   0   0   0   0    66.451     5.604    15.582     0.000     0.000     0.000     0.000   0   0   0   0   0   0   0     0.000    -0.051    -0.027    -0.021    -0.002     0.002     0.096
   7 0 0 1 1 1 1 1  22  13  10   0   0   0   0     5.513    49.078    15.582     0.000     0.000     0.000     0.000   0   0   0   0   0   0   0     0.000    -0.051    -0.013     0.005    -0.001     0.002     0.096
   7 0 1 0 1 1 1 1   2  13   2   0   0   0   0    21.521    49.078    23.452     0.000     0.000     0.000     0.000   0   0   0   0   0   0   0     0.000    -0.018    -0.013     0.005    -0.001    -0.000     0.021
   7 0 0 0 1 1 1 1  15   0  13   0   0   0   0    50.863    21.048    49.111     0.000     0.000     0.000     0.000   0   0   0   0   0   0   0     0.000    -0.018    -0.013    -0.166    -0.001     0.033    -0.000
   7 0 0 0 1 1 1 1  20   1   0   0   0   0   0    63.058    21.800    20.582     0.000     0.000     0.000     0.000   0   0   0   0   0   0   0     0.000    -0.018    -0.013    -0.016     0.001     0.018     0.009
   7 0 0 0 1 1 1 1  16  28  16   0   0   0   0    55.004     5.672    55.005     0.000     0.000     0.000     0.000   0   0   0   0   0   0   0     0.000    -0.018    -0.013    -0.010     0.007     0.029     0.000
   7 0 0 0 1 1 1 1  14  23  14   0   0   0   0    46.626     5.710    46.634     0.000     0.000     0.000     0.000   0   0   0   0   0   0   0     0.000    -0.018    -0.013    -0.002     0.006    -0.071    -0.001
   7 0 0 0 1 1 1 1  13  22  21   0   0   0   0    50.261     5.439    68.015     0.000     0.000     0.000     0.000   0   0   0   0   0   0   0     0.000    -0.018    -0.013     0.000    -0.026     0.017     0.002
   7 0 0 0 1 1 1 1  29  23  29   0   0   0   0     5.588     5.463     5.591     0.000     0.000     0.000     0.000   0   0   0   0   0   0   0     0.000    -0.018    -0.013    -0.022    -0.006     0.091     0.001
   7 0 0 0 1 1 1 1  27  27  28   0   0   0   0     5.433     5.430     5.672     0.000     0.000     0.000     0.000   0   0   0   0   0   0   0     0.000    -0.018    -0.013     0.000     0.061    -0.012     0.008
   7 0 0 0 1 1 1 1   3   0   2   0   0   0   0    21.958    21.120    23.452     0.000     0.000     0.000     0.000   0   0   0   0   0   0   0     0.000    -0.018    -0.013    -0.005    -0.017    -0.000     0.020
   7 0 0 0 1 1 1 1   1   1   0   0   0   0   0    21.802    21.800    21.046     0.000     0.000     0.000     0.000   0   0   0   0   0   0   0     0.000    -0.018    -0.013     0.003    -0.157     0.064    -0.000
   7 0 0 1 1 1 1 1  11  21   0   0   0   0   0    53.389    66.451    21.046     0.000     0.000     0.000     0.000   0   0   0   0   0   0   0     0.000    -0.018    -0.023    -0.005     0.004     0.064    -0.000
   7 0 0 1 1 1 1 1  22  13   0   0   0   0   0     5.513    49.078    21.046     0.000     0.000     0.000     0.000   0   0   0   0   0   0   0     0.000    -0.018    -0.011     0.005    -0.001     0.064    -0.000
   7 0 0 0 1 1 1 1  23  27  11   0   0   0   0     5.838     5.430    50.643     0.000     0.000     0.000     0.000   0   0   0   0   0   0   0     0.000    -0.018    -0.011     0.001    -0.010     0.012     0.001
   7 0 1 0 1 1 1 1   2  27  15   0   0   0   0    21.521     5.430    50.863     0.000     0.000     0.000     0.000   0   0   0   0   0   0   0     0.000    -0.035    -0.011     0.001    -0.010    -0.009     0.004
   7 0 0 0 1 1 1 1  29  26  29   0   0   0   0     5.588     5.784     5.591     0.000     0.000     0.000     0.000   0   0   0   0   0   0   0     0.000    -0.035    -0.011    -0.018    -0.005     0.086     0.001
   7 0 0 0 1 1 1 1   6   6   6   0   0   0   0    20.277    20.270    20.279     0.000     0.000     0.000     0.000   0   0   0   0   0   0   0     0.000    -0.035    -0.011     0.000     0.057    -0.029    -0.001
   7 0 0 0 1 1 1 1  25  20  12   0   0   0   0     5.239    62.415    48.415     0.000     0.000     0.000     0.000   0   0   0   0   0   0   0     0.000    -0.035    -0.011    -0.015    -0.003     0.010    -0.001
   7 0 0 0 1 1 1 1   1   1   0   0   0   0   0    21.802    21.800    21.046     0.000     0.000     0.000     0.000   0   0   0   0   0   0   0     0.000    -0.035    -0.011     0.002    -0.148     0.060    -0.000
   7 0 0 0 1 1 1 1  24  26  14   0   0   0   0     5.345     5.766    46.626     0.000     0.000     0.000     0.000   0   0   0   0   0   0   0     0.000    -0.035    -0.011    -0.020    -0.004    -0.001     0.012
   7 0 0 0 1 1 1 1  25  13  24   0   0   0   0     5.592    49.078     5.724     0.000     0.000     0.000     0.000   0   0   0   0   0   0   0     0.000    -0.035    -0.011     0.017    -0.007     0.001     0.010
   7 0 0 0 1 1 1 1  29   6  32   0   0   0   0     5.591    20.270     4.270     0.000     0.000     0.000     0.000   0   0   0   0   0   0   0     0.000    -0.035    -0.011     0.000    -0.067     0.004    -0.001
   7 0 0 0 1 1 1 1   1   1   0   0   0   0   0    21.802    21.800    21.046     0.000     0.000     0.000     0.000   0   0   0   0   0   0   0     0.000    -0.035    -0.011     0.002    -0.141     0.056    -0.000
   7 0 0 0 1 1 1 1  16  25  16   0   0   0   0    55.004     5.530    55.005     0.000     0.000     0.000     0.000   0   0   0   0   0   0   0     0.000    -0.035    -0.011    -0.018    -0.006     0.045     0.001
   7 0 0 0 1 1 1 1  16   8  16   0   0   0   0    55.004    17.800    55.005     0.000     0.000     0.000     0.000   0   0   0   0   0   0   0     0.000    -0.035    -0.011    -0.023    -0.003     0.024     0.000
   7 0 0 0 1 1 1 1   7  20  32   0   0   0   0    20.119    62.420     4.114     0.000     0.000     0.000     0.000   0   0   0   0   0   0   0     0.000    -0.035    -0.011    -0.008    -0.001     0.025     0.000
   7 0 0 1 1 1 1 1  28   1  32   0   0   0   0     5.726    21.802     4.114     0.000     0.000     0.000     0.000   0   0   0   0   0   0   0     0.000    -0.035     0.024    -0.018     0.001     0.025     0.000
   7 0 0 0 1 1 1 1  29  26  29   0   0   0   0     5.588     5.784     5.591     0.000     0.000     0.000     0.000   0   0   0   0   0   0   0     0.000    -0.035     0.024    -0.016    -0.004     0.079     0.001
   7 0 0 1 1 1 1 1  22   6  29   0   0   0   0     5.513    20.277     5.591     0.000     0.000     0.000     0.000   0   0   0   0   0   0   0     0.000    -0.035    -0.011     0.002    -0.003     0.079     0.001
   7 0 0 0 1 1 1 1  29   6  11   0   0   0   0     5.591    20.270    50.819     0.000     0.000     0.000     0.000   0   0   0   0   0   0   0     0.000    -0.035    -0.011     0.000    -0.063     0.003    -0.002
   7 0 0 0 1 1 1 1  24   1  25   0   0   0   0     5.347    21.943     5.475     0.000     0.000     0.000     0.000   0   0   0   0   0   0   0     0.000    -0.035    -0.011     0.003    -0.023     0.044     0.000
   7 0 0 0 1 1 1 1  21  26  10   0   0   0   0    66.451     5.779    15.582     0.000     0.000     0.000     0.000   0   0   0   0   0   0   0     0.000    -0.035    -0.011    -0.021    -0.001     0.001     0.075
   7 0 0 0 1 1 1 1  24  27  22   0   0   0   0     5.687     5.433     5.321     0.000     0.000     0.000     0.000   0   0   0   0   0   0   0     0.000    -0.035    -0.011     0.001    -0.010     0.010     0.004
   7 0 0 0 1 1 1 1  23   2  11   0   0   0   0     5.710    21.538    48.109     0.000     0.000     0.000     0.000   0   0   0   0   0   0   0     0.000    -0.035    -0.011    -0.014    -0.002     0.023     0.001
   7 0 0 0 1 1 1 1  32  15   3   0   0   0   0     4.338    50.863    24.330     0.000     0.000     0.000     0.000   0   0   0   0   0   0   0     0.000    -0.035    -0.011    -0.028     0.001     0.012    -0.002
   7 0 0 0 1 1 1 1  27   3  13   0   0   0   0     5.153    23.069    49.078     0.000     0.000     0.000     0.000   0   0   0   0   0   0   0     0.000    -0.035    -0.011     0.000     0.006     0.003    -0.005
   7 0 0 0 1 1 1 1  26  21  22   0   0   0   0     5.900    66.451     5.104     0.000     0.000     0.000     0.000   0   0   0   0   0   0   0     0.000    -0.035    -0.011    -0.008     0.000     0.001     0.010
   7 0 0 1 1 1 1 1   2  17  22   0   0   0   0    23.452    56.387     5.104     0.000     0.000     0.000     0.000   0   0   0   0   0   0   0     0.000    -0.035     0.018    -0.006     0.001     0.001     0.010
   7 0 1 0 1 1 1 1   2  17   1   0   0   0   0    21.521    56.387    21.802     0.000     0.000     0.000     0.000   0   0   0   0   0   0   0     0.000    -0.031     0.018    -0.006     0.001    -0.011     0.002
   7 0 0 1 1 1 1 1  11  21   1   0   0   0   0    53.389    66.451    21.802     0.000     0.000     0.000     0.000   0   0   0   0   0   0   0     0.000    -0.031    -0.018    -0.004     0.003    -0.011     0.002
   7 0 0 0 1 1 1 1  22  17  22   0   0   0   0     5.506    56.387     5.513     0.000     0.000     0.000     0.000   0   0   0   0   0   0   0     0.000    -0.031    -0.018     0.007    -0.000    -0.003    -0.009
   7 0 0 1 1 1 1 1   2  15  22   0   0   0   0    23.452    50.863     5.513     0.000     0.000     0.000     0.000   0   0   0   0   0   0   0     0.000    -0.031     0.017    -0.004     0.001    -0.003    -0.009
   7 0 0 0 1 1 1 1  28   1  22   0   0   0   0     5.672    21.802     5.321     0.000     0.000     0.000     0.000   0   0   0   0   0   0   0     0.000    -0.031     0.017    -0.022     0.000     0.023     0.004
   7 0 0 0 1 1 1 1  17  23  17   0   0   0   0    56.385     5.839    56.387     0.000     0.000     0.000     0.000   0   0   0   0   0   0   0     0.000    -0.031     0.017    -0.009     0.000     0.071     0.000
   7 0 1 0 1 1 1 1  10  23  15   0   0   0   0    15.083     5.839    50.863     0.000     0.000     0.000     0.000   0   0   0   0   0   0   0     0.000     0.009     0.017    -0.009     0.000     0.003    -0.002
   7 0 0 0 1 1 1 1  26  15  22   0   0   0   0     5.895    50.863     5.104     0.000     0.000     0.000     0.000   0   0   0   0   0   0   0     0.000     0.009     0.017    -0.012    -0.000    -0.001     0.005
   7 0 0 0 1 1 1 1  25  20   3   0   0   0   0     5.239    62.415    22.377     0.000     0.000     0.000     0.000   0   0   0   0   0   0   0     0.000     0.009     0.017    -0.029    -0.005     0.019    -0.001
   7 0 0 1 1 1 1 1  11   4   3   0   0   0   0    53.389    22.278    22.377     0.000     0.000     0.000     0.000   0   0   0   0   0   0   0     0.000     0.009    -0.017    -0.005     0.003     0.019    -0.001
   7 0 0 0 1 1 1 1  24  27  28   0   0   0   0     5.687     5.433     5.726     0.000     0.000     0.000     0.000   0   0   0   0   0   0   0     0.000     0.009    -0.017     0.001    -0.008     0.004     0.009
   7 0 0 0 1 1 1 1  14  23  14   0   0   0   0    46.626     5.710    46.634     0.000     0.000     0.000     0.000   0   0   0   0   0   0   0     0.000     0.009    -0.017    -0.001     0.004    -0.059    -0.000
   7 0 0 0 1 1 1 1  25   1  12   0   0   0   0     5.479    21.802    48.476     0.000     0.000     0.000     0.000   0   0   0   0   0   0   0     0.000     0.009    -0.017    -0.130     0.001     0.015     0.000
   7 0 0 0 1 1 1 1  20   1   0   0   0   0   0    63.082    21.800    20.582     0.000     0.000     0.000     0.000   0   0   0   0   0   0   0     0.000     0.009    -0.017    -0.012     0.001     0.015     0.005
   7 0 0 0 1 1 1 1  22  17  22   0   0   0   0     5.504    56.387     5.513     0.000     0.000     0.000     0.000   0   0   0   0   0   0   0     0.000     0.009    -0.017     0.009    -0.000    -0.003    -0.009
   7 0 0 0 1 1 1 1   3   0  17   0   0   0   0    21.958    21.120    56.385     0.000     0.000     0.000     0.000   0   0   0   0   0   0   0     0.000     0.009    -0.017    -0.004    -0.013     0.006    -0.001
   7 0 0 0 1 1 1 1  24  20  25   0   0   0   0     5.339    62.415     5.475     0.000     0.000     0.000     0.000   0   0   0   0   0   0   0     0.000     0.009    -0.017    -0.025     0.002     0.040     0.000
   7 0 0 0 1 1 1 1  16  28  16   0   0   0   0    55.004     5.605    55.005     0.000     0.000     0.000     0.000   0   0   0   0   0   0   0     0.000     0.009    -0.017    -0.011    -0.002     0.036     0.000
   7 0 0 0 1 1 1 1  29  27  29   0   0   0   0     5.588     5.247     5.591     0.000     0.000     0.000     0.000   0   0   0   0   0   0   0     0.000     0.009    -0.017    -0.008    -0.002     0.051    -0.000
   7 0 0 0 1 1 1 1   7  10  32   0   0   0   0    20.119    15.137     4.114     0.000     0.000     0.000     0.000   0   0   0   0   0   0   0     0.000     0.009    -0.017     0.002    -0.004     0.022     0.000
   7 0 0 0 1 1 1 1  25   1  23   0   0   0   0     5.479    21.802     5.853     0.000     0.000     0.000     0.000   0   0   0   0   0   0   0     0.000     0.009    -0.017    -0.123     0.001     0.001     0.023
   7 0 0 0 1 1 1 1  32  13  16   0   0   0   0     4.236    49.078    54.860     0.000     0.000     0.000     0.000   0   0   0   0   0   0   0     0.000     0.009    -0.017     0.029    -0.007    -0.005     0.004
   7 0 1 0 1 1 1 1  10  13  15   0   0   0   0    15.083    49.078    50.863     0.000     0.000     0.000     0.000   0   0   0   0   0   0   0     0.000     0.009    -0.017     0.029    -0.007     0.003    -0.001
   7 0 0 0 1 1 1 1  29   6  11   0   0   0   0     5.591    20.270    50.819     0.000     0.000     0.000     0.000   0   0   0   0   0   0   0     0.000     0.009    -0.017     0.000    -0.056     0.002    -0.002
   7 0 0 0 1 1 1 1  25   5   3   0   0   0   0     5.229    22.177    22.377     0.000     0.000     0.000     0.000   0   0   0   0   0   0   0     0.000     0.009    -0.017    -0.025    -0.006     0.014    -0.001
   7 0 0 0 1 1 1 1  21  29  13   0   0   0   0    66.451     5.698    49.092     0.000     0.000     0.000     0.000   0   0   0   0   0   0   0     0.000     0.009    -0.017    -0.015    -0.000     0.064     0.001
   7 0 0 0 1 1 1 1  21   8  10   0   0   0   0    66.451    17.799    15.582     0.000     0.000     0.000     0.000   0   0   0   0   0   0   0     0.000     0.009    -0.017    -0.024    -0.001     0.000     0.048
   7 0 0 1 1 1 1 1   2  12  10   0   0   0   0    23.452    46.633    15.582     0.000     0.000     0.000     0.000   0   0   0   0   0   0   0     0.000     0.009     0.015    -0.007     0.000     0.000     0.048
   7 0 0 0 1 1 1 1  25   1  24   0   0   0   0     5.479    21.802     5.339     0.000     0.000     0.000     0.000   0   0   0   0   0   0   0     0.000     0.009     0.015    -0.117     0.001    -0.017     0.003
   7 0 0 0 1 1 1 1  22   3  22   0   0   0   0     5.469    22.381     5.509     0.000     0.000     0.000     0.000   0   0   0   0   0   0   0     0.000     0.009     0.015     0.011    -0.000    -0.004    -0.011
   7 0 0 0 1 1 1 1  28  27   0   0   0   0   0     5.608     5.433    21.267     0.000     0.000     0.000     0.000   0   0   0   0   0   0   0     0.000     0.009     0.015     0.000    -0.012     0.001     0.010
   7 0 0 0 1 1 1 1  23  27   0   0   0   0   0     5.838     5.430    21.157     0.000     0.000     0.000     0.000   0   0   0   0   0   0   0     0.000     0.009     0.015     0.001    -0.008     0.004     0.014
   7 0 0 0 1 1 1 1  23  17  12   0   0   0   0     5.853    56.387    46.017     0.000     0.000     0.000     0.000   0   0   0   0   0   0   0     0.000     0.009     0.015    -0.013     0.001     0.028     0.010
   7 0 0 1 1 1 1 1  11  12  12   0   0   0   0    53.389    47.773    46.017     0.000     0.000     0.000     0.000   0   0   0   0   0   0   0     0.000     0.009    -0.015    -0.005     0.002     0.028     0.010
   7 0 0 0 1 1 1 1   1  13   0   0   0   0   0    21.925    49.078    21.709     0.000     0.000     0.000     0.000   0   0   0   0   0   0   0     0.000     0.009    -0.015     0.029     0.000    -0.002     0.006
   7 0 0 0 1 1 1 1  29   6   2   0   0   0   0     5.591    20.270    23.452     0.000     0.000     0.000     0.000   0   0   0   0   0   0   0     0.000     0.009    -0.015     0.000    -0.053     0.001     0.014
   7 0 0 0 1 1 1 1  23  15  12   0   0   0   0     5.853    50.863    46.017     0.000     0.000     0.000     0.000   0   0   0   0   0   0   0     0.000     0.009    -0.015    -0.009     0.002     0.026     0.009
   7 0 0 0 1 1 1 1  21  25  10   0   0   0   0    66.451     5.999    15.582     0.000     0.000     0.000     0.000   0   0   0   0   0   0   0     0.000     0.009    -0.015    -0.008     0.003     0.001     0.060
   7 0 0 0 1 1 1 1  24  27  22   0   0   0   0     5.687     5.433     5.329     0.000     0.000     0.000     0.000   0   0   0   0   0   0   0     0.000     0.009    -0.015     0.001    -0.007     0.007     0.003
   7 0 1 0 1 1 1 1   2  27   6   0   0   0   0    21.521     5.433    19.431     0.000     0.000     0.000     0.000   0   0   0   0   0   0   0     0.000    -0.012    -0.015     0.001    -0.007     0.007    -0.000
   7 0 0 0 1 1 1 1  32  15   3   0   0   0   0     4.338    50.863    24.330     0.000     0.000     0.000     0.000   0   0   0   0   0   0   0     0.000    -0.012    -0.015    -0.022     0.001     0.010    -0.001
   7 0 0 0 1 1 1 1  32  13   7   0   0   0   0     4.239    49.078    20.895     0.000     0.000     0.000     0.000   0   0   0   0   0   0   0     0.000    -0.012    -0.015     0.025    -0.006     0.004    -0.002
   7 0 0 0 1 1 1 1  28  23   0   0   0   0   0     5.608     5.749    21.267     0.000     0.000     0.000     0.000   0   0   0   0   0   0   0     0.000    -0.012    -0.015    -0.000    -0.012     0.001     0.009
   7 0 0 0 1 1 1 1  24   5  11   0   0   0   0     5.357    22.036    48.109     0.000     0.000     0.000     0.000   0   0   0   0   0   0   0     0.000    -0.012    -0.015     0.002    -0.004     0.020     0.000
   7 0 0 0 1 1 1 1  11  20  11   0   0   0   0    45.383    62.415    48.106     0.000     0.000     0.000     0.000   0   0   0   0   0   0   0     0.000    -0.012    -0.015    -0.021    -0.002     0.020    -0.001
   7 0 0 0 1 1 1 1  22  11  26   0   0   0   0     5.509    53.389     5.790     0.000     0.000     0.000     0.000   0   0   0   0   0   0   0     0.000    -0.012    -0.015     0.001    -0.013    -0.012    -0.005
   7 0 0 0 1 1 1 1   1  13   0   0   0   0   0    21.925    49.078    21.742     0.000     0.000     0.000     0.000   0   0   0   0   0   0   0     0.000    -0.012    -0.015     0.027     0.000    -0.002     0.006
   7 0 0 0 1 1 1 1  29   6  11   0   0   0   0     5.591    20.270    50.819     0.000     0.000     0.000     0.000   0   0   0   0   0   0   0     0.000    -0.012    -0.015     0.000    -0.050     0.002    -0.001
   7 0 0 0 1 1 1 1  30  30  19   0   0   0   0     5.327     5.321    61.834     0.000     0.000     0.000     0.000   0   0   0   0   0   0   0     0.000    -0.012    -0.015    -0.000    -0.109     0.002     0.027
   7 0 0 0 1 1 1 1  21  29  10   0   0   0   0    66.451     5.698    15.582     0.000     0.000     0.000     0.000   0   0   0   0   0   0   0     0.000    -0.012    -0.015    -0.013    -0.000     0.000     0.056
   7 0 0 1 1 1 1 1  22  13  10   0   0   0   0     5.513    49.078    15.582     0.000     0.000     0.000     0.000   0   0   0   0   0   0   0     0.000    -0.012    -0.008     0.003    -0.000     0.000     0.056
   7 0 0 0 1 1 1 1   7  20  15   0   0   0   0    20.117    62.420    50.863     0.000     0.000     0.000     0.000   0   0   0   0   0   0   0     0.000    -0.012    -0.008    -0.007    -0.001    -0.002     0.004
   7 0 0 1 1 1 1 1  23  17  15   0   0   0   0     5.853    56.387    50.863     0.000     0.000     0.000     0.000   0   0   0   0   0   0   0     0.000    -0.012     0.019    -0.011     0.001    -0.002     0.004
   7 0 1 0 1 1 1 1   0  17   1   0   0   0   0    20.559    56.387    21.800     0.000     0.000     0.000     0.000   0   0   0   0   0   0   0     0.000     0.012     0.019    -0.011     0.001    -0.009     0.001
   7 0 0 0 1 1 1 1  28  27  12   0   0   0   0     5.608     5.433    53.945     0.000     0.000     0.000     0.000   0   0   0   0   0   0   0     0.000     0.012     0.019     0.000    -0.010     0.003    -0.002
   7 0 0 1 1 1 1 1   2  17  12   0   0   0   0    23.452    55.973    53.945     0.000     0.000     0.000     0.000   0   0   0   0   0   0   0     0.000     0.012     0.013    -0.007     0.000     0.003    -0.002
   7 0 0 0 1 1 1 1   1   1   0   0   0   0   0    21.802    21.800    21.046     0.000     0.000     0.000     0.000   0   0   0   0   0   0   0     0.000     0.012     0.013     0.003    -0.103     0.044    -0.000
   7 0 0 0 1 1 1 1  22   3  26   0   0   0   0     5.466    22.381     5.790     0.000     0.000     0.000     0.000   0   0   0   0   0   0   0     0.000     0.012     0.013     0.010    -0.000    -0.011    -0.004
   7 0 0 0 1 1 1 1  22  11   0   0   0   0   0     5.513    48.152    21.150     0.000     0.000     0.000     0.000   0   0   0   0   0   0   0     0.000     0.012     0.013     0.003    -0.000    -0.008    -0.002
   7 0 0 0 1 1 1 1  29   6   2   0   0   0   0     5.591    20.270    23.452     0.000     0.000     0.000     0.000   0   0   0   0   0   0   0     0.000     0.012     0.013     0.000    -0.048     0.000     0.012
   7 0 0 0 1 1 1 1   1   1   0   0   0   0   0    21.802    21.800    21.046     0.000     0.000     0.000     0.000   0   0   0   0   0   0   0     0.000     0.012     0.013     0.002    -0.098     0.041    -0.000
   7 0 0 0 1 1 1 1  29  26  29   0   0   0   0     5.588     5.784     5.591     0.000     0.000     0.000     0.000   0   0   0   0   0   0   0     0.000     0.012     0.013    -0.011    -0.002     0.052     0.000
   7 0 0 0 1 1 1 1  29  26  29   0   0   0   0     5.588     5.784     5.591     0.000     0.000     0.000     0.000   0   0   0   0   0   0   0     0.000     0.012     0.013    -0.006    -0.002     0.043    -0.000
   7 0 0 0 1 1 1 1   7  20  32   0   0   0   0    20.119    62.420     4.114     0.000     0.000     0.000     0.000   0   0   0   0   0   0   0     0.000     0.012     0.013    -0.006    -0.001     0.019     0.000
   7 0 1 0 1 1 1 1   2  20   1   0   0   0   0    21.521    62.420    21.802     0.000     0.000     0.000     0.000   0   0   0   0   0   0   0     0.000    -0.021     0.013    -0.006    -0.001    -0.008     0.002
   7 0 0 1 1 1 1 1  11  12   1   0   0   0   0    53.389    49.369    21.802     0.000     0.000     0.000     0.000   0   0   0   0   0   0   0     0.000    -0.021    -0.011    -0.002     0.002    -0.008     0.002
   7 0 0 0 1 1 1 1  24  27  22   0   0   0   0     5.687     5.433     5.321     0.000     0.000     0.000     0.000   0   0   0   0   0   0   0     0.000    -0.021    -0.011     0.001    -0.006     0.007     0.002
   7 0 0 0 1 1 1 1  29   6  11   0   0   0   0     5.591    20.270    50.852     0.000     0.000     0.000     0.000   0   0   0   0   0   0   0     0.000    -0.021    -0.011     0.000    -0.045     0.002    -0.001
   7 0 0 0 1 1 1 1  24   1   0   0   0   0   0     5.724    21.802    20.913     0.000     0.000     0.000     0.000   0   0   0   0   0   0   0     0.000    -0.021    -0.011    -0.012     0.000     0.008     0.023
   7 0 0 0 1 1 1 1  20   1   0   0   0   0   0    63.082    21.800    20.582     0.000     0.000     0.000     0.000   0   0   0   0   0   0   0     0.000    -0.021    -0.011    -0.008     0.000     0.011     0.003
   7 0 0 0 1 1 1 1   1  13   4   0   0   0   0    21.925    49.078    23.915     0.000     0.000     0.000     0.000   0   0   0   0   0   0   0     0.000    -0.021    -0.011     0.025     0.000    -0.002     0.004
   7 0 0 0 1 1 1 1  23   1  11   0   0   0   0     5.710    22.285    48.109     0.000     0.000     0.000     0.000   0   0   0   0   0   0   0     0.000    -0.021    -0.011    -0.003     0.002     0.017     0.000
   7 0 0 0 1 1 1 1  30  30  19   0   0   0   0     5.327     5.321    61.834     0.000     0.000     0.000     0.000   0   0   0   0   0   0   0     0.000    -0.021    -0.011    -0.001    -0.092     0.002     0.026
   7 0 0 0 1 1 1 1  21  29  10   0   0   0   0    66.451     5.698    15.582     0.000     0.000     0.000     0.000   0   0   0   0   0   0   0     0.000    -0.021    -0.011    -0.010    -0.000     0.000     0.050
   7 0 0 0 1 1 1 1  28  23  12   0   0   0   0     5.623     5.749    53.945     0.000     0.000     0.000     0.000   0   0   0   0   0   0   0     0.000    -0.021    -0.011    -0.000    -0.010     0.003    -0.001
   7 0 0 0 1 1 1 1  23  27  11   0   0   0   0     5.838     5.430    50.643     0.000     0.000     0.000     0.000   0   0   0   0   0   0   0     0.000    -0.021    -0.011     0.000    -0.006     0.008     0.000
   7 0 0 0 1 1 1 1  24  20  25   0   0   0   0     5.339    62.415     5.475     0.000     0.000     0.000     0.000   0   0   0   0   0   0   0     0.000    -0.021    -0.011    -0.019     0.003     0.032     0.000
   7 0 0 0 1 1 1 1  32  13   7   0   0   0   0     4.241    49.078    20.983     0.000     0.000     0.000     0.000   0   0   0   0   0   0   0     0.000    -0.021    -0.011     0.021    -0.004     0.003    -0.002
   7 0 1 0 1 1 1 1  10  13   6   0   0   0   0    15.083    49.078    19.413     0.000     0.000     0.000     0.000   0   0   0   0   0   0   0     0.000     0.007    -0.011     0.021    -0.004    -0.007     0.000
   7 0 0 0 1 1 1 1  29   6   0   0   0   0   0     5.591    20.270    21.170     0.000     0.000     0.000     0.000   0   0   0   0   0   0   0     0.000     0.007    -0.011     0.000    -0.043     0.004    -0.000
   7 0 0 0 1 1 1 1  30  30  19   0   0   0   0     5.327     5.321    61.834     0.000     0.000     0.000     0.000   0   0   0   0   0   0   0     0.000     0.007    -0.011    -0.000    -0.087     0.002     0.024
   7 0 0 0 1 1 1 1  22   2  22   0   0   0   0     5.509    21.642     5.513     0.000     0.000     0.000     0.000   0   0   0   0   0   0   0     0.000     0.007    -0.011     0.005    -0.000    -0.003    -0.009
   7 0 0 0 1 1 1 1  23   0  11   0   0   0   0     5.712    21.742    48.152     0.000     0.000     0.000     0.000   0   0   0   0   0   0   0     0.000     0.007    -0.011    -0.002     0.005     0.017     0.000
   7 0 1 0 1 1 1 1   2   0   6   0   0   0   0    21.521    21.742    19.431     0.000     0.000     0.000     0.000   0   0   0   0   0   0   0     0.000    -0.009    -0.011    -0.002     0.005     0.006    -0.000
   7 0 0 0 1 1 1 1  28   1  11   0   0   0   0     5.726    21.802    51.523     0.000     0.000     0.000     0.000   0   0   0   0   0   0   0     0.000    -0.009    -0.011    -0.009     0.000     0.022     0.007
   7 0 0 1 1 1 1 1  11  22  11   0   0   0   0    53.389     5.509    51.523     0.000     0.000     0.000     0.000   0   0   0   0   0   0   0     0.000    -0.009    -0.010     0.001    -0.007     0.022     0.007
   7 0 0 0 1 1 1 1  29  26  29   0   0   0   0     5.588     5.784     5.591     0.000     0.000     0.000     0.000   0   0   0   0   0   0   0     0.000    -0.009    -0.010    -0.006    -0.001     0.039    -0.000
   7 0 0 1 1 1 1 1   2  13  29   0   0   0   0    23.452    49.078     5.591     0.000     0.000     0.000     0.000   0   0   0   0   0   0   0     0.000    -0.009     0.011    -0.003     0.001     0.039    -0.000
   7 0 0 0 1 1 1 1   0  11   1   0   0   0   0    21.014    48.203    21.802     0.000     0.000     0.000     0.000   0   0   0   0   0   0   0     0.000    -0.009     0.011     0.028     0.001    -0.061     0.000
   7 0 0 0 1 1 1 1  16  28  16   0   0   0   0    55.004     5.605    55.005     0.000     0.000     0.000     0.000   0   0   0   0   0   0   0     0.000    -0.009     0.011    -0.007    -0.001     0.023     0.000
   7 0 1 0 1 1 1 1  10  28  24   0   0   0   0    15.083     5.605     5.724     0.000     0.000     0.000     0.000   0   0   0   0   0   0   0     0.000     0.006     0.011    -0.007    -0.001    -0.000     0.006
   7 0 0 0 1 1 1 1  26  15  10   0   0   0   0     5.896    50.863    15.140     0.000     0.000     0.000     0.000   0   0   0   0   0   0   0     0.000     0.006     0.011    -0.008    -0.000     0.008     0.001
   7 0 0 0 1 1 1 1  11   1   3   0   0   0   0    45.383    21.935    22.377     0.000     0.000     0.000     0.000   0   0   0   0   0   0   0     0.000     0.006     0.011     0.007    -0.011     0.018    -0.001
   7 0 1 0 1 1 1 1   0   1   1   0   0   0   0    20.559    21.935    21.800     0.000     0.000     0.000     0.000   0   0   0   0   0   0   0     0.000     0.009     0.011     0.007    -0.011    -0.007     0.001
   7 0 0 0 1 1 1 1  28  23   0   0   0   0   0     5.608     5.749    21.267     0.000     0.000     0.000     0.000   0   0   0   0   0   0   0     0.000     0.009     0.011    -0.000    -0.010     0.001     0.007
   7 0 0 0 1 1 1 1  24  20  12   0   0   0   0     5.123    62.415    48.415     0.000     0.000     0.000     0.000   0   0   0   0   0   0   0     0.000     0.009     0.011    -0.009    -0.001     0.005    -0.000
   7 0 0 0 1 1 1 1  23  15  12   0   0   0   0     5.853    50.863    46.017     0.000     0.000     0.000     0.000   0   0   0   0   0   0   0     0.000     0.009     0.011    -0.006     0.001     0.021     0.007
   7 0 0 0 1 1 1 1  29  26  29   0   0   0   0     5.588     5.784     5.591     0.000     0.000     0.000     0.000   0   0   0   0   0   0   0     0.000     0.009     0.011    -0.008    -0.001     0.045    -0.000
   7 0 0 0 1 1 1 1  16   8  16   0   0   0   0    55.004    17.800    55.005     0.000     0.000     0.000     0.000   0   0   0   0   0   0   0     0.000     0.009     0.011    -0.015    -0.001     0.016     0.000
   7 0 0 0 1 1 1 1  29   6  11   0   0   0   0     5.591    20.270    50.852     0.000     0.000     0.000     0.000   0   0   0   0   0   0   0     0.000     0.009     0.011     0.000    -0.040     0.002    -0.001
   7 0 0 0 1 1 1 1  26  15  31   0   0   0   0     5.897    50.863     5.454     0.000     0.000     0.000     0.000   0   0   0   0   0   0   0     0.000     0.009     0.011    -0.022     0.000    -0.004     0.006
   7 0 0 0 1 1 1 1  21   8  10   0   0   0   0    66.451    17.799    15.582     0.000     0.000     0.000     0.000   0   0   0   0   0   0   0     0.000     0.009     0.011    -0.016    -0.001     0.000     0.043
   7 0 0 0 1 1 1 1  29  26  29   0   0   0   0     5.588     5.784     5.591     0.000     0.000     0.000     0.000   0   0   0   0   0   0   0     0.000     0.009     0.011    -0.006    -0.001     0.036    -0.000
   7 0 0 0 1 1 1 1  11  20  12   0   0   0   0    45.383    62.415    48.415     0.000     0.000     0.000     0.000   0   0   0   0   0   0   0     0.000     0.009     0.011    -0.007    -0.001     0.008    -0.000
   7 0 0 1 1 1 1 1  23  17  12   0   0   0   0     5.853    56.387    48.415     0.000     0.000     0.000     0.000   0   0   0   0   0   0   0     0.000     0.009     0.015    -0.008     0.001     0.008    -0.000
   7 0 0 0 1 1 1 1  32  13   7   0   0   0   0     4.241    49.078    20.895     0.000     0.000     0.000     0.000   0   0   0   0   0   0   0     0.000     0.009     0.015     0.018    -0.003     0.003    -0.001
   7 0 0 0 1 1 1 1  28  23   0   0   0   0   0     5.608     5.749    21.267     0.000     0.000     0.000     0.000   0   0   0   0   0   0   0     0.000     0.009     0.015    -0.000    -0.009     0.001     0.006
   7 0 0 0 1 1 1 1  29   6   0   0   0   0   0     5.591    20.270    21.170     0.000     0.000     0.000     0.000   0   0   0   0   0   0   0     0.000     0.009     0.015     0.000    -0.038     0.003    -0.000
   7 0 0 0 1 1 1 1  30  30  19   0   0   0   0     5.327     5.321    61.834     0.000     0.000     0.000     0.000   0   0   0   0   0   0   0     0.000     0.009     0.015    -0.000    -0.078     0.002     0.021
   7 0 0 0 1 1 1 1  22   3  22   0   0   0   0     5.509    22.381     5.513     0.000     0.000     0.000     0.000   0   0   0   0   0   0   0     0.000     0.009     0.015     0.004    -0.000    -0.002    -0.007
   7 0 0 0 1 1 1 1  24   6  28   0   0   0   0     5.724    20.277     5.726     0.000     0.000     0.000     0.000   0   0   0   0   0   0   0     0.000     0.009     0.015     0.001    -0.003     0.001     0.005
   7 0 0 0 1 1 1 1  25  13   6   0   0   0   0     5.840    49.078    19.486     0.000     0.000     0.000     0.000   0   0   0   0   0   0   0     0.000     0.009     0.015    -0.010     0.000     0.008     0.000
   7 0 1 0 1 1 1 1   2  13  14   0   0   0   0    21.521    49.078    46.634     0.000     0.000     0.000     0.000   0   0   0   0   0   0   0     0.000    -0.017     0.015    -0.010     0.000    -0.002     0.004
   7 0 0 0 1 1 1 1  22   3  22   0   0   0   0     5.466    22.381     5.513     0.000     0.000     0.000     0.000   0   0   0   0   0   0   0     0.000    -0.017     0.015     0.007    -0.000    -0.002    -0.007
   7 0 0 0 1 1 1 1  15   0  13   0   0   0   0    50.863    21.048    49.088     0.000     0.000     0.000     0.000   0   0   0   0   0   0   0     0.000    -0.017     0.015     0.034    -0.000    -0.017    -0.000
   7 0 0 0 1 1 1 1   7  20  32   0   0   0   0    20.119    62.420     4.114     0.000     0.000     0.000     0.000   0   0   0   0   0   0   0     0.000    -0.017     0.015    -0.005    -0.000     0.015     0.000
   7 0 0 0 1 1 1 1  32  15   3   0   0   0   0     4.342    50.863    24.330     0.000     0.000     0.000     0.000   0   0   0   0   0   0   0     0.000    -0.017     0.015    -0.014     0.001     0.014    -0.001
   7 0 0 0 1 1 1 1  11   4  15   0   0   0   0    53.389    22.278    53.199     0.000     0.000     0.000     0.000   0   0   0   0   0   0   0     0.000    -0.017     0.015    -0.003     0.001    -0.003    -0.011
   7 0 0 0 1 1 1 1   1  13   0   0   0   0   0    21.925    49.078    21.742     0.000     0.000     0.000     0.000   0   0   0   0   0   0   0     0.000    -0.017     0.015     0.020     0.000    -0.001     0.005
   7 0 1 0 1 1 1 1  18  13  27   0   0   0   0    41.184    49.078     5.430     0.000     0.000     0.000     0.000   0   0   0   0   0   0   0     0.000     0.008     0.015     0.020     0.000     0.000    -0.003
   7 0 0 0 1 1 1 1  11  20  29   0   0   0   0    45.383    62.415     5.588     0.000     0.000     0.000     0.000   0   0   0   0   0   0   0     0.000     0.008     0.015    -0.015    -0.001     0.018    -0.001
   7 0 0 0 1 1 1 1  16  28  16   0   0   0   0    55.004     5.605    55.005     0.000     0.000     0.000     0.000   0   0   0   0   0   0   0     0.000     0.008     0.015    -0.007    -0.000     0.019     0.000
   7 0 0 0 1 1 1 1  22  11  26   0   0   0   0     5.509    48.152     5.790     0.000     0.000     0.000     0.000   0   0   0   0   0   0   0     0.000     0.008     0.015     0.003    -0.000    -0.006    -0.002
   7 0 0 0 1 1 1 1  24   5  11   0   0   0   0     5.357    22.036    48.109     0.000     0.000     0.000     0.000   0   0   0   0   0   0   0     0.000     0.008     0.015     0.002    -0.003     0.014     0.000
   7 0 0 0 1 1 1 1  30  30  19   0   0   0   0     5.327     5.321    61.834     0.000     0.000     0.000     0.000   0   0   0   0   0   0   0     0.000     0.008     0.015    -0.000    -0.073     0.002     0.019
