  252
   1 1   0     0.000   0     4.918
   1 1   0     0.000   0     5.587
   1 1   0     0.000   0     5.852
   1 1   0     0.000   0     6.101
   7 0 0 0 1 1 1 1  15   6   6   0   0   0   0    53.107    20.309    19.406     0.000     0.000     0.000     0.000   0   0   0   0   0   0   0     0.000     0.000     0.000    -0.028    -0.085     0.532     0.054
   7 0 0 0 1 1 1 1   3  11  25   0   0   0   0    23.053    47.865     5.913     0.000     0.000     0.000     0.000   0   0   0   0   0   0   0     0.000     0.000     0.000    -0.022    -0.101    -0.009     0.046
   7 0 0 0 1 1 1 1  31  11   0   0   0   0   0     5.451    47.865    21.322     0.000     0.000     0.000     0.000   0   0   0   0   0   0   0     0.000     0.000     0.000    -0.139    -0.032     0.053     0.003
   7 0 0 0 1 1 1 1  24  11  25   0   0   0   0     5.408    47.865     5.925     0.000     0.000     0.000     0.000   0   0   0   0   0   0   0     0.000     0.000     0.000    -0.371    -0.084     0.163     0.054
   7 0 0 0 1 1 1 1  15   6   6   0   0   0   0    53.107    20.309    19.406     0.000     0.000     0.000     0.000   0   0   0   0   0   0   0     0.000     0.000     0.000    -0.025    -0.077     0.506     0.048
   7 0 0 0 1 1 1 1   3  11  25   0   0   0   0    23.053    47.865     5.942     0.000     0.000     0.000     0.000   0   0   0   0   0   0   0     0.000     0.000     0.000    -0.021    -0.091    -0.007     0.043
   7 0 0 0 1 1 1 1  31  11  23   0   0   0   0     5.451    47.865     5.614     0.000     0.000     0.000     0.000   0   0   0   0   0   0   0     0.000     0.000     0.000    -0.129    -0.029     0.005     0.049
   7 0 0 0 1 1 1 1  24  11  25   0   0   0   0     5.408    47.865     5.925     0.000     0.000     0.000     0.000   0   0   0   0   0   0   0     0.000     0.000     0.000    -0.343    -0.076     0.147     0.049
   7 0 0 0 1 1 1 1  21  17   0   0   0   0   0    68.081    59.202    21.169     0.000     0.000     0.000     0.000   0   0   0   0   0   0   0     0.000     0.000     0.000    -0.047     0.009     0.481     0.055
   7 0 0 0 1 1 1 1   3  11  25   0   0   0   0    23.053    47.865     5.913     0.000     0.000     0.000     0.000   0   0   0   0   0   0   0     0.000     0.000     0.000    -0.019    -0.083    -0.008     0.038
   7 0 0 0 1 1 1 1  31   3   0   0   0   0   0     5.444    22.640    21.447     0.000     0.000     0.000     0.000   0   0   0   0   0   0   0     0.000     0.000     0.000    -0.092    -0.024     0.042    -0.001
   7 0 0 0 1 1 1 1  24  11  23   0   0   0   0     5.372    47.865     5.693     0.000     0.000     0.000     0.000   0   0   0   0   0   0   0     0.000     0.000     0.000    -0.317    -0.070     0.042     0.133
   7 0 0 0 1 1 1 1  18  17  18   0   0   0   0    48.942    59.548    48.951     0.000     0.000     0.000     0.000   0   0   0   0   0   0   0     0.000     0.000     0.000    -0.034     0.027     0.456     0.055
   7 0 0 0 1 1 1 1   3  11  25   0   0   0   0    23.053    47.865     5.948     0.000     0.000     0.000     0.000   0   0   0   0   0   0   0     0.000     0.000     0.000    -0.018    -0.075    -0.001     0.039
   7 0 0 0 1 1 1 1  31  11  23   0   0   0   0     5.443    47.865     5.632     0.000     0.000     0.000     0.000   0   0   0   0   0   0   0     0.000     0.000     0.000    -0.112    -0.028     0.005     0.044
   7 0 0 0 1 1 1 1  24  11  10   0   0   0   0     5.427    47.865    15.281     0.000     0.000     0.000     0.000   0   0   0   0   0   0   0     0.000     0.000     0.000    -0.294    -0.060     0.043     0.120
   7 0 0 0 1 1 1 1  21  17   0   0   0   0   0    68.081    58.955    21.169     0.000     0.000     0.000     0.000   0   0   0   0   0   0   0     0.000     0.000     0.000    -0.044     0.004     0.434     0.048
   7 0 0 0 1 1 1 1   3  18  25   0   0   0   0    23.053    48.951     5.962     0.000     0.000     0.000     0.000   0   0   0   0   0   0   0     0.000     0.000     0.000    -0.045    -0.096     0.004     0.043
   7 0 0 0 1 1 1 1  24  15  29   0   0   0   0     5.329    53.107     5.826     0.000     0.000     0.000     0.000   0   0   0   0   0   0   0     0.000     0.000     0.000    -0.031    -0.089     0.001     0.041
   7 0 0 0 1 1 1 1  24  11  25   0   0   0   0     5.372    47.865     5.925     0.000     0.000     0.000     0.000   0   0   0   0   0   0   0     0.000     0.000     0.000    -0.272    -0.057     0.109     0.036
   7 0 0 0 1 1 1 1  18  17  18   0   0   0   0    48.942    60.451    48.951     0.000     0.000     0.000     0.000   0   0   0   0   0   0   0     0.000     0.000     0.000    -0.028     0.027     0.412     0.049
   7 0 0 0 1 1 1 1   3  18  25   0   0   0   0    23.053    48.951     5.913     0.000     0.000     0.000     0.000   0   0   0   0   0   0   0     0.000     0.000     0.000    -0.040    -0.088    -0.007     0.029
   7 0 0 0 1 1 1 1  24  11  29   0   0   0   0     5.329    47.865     5.826     0.000     0.000     0.000     0.000   0   0   0   0   0   0   0     0.000     0.000     0.000    -0.100    -0.033     0.001     0.037
   7 0 0 0 1 1 1 1  24  15  29   0   0   0   0     5.372    53.107     5.850     0.000     0.000     0.000     0.000   0   0   0   0   0   0   0     0.000     0.000     0.000    -0.044    -0.209     0.046     0.112
   7 0 0 0 1 1 1 1  21  25   0   0   0   0   0    68.081     5.930    21.169     0.000     0.000     0.000     0.000   0   0   0   0   0   0   0     0.000     0.000     0.000    -0.044    -0.001     0.391     0.042
   7 0 0 0 1 1 1 1   3  11  25   0   0   0   0    23.053    47.865     5.962     0.000     0.000     0.000     0.000   0   0   0   0   0   0   0     0.000     0.000     0.000    -0.005    -0.058     0.003     0.036
   7 0 0 0 1 1 1 1  31  11   0   0   0   0   0     5.449    47.865    21.477     0.000     0.000     0.000     0.000   0   0   0   0   0   0   0     0.000     0.000     0.000    -0.093    -0.018     0.030    -0.001
   7 0 0 0 1 1 1 1  24  11  29   0   0   0   0     5.429    47.865     5.850     0.000     0.000     0.000     0.000   0   0   0   0   0   0   0     0.000     0.000     0.000    -0.244    -0.043     0.046     0.101
   7 0 0 0 1 1 1 1  18   6  18   0   0   0   0    48.942    20.309    48.951     0.000     0.000     0.000     0.000   0   0   0   0   0   0   0     0.000     0.000     0.000    -0.005    -0.052     0.372     0.043
   7 0 0 0 1 1 1 1   3  18  25   0   0   0   0    23.053    48.951     5.930     0.000     0.000     0.000     0.000   0   0   0   0   0   0   0     0.000     0.000     0.000    -0.032    -0.077    -0.006     0.024
   7 0 0 0 1 1 1 1  26  15   0   0   0   0   0     5.886    53.107    21.406     0.000     0.000     0.000     0.000   0   0   0   0   0   0   0     0.000     0.000     0.000    -0.019    -0.075     0.027    -0.005
   7 0 0 0 1 1 1 1  24  15  25   0   0   0   0     5.372    53.107     5.925     0.000     0.000     0.000     0.000   0   0   0   0   0   0   0     0.000     0.000     0.000    -0.035    -0.184     0.082     0.025
   7 0 0 0 1 1 1 1  15   6   6   0   0   0   0    53.107    20.309    19.406     0.000     0.000     0.000     0.000   0   0   0   0   0   0   0     0.000     0.000     0.000    -0.014    -0.047     0.353     0.032
   7 0 0 0 1 1 1 1   3  11  25   0   0   0   0    23.053    47.865     5.962     0.000     0.000     0.000     0.000   0   0   0   0   0   0   0     0.000     0.000     0.000    -0.000    -0.049     0.002     0.030
   7 0 0 0 1 1 1 1  24  15  29   0   0   0   0     5.339    53.107     5.826     0.000     0.000     0.000     0.000   0   0   0   0   0   0   0     0.000     0.000     0.000    -0.017    -0.069     0.003     0.028
   7 0 0 0 1 1 1 1  24  11  23   0   0   0   0     5.348    47.865     5.632     0.000     0.000     0.000     0.000   0   0   0   0   0   0   0     0.000     0.000     0.000    -0.219    -0.056     0.001     0.069
   7 0 0 0 1 1 1 1  18  17  19   0   0   0   0    48.942    59.202    65.980     0.000     0.000     0.000     0.000   0   0   0   0   0   0   0     0.000     0.000     0.000    -0.025     0.009    -0.053     0.151
   7 0 0 0 1 1 1 1  25  30  13   0   0   0   0     5.902     4.965    48.694     0.000     0.000     0.000     0.000   0   0   0   0   0   0   0     0.000     0.000     0.000    -0.057    -0.013     0.034     0.012
   7 0 0 0 1 1 1 1  24  16  29   0   0   0   0     5.307    58.903     5.820     0.000     0.000     0.000     0.000   0   0   0   0   0   0   0     0.000     0.000     0.000    -0.023    -0.114    -0.002     0.025
   7 0 0 0 1 1 1 1  24  11  23   0   0   0   0     5.348    47.865     5.649     0.000     0.000     0.000     0.000   0   0   0   0   0   0   0     0.000     0.000     0.000    -0.203    -0.050     0.003     0.064
   7 0 0 0 1 1 1 1  18  27  18   0   0   0   0    48.942     5.178    48.951     0.000     0.000     0.000     0.000   0   0   0   0   0   0   0     0.000     0.000     0.000     0.023    -0.018     0.328     0.030
   7 0 0 0 1 1 1 1   3  21  25   0   0   0   0    23.053    68.081     5.944     0.000     0.000     0.000     0.000   0   0   0   0   0   0   0     0.000     0.000     0.000    -0.049    -0.007    -0.004     0.019
   7 0 0 0 1 1 1 1  24  16  31   0   0   0   0     5.306    58.903     5.465     0.000     0.000     0.000     0.000   0   0   0   0   0   0   0     0.000     0.000     0.000    -0.021    -0.152    -0.004     0.020
   7 0 0 0 1 1 1 1  24  15  12   0   0   0   0     5.372    53.107    48.586     0.000     0.000     0.000     0.000   0   0   0   0   0   0   0     0.000     0.000     0.000    -0.024    -0.155     0.081     0.030
   7 0 0 0 1 1 1 1  21  25   0   0   0   0   0    68.081     5.930    21.169     0.000     0.000     0.000     0.000   0   0   0   0   0   0   0     0.000     0.000     0.000    -0.032     0.001     0.312     0.028
   7 0 0 0 1 1 1 1   3  18  25   0   0   0   0    23.053    48.951     5.962     0.000     0.000     0.000     0.000   0   0   0   0   0   0   0     0.000     0.000     0.000    -0.019    -0.062     0.001     0.023
   7 0 0 0 1 1 1 1  24  16  31   0   0   0   0     5.306    58.903     5.451     0.000     0.000     0.000     0.000   0   0   0   0   0   0   0     0.000     0.000     0.000    -0.019    -0.144    -0.009     0.014
   7 0 0 0 1 1 1 1  24  16  24   0   0   0   0     5.306    58.903     5.451     0.000     0.000     0.000     0.000   0   0   0   0   0   0   0     0.000     0.000     0.000    -0.025    -0.480    -0.016     0.048
   7 0 0 0 1 1 1 1  18  27  18   0   0   0   0    48.942     5.178    48.951     0.000     0.000     0.000     0.000   0   0   0   0   0   0   0     0.000     0.000     0.000     0.021    -0.016     0.296     0.027
   7 0 0 0 1 1 1 1  25  30   0   0   0   0   0     5.902     4.965    21.649     0.000     0.000     0.000     0.000   0   0   0   0   0   0   0     0.000     0.000     0.000    -0.048    -0.009     0.009     0.028
   7 0 0 0 1 1 1 1  24  16  29   0   0   0   0     5.306    58.903     5.820     0.000     0.000     0.000     0.000   0   0   0   0   0   0   0     0.000     0.000     0.000    -0.018    -0.137    -0.003     0.019
   7 0 0 0 1 1 1 1  24  16  24   0   0   0   0     5.306    58.903     5.447     0.000     0.000     0.000     0.000   0   0   0   0   0   0   0     0.000     0.000     0.000    -0.023    -0.456    -0.015     0.042
   7 0 0 0 1 1 1 1  21  12   0   0   0   0   0    68.081    50.119    21.169     0.000     0.000     0.000     0.000   0   0   0   0   0   0   0     0.000     0.000     0.000    -0.027     0.002     0.281     0.025
   7 0 0 0 1 1 1 1  25  30   0   0   0   0   0     5.913     4.965    21.649     0.000     0.000     0.000     0.000   0   0   0   0   0   0   0     0.000     0.000     0.000    -0.044    -0.008     0.009     0.025
   7 0 0 0 1 1 1 1  26  15   0   0   0   0   0     5.886    53.107    21.406     0.000     0.000     0.000     0.000   0   0   0   0   0   0   0     0.000     0.000     0.000    -0.012    -0.051     0.017    -0.003
   7 0 0 0 1 1 1 1  24  16  23   0   0   0   0     5.306    58.903     5.625     0.000     0.000     0.000     0.000   0   0   0   0   0   0   0     0.000     0.000     0.000    -0.021    -0.433    -0.011     0.042
   7 0 0 0 1 1 1 1  18  17  18   0   0   0   0    48.942    58.955    48.951     0.000     0.000     0.000     0.000   0   0   0   0   0   0   0     0.000     0.000     0.000    -0.020     0.006     0.267     0.024
   7 0 0 0 1 1 1 1   3  21   0   0   0   0   0    23.053    68.081    21.406     0.000     0.000     0.000     0.000   0   0   0   0   0   0   0     0.000     0.000     0.000    -0.038     0.002    -0.000     0.016
   7 0 0 0 1 1 1 1  24  16  31   0   0   0   0     5.306    58.903     5.451     0.000     0.000     0.000     0.000   0   0   0   0   0   0   0     0.000     0.000     0.000    -0.014    -0.127    -0.006     0.011
   7 0 0 0 1 1 1 1  24  16  23   0   0   0   0     5.306    58.903     5.661     0.000     0.000     0.000     0.000   0   0   0   0   0   0   0     0.000     0.000     0.000    -0.019    -0.411    -0.008     0.041
   7 0 0 0 1 1 1 1  21  12   0   0   0   0   0    68.081    50.119    21.169     0.000     0.000     0.000     0.000   0   0   0   0   0   0   0     0.000     0.000     0.000    -0.024     0.003     0.254     0.022
   7 0 1 0 1 1 1 1  30  12   6   0   0   0   0     4.965    50.119    19.406     0.000     0.000     0.000     0.000   0   0   0   0   0   0   0     0.000    -0.039     0.000    -0.024     0.003     0.109     0.001
   7 0 0 0 1 1 1 1  24  16  24   0   0   0   0     5.306    58.903     5.408     0.000     0.000     0.000     0.000   0   0   0   0   0   0   0     0.000    -0.039     0.000    -0.013    -0.121    -0.005     0.011
   7 0 0 0 1 1 1 1  24  16  24   0   0   0   0     5.306    58.903     5.438     0.000     0.000     0.000     0.000   0   0   0   0   0   0   0     0.000    -0.039     0.000    -0.017    -0.391    -0.012     0.032
   7 0 0 0 1 1 1 1  15   0   6   0   0   0   0    53.107    21.080    19.406     0.000     0.000     0.000     0.000   0   0   0   0   0   0   0     0.000    -0.039     0.000     0.016    -0.016     0.241     0.019
   7 0 0 0 1 1 1 1  25   3   0   0   0   0   0     5.908    22.614    21.649     0.000     0.000     0.000     0.000   0   0   0   0   0   0   0     0.000    -0.039     0.000    -0.049    -0.008     0.007     0.022
   7 0 0 0 1 1 1 1  24  16  29   0   0   0   0     5.306    58.903     5.826     0.000     0.000     0.000     0.000   0   0   0   0   0   0   0     0.000    -0.039     0.000    -0.012    -0.115    -0.002     0.015
   7 0 0 0 1 1 1 1  24  16   6   0   0   0   0     5.306    58.903    20.295     0.000     0.000     0.000     0.000   0   0   0   0   0   0   0     0.000    -0.039     0.000    -0.016    -0.371    -0.001     0.052
   7 0 0 0 1 1 1 1  18  27  19   0   0   0   0    48.942     5.222    65.980     0.000     0.000     0.000     0.000   0   0   0   0   0   0   0     0.000    -0.039     0.000     0.010    -0.014    -0.049     0.104
   7 0 1 0 1 1 1 1  30  27   6   0   0   0   0     4.965     5.222    19.406     0.000     0.000     0.000     0.000   0   0   0   0   0   0   0     0.000    -0.034     0.000     0.010    -0.014     0.103     0.001
   7 0 0 0 1 1 1 1  24  16  31   0   0   0   0     5.306    58.903     5.444     0.000     0.000     0.000     0.000   0   0   0   0   0   0   0     0.000    -0.034     0.000    -0.011    -0.109    -0.006     0.008
   7 0 0 0 1 1 1 1  24   3   2   0   0   0   0     5.343    22.612    23.203     0.000     0.000     0.000     0.000   0   0   0   0   0   0   0     0.000    -0.034     0.000     0.085    -0.062     0.008     0.049
   7 0 0 0 1 1 1 1  11  14  17   0   0   0   0    47.865    46.798    60.840     0.000     0.000     0.000     0.000   0   0   0   0   0   0   0     0.000    -0.034     0.000     0.224    -0.028    -0.011     0.041
   7 0 0 0 1 1 1 1  25   3  11   0   0   0   0     5.913    22.614    49.162     0.000     0.000     0.000     0.000   0   0   0   0   0   0   0     0.000    -0.034     0.000    -0.043    -0.007     0.019     0.006
   7 0 0 0 1 1 1 1  24  16  29   0   0   0   0     5.306    58.903     5.820     0.000     0.000     0.000     0.000   0   0   0   0   0   0   0     0.000    -0.034     0.000    -0.010    -0.104    -0.002     0.012
   7 0 0 0 1 1 1 1  24  16  29   0   0   0   0     5.306    58.903     5.850     0.000     0.000     0.000     0.000   0   0   0   0   0   0   0     0.000    -0.034     0.000    -0.013    -0.349    -0.002     0.039
   7 0 0 0 1 1 1 1  11   0  16   0   0   0   0    47.865    21.166    61.399     0.000     0.000     0.000     0.000   0   0   0   0   0   0   0     0.000    -0.034     0.000    -0.026     0.213    -0.008     0.050
   7 0 1 0 1 1 1 1  30   0   6   0   0   0   0     4.965    21.166    19.406     0.000     0.000     0.000     0.000   0   0   0   0   0   0   0     0.000    -0.030     0.000    -0.026     0.213     0.099     0.001
   7 0 0 0 1 1 1 1  26  15   0   0   0   0   0     5.886    53.107    21.284     0.000     0.000     0.000     0.000   0   0   0   0   0   0   0     0.000    -0.030     0.000    -0.009    -0.036     0.012    -0.001
   7 0 0 0 1 1 1 1  24  16  31   0   0   0   0     5.306    58.903     5.459     0.000     0.000     0.000     0.000   0   0   0   0   0   0   0     0.000    -0.030     0.000    -0.012    -0.332    -0.009     0.022
   7 0 0 0 1 1 1 1  11  14  17   0   0   0   0    47.865    46.798    60.798     0.000     0.000     0.000     0.000   0   0   0   0   0   0   0     0.000    -0.030     0.000     0.202    -0.024    -0.009     0.033
   7 0 0 0 1 1 1 1   3  21   4   0   0   0   0    23.118    68.081    23.886     0.000     0.000     0.000     0.000   0   0   0   0   0   0   0     0.000    -0.030     0.000    -0.030     0.004     0.002     0.016
   7 0 0 0 1 1 1 1  24  16  24   0   0   0   0     5.306    58.903     5.350     0.000     0.000     0.000     0.000   0   0   0   0   0   0   0     0.000    -0.030     0.000    -0.008    -0.097    -0.004     0.007
   7 0 0 0 1 1 1 1  24  16  24   0   0   0   0     5.306    58.903     5.456     0.000     0.000     0.000     0.000   0   0   0   0   0   0   0     0.000    -0.030     0.000    -0.011    -0.315    -0.007     0.023
   7 0 0 0 1 1 1 1  11  14  16   0   0   0   0    47.865    46.798    61.399     0.000     0.000     0.000     0.000   0   0   0   0   0   0   0     0.000    -0.030     0.000     0.192    -0.023    -0.007     0.042
   7 0 0 0 1 1 1 1  30   3   6   0   0   0   0     4.965    22.681    19.406     0.000     0.000     0.000     0.000   0   0   0   0   0   0   0     0.000    -0.030     0.000    -0.028    -0.008     0.093     0.001
   7 0 0 0 1 1 1 1  24  16  26   0   0   0   0     5.306    58.903     5.927     0.000     0.000     0.000     0.000   0   0   0   0   0   0   0     0.000    -0.030     0.000    -0.007    -0.092    -0.001     0.012
   7 0 0 0 1 1 1 1  24  16  30   0   0   0   0     5.306    58.903     5.373     0.000     0.000     0.000     0.000   0   0   0   0   0   0   0     0.000    -0.030     0.000    -0.010    -0.300    -0.005     0.025
   7 0 0 0 1 1 1 1  11   0  27   0   0   0   0    47.865    21.166     5.222     0.000     0.000     0.000     0.000   0   0   0   0   0   0   0     0.000    -0.030     0.000    -0.021     0.182     0.018    -0.012
   7 0 0 0 1 1 1 1  25   3   0   0   0   0   0     5.913    22.614    21.649     0.000     0.000     0.000     0.000   0   0   0   0   0   0   0     0.000    -0.030     0.000    -0.035    -0.005     0.005     0.016
   7 0 0 0 1 1 1 1  24  16  31   0   0   0   0     5.306    58.903     5.465     0.000     0.000     0.000     0.000   0   0   0   0   0   0   0     0.000    -0.030     0.000    -0.007    -0.087    -0.002     0.008
   7 0 0 0 1 1 1 1  24  16  31   0   0   0   0     5.306    58.903     5.451     0.000     0.000     0.000     0.000   0   0   0   0   0   0   0     0.000    -0.030     0.000    -0.009    -0.285    -0.011     0.016
   7 0 0 0 1 1 1 1  11   0  12   0   0   0   0    47.865    21.166    50.119     0.000     0.000     0.000     0.000   0   0   0   0   0   0   0     0.000    -0.030     0.000    -0.020     0.173    -0.017     0.011
   7 0 0 0 1 1 1 1  23  19   3   0   0   0   0     5.614    65.980    22.681     0.000     0.000     0.000     0.000   0   0   0   0   0   0   0     0.000    -0.030     0.000     0.004     0.089    -0.028    -0.002
   7 0 0 0 1 1 1 1  24  16  31   0   0   0   0     5.306    58.903     5.443     0.000     0.000     0.000     0.000   0   0   0   0   0   0   0     0.000    -0.030     0.000    -0.006    -0.083    -0.005     0.005
   7 0 0 0 1 1 1 1  24  16  23   0   0   0   0     5.306    58.903     5.743     0.000     0.000     0.000     0.000   0   0   0   0   0   0   0     0.000    -0.030     0.000    -0.008    -0.270    -0.004     0.024
   7 0 0 0 1 1 1 1  11   0  27   0   0   0   0    47.865    21.166     5.222     0.000     0.000     0.000     0.000   0   0   0   0   0   0   0     0.000    -0.030     0.000    -0.018     0.165     0.016    -0.011
   7 0 1 0 1 1 1 1   3   0   3   0   0   0   0    22.614    21.166    22.617     0.000     0.000     0.000     0.000   0   0   0   0   0   0   0     0.000    -0.032     0.000    -0.018     0.165     0.085    -0.000
   7 0 0 0 1 1 1 1  24  16  26   0   0   0   0     5.306    58.903     5.927     0.000     0.000     0.000     0.000   0   0   0   0   0   0   0     0.000    -0.032     0.000    -0.006    -0.079    -0.001     0.010
   7 0 0 0 1 1 1 1  24  16  31   0   0   0   0     5.306    58.903     5.451     0.000     0.000     0.000     0.000   0   0   0   0   0   0   0     0.000    -0.032     0.000    -0.007    -0.257    -0.010     0.014
   7 0 0 0 1 1 1 1  11   0  12   0   0   0   0    47.865    21.166    50.119     0.000     0.000     0.000     0.000   0   0   0   0   0   0   0     0.000    -0.032     0.000    -0.017     0.156    -0.016     0.010
   7 0 0 0 1 1 1 1  25  27  26   0   0   0   0     5.902     5.262     5.913     0.000     0.000     0.000     0.000   0   0   0   0   0   0   0     0.000    -0.032     0.000    -0.022    -0.002     0.003     0.012
   7 0 0 0 1 1 1 1  26  30   0   0   0   0   0     5.886     4.965    21.284     0.000     0.000     0.000     0.000   0   0   0   0   0   0   0     0.000    -0.032     0.000     0.002    -0.019     0.008    -0.001
   7 0 0 0 1 1 1 1  17   3  11   0   0   0   0    58.354    22.632    47.865     0.000     0.000     0.000     0.000   0   0   0   0   0   0   0     0.000    -0.032     0.000     0.084     0.022    -0.244    -0.007
   7 0 0 0 1 1 1 1  11  14  27   0   0   0   0    47.865    46.798     5.009     0.000     0.000     0.000     0.000   0   0   0   0   0   0   0     0.000    -0.032     0.000     0.149    -0.016     0.035    -0.005
   7 0 0 0 1 1 1 1  30   0   6   0   0   0   0     4.965    21.176    19.406     0.000     0.000     0.000     0.000   0   0   0   0   0   0   0     0.000    -0.032     0.000    -0.027    -0.013     0.081     0.000
   7 0 0 0 1 1 1 1  24  16  24   0   0   0   0     5.306    58.903     5.408     0.000     0.000     0.000     0.000   0   0   0   0   0   0   0     0.000    -0.032     0.000    -0.004    -0.074    -0.003     0.005
   7 0 0 0 1 1 1 1  24   0   4   0   0   0   0     5.306    21.166    23.727     0.000     0.000     0.000     0.000   0   0   0   0   0   0   0     0.000    -0.032     0.000     0.061    -0.130     0.012    -0.011
   7 0 0 0 1 1 1 1  11   0  27   0   0   0   0    47.865    21.166     5.255     0.000     0.000     0.000     0.000   0   0   0   0   0   0   0     0.000    -0.032     0.000    -0.015     0.141     0.012    -0.011
   7 0 0 0 1 1 1 1  23  19   3   0   0   0   0     5.614    65.980    22.673     0.000     0.000     0.000     0.000   0   0   0   0   0   0   0     0.000    -0.032     0.000     0.004     0.076    -0.025    -0.002
   7 0 0 0 1 1 1 1  24  16  24   0   0   0   0     5.306    58.903     5.350     0.000     0.000     0.000     0.000   0   0   0   0   0   0   0     0.000    -0.032     0.000    -0.004    -0.070    -0.003     0.004
   7 0 0 0 1 1 1 1  12   0  11   0   0   0   0    49.879    21.171    47.865     0.000     0.000     0.000     0.000   0   0   0   0   0   0   0     0.000    -0.032     0.000     0.074     0.017    -0.225    -0.007
   7 0 0 0 1 1 1 1  11   0  24   0   0   0   0    47.865    21.166     5.329     0.000     0.000     0.000     0.000   0   0   0   0   0   0   0     0.000    -0.032     0.000    -0.014     0.134    -0.024     0.005
   7 0 1 0 1 1 1 1   3   0   3   0   0   0   0    22.614    21.166    22.617     0.000     0.000     0.000     0.000   0   0   0   0   0   0   0     0.000    -0.027     0.000    -0.014     0.134     0.073     0.000
   7 0 0 0 1 1 1 1  24  16   2   0   0   0   0     5.306    58.903    23.326     0.000     0.000     0.000     0.000   0   0   0   0   0   0   0     0.000    -0.027     0.000    -0.004    -0.067     0.000     0.015
   7 0 0 0 1 1 1 1  24  16   4   0   0   0   0     5.306    58.903    23.727     0.000     0.000     0.000     0.000   0   0   0   0   0   0   0     0.000    -0.027     0.000    -0.006    -0.214     0.011    -0.010
   7 0 0 0 1 1 1 1  11   0  16   0   0   0   0    47.865    21.166    61.399     0.000     0.000     0.000     0.000   0   0   0   0   0   0   0     0.000    -0.027     0.000    -0.013     0.127    -0.004     0.029
   7 0 0 0 1 1 1 1  25   1  11   0   0   0   0     5.913    21.868    48.954     0.000     0.000     0.000     0.000   0   0   0   0   0   0   0     0.000    -0.027     0.000    -0.015    -0.001     0.013     0.004
   7 0 0 0 1 1 1 1  26  30   0   0   0   0   0     5.886     4.965    21.202     0.000     0.000     0.000     0.000   0   0   0   0   0   0   0     0.000    -0.027     0.000     0.003    -0.016     0.012     0.001
   7 0 0 0 1 1 1 1  12   0  11   0   0   0   0    49.879    21.171    47.865     0.000     0.000     0.000     0.000   0   0   0   0   0   0   0     0.000    -0.027     0.000     0.069     0.015    -0.203    -0.007
   7 0 0 0 1 1 1 1  11   0  12   0   0   0   0    47.865    21.166    50.119     0.000     0.000     0.000     0.000   0   0   0   0   0   0   0     0.000    -0.027     0.000    -0.012     0.121    -0.013     0.008
   7 0 1 0 1 1 1 1   3   0   3   0   0   0   0    22.614    21.166    22.617     0.000     0.000     0.000     0.000   0   0   0   0   0   0   0     0.000    -0.025     0.000    -0.012     0.121     0.069     0.000
   7 0 0 0 1 1 1 1  24  16  24   0   0   0   0     5.306    58.903     5.408     0.000     0.000     0.000     0.000   0   0   0   0   0   0   0     0.000    -0.025     0.000    -0.003    -0.063    -0.002     0.004
   7 0 0 0 1 1 1 1  24   0  24   0   0   0   0     5.306    21.166     5.372     0.000     0.000     0.000     0.000   0   0   0   0   0   0   0     0.000    -0.025     0.000     0.051    -0.108    -0.007     0.012
   7 0 0 0 1 1 1 1  11   0  27   0   0   0   0    47.865    21.166     5.222     0.000     0.000     0.000     0.000   0   0   0   0   0   0   0     0.000    -0.025     0.000    -0.011     0.115     0.012    -0.008
   7 0 0 0 1 1 1 1  25  21   0   0   0   0   0     5.913    68.081    21.755     0.000     0.000     0.000     0.000   0   0   0   0   0   0   0     0.000    -0.025     0.000    -0.010     0.003     0.004     0.013
   7 0 0 0 1 1 1 1  24  16   2   0   0   0   0     5.306    58.903    23.326     0.000     0.000     0.000     0.000   0   0   0   0   0   0   0     0.000    -0.025     0.000    -0.002    -0.059     0.000     0.013
   7 0 0 0 1 1 1 1  17  11  11   0   0   0   0    58.354    50.806    47.865     0.000     0.000     0.000     0.000   0   0   0   0   0   0   0     0.000    -0.025     0.000     0.046     0.012    -0.188    -0.005
   7 0 0 0 1 1 1 1  11   0  12   0   0   0   0    47.865    21.166    50.119     0.000     0.000     0.000     0.000   0   0   0   0   0   0   0     0.000    -0.025     0.000    -0.011     0.109    -0.011     0.008
   7 0 1 0 1 1 1 1   3   0   3   0   0   0   0    22.614    21.166    22.617     0.000     0.000     0.000     0.000   0   0   0   0   0   0   0     0.000    -0.022     0.000    -0.011     0.109     0.065    -0.000
   7 0 0 0 1 1 1 1  26   3   0   0   0   0   0     5.886    22.614    21.202     0.000     0.000     0.000     0.000   0   0   0   0   0   0   0     0.000    -0.022     0.000     0.008    -0.012     0.010     0.001
   7 0 0 0 1 1 1 1  24  16  31   0   0   0   0     5.306    58.903     5.451     0.000     0.000     0.000     0.000   0   0   0   0   0   0   0     0.000    -0.022     0.000    -0.005    -0.178    -0.007     0.010
   7 0 0 0 1 1 1 1  11   0  24   0   0   0   0    47.865    21.166     5.318     0.000     0.000     0.000     0.000   0   0   0   0   0   0   0     0.000    -0.022     0.000    -0.010     0.104    -0.021     0.004
   7 0 0 0 1 1 1 1  23  19   3   0   0   0   0     5.614    65.980    22.814     0.000     0.000     0.000     0.000   0   0   0   0   0   0   0     0.000    -0.022     0.000     0.003     0.062    -0.018    -0.001
   7 0 0 0 1 1 1 1  24  16  29   0   0   0   0     5.306    58.903     5.707     0.000     0.000     0.000     0.000   0   0   0   0   0   0   0     0.000    -0.022     0.000    -0.002    -0.056    -0.002     0.003
   7 0 0 0 1 1 1 1  24   0   4   0   0   0   0     5.306    21.166    23.727     0.000     0.000     0.000     0.000   0   0   0   0   0   0   0     0.000    -0.022     0.000     0.045    -0.093     0.008    -0.008
   7 0 0 0 1 1 1 1  11   0  13   0   0   0   0    47.865    21.166    56.171     0.000     0.000     0.000     0.000   0   0   0   0   0   0   0     0.000    -0.022     0.000    -0.009     0.099    -0.003     0.025
   7 0 0 0 1 1 1 1   3  21  25   0   0   0   0    23.118    68.081     5.962     0.000     0.000     0.000     0.000   0   0   0   0   0   0   0     0.000    -0.022     0.000    -0.017     0.005     0.000     0.008
   7 0 0 0 1 1 1 1  24  16   2   0   0   0   0     5.306    58.903    23.326     0.000     0.000     0.000     0.000   0   0   0   0   0   0   0     0.000    -0.022     0.000    -0.002    -0.053     0.000     0.011
   7 0 0 0 1 1 1 1  12   0  11   0   0   0   0    49.879    21.199    47.865     0.000     0.000     0.000     0.000   0   0   0   0   0   0   0     0.000    -0.022     0.000     0.041     0.009    -0.165    -0.005
   7 0 0 0 1 1 1 1  11   0  24   0   0   0   0    47.865    21.166     5.329     0.000     0.000     0.000     0.000   0   0   0   0   0   0   0     0.000    -0.022     0.000    -0.009     0.094    -0.017     0.004
   7 0 0 0 1 1 1 1  30   1   6   0   0   0   0     4.965    21.865    19.406     0.000     0.000     0.000     0.000   0   0   0   0   0   0   0     0.000    -0.022     0.000    -0.009    -0.021     0.059     0.000
   7 0 0 0 1 1 1 1  24  16  28   0   0   0   0     5.306    58.903     5.525     0.000     0.000     0.000     0.000   0   0   0   0   0   0   0     0.000    -0.022     0.000    -0.002    -0.050    -0.002     0.003
   7 0 0 0 1 1 1 1  17   3  11   0   0   0   0    58.354    22.632    47.865     0.000     0.000     0.000     0.000   0   0   0   0   0   0   0     0.000    -0.022     0.000     0.053     0.013    -0.157    -0.004
   7 0 0 0 1 1 1 1  11   0  13   0   0   0   0    47.865    21.166    56.171     0.000     0.000     0.000     0.000   0   0   0   0   0   0   0     0.000    -0.022     0.000    -0.008     0.089    -0.003     0.023
   7 0 0 0 1 1 1 1  23  19   3   0   0   0   0     5.614    65.980    22.657     0.000     0.000     0.000     0.000   0   0   0   0   0   0   0     0.000    -0.022     0.000     0.002     0.056    -0.022    -0.002
   7 0 0 0 1 1 1 1  24  16   2   0   0   0   0     5.306    58.903    23.326     0.000     0.000     0.000     0.000   0   0   0   0   0   0   0     0.000    -0.022     0.000    -0.001    -0.048     0.000     0.010
   7 0 0 0 1 1 1 1  24  12  31   0   0   0   0     5.306    49.882     5.451     0.000     0.000     0.000     0.000   0   0   0   0   0   0   0     0.000    -0.022     0.000     0.039    -0.081    -0.006     0.008
   7 0 0 0 1 1 1 1  11   0  27   0   0   0   0    47.865    21.166     5.222     0.000     0.000     0.000     0.000   0   0   0   0   0   0   0     0.000    -0.022     0.000    -0.007     0.084     0.009    -0.006
   7 0 0 0 1 1 1 1  30   1   6   0   0   0   0     4.965    21.865    19.406     0.000     0.000     0.000     0.000   0   0   0   0   0   0   0     0.000    -0.022     0.000    -0.008    -0.020     0.053     0.000
   7 0 0 0 1 1 1 1  26  30   0   0   0   0   0     5.886     4.965    21.277     0.000     0.000     0.000     0.000   0   0   0   0   0   0   0     0.000    -0.022     0.000     0.004    -0.011     0.004    -0.001
   7 0 0 0 1 1 1 1  24  16   4   0   0   0   0     5.306    58.903    23.727     0.000     0.000     0.000     0.000   0   0   0   0   0   0   0     0.000    -0.022     0.000    -0.002    -0.145     0.007    -0.007
   7 0 0 0 1 1 1 1  11   0  12   0   0   0   0    47.865    21.166    50.119     0.000     0.000     0.000     0.000   0   0   0   0   0   0   0     0.000    -0.022     0.000    -0.007     0.080    -0.009     0.006
   7 0 0 0 1 1 1 1  25  27  26   0   0   0   0     5.913     5.262     5.916     0.000     0.000     0.000     0.000   0   0   0   0   0   0   0     0.000    -0.022     0.000    -0.011    -0.000     0.002     0.009
   7 0 0 0 1 1 1 1  24  16   2   0   0   0   0     5.306    58.903    23.326     0.000     0.000     0.000     0.000   0   0   0   0   0   0   0     0.000    -0.022     0.000    -0.001    -0.045     0.000     0.009
   7 0 0 0 1 1 1 1  12   0  11   0   0   0   0    49.879    21.171    47.865     0.000     0.000     0.000     0.000   0   0   0   0   0   0   0     0.000    -0.022     0.000     0.047     0.010    -0.137    -0.004
   7 0 0 0 1 1 1 1   4  21  27   0   0   0   0    22.675    68.081     5.285     0.000     0.000     0.000     0.000   0   0   0   0   0   0   0     0.000    -0.022     0.000    -0.001     0.043     0.002    -0.011
   7 0 0 0 1 1 1 1   1   3   0   0   0   0   0    21.868    22.649    21.166     0.000     0.000     0.000     0.000   0   0   0   0   0   0   0     0.000    -0.022     0.000    -0.024    -0.003    -0.016     0.004
   7 0 0 0 1 1 1 1  24  16  26   0   0   0   0     5.306    58.903     5.902     0.000     0.000     0.000     0.000   0   0   0   0   0   0   0     0.000    -0.022     0.000    -0.001    -0.043    -0.002     0.002
   7 0 0 0 1 1 1 1  24  18  30   0   0   0   0     5.343    48.951     5.373     0.000     0.000     0.000     0.000   0   0   0   0   0   0   0     0.000    -0.022     0.000    -0.028     0.026     0.001     0.010
   7 0 0 0 1 1 1 1  11   0  11   0   0   0   0    47.865    21.166    48.005     0.000     0.000     0.000     0.000   0   0   0   0   0   0   0     0.000    -0.022     0.000    -0.006     0.074    -0.022     0.002
   7 0 0 0 1 1 1 1  30   0   6   0   0   0   0     4.965    21.171    19.406     0.000     0.000     0.000     0.000   0   0   0   0   0   0   0     0.000    -0.022     0.000    -0.017    -0.007     0.050     0.000
   7 0 0 0 1 1 1 1  24  16  29   0   0   0   0     5.306    58.903     5.707     0.000     0.000     0.000     0.000   0   0   0   0   0   0   0     0.000    -0.022     0.000    -0.001    -0.041    -0.002     0.002
   7 0 0 0 1 1 1 1  24  16   4   0   0   0   0     5.306    58.903    23.727     0.000     0.000     0.000     0.000   0   0   0   0   0   0   0     0.000    -0.022     0.000    -0.002    -0.129     0.006    -0.006
   7 0 0 0 1 1 1 1  11   0  11   0   0   0   0    47.865    21.166    47.928     0.000     0.000     0.000     0.000   0   0   0   0   0   0   0     0.000    -0.022     0.000    -0.006     0.070    -0.026     0.001
   7 0 0 0 1 1 1 1  23  19   3   0   0   0   0     5.614    65.980    22.649     0.000     0.000     0.000     0.000   0   0   0   0   0   0   0     0.000    -0.022     0.000     0.002     0.048    -0.019    -0.001
   7 0 0 0 1 1 1 1  24  16   2   0   0   0   0     5.306    58.903    23.326     0.000     0.000     0.000     0.000   0   0   0   0   0   0   0     0.000    -0.022     0.000    -0.001    -0.039     0.000     0.008
   7 0 0 0 1 1 1 1  24   0   0   0   0   0   0     5.306    21.166    21.322     0.000     0.000     0.000     0.000   0   0   0   0   0   0   0     0.000    -0.022     0.000     0.033    -0.066     0.006    -0.005
   7 0 0 0 1 1 1 1   4  21  27   0   0   0   0    22.675    68.081     5.265     0.000     0.000     0.000     0.000   0   0   0   0   0   0   0     0.000    -0.022     0.000     0.000     0.037     0.003    -0.008
   7 0 0 0 1 1 1 1  25   1  11   0   0   0   0     5.962    21.868    48.594     0.000     0.000     0.000     0.000   0   0   0   0   0   0   0     0.000    -0.022     0.000    -0.008     0.000     0.009     0.004
   7 0 0 0 1 1 1 1  26   3   0   0   0   0   0     5.855    22.614    21.284     0.000     0.000     0.000     0.000   0   0   0   0   0   0   0     0.000    -0.022     0.000     0.008    -0.009     0.003    -0.001
   7 0 0 0 1 1 1 1  12   0  11   0   0   0   0    49.879    21.199    47.865     0.000     0.000     0.000     0.000   0   0   0   0   0   0   0     0.000    -0.022     0.000     0.030     0.006    -0.119    -0.004
   7 0 0 0 1 1 1 1  11   0   3   0   0   0   0    47.865    21.166    22.627     0.000     0.000     0.000     0.000   0   0   0   0   0   0   0     0.000    -0.022     0.000    -0.006     0.065    -0.027     0.001
   7 0 0 0 1 1 1 1   3   2   3   0   0   0   0    22.614    21.704    22.617     0.000     0.000     0.000     0.000   0   0   0   0   0   0   0     0.000    -0.022     0.000    -0.016    -0.002     0.045    -0.000
   7 0 0 0 1 1 1 1  24  12  11   0   0   0   0     5.306    49.882    52.654     0.000     0.000     0.000     0.000   0   0   0   0   0   0   0     0.000    -0.022     0.000     0.010    -0.019     0.000     0.007
   7 0 0 0 1 1 1 1  24  16   4   0   0   0   0     5.306    58.903    23.727     0.000     0.000     0.000     0.000   0   0   0   0   0   0   0     0.000    -0.022     0.000    -0.001    -0.113     0.005    -0.005
   7 0 0 0 1 1 1 1   4   3  27   0   0   0   0    22.675    22.614     5.287     0.000     0.000     0.000     0.000   0   0   0   0   0   0   0     0.000    -0.022     0.000    -0.016     0.020     0.001    -0.010
   7 0 0 0 1 1 1 1  25   1   0   0   0   0   0     5.962    21.868    21.755     0.000     0.000     0.000     0.000   0   0   0   0   0   0   0     0.000    -0.022     0.000    -0.007     0.000     0.003     0.009
   7 0 0 0 1 1 1 1  24  16  12   0   0   0   0     5.306    58.903    46.669     0.000     0.000     0.000     0.000   0   0   0   0   0   0   0     0.000    -0.022     0.000     0.000    -0.035     0.007     0.000
   7 0 0 0 1 1 1 1  12   0  11   0   0   0   0    49.879    21.199    47.865     0.000     0.000     0.000     0.000   0   0   0   0   0   0   0     0.000    -0.022     0.000     0.027     0.005    -0.108    -0.003
   7 0 0 0 1 1 1 1  11   0   3   0   0   0   0    47.865    21.166    22.627     0.000     0.000     0.000     0.000   0   0   0   0   0   0   0     0.000    -0.022     0.000    -0.004     0.061    -0.024     0.001
   7 0 0 0 1 1 1 1   3   2   3   0   0   0   0    22.614    21.704    22.617     0.000     0.000     0.000     0.000   0   0   0   0   0   0   0     0.000    -0.022     0.000    -0.015    -0.002     0.043    -0.000
   7 0 0 0 1 1 1 1  24  16  11   0   0   0   0     5.306    58.903    52.654     0.000     0.000     0.000     0.000   0   0   0   0   0   0   0     0.000    -0.022     0.000     0.000    -0.033    -0.000     0.006
   7 0 0 0 1 1 1 1  24  12   4   0   0   0   0     5.306    49.882    23.727     0.000     0.000     0.000     0.000   0   0   0   0   0   0   0     0.000    -0.022     0.000     0.029    -0.056     0.005    -0.004
   7 0 0 0 1 1 1 1  11   0   0   0   0   0   0    47.865    21.166    21.081     0.000     0.000     0.000     0.000   0   0   0   0   0   0   0     0.000    -0.022     0.000    -0.004     0.058     0.017    -0.002
   7 0 0 0 1 1 1 1  25  27  26   0   0   0   0     5.902     5.262     5.912     0.000     0.000     0.000     0.000   0   0   0   0   0   0   0     0.000    -0.022     0.000    -0.010     0.000     0.001     0.006
   7 0 0 0 1 1 1 1  24  16   2   0   0   0   0     5.306    58.903    23.326     0.000     0.000     0.000     0.000   0   0   0   0   0   0   0     0.000    -0.022     0.000     0.000    -0.032     0.000     0.007
   7 0 0 0 1 1 1 1  12   0  11   0   0   0   0    49.879    21.171    47.865     0.000     0.000     0.000     0.000   0   0   0   0   0   0   0     0.000    -0.022     0.000     0.034     0.006    -0.100    -0.003
   7 0 0 0 1 1 1 1  11   0  27   0   0   0   0    47.865    21.166     5.222     0.000     0.000     0.000     0.000   0   0   0   0   0   0   0     0.000    -0.022     0.000    -0.004     0.055     0.006    -0.004
   7 0 0 0 1 1 1 1  30   0   6   0   0   0   0     4.965    21.171    19.406     0.000     0.000     0.000     0.000   0   0   0   0   0   0   0     0.000    -0.022     0.000    -0.013    -0.005     0.041     0.000
   7 0 1 0 1 1 1 1  24   0  14   0   0   0   0     5.299    21.171    46.798     0.000     0.000     0.000     0.000   0   0   0   0   0   0   0     0.000    -0.010     0.000    -0.013    -0.005    -0.001     0.006
   7 0 0 0 1 1 1 1  24  18   1   0   0   0   0     5.343    48.951    22.367     0.000     0.000     0.000     0.000   0   0   0   0   0   0   0     0.000    -0.010     0.000    -0.019     0.019     0.002     0.010
   7 0 0 0 1 1 1 1   4  21  17   0   0   0   0    22.675    68.081    58.443     0.000     0.000     0.000     0.000   0   0   0   0   0   0   0     0.000    -0.010     0.000     0.000     0.028    -0.009     0.001
   7 0 0 0 1 1 1 1  28  19   3   0   0   0   0     5.425    65.980    22.649     0.000     0.000     0.000     0.000   0   0   0   0   0   0   0     0.000    -0.010     0.000     0.002     0.039    -0.019    -0.000
   7 0 0 0 1 1 1 1  24  12   0   0   0   0   0     5.343    49.879    21.084     0.000     0.000     0.000     0.000   0   0   0   0   0   0   0     0.000    -0.010     0.000     0.009    -0.005    -0.003     0.001
   7 0 0 0 1 1 1 1  24  16   4   0   0   0   0     5.306    58.903    23.727     0.000     0.000     0.000     0.000   0   0   0   0   0   0   0     0.000    -0.010     0.000    -0.001    -0.094     0.004    -0.004
   7 0 0 0 1 1 1 1  11   0   0   0   0   0   0    47.865    21.166    21.081     0.000     0.000     0.000     0.000   0   0   0   0   0   0   0     0.000    -0.010     0.000    -0.003     0.051     0.016    -0.002
   7 0 0 0 1 1 1 1   3   2   3   0   0   0   0    22.614    21.704    22.617     0.000     0.000     0.000     0.000   0   0   0   0   0   0   0     0.000    -0.010     0.000    -0.013    -0.001     0.037    -0.000
   7 0 0 0 1 1 1 1  24  16  11   0   0   0   0     5.306    58.903    52.654     0.000     0.000     0.000     0.000   0   0   0   0   0   0   0     0.000    -0.010     0.000     0.000    -0.030     0.000     0.006
   7 0 0 0 1 1 1 1  24   0  12   0   0   0   0     5.306    21.166    50.385     0.000     0.000     0.000     0.000   0   0   0   0   0   0   0     0.000    -0.010     0.000     0.025    -0.047     0.004    -0.003
   7 0 0 0 1 1 1 1  11   0   3   0   0   0   0    47.865    21.166    22.627     0.000     0.000     0.000     0.000   0   0   0   0   0   0   0     0.000    -0.010     0.000    -0.003     0.048    -0.022     0.001
   7 0 0 0 1 1 1 1   3  21  11   0   0   0   0    24.269    68.081    48.594     0.000     0.000     0.000     0.000   0   0   0   0   0   0   0     0.000    -0.010     0.000    -0.003     0.003     0.007     0.003
   7 0 0 0 1 1 1 1  24  16   2   0   0   0   0     5.306    58.903    23.326     0.000     0.000     0.000     0.000   0   0   0   0   0   0   0     0.000    -0.010     0.000     0.000    -0.028     0.000     0.006
   7 0 0 0 1 1 1 1  12   0  11   0   0   0   0    49.879    21.199    47.865     0.000     0.000     0.000     0.000   0   0   0   0   0   0   0     0.000    -0.010     0.000     0.021     0.003    -0.087    -0.002
   7 0 0 0 1 1 1 1  11   0   3   0   0   0   0    47.865    21.166    22.627     0.000     0.000     0.000     0.000   0   0   0   0   0   0   0     0.000    -0.010     0.000    -0.003     0.046    -0.020     0.001
   7 0 0 0 1 1 1 1  29  21   1   0   0   0   0     5.657    68.081    22.383     0.000     0.000     0.000     0.000   0   0   0   0   0   0   0     0.000    -0.010     0.000    -0.012     0.005     0.001     0.006
   7 0 0 1 1 1 1 1  11  24   1   0   0   0   0    53.441     5.305    22.383     0.000     0.000     0.000     0.000   0   0   0   0   0   0   0     0.000    -0.010    -0.009     0.008    -0.000     0.001     0.006
   7 0 0 0 1 1 1 1  24  16   4   0   0   0   0     5.306    58.903    23.727     0.000     0.000     0.000     0.000   0   0   0   0   0   0   0     0.000    -0.010    -0.009     0.000    -0.082     0.004    -0.004
   7 0 0 0 1 1 1 1   4  21  25   0   0   0   0    22.675    68.081     5.846     0.000     0.000     0.000     0.000   0   0   0   0   0   0   0     0.000    -0.010    -0.009     0.000     0.024    -0.008     0.001
   7 0 0 0 1 1 1 1  30   0   6   0   0   0   0     4.965    21.171    19.406     0.000     0.000     0.000     0.000   0   0   0   0   0   0   0     0.000    -0.010    -0.009    -0.011    -0.005     0.035     0.000
   7 0 0 0 1 1 1 1  24  16  13   0   0   0   0     5.306    58.903    52.386     0.000     0.000     0.000     0.000   0   0   0   0   0   0   0     0.000    -0.010    -0.009     0.000    -0.027    -0.001     0.002
   7 0 0 0 1 1 1 1  24  16   0   0   0   0   0     5.306    58.903    21.322     0.000     0.000     0.000     0.000   0   0   0   0   0   0   0     0.000    -0.010    -0.009     0.000    -0.078     0.004    -0.003
   7 0 1 0 1 1 1 1   0  16  11   0   0   0   0    21.080    58.903    47.865     0.000     0.000     0.000     0.000   0   0   0   0   0   0   0     0.000     0.014    -0.009     0.000    -0.078     0.019    -0.002
   7 0 0 0 1 1 1 1  23  19   3   0   0   0   0     5.614    65.980    22.668     0.000     0.000     0.000     0.000   0   0   0   0   0   0   0     0.000     0.014    -0.009     0.001     0.033    -0.011    -0.000
   7 0 0 1 1 1 1 1  11  14   3   0   0   0   0    53.441    46.798    22.668     0.000     0.000     0.000     0.000   0   0   0   0   0   0   0     0.000     0.014    -0.009    -0.000     0.005    -0.011    -0.000
   7 0 0 0 1 1 1 1  12   0  11   0   0   0   0    49.879    21.171    47.865     0.000     0.000     0.000     0.000   0   0   0   0   0   0   0     0.000     0.014    -0.009     0.028     0.005    -0.074    -0.002
   7 0 0 0 1 1 1 1   6  23   0   0   0   0   0    20.309     5.693    21.216     0.000     0.000     0.000     0.000   0   0   0   0   0   0   0     0.000     0.014    -0.009    -0.000     0.012    -0.009    -0.002
   7 0 0 0 1 1 1 1  30   0   6   0   0   0   0     4.965    21.171    19.406     0.000     0.000     0.000     0.000   0   0   0   0   0   0   0     0.000     0.014    -0.009    -0.010    -0.004     0.031     0.000
   7 0 0 0 1 1 1 1  24  16   2   0   0   0   0     5.306    58.903    23.326     0.000     0.000     0.000     0.000   0   0   0   0   0   0   0     0.000     0.014    -0.009     0.000    -0.026     0.000     0.006
   7 0 0 0 1 1 1 1  24  12  24   0   0   0   0     5.306    49.882     5.343     0.000     0.000     0.000     0.000   0   0   0   0   0   0   0     0.000     0.014    -0.009     0.021    -0.038    -0.005     0.002
   7 0 0 0 1 1 1 1  11   0   3   0   0   0   0    47.865    21.166    22.627     0.000     0.000     0.000     0.000   0   0   0   0   0   0   0     0.000     0.014    -0.009    -0.004     0.041    -0.019     0.001
   7 0 0 0 1 1 1 1  25  27  26   0   0   0   0     5.837     5.262     5.912     0.000     0.000     0.000     0.000   0   0   0   0   0   0   0     0.000     0.014    -0.009    -0.012    -0.000     0.000     0.004
   7 0 0 1 1 1 1 1  11  24  26   0   0   0   0    53.441     5.305     5.912     0.000     0.000     0.000     0.000   0   0   0   0   0   0   0     0.000     0.014    -0.008     0.007    -0.000     0.000     0.004
   7 0 0 0 1 1 1 1  27   0  17   0   0   0   0     5.262    21.172    58.354     0.000     0.000     0.000     0.000   0   0   0   0   0   0   0     0.000     0.014    -0.008     0.014     0.002     0.005    -0.016
   7 0 0 0 1 1 1 1  11  14   3   0   0   0   0    47.865    46.798    22.627     0.000     0.000     0.000     0.000   0   0   0   0   0   0   0     0.000     0.014    -0.008     0.039    -0.004    -0.017     0.001
   7 0 0 0 1 1 1 1  28  19   3   0   0   0   0     5.425    65.980    22.649     0.000     0.000     0.000     0.000   0   0   0   0   0   0   0     0.000     0.014    -0.008     0.001     0.030    -0.015    -0.000
   7 0 0 0 1 1 1 1  26   3   0   0   0   0   0     5.886    22.614    21.202     0.000     0.000     0.000     0.000   0   0   0   0   0   0   0     0.000     0.014    -0.008     0.006    -0.005     0.005     0.000
   7 0 0 0 1 1 1 1  24  16  22   0   0   0   0     5.306    58.903     5.047     0.000     0.000     0.000     0.000   0   0   0   0   0   0   0     0.000     0.014    -0.008     0.001    -0.068    -0.002     0.003
   7 0 0 0 1 1 1 1   6  23   0   0   0   0   0    20.309     5.723    21.199     0.000     0.000     0.000     0.000   0   0   0   0   0   0   0     0.000     0.014    -0.008    -0.000     0.012    -0.011    -0.005
   7 0 0 0 1 1 1 1  30   0   6   0   0   0   0     4.965    21.171    19.406     0.000     0.000     0.000     0.000   0   0   0   0   0   0   0     0.000     0.014    -0.008    -0.009    -0.004     0.028     0.000
   7 0 0 0 1 1 1 1  24  16  11   0   0   0   0     5.306    58.903    52.654     0.000     0.000     0.000     0.000   0   0   0   0   0   0   0     0.000     0.014    -0.008     0.000    -0.024     0.000     0.005
   7 0 1 0 1 1 1 1   3  16  11   0   0   0   0    22.612    58.903    47.865     0.000     0.000     0.000     0.000   0   0   0   0   0   0   0     0.000     0.024    -0.008     0.000    -0.024    -0.064    -0.000
   7 0 0 0 1 1 1 1  11   0   3   0   0   0   0    47.865    21.166    22.681     0.000     0.000     0.000     0.000   0   0   0   0   0   0   0     0.000     0.024    -0.008    -0.004     0.037    -0.010     0.001
   7 0 0 0 1 1 1 1  25  11  26   0   0   0   0     5.913    47.865     5.919     0.000     0.000     0.000     0.000   0   0   0   0   0   0   0     0.000     0.024    -0.008     0.007    -0.003     0.001     0.005
   7 0 0 0 1 1 1 1  24  16  13   0   0   0   0     5.306    58.903    52.386     0.000     0.000     0.000     0.000   0   0   0   0   0   0   0     0.000     0.024    -0.008     0.000    -0.023    -0.000     0.002
   7 0 0 0 1 1 1 1  24   0   1   0   0   0   0     5.306    21.166    22.367     0.000     0.000     0.000     0.000   0   0   0   0   0   0   0     0.000     0.024    -0.008     0.019    -0.033    -0.000     0.007
   7 0 0 0 1 1 1 1  11   0  27   0   0   0   0    47.865    21.166     5.222     0.000     0.000     0.000     0.000   0   0   0   0   0   0   0     0.000     0.024    -0.008    -0.003     0.035     0.004    -0.003
   7 0 0 0 1 1 1 1  30   1   6   0   0   0   0     4.965    21.865    19.406     0.000     0.000     0.000     0.000   0   0   0   0   0   0   0     0.000     0.024    -0.008    -0.003    -0.009     0.027     0.000
   7 0 0 1 1 1 1 1  11  24   6   0   0   0   0    53.441     5.305    19.406     0.000     0.000     0.000     0.000   0   0   0   0   0   0   0     0.000     0.024    -0.007     0.007    -0.000     0.027     0.000
   7 0 1 0 1 1 1 1   3  24  11   0   0   0   0    22.612     5.305    47.865     0.000     0.000     0.000     0.000   0   0   0   0   0   0   0     0.000     0.021    -0.007     0.007    -0.000    -0.060     0.000
   7 0 1 0 1 1 1 1   0  24  21   0   0   0   0    21.080     5.305    68.081     0.000     0.000     0.000     0.000   0   0   0   0   0   0   0     0.000     0.011    -0.007     0.007    -0.000    -0.002     0.006
   7 0 0 0 1 1 1 1   4  21  11   0   0   0   0    23.796    68.081    48.594     0.000     0.000     0.000     0.000   0   0   0   0   0   0   0     0.000     0.011    -0.007    -0.002     0.002     0.005     0.002
   7 0 0 0 1 1 1 1  24  16   2   0   0   0   0     5.306    58.903    23.326     0.000     0.000     0.000     0.000   0   0   0   0   0   0   0     0.000     0.011    -0.007     0.000    -0.022     0.000     0.005
   7 0 0 0 1 1 1 1  27  24  23   0   0   0   0     5.262     5.348     5.616     0.000     0.000     0.000     0.000   0   0   0   0   0   0   0     0.000     0.011    -0.007     0.010     0.001    -0.015     0.002
   7 0 0 0 1 1 1 1  11   0  11   0   0   0   0    47.865    21.166    47.956     0.000     0.000     0.000     0.000   0   0   0   0   0   0   0     0.000     0.011    -0.007    -0.003     0.033    -0.012     0.001
   7 0 0 0 1 1 1 1   3  21   1   0   0   0   0    22.955    68.081    22.367     0.000     0.000     0.000     0.000   0   0   0   0   0   0   0     0.000     0.011    -0.007    -0.009     0.004     0.000     0.004
   7 0 0 0 1 1 1 1  24  16  11   0   0   0   0     5.306    58.903    52.654     0.000     0.000     0.000     0.000   0   0   0   0   0   0   0     0.000     0.011    -0.007     0.000    -0.021     0.000     0.004
   7 0 1 0 1 1 1 1   3  16  11   0   0   0   0    22.612    58.903    47.865     0.000     0.000     0.000     0.000   0   0   0   0   0   0   0     0.000     0.020    -0.007     0.000    -0.021    -0.056     0.000
