  240
   1 1   0     0.000   0     4.932
   1 1   0     0.000   0     5.612
   1 1   0     0.000   0     5.828
   1 1   0     0.000   0     6.047
   7 0 0 1 1 1 0 0  17   2   0   0   0   0   0    59.879    21.592     0.000     0.000     0.000     0.000     0.000   0   0   0   0   0   0   0     0.000     0.000     0.586    -0.208    -0.022     0.000     0.000
   7 0 0 0 1 1 1 1   0  14   2   0   0   0   0    21.334    45.935    22.722     0.000     0.000     0.000     0.000   0   0   0   0   0   0   0     0.000     0.000     0.586    -0.061    -0.218     0.124     0.033
   7 0 1 0 1 1 1 1   2  14  17   0   0   0   0    21.592    45.935    59.879     0.000     0.000     0.000     0.000   0   0   0   0   0   0   0     0.000    -0.212     0.586    -0.061    -0.218     0.018    -0.098
   7 0 0 1 1 1 1 1  17   2  17   0   0   0   0    59.879    21.592    59.879     0.000     0.000     0.000     0.000   0   0   0   0   0   0   0     0.000    -0.212    -0.558    -0.328     0.052     0.018    -0.098
   7 0 0 1 1 1 1 1  17   2  17   0   0   0   0    59.879    21.592    59.879     0.000     0.000     0.000     0.000   0   0   0   0   0   0   0     0.000    -0.212     0.557    -0.198    -0.020     0.018    -0.098
   7 0 0 0 1 1 1 1  14   2  14   0   0   0   0    42.978    22.722    45.935     0.000     0.000     0.000     0.000   0   0   0   0   0   0   0     0.000    -0.212     0.557     0.118     0.030    -0.056    -0.202
   7 0 1 0 1 1 1 1   2   2  17   0   0   0   0    21.592    22.722    59.879     0.000     0.000     0.000     0.000   0   0   0   0   0   0   0     0.000    -0.202     0.557     0.118     0.030     0.016    -0.093
   7 0 1 0 1 1 1 1  27   2   2   0   0   0   0     5.140    22.722    21.592     0.000     0.000     0.000     0.000   0   0   0   0   0   0   0     0.000    -0.530     0.557     0.118     0.030    -0.312     0.047
   7 0 0 1 1 1 1 1  17   2   2   0   0   0   0    59.879    21.592    21.592     0.000     0.000     0.000     0.000   0   0   0   0   0   0   0     0.000    -0.530     0.529    -0.188    -0.018    -0.312     0.047
   7 0 0 0 1 1 1 1  14   2   0   0   0   0   0    42.978    22.722    21.133     0.000     0.000     0.000     0.000   0   0   0   0   0   0   0     0.000    -0.530     0.529     0.112     0.027    -0.075    -0.240
   7 0 1 0 1 1 1 1   2   2  17   0   0   0   0    21.592    22.722    59.879     0.000     0.000     0.000     0.000   0   0   0   0   0   0   0     0.000    -0.191     0.529     0.112     0.027     0.015    -0.089
   7 0 0 1 1 1 1 1  17  14  17   0   0   0   0    59.879    48.098    59.879     0.000     0.000     0.000     0.000   0   0   0   0   0   0   0     0.000    -0.191    -0.503     0.042    -0.296     0.015    -0.089
   7 0 0 1 1 1 1 1  17  14  17   0   0   0   0    59.879    48.098    59.879     0.000     0.000     0.000     0.000   0   0   0   0   0   0   0     0.000    -0.191     0.502    -0.016    -0.178     0.015    -0.089
   7 0 1 0 1 1 1 1   2  14   0   0   0   0   0    21.900    48.098    21.329     0.000     0.000     0.000     0.000   0   0   0   0   0   0   0     0.000    -0.177     0.502    -0.016    -0.178    -0.046     0.031
   7 0 0 0 1 1 1 1   2   0  17   0   0   0   0    21.900    20.828    59.879     0.000     0.000     0.000     0.000   0   0   0   0   0   0   0     0.000    -0.177     0.502    -0.047    -0.182     0.019    -0.084
   7 0 1 0 1 1 1 1  27   0   2   0   0   0   0     5.140    20.828    21.592     0.000     0.000     0.000     0.000   0   0   0   0   0   0   0     0.000    -0.478     0.502    -0.047    -0.182    -0.281     0.038
   7 0 0 1 1 1 1 1  17   2   2   0   0   0   0    59.879    21.592    21.592     0.000     0.000     0.000     0.000   0   0   0   0   0   0   0     0.000    -0.478     0.477    -0.169    -0.015    -0.281     0.038
   7 0 0 0 1 1 1 1   2   2   0   0   0   0   0    21.900    21.592    21.329     0.000     0.000     0.000     0.000   0   0   0   0   0   0   0     0.000    -0.478     0.477    -0.219    -0.072    -0.042     0.028
   7 0 1 0 1 1 1 1   2   2  17   0   0   0   0    21.592    21.592    59.879     0.000     0.000     0.000     0.000   0   0   0   0   0   0   0     0.000    -0.173     0.477    -0.219    -0.072     0.012    -0.080
   7 0 0 1 1 1 1 1  17   0  17   0   0   0   0    59.879    21.133    59.879     0.000     0.000     0.000     0.000   0   0   0   0   0   0   0     0.000    -0.173    -0.454     0.162    -0.017     0.012    -0.080
   7 0 1 0 1 1 1 1  27   0   2   0   0   0   0     5.140    21.133    21.592     0.000     0.000     0.000     0.000   0   0   0   0   0   0   0     0.000     0.453    -0.454     0.162    -0.017    -0.161    -0.013
   7 0 0 0 1 1 1 1   2   0   0   0   0   0   0    21.900    20.828    21.329     0.000     0.000     0.000     0.000   0   0   0   0   0   0   0     0.000     0.453    -0.454    -0.067    -0.208    -0.039     0.025
   7 0 0 0 1 1 1 1   2   2  17   0   0   0   0    21.900    21.592    59.879     0.000     0.000     0.000     0.000   0   0   0   0   0   0   0     0.000     0.453    -0.454    -0.164    -0.045     0.016    -0.076
   7 0 0 1 1 1 1 1  17   2  17   0   0   0   0    59.879    21.592    59.879     0.000     0.000     0.000     0.000   0   0   0   0   0   0   0     0.000     0.453    -0.431    -0.266     0.033     0.016    -0.076
   7 0 1 0 1 1 1 1  27   2   2   0   0   0   0     5.140    21.592    21.592     0.000     0.000     0.000     0.000   0   0   0   0   0   0   0     0.000     0.431    -0.431    -0.266     0.033    -0.153    -0.012
   7 0 0 0 1 1 1 1   2   0  17   0   0   0   0    21.900    20.828    59.879     0.000     0.000     0.000     0.000   0   0   0   0   0   0   0     0.000     0.431    -0.431    -0.063    -0.198     0.009     0.102
   7 0 0 0 1 1 1 1   2   0  17   0   0   0   0    21.900    20.828    59.879     0.000     0.000     0.000     0.000   0   0   0   0   0   0   0     0.000     0.431    -0.431    -0.042    -0.156     0.014    -0.072
   7 0 0 1 1 1 1 1  17   2  17   0   0   0   0    59.879    21.592    59.879     0.000     0.000     0.000     0.000   0   0   0   0   0   0   0     0.000     0.431    -0.410    -0.253     0.030     0.014    -0.072
   7 0 1 0 1 1 1 1  27   2   2   0   0   0   0     5.140    21.592    21.592     0.000     0.000     0.000     0.000   0   0   0   0   0   0   0     0.000     0.409    -0.410    -0.253     0.030    -0.145    -0.011
   7 0 0 0 1 1 1 1   2   2  17   0   0   0   0    21.900    21.592    59.879     0.000     0.000     0.000     0.000   0   0   0   0   0   0   0     0.000     0.409    -0.410    -0.188    -0.059     0.008     0.097
   7 0 0 0 1 1 1 1   2   0  17   0   0   0   0    21.900    20.828    59.879     0.000     0.000     0.000     0.000   0   0   0   0   0   0   0     0.000     0.409    -0.410    -0.039    -0.148     0.013    -0.069
   7 0 0 1 1 1 1 1  17   0  17   0   0   0   0    59.879    21.133    59.879     0.000     0.000     0.000     0.000   0   0   0   0   0   0   0     0.000     0.409    -0.389     0.143    -0.019     0.013    -0.069
   7 0 1 0 1 1 1 1  27   0  14   0   0   0   0     5.140    21.133    48.098     0.000     0.000     0.000     0.000   0   0   0   0   0   0   0     0.000     0.389    -0.389     0.143    -0.019    -0.010    -0.138
   7 0 0 0 1 1 1 1   0   0   2   0   0   0   0    21.334    21.133    22.722     0.000     0.000     0.000     0.000   0   0   0   0   0   0   0     0.000     0.389    -0.389    -0.050    -0.178     0.092     0.015
   7 0 1 0 1 1 1 1   2   0  17   0   0   0   0    21.592    21.133    59.879     0.000     0.000     0.000     0.000   0   0   0   0   0   0   0     0.000    -0.141    -0.389    -0.050    -0.178     0.008    -0.065
   7 0 1 0 1 1 1 1  27   0   2   0   0   0   0     5.140    21.133    21.592     0.000     0.000     0.000     0.000   0   0   0   0   0   0   0     0.000    -0.370    -0.389    -0.050    -0.178    -0.239     0.026
   7 0 0 1 1 1 1 1  17   2   2   0   0   0   0    59.879    21.592    21.592     0.000     0.000     0.000     0.000   0   0   0   0   0   0   0     0.000    -0.370     0.369    -0.131    -0.009    -0.239     0.026
   7 0 0 0 1 1 1 1  14  27   0   0   0   0   0    45.935     5.140    20.828     0.000     0.000     0.000     0.000   0   0   0   0   0   0   0     0.000    -0.370     0.369     0.087     0.007    -0.051    -0.169
   7 0 0 0 1 1 1 1   2   2  17   0   0   0   0    21.900    21.592    59.879     0.000     0.000     0.000     0.000   0   0   0   0   0   0   0     0.000    -0.370     0.369    -0.134    -0.037     0.011    -0.062
   7 0 0 1 1 1 1 1  17   0  17   0   0   0   0    59.879    21.133    59.879     0.000     0.000     0.000     0.000   0   0   0   0   0   0   0     0.000    -0.370    -0.351     0.128    -0.019     0.011    -0.062
   7 0 0 1 1 1 1 1  17   2  17   0   0   0   0    59.879    21.592    59.879     0.000     0.000     0.000     0.000   0   0   0   0   0   0   0     0.000    -0.370     0.351    -0.125    -0.008     0.011    -0.062
   7 0 0 0 1 1 1 1  14   2   0   0   0   0   0    42.978    22.722    21.133     0.000     0.000     0.000     0.000   0   0   0   0   0   0   0     0.000    -0.370     0.351     0.083     0.013    -0.044    -0.161
   7 0 0 0 1 1 1 1   2   0  17   0   0   0   0    21.900    20.828    59.879     0.000     0.000     0.000     0.000   0   0   0   0   0   0   0     0.000    -0.370     0.351    -0.034    -0.127     0.010    -0.059
   7 0 0 1 1 1 1 1  17   2  17   0   0   0   0    59.879    21.592    59.879     0.000     0.000     0.000     0.000   0   0   0   0   0   0   0     0.000    -0.370    -0.334    -0.227     0.023     0.010    -0.059
   7 0 0 1 1 1 1 1  17  14  17   0   0   0   0    59.879    48.098    59.879     0.000     0.000     0.000     0.000   0   0   0   0   0   0   0     0.000    -0.370     0.333    -0.007    -0.118     0.010    -0.059
   7 0 0 0 1 1 1 1   2   0  17   0   0   0   0    21.900    20.828    59.879     0.000     0.000     0.000     0.000   0   0   0   0   0   0   0     0.000    -0.370     0.333    -0.045    -0.153     0.005     0.079
   7 0 0 0 1 1 1 1   2   0  17   0   0   0   0    21.900    20.828    59.879     0.000     0.000     0.000     0.000   0   0   0   0   0   0   0     0.000    -0.370     0.333    -0.032    -0.121     0.009    -0.056
   7 0 0 1 1 1 1 1  17   2  17   0   0   0   0    59.879    21.592    59.879     0.000     0.000     0.000     0.000   0   0   0   0   0   0   0     0.000    -0.370    -0.317    -0.215     0.021     0.009    -0.056
   7 0 0 1 1 1 1 1  17   2  17   0   0   0   0    59.879    21.592    59.879     0.000     0.000     0.000     0.000   0   0   0   0   0   0   0     0.000    -0.370     0.317    -0.112    -0.007     0.009    -0.056
   7 0 0 0 1 1 1 1   0   0   2   0   0   0   0    21.334    21.133    22.722     0.000     0.000     0.000     0.000   0   0   0   0   0   0   0     0.000    -0.370     0.317    -0.040    -0.145     0.075     0.011
   7 0 0 1 1 1 1 1  14  17   2   0   0   0   0    48.098    59.879    22.722     0.000     0.000     0.000     0.000   0   0   0   0   0   0   0     0.000    -0.370    -0.115     0.005    -0.053     0.075     0.011
   7 0 0 1 1 1 1 1  17   0   2   0   0   0   0    59.879    21.133    22.722     0.000     0.000     0.000     0.000   0   0   0   0   0   0   0     0.000    -0.370    -0.301     0.114    -0.020     0.075     0.011
   7 0 0 1 1 1 1 1  17   2   2   0   0   0   0    59.879    21.592    22.722     0.000     0.000     0.000     0.000   0   0   0   0   0   0   0     0.000    -0.370     0.301    -0.107    -0.006     0.075     0.011
   7 0 0 0 1 1 1 1   2   2  17   0   0   0   0    21.900    21.592    59.879     0.000     0.000     0.000     0.000   0   0   0   0   0   0   0     0.000    -0.370     0.301    -0.138    -0.039     0.004     0.071
   7 0 0 0 1 1 1 1   2   0  27   0   0   0   0    21.900    20.828     5.140     0.000     0.000     0.000     0.000   0   0   0   0   0   0   0     0.000    -0.370     0.301    -0.030    -0.109    -0.050     0.007
   7 0 0 1 1 1 1 1  17   2  27   0   0   0   0    59.879    21.592     5.140     0.000     0.000     0.000     0.000   0   0   0   0   0   0   0     0.000    -0.370    -0.286    -0.203     0.018    -0.050     0.007
   7 0 1 0 1 1 1 1  27   2   2   0   0   0   0     5.140    21.592    21.592     0.000     0.000     0.000     0.000   0   0   0   0   0   0   0     0.000     0.286    -0.286    -0.203     0.018    -0.101    -0.005
   7 0 0 0 1 1 1 1   0   0   2   0   0   0   0    21.334    21.133    22.722     0.000     0.000     0.000     0.000   0   0   0   0   0   0   0     0.000     0.286    -0.286    -0.035    -0.131     0.068     0.009
   7 0 0 0 1 1 1 1   2   2  17   0   0   0   0    21.900    21.592    59.879     0.000     0.000     0.000     0.000   0   0   0   0   0   0   0     0.000     0.286    -0.286    -0.103    -0.028     0.007    -0.048
   7 0 0 1 1 1 1 1  17   2  17   0   0   0   0    59.879    21.592    59.879     0.000     0.000     0.000     0.000   0   0   0   0   0   0   0     0.000     0.286    -0.272    -0.193     0.016     0.007    -0.048
   7 0 0 1 1 1 1 1  17   2  17   0   0   0   0    59.879    21.592    59.879     0.000     0.000     0.000     0.000   0   0   0   0   0   0   0     0.000     0.286     0.272    -0.096    -0.005     0.007    -0.048
   7 0 0 0 1 1 1 1   0   0   2   0   0   0   0    21.334    21.133    22.722     0.000     0.000     0.000     0.000   0   0   0   0   0   0   0     0.000     0.286     0.272    -0.032    -0.124     0.064     0.009
   7 0 1 0 1 1 1 1   2   0  17   0   0   0   0    21.592    21.133    59.879     0.000     0.000     0.000     0.000   0   0   0   0   0   0   0     0.000    -0.098     0.272    -0.032    -0.124     0.003    -0.045
   7 0 0 1 1 1 1 1  17   0  17   0   0   0   0    59.879    21.133    59.879     0.000     0.000     0.000     0.000   0   0   0   0   0   0   0     0.000    -0.098    -0.258     0.101    -0.020     0.003    -0.045
   7 0 0 1 1 1 1 1  17   2  17   0   0   0   0    59.879    21.592    59.879     0.000     0.000     0.000     0.000   0   0   0   0   0   0   0     0.000    -0.098     0.258    -0.092    -0.004     0.003    -0.045
   7 0 0 0 1 1 1 1   2   0  17   0   0   0   0    21.900    20.828    59.879     0.000     0.000     0.000     0.000   0   0   0   0   0   0   0     0.000    -0.098     0.258    -0.032    -0.118     0.003     0.061
   7 0 0 0 1 1 1 1   2   2  17   0   0   0   0    21.900    21.592    59.879     0.000     0.000     0.000     0.000   0   0   0   0   0   0   0     0.000    -0.098     0.258    -0.093    -0.027     0.006    -0.043
   7 0 0 1 1 1 1 1  17   2  17   0   0   0   0    59.879    21.592    59.879     0.000     0.000     0.000     0.000   0   0   0   0   0   0   0     0.000    -0.098    -0.245    -0.183     0.015     0.006    -0.043
   7 0 0 1 1 1 1 1  17   2  17   0   0   0   0    59.879    21.592    59.879     0.000     0.000     0.000     0.000   0   0   0   0   0   0   0     0.000    -0.098     0.245    -0.087    -0.004     0.006    -0.043
   7 0 0 0 1 1 1 1   0   2   2   0   0   0   0    21.334    21.592    22.722     0.000     0.000     0.000     0.000   0   0   0   0   0   0   0     0.000    -0.098     0.245    -0.112    -0.029     0.058     0.007
   7 0 0 0 1 1 1 1   2   2  17   0   0   0   0    21.900    21.592    59.879     0.000     0.000     0.000     0.000   0   0   0   0   0   0   0     0.000    -0.098     0.245    -0.089    -0.025     0.005    -0.041
   7 0 0 1 1 1 1 1  17  24  17   0   0   0   0    59.879     5.359    59.879     0.000     0.000     0.000     0.000   0   0   0   0   0   0   0     0.000    -0.098    -0.233    -0.043     0.044     0.005    -0.041
   7 0 1 0 1 1 1 1  27  24   2   0   0   0   0     5.140     5.359    21.592     0.000     0.000     0.000     0.000   0   0   0   0   0   0   0     0.000     0.233    -0.233    -0.043     0.044    -0.083    -0.004
   7 0 0 0 1 1 1 1   2   2  17   0   0   0   0    21.900    21.592    59.879     0.000     0.000     0.000     0.000   0   0   0   0   0   0   0     0.000     0.233    -0.233    -0.107    -0.028     0.003     0.055
   7 0 0 0 1 1 1 1   2   0  17   0   0   0   0    21.900    20.828    59.879     0.000     0.000     0.000     0.000   0   0   0   0   0   0   0     0.000     0.233    -0.233    -0.023    -0.084     0.005    -0.039
   7 0 0 1 1 1 1 1  17   2  17   0   0   0   0    59.879    21.592    59.879     0.000     0.000     0.000     0.000   0   0   0   0   0   0   0     0.000     0.233    -0.221    -0.171     0.013     0.005    -0.039
   7 0 0 1 1 1 1 1  17   2  17   0   0   0   0    59.879    21.592    59.879     0.000     0.000     0.000     0.000   0   0   0   0   0   0   0     0.000     0.233     0.221    -0.078    -0.003     0.005    -0.039
   7 0 0 0 1 1 1 1   0   0   2   0   0   0   0    21.334    21.133    22.722     0.000     0.000     0.000     0.000   0   0   0   0   0   0   0     0.000     0.233     0.221    -0.026    -0.101     0.052     0.006
   7 0 1 0 1 1 1 1   2   0  17   0   0   0   0    21.592    21.133    59.879     0.000     0.000     0.000     0.000   0   0   0   0   0   0   0     0.000    -0.080     0.221    -0.026    -0.101     0.002    -0.037
   7 0 0 1 1 1 1 1  17   0  17   0   0   0   0    59.879    21.133    59.879     0.000     0.000     0.000     0.000   0   0   0   0   0   0   0     0.000    -0.080    -0.210     0.086    -0.019     0.002    -0.037
   7 0 0 1 1 1 1 1  17  31  17   0   0   0   0    59.879     5.461    59.879     0.000     0.000     0.000     0.000   0   0   0   0   0   0   0     0.000    -0.080     0.210    -0.032     0.004     0.002    -0.037
   7 0 1 0 1 1 1 1   2  31   0   0   0   0   0    21.592     5.461    21.534     0.000     0.000     0.000     0.000   0   0   0   0   0   0   0     0.000    -0.096     0.210    -0.032     0.004    -0.022     0.010
   7 0 0 0 1 1 1 1   2   2  17   0   0   0   0    21.900    21.592    59.879     0.000     0.000     0.000     0.000   0   0   0   0   0   0   0     0.000    -0.096     0.210    -0.076    -0.022     0.004    -0.035
   7 0 0 1 1 1 1 1  17   2  17   0   0   0   0    59.879    21.592    59.879     0.000     0.000     0.000     0.000   0   0   0   0   0   0   0     0.000    -0.096    -0.200    -0.162     0.011     0.004    -0.035
   7 0 0 1 1 1 1 1  17   2  17   0   0   0   0    59.879    21.592    59.879     0.000     0.000     0.000     0.000   0   0   0   0   0   0   0     0.000    -0.096     0.200    -0.073    -0.002     0.004    -0.035
   7 0 1 0 1 1 1 1   2   2   0   0   0   0   0    21.592    21.592    21.329     0.000     0.000     0.000     0.000   0   0   0   0   0   0   0     0.000    -0.092     0.200    -0.073    -0.002    -0.022     0.008
   7 0 0 0 1 1 1 1   2   2  17   0   0   0   0    21.900    21.592    59.879     0.000     0.000     0.000     0.000   0   0   0   0   0   0   0     0.000    -0.092     0.200    -0.072    -0.020     0.004    -0.033
   7 0 1 0 1 1 1 1  27   2   0   0   0   0   0     5.140    21.592    21.133     0.000     0.000     0.000     0.000   0   0   0   0   0   0   0     0.000    -0.190     0.200    -0.072    -0.020     0.078    -0.017
   7 0 0 1 1 1 1 1  17  14   0   0   0   0   0    59.879    48.098    21.133     0.000     0.000     0.000     0.000   0   0   0   0   0   0   0     0.000    -0.190     0.190    -0.002    -0.069     0.078    -0.017
   7 0 1 0 1 1 1 1   2  14  27   0   0   0   0    21.592    48.098     5.140     0.000     0.000     0.000     0.000   0   0   0   0   0   0   0     0.000    -0.087     0.190    -0.002    -0.069     0.049    -0.001
   7 0 0 0 1 1 1 1   2   2  17   0   0   0   0    21.900    21.592    59.879     0.000     0.000     0.000     0.000   0   0   0   0   0   0   0     0.000    -0.087     0.190    -0.069    -0.019     0.003    -0.032
   7 0 0 1 1 1 1 1  17   2  17   0   0   0   0    59.879    21.592    59.879     0.000     0.000     0.000     0.000   0   0   0   0   0   0   0     0.000    -0.087    -0.180    -0.153     0.010     0.003    -0.032
   7 0 1 0 1 1 1 1  27   2  16   0   0   0   0     5.140    21.592    56.078     0.000     0.000     0.000     0.000   0   0   0   0   0   0   0     0.000     0.180    -0.180    -0.153     0.010    -0.020     0.010
   7 0 0 0 1 1 1 1   2   0  17   0   0   0   0    21.900    20.828    59.879     0.000     0.000     0.000     0.000   0   0   0   0   0   0   0     0.000     0.180    -0.180    -0.022    -0.083     0.001     0.046
   7 0 1 0 1 1 1 1   2   0  26   0   0   0   0    21.592    20.828     5.911     0.000     0.000     0.000     0.000   0   0   0   0   0   0   0     0.000    -0.065    -0.180    -0.022    -0.083    -0.009     0.006
   7 0 0 1 1 1 1 1  17   2  26   0   0   0   0    59.879    21.592     5.911     0.000     0.000     0.000     0.000   0   0   0   0   0   0   0     0.000    -0.065    -0.171    -0.145     0.009    -0.009     0.006
   7 0 1 0 1 1 1 1  27   2   2   0   0   0   0     5.140    21.592    21.592     0.000     0.000     0.000     0.000   0   0   0   0   0   0   0     0.000     0.171    -0.171    -0.145     0.009    -0.065    -0.001
   7 0 1 0 1 1 1 1   2   2  11   0   0   0   0    21.592    21.592    50.101     0.000     0.000     0.000     0.000   0   0   0   0   0   0   0     0.000    -0.078    -0.171    -0.145     0.009     0.008    -0.016
   7 0 0 0 1 1 1 1   2   0  17   0   0   0   0    21.900    20.828    59.879     0.000     0.000     0.000     0.000   0   0   0   0   0   0   0     0.000    -0.078    -0.171    -0.017    -0.062     0.003    -0.030
   7 0 1 0 1 1 1 1   0   0   2   0   0   0   0    21.133    20.828    22.722     0.000     0.000     0.000     0.000   0   0   0   0   0   0   0     0.000     0.069    -0.171    -0.017    -0.062    -0.201    -0.007
   7 0 0 1 1 1 1 1  17   2   2   0   0   0   0    59.879    21.592    22.722     0.000     0.000     0.000     0.000   0   0   0   0   0   0   0     0.000     0.069     0.163    -0.062    -0.001    -0.201    -0.007
   7 0 1 0 1 1 1 1   2   2  17   0   0   0   0    21.592    21.592    59.879     0.000     0.000     0.000     0.000   0   0   0   0   0   0   0     0.000    -0.075     0.163    -0.062    -0.001    -0.001     0.044
   7 0 1 0 1 1 1 1   2   2  26   0   0   0   0    21.592    21.592     5.911     0.000     0.000     0.000     0.000   0   0   0   0   0   0   0     0.000    -0.059     0.163    -0.062    -0.001    -0.008     0.006
   7 0 0 0 1 1 1 1  30   2   0   0   0   0   0     5.364    22.722    21.351     0.000     0.000     0.000     0.000   0   0   0   0   0   0   0     0.000    -0.059     0.163    -0.187    -0.013     0.064    -0.003
   7 0 0 1 1 1 1 1  17   2   0   0   0   0   0    59.879    21.592    21.351     0.000     0.000     0.000     0.000   0   0   0   0   0   0   0     0.000    -0.059     0.154    -0.059    -0.001     0.064    -0.003
   7 0 0 0 1 1 1 1   2   2  27   0   0   0   0    21.900    21.592     5.140     0.000     0.000     0.000     0.000   0   0   0   0   0   0   0     0.000    -0.059     0.154    -0.071    -0.019     0.041     0.001
   7 0 1 0 1 1 1 1   2   2  27   0   0   0   0    21.592    21.592     5.140     0.000     0.000     0.000     0.000   0   0   0   0   0   0   0     0.000    -0.056     0.154    -0.071    -0.019    -0.028     0.001
   7 0 0 1 1 1 1 1  17  24  27   0   0   0   0    59.879     5.359     5.140     0.000     0.000     0.000     0.000   0   0   0   0   0   0   0     0.000    -0.056    -0.143    -0.032     0.029    -0.028     0.001
   7 0 0 1 1 1 1 1  17  16  27   0   0   0   0    59.879    56.078     5.140     0.000     0.000     0.000     0.000   0   0   0   0   0   0   0     0.000    -0.056     0.147    -0.016     0.010    -0.028     0.001
   7 0 0 0 1 1 1 1   0   2   2   0   0   0   0    21.334    21.592    22.722     0.000     0.000     0.000     0.000   0   0   0   0   0   0   0     0.000    -0.056     0.147    -0.067    -0.017     0.039     0.004
   7 0 0 0 1 1 1 1   2   0  17   0   0   0   0    21.900    20.828    59.879     0.000     0.000     0.000     0.000   0   0   0   0   0   0   0     0.000    -0.056     0.147    -0.015    -0.053     0.003    -0.026
   7 0 0 0 1 1 1 1  30   2   0   0   0   0   0     5.364    22.722    21.351     0.000     0.000     0.000     0.000   0   0   0   0   0   0   0     0.000    -0.056     0.147    -0.169    -0.012     0.056    -0.002
   7 0 0 1 1 1 1 1  17  14   0   0   0   0   0    59.879    48.098    21.351     0.000     0.000     0.000     0.000   0   0   0   0   0   0   0     0.000    -0.056     0.139    -0.001    -0.055     0.056    -0.002
   7 0 0 1 1 1 1 1  14  17   0   0   0   0   0    48.098    59.879    21.351     0.000     0.000     0.000     0.000   0   0   0   0   0   0   0     0.000    -0.056    -0.064    -0.001     0.037     0.056    -0.002
   7 0 0 0 1 1 1 1   2   0  27   0   0   0   0    21.900    20.828     5.140     0.000     0.000     0.000     0.000   0   0   0   0   0   0   0     0.000    -0.056    -0.064    -0.014    -0.050    -0.025     0.002
   7 0 0 0 1 1 1 1  30  14   0   0   0   0   0     5.364    41.221    21.589     0.000     0.000     0.000     0.000   0   0   0   0   0   0   0     0.000    -0.056    -0.064    -0.011    -0.158     0.047    -0.003
   7 0 0 1 1 1 1 1  17  31   0   0   0   0   0    59.879     5.461    21.589     0.000     0.000     0.000     0.000   0   0   0   0   0   0   0     0.000    -0.056     0.132    -0.021     0.004     0.047    -0.003
   7 0 0 0 1 1 1 1   2   2  17   0   0   0   0    21.900    21.592    59.879     0.000     0.000     0.000     0.000   0   0   0   0   0   0   0     0.000    -0.056     0.132    -0.061    -0.017     0.001     0.036
   7 0 0 0 1 1 1 1   2   0  27   0   0   0   0    21.900    20.828     5.140     0.000     0.000     0.000     0.000   0   0   0   0   0   0   0     0.000    -0.056     0.132    -0.013    -0.048    -0.024     0.002
   7 0 0 0 1 1 1 1  30   2   0   0   0   0   0     5.364    22.722    21.351     0.000     0.000     0.000     0.000   0   0   0   0   0   0   0     0.000    -0.056     0.132    -0.147    -0.010     0.047    -0.002
   7 0 0 1 1 1 1 1  17   2   0   0   0   0   0    59.879    21.592    21.351     0.000     0.000     0.000     0.000   0   0   0   0   0   0   0     0.000    -0.056     0.126    -0.051    -0.000     0.047    -0.002
   7 0 0 0 1 1 1 1   0   0   2   0   0   0   0    21.334    21.133    22.722     0.000     0.000     0.000     0.000   0   0   0   0   0   0   0     0.000    -0.056     0.126    -0.015    -0.058     0.034     0.003
   7 0 1 0 1 1 1 1   2   0  31   0   0   0   0    21.592    21.133     5.461     0.000     0.000     0.000     0.000   0   0   0   0   0   0   0     0.000    -0.046     0.126    -0.015    -0.058    -0.010     0.003
   7 0 0 1 1 1 1 1  17  24  31   0   0   0   0    59.879     5.345     5.461     0.000     0.000     0.000     0.000   0   0   0   0   0   0   0     0.000    -0.046    -0.113    -0.037     0.016    -0.010     0.003
   7 0 0 1 1 1 1 1  17   2  31   0   0   0   0    59.879    21.592     5.461     0.000     0.000     0.000     0.000   0   0   0   0   0   0   0     0.000    -0.046     0.120    -0.048    -0.000    -0.010     0.003
   7 0 0 0 1 1 1 1   0   2   2   0   0   0   0    21.334    21.592    22.722     0.000     0.000     0.000     0.000   0   0   0   0   0   0   0     0.000    -0.046     0.120    -0.055    -0.014     0.032     0.003
   7 0 0 1 1 1 1 1  14  31   2   0   0   0   0    48.098     5.461    22.722     0.000     0.000     0.000     0.000   0   0   0   0   0   0   0     0.000    -0.046    -0.043    -0.009     0.003     0.032     0.003
   7 0 0 0 1 1 1 1  30   2   6   0   0   0   0     5.364    22.722    20.335     0.000     0.000     0.000     0.000   0   0   0   0   0   0   0     0.000    -0.046    -0.043    -0.132    -0.009     0.002     0.066
   7 0 0 1 1 1 1 1  17  16   6   0   0   0   0    59.879    56.078    20.335     0.000     0.000     0.000     0.000   0   0   0   0   0   0   0     0.000    -0.046     0.114    -0.013     0.008     0.002     0.066
   7 0 0 1 1 1 1 1  14   0   6   0   0   0   0    48.098    21.767    20.335     0.000     0.000     0.000     0.000   0   0   0   0   0   0   0     0.000    -0.046    -0.052    -0.003     0.015     0.002     0.066
   7 0 1 0 1 1 1 1   2   0  17   0   0   0   0    21.592    21.767    59.879     0.000     0.000     0.000     0.000   0   0   0   0   0   0   0     0.000    -0.041    -0.052    -0.003     0.015     0.001    -0.023
   7 0 0 1 1 1 1 1  17  24  17   0   0   0   0    59.879     5.359    59.879     0.000     0.000     0.000     0.000   0   0   0   0   0   0   0     0.000    -0.041    -0.100    -0.023     0.021     0.001    -0.023
   7 0 0 1 1 1 1 1  17   2  17   0   0   0   0    59.879    21.592    59.879     0.000     0.000     0.000     0.000   0   0   0   0   0   0   0     0.000    -0.041     0.108    -0.045    -0.000     0.001    -0.023
   7 0 0 0 1 1 1 1   2   2  17   0   0   0   0    21.900    21.592    59.879     0.000     0.000     0.000     0.000   0   0   0   0   0   0   0     0.000    -0.041     0.108    -0.049    -0.013     0.001     0.031
   7 0 0 0 1 1 1 1   2   0  17   0   0   0   0    21.900    20.828    59.879     0.000     0.000     0.000     0.000   0   0   0   0   0   0   0     0.000    -0.041     0.108    -0.011    -0.039     0.002    -0.022
   7 0 0 0 1 1 1 1  30   2   0   0   0   0   0     5.364    22.722    20.816     0.000     0.000     0.000     0.000   0   0   0   0   0   0   0     0.000    -0.041     0.108    -0.119    -0.008     0.060     0.002
   7 0 0 1 1 1 1 1  17   2   0   0   0   0   0    59.879    21.592    20.816     0.000     0.000     0.000     0.000   0   0   0   0   0   0   0     0.000    -0.041     0.102    -0.043    -0.000     0.060     0.002
   7 0 0 0 1 1 1 1   0   0   2   0   0   0   0    21.334    21.133    22.722     0.000     0.000     0.000     0.000   0   0   0   0   0   0   0     0.000    -0.041     0.102    -0.012    -0.047     0.029     0.002
   7 0 0 0 1 1 1 1   2   0  17   0   0   0   0    21.900    20.828    59.879     0.000     0.000     0.000     0.000   0   0   0   0   0   0   0     0.000    -0.041     0.102    -0.011    -0.037     0.002    -0.021
   7 0 0 0 1 1 1 1  30   2   0   0   0   0   0     5.364    22.722    20.816     0.000     0.000     0.000     0.000   0   0   0   0   0   0   0     0.000    -0.041     0.102    -0.111    -0.008     0.056     0.002
   7 0 0 1 1 1 1 1  17  31   0   0   0   0   0    59.879     5.451    20.816     0.000     0.000     0.000     0.000   0   0   0   0   0   0   0     0.000    -0.041     0.097    -0.022     0.002     0.056     0.002
   7 0 1 0 1 1 1 1   2  31   0   0   0   0   0    21.592     5.451    21.767     0.000     0.000     0.000     0.000   0   0   0   0   0   0   0     0.000    -0.045     0.097    -0.022     0.002    -0.003     0.013
   7 0 0 0 1 1 1 1  31   2  17   0   0   0   0     5.451    21.592    59.879     0.000     0.000     0.000     0.000   0   0   0   0   0   0   0     0.000    -0.045     0.097    -0.035    -0.010     0.003    -0.020
   7 0 0 0 1 1 1 1  30   2   0   0   0   0   0     5.364    22.722    20.816     0.000     0.000     0.000     0.000   0   0   0   0   0   0   0     0.000    -0.045     0.097    -0.104    -0.007     0.052     0.002
   7 0 0 1 1 1 1 1  17  14   0   0   0   0   0    59.879    48.098    20.816     0.000     0.000     0.000     0.000   0   0   0   0   0   0   0     0.000    -0.045     0.092     0.000    -0.040     0.052     0.002
   7 0 0 0 1 1 1 1   2   2  17   0   0   0   0    21.900    21.592    59.879     0.000     0.000     0.000     0.000   0   0   0   0   0   0   0     0.000    -0.045     0.092    -0.042    -0.011     0.000     0.028
   7 0 1 0 1 1 1 1   2   2  31   0   0   0   0    21.592    21.592     5.461     0.000     0.000     0.000     0.000   0   0   0   0   0   0   0     0.000    -0.033     0.092    -0.042    -0.011    -0.008     0.002
   7 0 0 0 1 1 1 1  30   2   0   0   0   0   0     5.364    22.722    21.351     0.000     0.000     0.000     0.000   0   0   0   0   0   0   0     0.000    -0.033     0.092    -0.097    -0.006     0.032    -0.002
   7 0 1 0 1 1 1 1  27   2  16   0   0   0   0     5.140    22.722    56.787     0.000     0.000     0.000     0.000   0   0   0   0   0   0   0     0.000     0.088     0.092    -0.097    -0.006    -0.008     0.011
   7 0 0 0 1 1 1 1   0   0   2   0   0   0   0    21.334    21.133    22.722     0.000     0.000     0.000     0.000   0   0   0   0   0   0   0     0.000     0.088     0.092    -0.011    -0.040     0.026     0.002
   7 0 1 0 1 1 1 1   2   0  27   0   0   0   0    21.592    21.133     5.140     0.000     0.000     0.000     0.000   0   0   0   0   0   0   0     0.000    -0.032     0.092    -0.011    -0.040    -0.019     0.000
   7 0 0 1 1 1 1 1  17  29  27   0   0   0   0    59.879     5.725     5.140     0.000     0.000     0.000     0.000   0   0   0   0   0   0   0     0.000    -0.032    -0.074    -0.016     0.018    -0.019     0.000
   7 0 0 1 1 1 1 1  17   2  27   0   0   0   0    59.879    21.592     5.140     0.000     0.000     0.000     0.000   0   0   0   0   0   0   0     0.000    -0.032     0.083    -0.037     0.000    -0.019     0.000
   7 0 1 0 1 1 1 1   2   2   0   0   0   0   0    21.592    21.592    21.767     0.000     0.000     0.000     0.000   0   0   0   0   0   0   0     0.000    -0.038     0.083    -0.037     0.000    -0.003     0.012
   7 0 0 0 1 1 1 1  31   2  17   0   0   0   0     5.442    21.592    59.879     0.000     0.000     0.000     0.000   0   0   0   0   0   0   0     0.000    -0.038     0.083    -0.030    -0.009     0.002    -0.018
   7 0 0 0 1 1 1 1  30   2   0   0   0   0   0     5.364    22.722    20.816     0.000     0.000     0.000     0.000   0   0   0   0   0   0   0     0.000    -0.038     0.083    -0.088    -0.006     0.046     0.002
   7 0 0 1 1 1 1 1  17  16   0   0   0   0   0    59.879    56.078    20.816     0.000     0.000     0.000     0.000   0   0   0   0   0   0   0     0.000    -0.038     0.079    -0.010     0.007     0.046     0.002
   7 0 0 0 1 1 1 1   0   2  13   0   0   0   0    21.334    21.592    49.709     0.000     0.000     0.000     0.000   0   0   0   0   0   0   0     0.000    -0.038     0.079    -0.036    -0.009     0.002     0.025
   7 0 0 0 1 1 1 1  31   2  17   0   0   0   0     5.451    21.592    59.879     0.000     0.000     0.000     0.000   0   0   0   0   0   0   0     0.000    -0.038     0.079    -0.029    -0.008     0.002    -0.017
   7 0 0 0 1 1 1 1  30   2   0   0   0   0   0     5.364    22.722    20.816     0.000     0.000     0.000     0.000   0   0   0   0   0   0   0     0.000    -0.038     0.079    -0.082    -0.006     0.042     0.002
   7 0 0 1 1 1 1 1  17  14   0   0   0   0   0    59.879    48.098    20.816     0.000     0.000     0.000     0.000   0   0   0   0   0   0   0     0.000    -0.038     0.075     0.000    -0.035     0.042     0.002
   7 0 0 0 1 1 1 1   2   2  17   0   0   0   0    21.900    21.592    59.879     0.000     0.000     0.000     0.000   0   0   0   0   0   0   0     0.000    -0.038     0.075    -0.035    -0.009     0.000     0.024
   7 0 1 0 1 1 1 1   2   2  31   0   0   0   0    21.592    21.592     5.461     0.000     0.000     0.000     0.000   0   0   0   0   0   0   0     0.000    -0.027     0.075    -0.035    -0.009    -0.007     0.002
   7 0 0 0 1 1 1 1  30   2   0   0   0   0   0     5.364    22.722    20.816     0.000     0.000     0.000     0.000   0   0   0   0   0   0   0     0.000    -0.027     0.075    -0.076    -0.005     0.040     0.001
   7 0 0 1 1 1 1 1  17   2   0   0   0   0   0    59.879    21.592    20.816     0.000     0.000     0.000     0.000   0   0   0   0   0   0   0     0.000    -0.027     0.072    -0.033     0.000     0.040     0.001
   7 0 0 0 1 1 1 1   2   2  17   0   0   0   0    22.163    21.592    59.879     0.000     0.000     0.000     0.000   0   0   0   0   0   0   0     0.000    -0.027     0.072    -0.033    -0.009     0.001     0.023
   7 0 1 0 1 1 1 1   2   2  17   0   0   0   0    21.592    21.592    59.879     0.000     0.000     0.000     0.000   0   0   0   0   0   0   0     0.000    -0.026     0.072    -0.033    -0.009     0.000    -0.016
   7 0 0 0 1 1 1 1   0   0   2   0   0   0   0    21.133    20.816    22.722     0.000     0.000     0.000     0.000   0   0   0   0   0   0   0     0.000    -0.026     0.072     0.037     0.012    -0.071    -0.003
   7 0 0 1 1 1 1 1  17  16   2   0   0   0   0    59.879    56.787    22.722     0.000     0.000     0.000     0.000   0   0   0   0   0   0   0     0.000    -0.026     0.068    -0.007     0.009    -0.071    -0.003
   7 0 0 0 1 1 1 1  17  14   2   0   0   0   0    59.109    48.098    22.722     0.000     0.000     0.000     0.000   0   0   0   0   0   0   0     0.000    -0.026     0.068    -0.007    -0.031     0.022     0.002
   7 0 0 0 1 1 1 1   2   0  17   0   0   0   0    21.900    20.828    59.879     0.000     0.000     0.000     0.000   0   0   0   0   0   0   0     0.000    -0.026     0.068    -0.007    -0.025     0.001    -0.015
   7 0 0 0 1 1 1 1  30  26   0   0   0   0   0     5.364     5.911    21.611     0.000     0.000     0.000     0.000   0   0   0   0   0   0   0     0.000    -0.026     0.068    -0.048     0.008     0.019    -0.003
   7 0 0 1 1 1 1 1  17   2   0   0   0   0   0    59.879    21.592    21.611     0.000     0.000     0.000     0.000   0   0   0   0   0   0   0     0.000    -0.026     0.065    -0.031     0.000     0.019    -0.003
   7 0 0 1 1 1 1 1  14   0   0   0   0   0   0    48.098    21.767    21.611     0.000     0.000     0.000     0.000   0   0   0   0   0   0   0     0.000    -0.026    -0.030    -0.003     0.010     0.019    -0.003
   7 0 0 0 1 1 1 1  31  14  17   0   0   0   0     5.461    48.098    59.879     0.000     0.000     0.000     0.000   0   0   0   0   0   0   0     0.000    -0.026    -0.030    -0.006    -0.023     0.003    -0.015
   7 0 1 0 1 1 1 1  27  14  24   0   0   0   0     5.140    48.098     5.344     0.000     0.000     0.000     0.000   0   0   0   0   0   0   0     0.000    -0.052    -0.030    -0.006    -0.023    -0.024     0.007
   7 0 1 0 1 1 1 1  27  14   2   0   0   0   0     5.140    48.098    21.592     0.000     0.000     0.000     0.000   0   0   0   0   0   0   0     0.000     0.061    -0.030    -0.006    -0.023    -0.030     0.000
   7 0 0 0 1 1 1 1   0   0   2   0   0   0   0    21.334    21.133    22.722     0.000     0.000     0.000     0.000   0   0   0   0   0   0   0     0.000     0.061    -0.030    -0.007    -0.028     0.021     0.001
   7 0 0 0 1 1 1 1  31  14  17   0   0   0   0     5.444    48.098    59.879     0.000     0.000     0.000     0.000   0   0   0   0   0   0   0     0.000     0.061    -0.030    -0.007    -0.022     0.001    -0.014
   7 0 1 0 1 1 1 1  27  14  29   0   0   0   0     5.140    48.098     5.725     0.000     0.000     0.000     0.000   0   0   0   0   0   0   0     0.000    -0.049    -0.030    -0.007    -0.022    -0.011     0.013
   7 0 0 1 1 1 1 1  17  31  29   0   0   0   0    59.879     5.461     5.725     0.000     0.000     0.000     0.000   0   0   0   0   0   0   0     0.000    -0.049     0.058    -0.011     0.003    -0.011     0.013
   7 0 1 0 1 1 1 1   2  31   0   0   0   0   0    21.592     5.461    21.767     0.000     0.000     0.000     0.000   0   0   0   0   0   0   0     0.000    -0.027     0.058    -0.011     0.003    -0.002     0.009
   7 0 1 0 1 1 1 1   2  31  17   0   0   0   0    21.592     5.461    59.879     0.000     0.000     0.000     0.000   0   0   0   0   0   0   0     0.000    -0.021     0.058    -0.011     0.003     0.000    -0.013
   7 0 0 0 1 1 1 1  30   2   0   0   0   0   0     5.364    22.722    20.816     0.000     0.000     0.000     0.000   0   0   0   0   0   0   0     0.000    -0.021     0.058    -0.059    -0.004     0.032     0.001
   7 0 0 1 1 1 1 1  17   2   0   0   0   0   0    59.879    21.592    20.816     0.000     0.000     0.000     0.000   0   0   0   0   0   0   0     0.000    -0.021     0.055    -0.028     0.000     0.032     0.001
   7 0 0 1 1 1 1 1  14  27   0   0   0   0   0    48.098     5.140    20.816     0.000     0.000     0.000     0.000   0   0   0   0   0   0   0     0.000    -0.021    -0.025     0.020    -0.001     0.032     0.001
   7 0 0 0 1 1 1 1  31   2  17   0   0   0   0     5.461    21.592    59.879     0.000     0.000     0.000     0.000   0   0   0   0   0   0   0     0.000    -0.021    -0.025    -0.020    -0.005     0.002    -0.013
   7 0 0 0 1 1 1 1  30  26   0   0   0   0   0     5.364     5.911    20.816     0.000     0.000     0.000     0.000   0   0   0   0   0   0   0     0.000    -0.021    -0.025    -0.039     0.006     0.030     0.001
   7 0 0 1 1 1 1 1  17  16   0   0   0   0   0    59.879    56.787    20.816     0.000     0.000     0.000     0.000   0   0   0   0   0   0   0     0.000    -0.021     0.053    -0.005     0.008     0.030     0.001
   7 0 0 0 1 1 1 1  17   2   2   0   0   0   0    59.109    21.592    22.722     0.000     0.000     0.000     0.000   0   0   0   0   0   0   0     0.000    -0.021     0.053    -0.024    -0.006     0.019     0.002
   7 0 0 0 1 1 1 1  31  14  17   0   0   0   0     5.457    48.098    59.879     0.000     0.000     0.000     0.000   0   0   0   0   0   0   0     0.000    -0.021     0.053    -0.005    -0.019     0.002    -0.012
   7 0 0 1 1 1 1 1  17  24  17   0   0   0   0    59.879     5.344    59.879     0.000     0.000     0.000     0.000   0   0   0   0   0   0   0     0.000    -0.021    -0.042    -0.019     0.006     0.002    -0.012
   7 0 0 1 1 1 1 1  17   2  17   0   0   0   0    59.879    21.592    59.879     0.000     0.000     0.000     0.000   0   0   0   0   0   0   0     0.000    -0.021     0.050    -0.026     0.001     0.002    -0.012
   7 0 0 0 1 1 1 1   2   0   0   0   0   0   0    21.900    20.828    21.767     0.000     0.000     0.000     0.000   0   0   0   0   0   0   0     0.000    -0.021     0.050    -0.006    -0.023    -0.001     0.008
   7 0 1 0 1 1 1 1   2   0   6   0   0   0   0    21.592    20.828    20.197     0.000     0.000     0.000     0.000   0   0   0   0   0   0   0     0.000    -0.018     0.050    -0.006    -0.023     0.002    -0.003
   7 0 0 1 1 1 1 1  17  29   6   0   0   0   0    59.879     5.723    20.197     0.000     0.000     0.000     0.000   0   0   0   0   0   0   0     0.000    -0.018    -0.040    -0.009     0.010     0.002    -0.003
   7 0 0 1 1 1 1 1  17  31   6   0   0   0   0    59.879     5.451    20.197     0.000     0.000     0.000     0.000   0   0   0   0   0   0   0     0.000    -0.018     0.047    -0.013     0.002     0.002    -0.003
   7 0 0 0 1 1 1 1   2   0  17   0   0   0   0    22.163    21.127    59.879     0.000     0.000     0.000     0.000   0   0   0   0   0   0   0     0.000    -0.018     0.047    -0.006    -0.022     0.000     0.018
   7 0 1 0 1 1 1 1   2   0  17   0   0   0   0    21.592    21.127    59.879     0.000     0.000     0.000     0.000   0   0   0   0   0   0   0     0.000    -0.017     0.047    -0.006    -0.022     0.000    -0.011
   7 0 0 0 1 1 1 1  30   2   0   0   0   0   0     5.364    22.722    20.816     0.000     0.000     0.000     0.000   0   0   0   0   0   0   0     0.000    -0.017     0.047    -0.049    -0.003     0.027     0.001
   7 0 0 1 1 1 1 1  17   2   0   0   0   0   0    59.879    21.592    20.816     0.000     0.000     0.000     0.000   0   0   0   0   0   0   0     0.000    -0.017     0.045    -0.024     0.000     0.027     0.001
   7 0 0 0 1 1 1 1  25   2   2   0   0   0   0     5.993    21.592    22.723     0.000     0.000     0.000     0.000   0   0   0   0   0   0   0     0.000    -0.017     0.045    -0.021    -0.005     0.017     0.001
   7 0 0 0 1 1 1 1  31  14  17   0   0   0   0     5.461    48.098    59.879     0.000     0.000     0.000     0.000   0   0   0   0   0   0   0     0.000    -0.017     0.045    -0.004    -0.016     0.002    -0.011
   7 0 0 0 1 1 1 1   0   0   2   0   0   0   0    21.133    20.816    22.722     0.000     0.000     0.000     0.000   0   0   0   0   0   0   0     0.000    -0.017     0.045     0.025     0.006    -0.045    -0.001
   7 0 0 1 1 1 1 1  17  16   2   0   0   0   0    59.879    56.787    22.722     0.000     0.000     0.000     0.000   0   0   0   0   0   0   0     0.000    -0.017     0.043    -0.005     0.007    -0.045    -0.001
   7 0 1 0 1 1 1 1   2  16   0   0   0   0   0    21.592    56.787    21.767     0.000     0.000     0.000     0.000   0   0   0   0   0   0   0     0.000    -0.020     0.043    -0.005     0.007    -0.002     0.007
   7 0 0 0 1 1 1 1   2   2  27   0   0   0   0    21.900    21.592     5.140     0.000     0.000     0.000     0.000   0   0   0   0   0   0   0     0.000    -0.020     0.043    -0.016    -0.005    -0.010     0.001
   7 0 0 0 1 1 1 1  30   2   0   0   0   0   0     5.364    22.722    20.816     0.000     0.000     0.000     0.000   0   0   0   0   0   0   0     0.000    -0.020     0.043    -0.042    -0.002     0.023     0.001
   7 0 0 1 1 1 1 1  17   2   0   0   0   0   0    59.879    21.592    20.816     0.000     0.000     0.000     0.000   0   0   0   0   0   0   0     0.000    -0.020     0.041    -0.023     0.001     0.023     0.001
   7 0 0 0 1 1 1 1   2   0  17   0   0   0   0    21.900    20.828    59.879     0.000     0.000     0.000     0.000   0   0   0   0   0   0   0     0.000    -0.020     0.041    -0.005    -0.019    -0.000     0.016
   7 0 0 0 1 1 1 1  31  14  17   0   0   0   0     5.461    48.098    59.879     0.000     0.000     0.000     0.000   0   0   0   0   0   0   0     0.000    -0.020     0.041    -0.004    -0.015     0.002    -0.010
   7 0 0 0 1 1 1 1   0   0   2   0   0   0   0    21.133    20.816    22.722     0.000     0.000     0.000     0.000   0   0   0   0   0   0   0     0.000    -0.020     0.041     0.022     0.006    -0.039    -0.001
   7 0 1 0 1 1 1 1  27   0   2   0   0   0   0     5.140    20.816    21.592     0.000     0.000     0.000     0.000   0   0   0   0   0   0   0     0.000     0.039     0.041     0.022     0.006    -0.022     0.000
   7 0 0 0 1 1 1 1  25  17  11   0   0   0   0     6.007    59.879    48.505     0.000     0.000     0.000     0.000   0   0   0   0   0   0   0     0.000     0.039     0.041    -0.006     0.015     0.007     0.001
   7 0 0 0 1 1 1 1  31   2  27   0   0   0   0     5.442    21.592     5.140     0.000     0.000     0.000     0.000   0   0   0   0   0   0   0     0.000     0.039     0.041    -0.014    -0.004    -0.009     0.001
   7 0 0 0 1 1 1 1   0   0   2   0   0   0   0    21.133    20.816    22.722     0.000     0.000     0.000     0.000   0   0   0   0   0   0   0     0.000     0.039     0.041     0.020     0.005    -0.037    -0.001
   7 0 0 1 1 1 1 1  17  16   2   0   0   0   0    59.879    56.078    22.722     0.000     0.000     0.000     0.000   0   0   0   0   0   0   0     0.000     0.039     0.037    -0.005     0.004    -0.037    -0.001
   7 0 1 0 1 1 1 1   2  16  17   0   0   0   0    21.592    56.078    59.879     0.000     0.000     0.000     0.000   0   0   0   0   0   0   0     0.000    -0.017     0.037    -0.005     0.004    -0.000     0.015
   7 0 1 0 1 1 1 1   2  16   6   0   0   0   0    21.592    56.078    20.197     0.000     0.000     0.000     0.000   0   0   0   0   0   0   0     0.000    -0.013     0.037    -0.005     0.004     0.002    -0.003
   7 0 0 0 1 1 1 1  24   0  17   0   0   0   0     5.344    21.547    59.879     0.000     0.000     0.000     0.000   0   0   0   0   0   0   0     0.000    -0.013     0.037    -0.024    -0.006     0.004    -0.027
   7 0 0 1 1 1 1 1  17  14  17   0   0   0   0    59.879    48.098    59.879     0.000     0.000     0.000     0.000   0   0   0   0   0   0   0     0.000    -0.013     0.035     0.000    -0.020     0.004    -0.027
   7 0 0 1 1 1 1 1  14   0  17   0   0   0   0    48.098    21.767    59.879     0.000     0.000     0.000     0.000   0   0   0   0   0   0   0     0.000    -0.013    -0.017    -0.001     0.006     0.004    -0.027
   7 0 1 0 1 1 1 1   2   0  27   0   0   0   0    21.592    21.767     5.140     0.000     0.000     0.000     0.000   0   0   0   0   0   0   0     0.000    -0.013    -0.017    -0.001     0.006    -0.009     0.000
   7 0 0 0 1 1 1 1   0   0   2   0   0   0   0    21.133    20.816    22.722     0.000     0.000     0.000     0.000   0   0   0   0   0   0   0     0.000    -0.013    -0.017     0.019     0.004    -0.033    -0.001
   7 0 0 0 1 1 1 1  16   2   6   0   0   0   0    57.230    21.592    20.103     0.000     0.000     0.000     0.000   0   0   0   0   0   0   0     0.000    -0.013    -0.017    -0.019    -0.001     0.033     0.009
   7 0 0 0 1 1 1 1   3   0  17   0   0   0   0    23.152    21.131    59.879     0.000     0.000     0.000     0.000   0   0   0   0   0   0   0     0.000    -0.013    -0.017    -0.004    -0.016     0.000     0.014
   7 0 0 0 1 1 1 1  31   2  17   0   0   0   0     5.461    21.592    59.879     0.000     0.000     0.000     0.000   0   0   0   0   0   0   0     0.000    -0.013    -0.017    -0.012    -0.003     0.001    -0.008
   7 0 0 0 1 1 1 1  24   0  27   0   0   0   0     5.344    21.547     5.140     0.000     0.000     0.000     0.000   0   0   0   0   0   0   0     0.000    -0.013    -0.017    -0.021    -0.006    -0.024     0.004
   7 0 0 1 1 1 1 1  17  31  27   0   0   0   0    59.879     5.451     5.140     0.000     0.000     0.000     0.000   0   0   0   0   0   0   0     0.000    -0.013     0.031    -0.009     0.001    -0.024     0.004
   7 0 0 0 1 1 1 1  20  11  17   0   0   0   0    60.301    48.505    59.879     0.000     0.000     0.000     0.000   0   0   0   0   0   0   0     0.000    -0.013     0.031     0.006     0.001    -0.005     0.013
   7 0 0 0 1 1 1 1  16   2  17   0   0   0   0    56.078    21.592    59.879     0.000     0.000     0.000     0.000   0   0   0   0   0   0   0     0.000    -0.013     0.031    -0.011    -0.002     0.003    -0.008
   7 0 1 0 1 1 1 1   0   2  31   0   0   0   0    20.816    21.592     5.451     0.000     0.000     0.000     0.000   0   0   0   0   0   0   0     0.000     0.017     0.031    -0.011    -0.002    -0.017    -0.000
   7 0 0 0 1 1 1 1  16   2   6   0   0   0   0    57.230    21.592    20.103     0.000     0.000     0.000     0.000   0   0   0   0   0   0   0     0.000     0.017     0.031    -0.018    -0.001     0.030     0.008
   7 0 1 0 1 1 1 1   2   2  17   0   0   0   0    21.592    21.592    59.879     0.000     0.000     0.000     0.000   0   0   0   0   0   0   0     0.000    -0.015     0.031    -0.018    -0.001    -0.000     0.013
   7 0 0 0 1 1 1 1   2   0  17   0   0   0   0    21.900    20.828    59.879     0.000     0.000     0.000     0.000   0   0   0   0   0   0   0     0.000    -0.015     0.031    -0.003    -0.011     0.000    -0.008
   7 0 0 1 1 1 1 1  17  23  17   0   0   0   0    59.879     5.427    59.879     0.000     0.000     0.000     0.000   0   0   0   0   0   0   0     0.000    -0.015    -0.023    -0.005     0.007     0.000    -0.008
