  240
   1 1   0     0.000   0     4.803
   1 1   0     0.000   0     5.397
   1 1   0     0.000   0     5.744
   1 1   0     0.000   0     6.054
   7 0 0 0 1 1 1 1  29   1  27   0   0   0   0     5.691    22.002     5.350     0.000     0.000     0.000     0.000   0   0   0   0   0   0   0     0.000     0.000     0.000    -0.122     0.294     0.177     0.040
   7 0 0 0 1 1 1 1  11   3  25   0   0   0   0    48.766    22.363     5.703     0.000     0.000     0.000     0.000   0   0   0   0   0   0   0     0.000     0.000     0.000    -0.137    -0.040     0.025     0.169
   7 0 0 0 1 1 1 1  24   1   4   0   0   0   0     5.181    21.965    22.677     0.000     0.000     0.000     0.000   0   0   0   0   0   0   0     0.000     0.000     0.000    -0.149    -0.300     0.020     0.143
   7 0 0 0 1 1 1 1  29  29  28   0   0   0   0     5.574     5.287     5.600     0.000     0.000     0.000     0.000   0   0   0   0   0   0   0     0.000     0.000     0.000    -0.656    -0.281     0.025     0.187
   7 0 0 0 1 1 1 1  29   1  15   0   0   0   0     5.691    22.002    53.671     0.000     0.000     0.000     0.000   0   0   0   0   0   0   0     0.000     0.000     0.000    -0.110     0.280     0.037     0.166
   7 0 0 0 1 1 1 1  11  18  25   0   0   0   0    48.766    49.051     5.703     0.000     0.000     0.000     0.000   0   0   0   0   0   0   0     0.000     0.000     0.000    -0.032    -0.122     0.022     0.153
   7 0 0 0 1 1 1 1  11   1  25   0   0   0   0    45.334    21.965     5.703     0.000     0.000     0.000     0.000   0   0   0   0   0   0   0     0.000     0.000     0.000    -0.140    -0.276     0.017     0.130
   7 0 0 0 1 1 1 1  29   3  11   0   0   0   0     5.539    22.027    50.004     0.000     0.000     0.000     0.000   0   0   0   0   0   0   0     0.000     0.000     0.000    -0.604    -0.267    -0.007     0.165
   7 0 0 0 1 1 1 1  29   1  15   0   0   0   0     5.691    22.002    53.671     0.000     0.000     0.000     0.000   0   0   0   0   0   0   0     0.000     0.000     0.000    -0.099     0.266     0.033     0.151
   7 0 0 0 1 1 1 1  11   1  25   0   0   0   0    48.766    21.878     5.666     0.000     0.000     0.000     0.000   0   0   0   0   0   0   0     0.000     0.000     0.000    -0.036    -0.114     0.019     0.136
   7 0 0 0 1 1 1 1  25   4  25   0   0   0   0     5.400    22.313     5.703     0.000     0.000     0.000     0.000   0   0   0   0   0   0   0     0.000     0.000     0.000    -0.191    -0.073     0.021     0.118
   7 0 0 0 1 1 1 1  29   1  29   0   0   0   0     5.552    21.977     5.754     0.000     0.000     0.000     0.000   0   0   0   0   0   0   0     0.000     0.000     0.000    -0.242    -0.596     0.046     0.172
   7 0 0 0 1 1 1 1  29   1  27   0   0   0   0     5.715    22.002     5.350     0.000     0.000     0.000     0.000   0   0   0   0   0   0   0     0.000     0.000     0.000    -0.081     0.252     0.133     0.034
   7 0 0 0 1 1 1 1  11   1   3   0   0   0   0    48.766    21.897    22.685     0.000     0.000     0.000     0.000   0   0   0   0   0   0   0     0.000     0.000     0.000    -0.041    -0.107     0.016     0.120
   7 0 0 0 1 1 1 1  24   1   3   0   0   0   0     5.181    21.965    22.509     0.000     0.000     0.000     0.000   0   0   0   0   0   0   0     0.000     0.000     0.000    -0.110    -0.239     0.012     0.100
   7 0 0 0 1 1 1 1  29   2  32   0   0   0   0     5.539    21.534     4.241     0.000     0.000     0.000     0.000   0   0   0   0   0   0   0     0.000     0.000     0.000    -0.551    -0.224     0.019     0.145
   7 0 0 0 1 1 1 1  29   1  15   0   0   0   0     5.672    22.002    53.965     0.000     0.000     0.000     0.000   0   0   0   0   0   0   0     0.000     0.000     0.000    -0.086     0.240     0.027     0.130
   7 0 0 0 1 1 1 1  25  18  25   0   0   0   0     5.591    49.051     5.703     0.000     0.000     0.000     0.000   0   0   0   0   0   0   0     0.000     0.000     0.000    -0.017    -0.091     0.023     0.114
   7 0 0 0 1 1 1 1  25   1  31   0   0   0   0     5.417    21.977     5.387     0.000     0.000     0.000     0.000   0   0   0   0   0   0   0     0.000     0.000     0.000    -0.092    -0.236     0.019     0.097
   7 0 0 0 1 1 1 1  29  23  29   0   0   0   0     5.593     5.552     5.754     0.000     0.000     0.000     0.000   0   0   0   0   0   0   0     0.000     0.000     0.000    -0.318    -0.090     0.044     0.141
   7 0 0 0 1 1 1 1  27   2  18   0   0   0   0     5.191    21.760    48.920     0.000     0.000     0.000     0.000   0   0   0   0   0   0   0     0.000     0.000     0.000     0.203     0.102     0.021    -0.093
   7 0 0 0 1 1 1 1  11  19  25   0   0   0   0    48.766    66.202     5.703     0.000     0.000     0.000     0.000   0   0   0   0   0   0   0     0.000     0.000     0.000    -0.082    -0.015     0.015     0.104
   7 0 0 0 1 1 1 1  24   0   3   0   0   0   0     5.181    21.140    22.509     0.000     0.000     0.000     0.000   0   0   0   0   0   0   0     0.000     0.000     0.000    -0.095    -0.218     0.010     0.082
   7 0 0 0 1 1 1 1  29  14  28   0   0   0   0     5.638    47.525     5.645     0.000     0.000     0.000     0.000   0   0   0   0   0   0   0     0.000     0.000     0.000    -0.082    -0.294     0.060     0.132
   7 0 0 0 1 1 1 1  27   2  18   0   0   0   0     5.191    21.760    48.920     0.000     0.000     0.000     0.000   0   0   0   0   0   0   0     0.000     0.000     0.000     0.188     0.093     0.019    -0.084
   7 0 0 0 1 1 1 1  25  12   0   0   0   0   0     5.591    47.504    20.952     0.000     0.000     0.000     0.000   0   0   0   0   0   0   0     0.000     0.000     0.000    -0.079    -0.018     0.021     0.099
   7 0 0 0 1 1 1 1  25   1  25   0   0   0   0     5.417    21.965     5.703     0.000     0.000     0.000     0.000   0   0   0   0   0   0   0     0.000     0.000     0.000    -0.074    -0.189     0.016     0.081
   7 0 0 0 1 1 1 1  29   1  29   0   0   0   0     5.603    22.002     5.754     0.000     0.000     0.000     0.000   0   0   0   0   0   0   0     0.000     0.000     0.000    -0.154    -0.612     0.043     0.116
   7 0 0 0 1 1 1 1  27  14  18   0   0   0   0     5.191    46.908    48.984     0.000     0.000     0.000     0.000   0   0   0   0   0   0   0     0.000     0.000     0.000     0.090     0.188     0.017    -0.078
   7 0 0 0 1 1 1 1  25   3  25   0   0   0   0     5.594    22.375     5.781     0.000     0.000     0.000     0.000   0   0   0   0   0   0   0     0.000     0.000     0.000    -0.068    -0.010     0.024     0.098
   7 0 0 0 1 1 1 1  24   0   9   0   0   0   0     5.181    21.147    17.904     0.000     0.000     0.000     0.000   0   0   0   0   0   0   0     0.000     0.000     0.000    -0.085    -0.238     0.009     0.071
   7 0 0 0 1 1 1 1  11   1  29   0   0   0   0    46.015    22.002     5.672     0.000     0.000     0.000     0.000   0   0   0   0   0   0   0     0.000     0.000     0.000    -0.181    -0.582    -0.042     0.087
   7 0 0 0 1 1 1 1  27   0  18   0   0   0   0     5.191    21.185    48.920     0.000     0.000     0.000     0.000   0   0   0   0   0   0   0     0.000     0.000     0.000     0.199     0.087     0.016    -0.069
   7 0 0 0 1 1 1 1  25  12  25   0   0   0   0     5.609    48.279     5.806     0.000     0.000     0.000     0.000   0   0   0   0   0   0   0     0.000     0.000     0.000    -0.060    -0.006     0.025     0.091
   7 0 0 0 1 1 1 1  32   4   4   0   0   0   0     4.115    22.267    22.410     0.000     0.000     0.000     0.000   0   0   0   0   0   0   0     0.000     0.000     0.000    -0.128    -0.041     0.015     0.062
   7 0 0 0 1 1 1 1  24   0  11   0   0   0   0     5.181    21.147    49.029     0.000     0.000     0.000     0.000   0   0   0   0   0   0   0     0.000     0.000     0.000    -0.180    -0.552    -0.039     0.081
   7 0 0 0 1 1 1 1  31   1  18   0   0   0   0     5.367    22.002    48.243     0.000     0.000     0.000     0.000   0   0   0   0   0   0   0     0.000     0.000     0.000    -0.042     0.189     0.024     0.079
   7 0 0 0 1 1 1 1  25  20   3   0   0   0   0     5.609    62.430    22.645     0.000     0.000     0.000     0.000   0   0   0   0   0   0   0     0.000     0.000     0.000    -0.069    -0.015     0.015     0.069
   7 0 0 0 1 1 1 1  25   0  25   0   0   0   0     5.283    21.147     5.703     0.000     0.000     0.000     0.000   0   0   0   0   0   0   0     0.000     0.000     0.000    -0.076    -0.220     0.006     0.061
   7 0 0 0 1 1 1 1  24   0  11   0   0   0   0     5.181    21.147    48.868     0.000     0.000     0.000     0.000   0   0   0   0   0   0   0     0.000     0.000     0.000    -0.163    -0.525    -0.038     0.072
   7 0 0 0 1 1 1 1  27   0  22   0   0   0   0     5.191    21.185     5.488     0.000     0.000     0.000     0.000   0   0   0   0   0   0   0     0.000     0.000     0.000     0.179     0.073     0.007    -0.083
   7 0 0 0 1 1 1 1  25  19   3   0   0   0   0     5.562    66.202    22.685     0.000     0.000     0.000     0.000   0   0   0   0   0   0   0     0.000     0.000     0.000    -0.055     0.002     0.007     0.063
   7 0 0 0 1 1 1 1  32   1   4   0   0   0   0     4.115    22.002    22.410     0.000     0.000     0.000     0.000   0   0   0   0   0   0   0     0.000     0.000     0.000    -0.050    -0.209     0.013     0.051
   7 0 0 0 1 1 1 1  24   0  32   0   0   0   0     5.181    21.147     4.215     0.000     0.000     0.000     0.000   0   0   0   0   0   0   0     0.000     0.000     0.000    -0.147    -0.499    -0.033     0.066
   7 0 0 0 1 1 1 1  31   1  18   0   0   0   0     5.367    22.002    48.243     0.000     0.000     0.000     0.000   0   0   0   0   0   0   0     0.000     0.000     0.000    -0.036     0.170     0.021     0.067
   7 0 0 0 1 1 1 1  25  12  25   0   0   0   0     5.595    47.504     5.806     0.000     0.000     0.000     0.000   0   0   0   0   0   0   0     0.000     0.000     0.000    -0.050    -0.008     0.017     0.071
   7 0 0 0 1 1 1 1  25   0   9   0   0   0   0     5.283    21.147    17.904     0.000     0.000     0.000     0.000   0   0   0   0   0   0   0     0.000     0.000     0.000    -0.064    -0.199     0.005     0.049
   7 0 0 0 1 1 1 1  11   1  32   0   0   0   0    46.015    22.002     4.249     0.000     0.000     0.000     0.000   0   0   0   0   0   0   0     0.000     0.000     0.000    -0.124    -0.474     0.001     0.074
   7 0 0 0 1 1 1 1  27   0  18   0   0   0   0     5.191    21.185    49.471     0.000     0.000     0.000     0.000   0   0   0   0   0   0   0     0.000     0.000     0.000     0.162     0.060     0.010    -0.061
   7 0 0 0 1 1 1 1  25   1  25   0   0   0   0     5.609    21.912     5.859     0.000     0.000     0.000     0.000   0   0   0   0   0   0   0     0.000     0.000     0.000    -0.010    -0.052     0.018     0.072
   7 0 0 0 1 1 1 1  25   1  31   0   0   0   0     5.417    22.002     5.383     0.000     0.000     0.000     0.000   0   0   0   0   0   0   0     0.000     0.000     0.000    -0.049    -0.189     0.009     0.046
   7 0 0 0 1 1 1 1  24   0  28   0   0   0   0     5.181    21.147     5.608     0.000     0.000     0.000     0.000   0   0   0   0   0   0   0     0.000     0.000     0.000    -0.122    -0.450    -0.016     0.061
   7 0 0 0 1 1 1 1  27   0  22   0   0   0   0     5.191    21.185     5.488     0.000     0.000     0.000     0.000   0   0   0   0   0   0   0     0.000     0.000     0.000     0.154     0.055     0.006    -0.068
   7 0 0 0 1 1 1 1   4  16  25   0   0   0   0    22.474    55.977     5.874     0.000     0.000     0.000     0.000   0   0   0   0   0   0   0     0.000     0.000     0.000    -0.000    -0.054     0.032     0.068
   7 0 0 0 1 1 1 1  31   1   1   0   0   0   0     5.318    22.002    21.855     0.000     0.000     0.000     0.000   0   0   0   0   0   0   0     0.000     0.000     0.000    -0.038    -0.179     0.012     0.045
   7 0 0 0 1 1 1 1  24   0  28   0   0   0   0     5.181    21.147     5.504     0.000     0.000     0.000     0.000   0   0   0   0   0   0   0     0.000     0.000     0.000    -0.111    -0.427    -0.034     0.048
   7 0 0 0 1 1 1 1  31   1   5   0   0   0   0     5.366    22.002    22.246     0.000     0.000     0.000     0.000   0   0   0   0   0   0   0     0.000     0.000     0.000    -0.029     0.146     0.051     0.016
   7 0 0 0 1 1 1 1  25   1   0   0   0   0   0     5.591    22.002    20.995     0.000     0.000     0.000     0.000   0   0   0   0   0   0   0     0.000     0.000     0.000    -0.028     0.056     0.010     0.050
   7 0 0 0 1 1 1 1  25   0  31   0   0   0   0     5.274    21.147     5.323     0.000     0.000     0.000     0.000   0   0   0   0   0   0   0     0.000     0.000     0.000    -0.052    -0.170    -0.016     0.019
   7 0 0 0 1 1 1 1  25   1  30   0   0   0   0     5.400    22.002     5.601     0.000     0.000     0.000     0.000   0   0   0   0   0   0   0     0.000     0.000     0.000    -0.091    -0.406     0.007     0.067
   7 0 0 0 1 1 1 1  27   0  18   0   0   0   0     5.191    21.185    49.612     0.000     0.000     0.000     0.000   0   0   0   0   0   0   0     0.000     0.000     0.000     0.139     0.046     0.007    -0.057
   7 0 0 0 1 1 1 1  25   9   4   0   0   0   0     5.476    17.578    22.474     0.000     0.000     0.000     0.000   0   0   0   0   0   0   0     0.000     0.000     0.000     0.020    -0.041     0.003     0.040
   7 0 0 0 1 1 1 1  25   0  31   0   0   0   0     5.260    21.147     5.323     0.000     0.000     0.000     0.000   0   0   0   0   0   0   0     0.000     0.000     0.000    -0.050    -0.162    -0.016     0.017
   7 0 0 0 1 1 1 1  24   0  28   0   0   0   0     5.181    21.147     5.635     0.000     0.000     0.000     0.000   0   0   0   0   0   0   0     0.000     0.000     0.000    -0.092    -0.386    -0.007     0.052
   7 0 0 0 1 1 1 1  19  22   0   0   0   0   0    66.202     5.386    21.135     0.000     0.000     0.000     0.000   0   0   0   0   0   0   0     0.000     0.000     0.000     0.013    -0.038    -0.002     0.069
   7 0 0 0 1 1 1 1  29  23  25   0   0   0   0     5.691     5.427     5.859     0.000     0.000     0.000     0.000   0   0   0   0   0   0   0     0.000     0.000     0.000     0.043    -0.028     0.009     0.052
   7 0 0 0 1 1 1 1  25   0  29   0   0   0   0     5.260    21.147     5.828     0.000     0.000     0.000     0.000   0   0   0   0   0   0   0     0.000     0.000     0.000    -0.046    -0.154     0.003     0.043
   7 0 0 0 1 1 1 1   3   0  29   0   0   0   0    21.975    21.147     5.638     0.000     0.000     0.000     0.000   0   0   0   0   0   0   0     0.000     0.000     0.000    -0.127    -0.366    -0.049     0.036
   7 0 0 0 1 1 1 1  27   0  22   0   0   0   0     5.191    21.185     5.488     0.000     0.000     0.000     0.000   0   0   0   0   0   0   0     0.000     0.000     0.000     0.128     0.038     0.006    -0.052
   7 0 0 0 1 1 1 1  11   1   4   0   0   0   0    46.447    22.002    22.474     0.000     0.000     0.000     0.000   0   0   0   0   0   0   0     0.000     0.000     0.000    -0.035     0.050     0.001     0.033
   7 0 0 0 1 1 1 1  25   0   0   0   0   0   0     5.274    21.147    21.181     0.000     0.000     0.000     0.000   0   0   0   0   0   0   0     0.000     0.000     0.000    -0.039    -0.146     0.003     0.037
   7 0 0 0 1 1 1 1   3   2  29   0   0   0   0    21.975    21.486     5.638     0.000     0.000     0.000     0.000   0   0   0   0   0   0   0     0.000     0.000     0.000    -0.348    -0.118    -0.044     0.032
   7 0 0 0 1 1 1 1  12  14  29   0   0   0   0    50.142    49.031     5.777     0.000     0.000     0.000     0.000   0   0   0   0   0   0   0     0.000     0.000     0.000    -0.018     0.122     0.016     0.039
   7 0 0 0 1 1 1 1  25   1  25   0   0   0   0     5.609    21.954     5.874     0.000     0.000     0.000     0.000   0   0   0   0   0   0   0     0.000     0.000     0.000    -0.007    -0.044     0.011     0.047
   7 0 0 0 1 1 1 1  32   1  29   0   0   0   0     4.115    22.002     5.837     0.000     0.000     0.000     0.000   0   0   0   0   0   0   0     0.000     0.000     0.000    -0.026    -0.139     0.008     0.039
   7 0 0 0 1 1 1 1  25   2  29   0   0   0   0     5.248    21.486     5.754     0.000     0.000     0.000     0.000   0   0   0   0   0   0   0     0.000     0.000     0.000    -0.331    -0.088    -0.011     0.041
   7 0 0 0 1 1 1 1  19  29   1   0   0   0   0    66.202     5.603    21.991     0.000     0.000     0.000     0.000   0   0   0   0   0   0   0     0.000     0.000     0.000    -0.038     0.008     0.030     0.116
   7 0 0 0 1 1 1 1   4  16  25   0   0   0   0    22.474    55.977     5.907     0.000     0.000     0.000     0.000   0   0   0   0   0   0   0     0.000     0.000     0.000     0.001    -0.035     0.020     0.052
   7 0 0 0 1 1 1 1  25   0  31   0   0   0   0     5.241    21.147     5.323     0.000     0.000     0.000     0.000   0   0   0   0   0   0   0     0.000     0.000     0.000    -0.040    -0.132    -0.015     0.012
   7 0 0 0 1 1 1 1   3   2  29   0   0   0   0    21.975    21.486     5.638     0.000     0.000     0.000     0.000   0   0   0   0   0   0   0     0.000     0.000     0.000    -0.314    -0.102    -0.037     0.027
   7 0 0 0 1 1 1 1  19  29   1   0   0   0   0    66.202     5.609    21.991     0.000     0.000     0.000     0.000   0   0   0   0   0   0   0     0.000     0.000     0.000    -0.034     0.008     0.027     0.110
   7 0 0 0 1 1 1 1  29   6   4   0   0   0   0     5.691    19.368    22.919     0.000     0.000     0.000     0.000   0   0   0   0   0   0   0     0.000     0.000     0.000     0.013    -0.024     0.007     0.042
   7 0 0 0 1 1 1 1  25   0  31   0   0   0   0     5.233    21.147     5.323     0.000     0.000     0.000     0.000   0   0   0   0   0   0   0     0.000     0.000     0.000    -0.040    -0.125    -0.015     0.011
   7 0 0 0 1 1 1 1   3   0  24   0   0   0   0    21.975    21.147     5.420     0.000     0.000     0.000     0.000   0   0   0   0   0   0   0     0.000     0.000     0.000    -0.094    -0.299    -0.039     0.022
   7 0 0 0 1 1 1 1  13   2  23   0   0   0   0    50.066    21.486     5.552     0.000     0.000     0.000     0.000   0   0   0   0   0   0   0     0.000     0.000     0.000     0.105    -0.016    -0.007     0.024
   7 0 0 0 1 1 1 1  25   0   4   0   0   0   0     5.243    21.147    22.474     0.000     0.000     0.000     0.000   0   0   0   0   0   0   0     0.000     0.000     0.000    -0.049     0.049    -0.002     0.024
   7 0 0 0 1 1 1 1   2   0  31   0   0   0   0    21.521    21.147     5.323     0.000     0.000     0.000     0.000   0   0   0   0   0   0   0     0.000     0.000     0.000    -0.039    -0.119    -0.016     0.010
   7 0 0 0 1 1 1 1   3   2  29   0   0   0   0    21.975    21.486     5.665     0.000     0.000     0.000     0.000   0   0   0   0   0   0   0     0.000     0.000     0.000    -0.284    -0.087    -0.030     0.023
   7 0 0 0 1 1 1 1  19  22   1   0   0   0   0    66.202     5.515    21.991     0.000     0.000     0.000     0.000   0   0   0   0   0   0   0     0.000     0.000     0.000     0.002    -0.048     0.023     0.099
   7 0 0 0 1 1 1 1  25   1  25   0   0   0   0     5.614    21.965     5.907     0.000     0.000     0.000     0.000   0   0   0   0   0   0   0     0.000     0.000     0.000    -0.006    -0.049     0.010     0.042
   7 0 0 0 1 1 1 1   3   0   9   0   0   0   0    21.975    21.147    17.904     0.000     0.000     0.000     0.000   0   0   0   0   0   0   0     0.000     0.000     0.000    -0.037    -0.113    -0.003     0.024
   7 0 0 0 1 1 1 1  14  28   2   0   0   0   0    48.687     5.714    21.486     0.000     0.000     0.000     0.000   0   0   0   0   0   0   0     0.000     0.000     0.000    -0.007     0.061    -0.269    -0.078
   7 0 0 0 1 1 1 1  27   0  12   0   0   0   0     5.191    21.185    47.380     0.000     0.000     0.000     0.000   0   0   0   0   0   0   0     0.000     0.000     0.000     0.094     0.024    -0.035     0.005
   7 0 0 0 1 1 1 1  11   1   4   0   0   0   0    46.015    22.002    22.474     0.000     0.000     0.000     0.000   0   0   0   0   0   0   0     0.000     0.000     0.000    -0.025     0.049     0.000     0.020
   7 0 0 0 1 1 1 1  25   0  29   0   0   0   0     5.241    21.147     5.837     0.000     0.000     0.000     0.000   0   0   0   0   0   0   0     0.000     0.000     0.000    -0.031    -0.107     0.000     0.030
   7 0 0 0 1 1 1 1   3   2  24   0   0   0   0    21.975    21.486     5.420     0.000     0.000     0.000     0.000   0   0   0   0   0   0   0     0.000     0.000     0.000    -0.256    -0.077    -0.032     0.018
   7 0 1 0 1 1 1 1   2   2  22   0   0   0   0    21.486    21.486     5.488     0.000     0.000     0.000     0.000   0   0   0   0   0   0   0     0.000     0.090     0.000    -0.256    -0.077     0.006    -0.034
   7 0 0 0 1 1 1 1  25   0   4   0   0   0   0     5.233    21.147    22.555     0.000     0.000     0.000     0.000   0   0   0   0   0   0   0     0.000     0.090     0.000    -0.059     0.047    -0.001     0.019
   7 0 0 0 1 1 1 1   2   2  31   0   0   0   0    21.521    21.486     5.323     0.000     0.000     0.000     0.000   0   0   0   0   0   0   0     0.000     0.090     0.000    -0.102    -0.032    -0.013     0.008
   7 0 0 0 1 1 1 1   3   2  28   0   0   0   0    21.975    21.486     5.717     0.000     0.000     0.000     0.000   0   0   0   0   0   0   0     0.000     0.090     0.000    -0.243    -0.071    -0.004     0.062
   7 0 0 0 1 1 1 1  29   2   2   0   0   0   0     5.744    21.486    21.770     0.000     0.000     0.000     0.000   0   0   0   0   0   0   0     0.000     0.090     0.000     0.085    -0.013     0.030     0.011
   7 0 0 0 1 1 1 1   3   0  25   0   0   0   0    21.975    21.147     5.874     0.000     0.000     0.000     0.000   0   0   0   0   0   0   0     0.000     0.090     0.000    -0.075     0.044     0.000     0.029
   7 0 0 0 1 1 1 1  14   3   0   0   0   0   0    48.687    22.426    21.147     0.000     0.000     0.000     0.000   0   0   0   0   0   0   0     0.000     0.090     0.000    -0.006     0.014    -0.030    -0.097
   7 0 0 0 1 1 1 1  25   2  30   0   0   0   0     5.248    21.486     5.649     0.000     0.000     0.000     0.000   0   0   0   0   0   0   0     0.000     0.090     0.000    -0.231    -0.058     0.002     0.062
   7 0 0 0 1 1 1 1  19  18   0   0   0   0   0    66.202    49.887    21.135     0.000     0.000     0.000     0.000   0   0   0   0   0   0   0     0.000     0.090     0.000     0.000    -0.054    -0.005     0.039
   7 0 0 0 1 1 1 1  29   1  25   0   0   0   0     5.691    22.002     5.907     0.000     0.000     0.000     0.000   0   0   0   0   0   0   0     0.000     0.090     0.000    -0.013     0.042     0.005     0.033
   7 0 0 0 1 1 1 1  25   0   0   0   0   0   0     5.260    21.147    21.181     0.000     0.000     0.000     0.000   0   0   0   0   0   0   0     0.000     0.090     0.000    -0.023    -0.092     0.000     0.023
   7 0 1 0 1 1 1 1   2   0  23   0   0   0   0    21.486    21.147     5.579     0.000     0.000     0.000     0.000   0   0   0   0   0   0   0     0.000    -0.219     0.000    -0.023    -0.092    -0.041     0.012
   7 0 1 0 1 1 1 1   2   0  12   0   0   0   0    21.486    21.147    47.380     0.000     0.000     0.000     0.000   0   0   0   0   0   0   0     0.000     0.079     0.000    -0.023    -0.092    -0.028     0.006
   7 0 0 0 1 1 1 1   3   0   4   0   0   0   0    21.975    21.147    22.474     0.000     0.000     0.000     0.000   0   0   0   0   0   0   0     0.000     0.079     0.000    -0.068     0.040    -0.001     0.015
   7 0 0 0 1 1 1 1   2   0  32   0   0   0   0    21.521    21.147     4.132     0.000     0.000     0.000     0.000   0   0   0   0   0   0   0     0.000     0.079     0.000    -0.026    -0.087    -0.011     0.006
   7 0 1 0 1 1 1 1   2   0  29   0   0   0   0    21.486    21.147     5.712     0.000     0.000     0.000     0.000   0   0   0   0   0   0   0     0.000    -0.208     0.000    -0.026    -0.087    -0.023     0.018
   7 0 1 0 1 1 1 1   2   0  12   0   0   0   0    21.486    21.147    47.543     0.000     0.000     0.000     0.000   0   0   0   0   0   0   0     0.000     0.075     0.000    -0.026    -0.087    -0.020     0.007
   7 0 0 0 1 1 1 1   3   0  25   0   0   0   0    21.975    21.147     5.907     0.000     0.000     0.000     0.000   0   0   0   0   0   0   0     0.000     0.075     0.000    -0.063     0.038     0.001     0.029
   7 0 0 0 1 1 1 1   2   2  29   0   0   0   0    21.521    21.486     5.844     0.000     0.000     0.000     0.000   0   0   0   0   0   0   0     0.000     0.075     0.000    -0.083    -0.024    -0.002     0.025
   7 0 0 0 1 1 1 1   2   0  28   0   0   0   0    21.521    21.147     5.704     0.000     0.000     0.000     0.000   0   0   0   0   0   0   0     0.000     0.075     0.000    -0.055    -0.198    -0.008     0.034
   7 0 0 1 1 1 1 1  14   3  28   0   0   0   0    49.031    21.975     5.704     0.000     0.000     0.000     0.000   0   0   0   0   0   0   0     0.000     0.075     0.071    -0.057     0.002    -0.008     0.034
   7 0 0 0 1 1 1 1  22  25  13   0   0   0   0     5.469     5.907    49.150     0.000     0.000     0.000     0.000   0   0   0   0   0   0   0     0.000     0.075     0.071     0.002     0.027    -0.004    -0.049
   7 0 0 0 1 1 1 1  25   0   0   0   0   0   0     5.233    21.147    21.181     0.000     0.000     0.000     0.000   0   0   0   0   0   0   0     0.000     0.075     0.071    -0.023    -0.079    -0.001     0.019
   7 0 0 0 1 1 1 1   2   0  30   0   0   0   0    21.521    21.147     5.649     0.000     0.000     0.000     0.000   0   0   0   0   0   0   0     0.000     0.075     0.071    -0.052    -0.188    -0.004     0.051
   7 0 0 0 1 1 1 1  19  29   1   0   0   0   0    66.202     5.754    21.918     0.000     0.000     0.000     0.000   0   0   0   0   0   0   0     0.000     0.075     0.071    -0.013     0.010     0.013     0.052
   7 0 1 0 1 1 1 1  23  29   3   0   0   0   0     5.416     5.754    21.975     0.000     0.000     0.000     0.000   0   0   0   0   0   0   0     0.000     0.041     0.071    -0.013     0.010    -0.055     0.001
   7 0 0 0 1 1 1 1  23   2  25   0   0   0   0     5.483    21.486     5.874     0.000     0.000     0.000     0.000   0   0   0   0   0   0   0     0.000     0.041     0.071    -0.075    -0.022    -0.001     0.031
   7 0 0 0 1 1 1 1  25   0   6   0   0   0   0     5.270    21.147    20.881     0.000     0.000     0.000     0.000   0   0   0   0   0   0   0     0.000     0.041     0.071    -0.042    -0.179     0.003     0.069
   7 0 1 0 1 1 1 1   2   0  22   0   0   0   0    21.486    21.147     5.520     0.000     0.000     0.000     0.000   0   0   0   0   0   0   0     0.000     0.065     0.071    -0.042    -0.179     0.003    -0.031
   7 0 0 0 1 1 1 1  25   1  25   0   0   0   0     5.611    22.002     5.907     0.000     0.000     0.000     0.000   0   0   0   0   0   0   0     0.000     0.065     0.071    -0.007     0.034     0.006     0.024
   7 0 0 0 1 1 1 1  23   2  25   0   0   0   0     5.552    21.486     5.874     0.000     0.000     0.000     0.000   0   0   0   0   0   0   0     0.000     0.065     0.071    -0.071    -0.015     0.002     0.028
   7 0 0 1 1 1 1 1  14  23  25   0   0   0   0    49.031     5.579     5.874     0.000     0.000     0.000     0.000   0   0   0   0   0   0   0     0.000     0.065    -0.170    -0.031     0.009     0.002     0.028
   7 0 0 0 1 1 1 1   4   2   3   0   0   0   0    22.032    21.512    22.027     0.000     0.000     0.000     0.000   0   0   0   0   0   0   0     0.000     0.065    -0.170     0.062     0.014    -0.051    -0.001
   7 0 0 0 1 1 1 1  22   4  13   0   0   0   0     5.469    22.555    49.150     0.000     0.000     0.000     0.000   0   0   0   0   0   0   0     0.000     0.065    -0.170     0.001     0.012    -0.003    -0.041
   7 0 0 0 1 1 1 1   2   2   3   0   0   0   0    21.521    21.486    22.426     0.000     0.000     0.000     0.000   0   0   0   0   0   0   0     0.000     0.065    -0.170    -0.068    -0.019    -0.004     0.010
   7 0 1 0 1 1 1 1   2   2  11   0   0   0   0    21.486    21.486    46.315     0.000     0.000     0.000     0.000   0   0   0   0   0   0   0     0.000    -0.161    -0.170    -0.068    -0.019    -0.027     0.009
   7 0 0 0 1 1 1 1  19   3   0   0   0   0   0    66.202    21.975    21.135     0.000     0.000     0.000     0.000   0   0   0   0   0   0   0     0.000    -0.161    -0.170    -0.047    -0.001    -0.005     0.029
   7 0 1 0 1 1 1 1  23   3   3   0   0   0   0     5.416    21.975    21.975     0.000     0.000     0.000     0.000   0   0   0   0   0   0   0     0.000     0.036    -0.170    -0.047    -0.001    -0.047     0.001
   7 0 0 0 1 1 1 1  25   0  23   0   0   0   0     5.260    21.147     5.837     0.000     0.000     0.000     0.000   0   0   0   0   0   0   0     0.000     0.036    -0.170    -0.016    -0.064    -0.001     0.011
   7 0 1 0 1 1 1 1   2   0  24   0   0   0   0    21.486    21.147     5.702     0.000     0.000     0.000     0.000   0   0   0   0   0   0   0     0.000    -0.153    -0.170    -0.016    -0.064    -0.009     0.023
   7 0 1 0 1 1 1 1   2   0  13   0   0   0   0    21.486    21.147    49.579     0.000     0.000     0.000     0.000   0   0   0   0   0   0   0     0.000     0.057    -0.170    -0.016    -0.064    -0.014     0.006
   7 0 1 0 1 1 1 1  23   0   2   0   0   0   0     5.416    21.147    21.521     0.000     0.000     0.000     0.000   0   0   0   0   0   0   0     0.000     0.033    -0.170    -0.016    -0.064    -0.050     0.001
   7 0 0 0 1 1 1 1  23   2  25   0   0   0   0     5.483    21.486     5.874     0.000     0.000     0.000     0.000   0   0   0   0   0   0   0     0.000     0.033    -0.170    -0.061    -0.018    -0.001     0.025
   7 0 0 0 1 1 1 1   3   0  13   0   0   0   0    21.975    21.147    46.481     0.000     0.000     0.000     0.000   0   0   0   0   0   0   0     0.000     0.033    -0.170    -0.043    -0.146     0.061    -0.001
   7 0 1 0 1 1 1 1   2   0  12   0   0   0   0    21.486    21.147    47.353     0.000     0.000     0.000     0.000   0   0   0   0   0   0   0     0.000     0.054    -0.170    -0.043    -0.146    -0.019     0.004
   7 0 0 0 1 1 1 1  12  12  25   0   0   0   0    48.725    45.559     5.907     0.000     0.000     0.000     0.000   0   0   0   0   0   0   0     0.000     0.054    -0.170     0.026    -0.009     0.003     0.020
   7 0 0 1 1 1 1 1  14  32  25   0   0   0   0    49.031     4.132     5.907     0.000     0.000     0.000     0.000   0   0   0   0   0   0   0     0.000     0.054    -0.058    -0.009     0.004     0.003     0.020
   7 0 0 0 1 1 1 1  25   0   6   0   0   0   0     5.233    21.147    20.881     0.000     0.000     0.000     0.000   0   0   0   0   0   0   0     0.000     0.054    -0.058    -0.040    -0.138    -0.000     0.056
   7 0 0 0 1 1 1 1   4   0  23   0   0   0   0    22.042    20.934     5.483     0.000     0.000     0.000     0.000   0   0   0   0   0   0   0     0.000     0.054    -0.058     0.011     0.052    -0.034    -0.000
   7 0 0 0 1 1 1 1  12   1  17   0   0   0   0    47.353    22.002    57.298     0.000     0.000     0.000     0.000   0   0   0   0   0   0   0     0.000     0.054    -0.058    -0.016     0.024     0.001     0.011
   7 0 0 0 1 1 1 1  23  14   3   0   0   0   0     5.483    49.031    22.426     0.000     0.000     0.000     0.000   0   0   0   0   0   0   0     0.000     0.054    -0.058    -0.016    -0.055    -0.003     0.010
   7 0 1 0 1 1 1 1   2  14  23   0   0   0   0    21.486    49.031     5.579     0.000     0.000     0.000     0.000   0   0   0   0   0   0   0     0.000    -0.131    -0.058    -0.016    -0.055    -0.024     0.007
   7 0 0 0 1 1 1 1  19  32   0   0   0   0   0    66.202     4.261    21.135     0.000     0.000     0.000     0.000   0   0   0   0   0   0   0     0.000    -0.131    -0.058    -0.010     0.007    -0.004     0.024
   7 0 1 0 1 1 1 1  23  32   2   0   0   0   0     5.416     4.261    21.521     0.000     0.000     0.000     0.000   0   0   0   0   0   0   0     0.000     0.029    -0.058    -0.010     0.007    -0.045     0.001
   7 0 1 0 1 1 1 1   2  32  23   0   0   0   0    21.486     4.261     5.837     0.000     0.000     0.000     0.000   0   0   0   0   0   0   0     0.000    -0.052    -0.058    -0.010     0.007    -0.003     0.010
   7 0 0 1 1 1 1 1  14  29  23   0   0   0   0    49.031     5.715     5.837     0.000     0.000     0.000     0.000   0   0   0   0   0   0   0     0.000    -0.052    -0.125    -0.013     0.011    -0.003     0.010
   7 0 1 0 1 1 1 1   2  29  23   0   0   0   0    21.486     5.715     5.483     0.000     0.000     0.000     0.000   0   0   0   0   0   0   0     0.000     0.048    -0.125    -0.013     0.011    -0.031     0.002
   7 0 0 0 1 1 1 1  22  25  13   0   0   0   0     5.475     5.907    49.150     0.000     0.000     0.000     0.000   0   0   0   0   0   0   0     0.000     0.048    -0.125     0.001     0.017    -0.003    -0.037
   7 0 0 0 1 1 1 1  25   0   5   0   0   0   0     5.241    21.147    21.986     0.000     0.000     0.000     0.000   0   0   0   0   0   0   0     0.000     0.048    -0.125    -0.014    -0.050     0.014    -0.001
   7 0 0 0 1 1 1 1   2   2  30   0   0   0   0    21.521    21.486     5.659     0.000     0.000     0.000     0.000   0   0   0   0   0   0   0     0.000     0.048    -0.125    -0.119    -0.033    -0.002     0.039
   7 0 1 0 1 1 1 1   2   2  22   0   0   0   0    21.486    21.486     5.520     0.000     0.000     0.000     0.000   0   0   0   0   0   0   0     0.000     0.046    -0.125    -0.119    -0.033     0.002    -0.022
   7 0 1 0 1 1 1 1  23   2   2   0   0   0   0     5.416    21.486    21.521     0.000     0.000     0.000     0.000   0   0   0   0   0   0   0     0.000     0.026    -0.125    -0.119    -0.033    -0.040     0.000
   7 0 0 0 1 1 1 1  23  14  25   0   0   0   0     5.451    49.031     5.874     0.000     0.000     0.000     0.000   0   0   0   0   0   0   0     0.000     0.026    -0.125    -0.014    -0.047    -0.001     0.021
   7 0 0 0 1 1 1 1  28   0   6   0   0   0   0     5.170    21.147    20.881     0.000     0.000     0.000     0.000   0   0   0   0   0   0   0     0.000     0.026    -0.125    -0.031    -0.113     0.000     0.047
   7 0 0 0 1 1 1 1   4   2   2   0   0   0   0    22.022    21.512    21.534     0.000     0.000     0.000     0.000   0   0   0   0   0   0   0     0.000     0.026    -0.125     0.043     0.010    -0.040    -0.001
   7 0 0 0 1 1 1 1  25   6  25   0   0   0   0     5.614    19.368     5.907     0.000     0.000     0.000     0.000   0   0   0   0   0   0   0     0.000     0.026    -0.125     0.009    -0.006     0.004     0.015
   7 0 0 0 1 1 1 1  25   0   1   0   0   0   0     5.274    21.147    22.388     0.000     0.000     0.000     0.000   0   0   0   0   0   0   0     0.000     0.026    -0.125    -0.011    -0.045     0.001     0.034
   7 0 1 0 1 1 1 1   2   0  28   0   0   0   0    21.486    21.147     5.654     0.000     0.000     0.000     0.000   0   0   0   0   0   0   0     0.000    -0.107    -0.125    -0.011    -0.045    -0.008     0.014
   7 0 0 0 1 1 1 1  19  32   0   0   0   0   0    66.202     4.262    21.135     0.000     0.000     0.000     0.000   0   0   0   0   0   0   0     0.000    -0.107    -0.125    -0.008     0.006    -0.004     0.021
   7 0 1 0 1 1 1 1  23  32   2   0   0   0   0     5.416     4.262    21.521     0.000     0.000     0.000     0.000   0   0   0   0   0   0   0     0.000     0.024    -0.125    -0.008     0.006    -0.037     0.000
   7 0 0 0 1 1 1 1  23  14   0   0   0   0   0     5.451    49.031    21.181     0.000     0.000     0.000     0.000   0   0   0   0   0   0   0     0.000     0.024    -0.125    -0.012    -0.043    -0.001     0.013
   7 0 0 0 1 1 1 1   2   0   6   0   0   0   0    21.521    21.147    20.881     0.000     0.000     0.000     0.000   0   0   0   0   0   0   0     0.000     0.024    -0.125    -0.028    -0.102    -0.001     0.042
   7 0 1 0 1 1 1 1   2   0  12   0   0   0   0    21.486    21.147    47.021     0.000     0.000     0.000     0.000   0   0   0   0   0   0   0     0.000     0.040    -0.125    -0.028    -0.102    -0.026     0.001
   7 0 0 0 1 1 1 1  12  12  23   0   0   0   0    48.725    45.559     5.620     0.000     0.000     0.000     0.000   0   0   0   0   0   0   0     0.000     0.040    -0.125     0.020    -0.006     0.014     0.002
   7 0 0 0 1 1 1 1  11   1   1   0   0   0   0    45.827    22.002    22.388     0.000     0.000     0.000     0.000   0   0   0   0   0   0   0     0.000     0.040    -0.125    -0.008    -0.041     0.002     0.032
   7 0 0 0 1 1 1 1  28   0  28   0   0   0   0     5.166    21.147     5.717     0.000     0.000     0.000     0.000   0   0   0   0   0   0   0     0.000     0.040    -0.125    -0.027    -0.097    -0.001     0.025
   7 0 1 0 1 1 1 1   7   0  13   0   0   0   0    19.937    21.147    49.579     0.000     0.000     0.000     0.000   0   0   0   0   0   0   0     0.000     0.031    -0.125    -0.027    -0.097    -0.009     0.004
   7 0 0 0 1 1 1 1  25   0  16   0   0   0   0     5.241    21.147    55.127     0.000     0.000     0.000     0.000   0   0   0   0   0   0   0     0.000     0.031    -0.125    -0.017     0.022    -0.002     0.004
   7 0 0 0 1 1 1 1  23  14  25   0   0   0   0     5.483    49.031     5.874     0.000     0.000     0.000     0.000   0   0   0   0   0   0   0     0.000     0.031    -0.125    -0.011    -0.038    -0.000     0.017
   7 0 1 0 1 1 1 1   2  14  24   0   0   0   0    21.486    49.031     5.412     0.000     0.000     0.000     0.000   0   0   0   0   0   0   0     0.000    -0.092    -0.125    -0.011    -0.038    -0.014     0.006
   7 0 1 0 1 1 1 1   2  14   2   0   0   0   0    21.486    49.031    21.521     0.000     0.000     0.000     0.000   0   0   0   0   0   0   0     0.000     0.036    -0.125    -0.011    -0.038    -0.034     0.001
   7 0 0 0 1 1 1 1  25   1  25   0   0   0   0     5.616    22.002     5.907     0.000     0.000     0.000     0.000   0   0   0   0   0   0   0     0.000     0.036    -0.125    -0.004     0.020     0.003     0.012
   7 0 0 0 1 1 1 1  23   5   0   0   0   0   0     5.837    21.986    21.119     0.000     0.000     0.000     0.000   0   0   0   0   0   0   0     0.000     0.036    -0.125     0.011    -0.006     0.005     0.028
   7 0 1 0 1 1 1 1   2   5  11   0   0   0   0    21.486    21.986    46.315     0.000     0.000     0.000     0.000   0   0   0   0   0   0   0     0.000    -0.087    -0.125     0.011    -0.006    -0.015     0.005
   7 0 0 0 1 1 1 1  27   2  23   0   0   0   0     5.191    21.760     5.451     0.000     0.000     0.000     0.000   0   0   0   0   0   0   0     0.000    -0.087    -0.125     0.029     0.006    -0.032     0.000
   7 0 0 0 1 1 1 1  22   4  13   0   0   0   0     5.475    22.472    49.150     0.000     0.000     0.000     0.000   0   0   0   0   0   0   0     0.000    -0.087    -0.125     0.000     0.006    -0.001    -0.028
   7 0 1 0 1 1 1 1   2   4  23   0   0   0   0    21.486    22.472     5.837     0.000     0.000     0.000     0.000   0   0   0   0   0   0   0     0.000    -0.036    -0.125     0.000     0.006    -0.002     0.008
   7 0 1 0 1 1 1 1   2   4   6   0   0   0   0    21.486    22.472    20.881     0.000     0.000     0.000     0.000   0   0   0   0   0   0   0     0.000    -0.083    -0.125     0.000     0.006    -0.002     0.036
   7 0 0 0 1 1 1 1  13   2  23   0   0   0   0    50.102    21.486     5.508     0.000     0.000     0.000     0.000   0   0   0   0   0   0   0     0.000    -0.083    -0.125     0.033    -0.005    -0.009     0.008
   7 0 1 0 1 1 1 1  23   2   2   0   0   0   0     5.416    21.486    21.521     0.000     0.000     0.000     0.000   0   0   0   0   0   0   0     0.000     0.019    -0.125     0.033    -0.005    -0.031     0.000
   7 0 1 0 1 1 1 1   2   2   1   0   0   0   0    21.486    21.486    22.388     0.000     0.000     0.000     0.000   0   0   0   0   0   0   0     0.000    -0.034    -0.125     0.033    -0.005    -0.000     0.028
   7 0 0 0 1 1 1 1   3   2  28   0   0   0   0    21.975    21.486     5.709     0.000     0.000     0.000     0.000   0   0   0   0   0   0   0     0.000    -0.034    -0.125    -0.079    -0.023    -0.003     0.016
   7 0 1 0 1 1 1 1   2   2  12   0   0   0   0    21.486    21.486    47.543     0.000     0.000     0.000     0.000   0   0   0   0   0   0   0     0.000     0.032    -0.125    -0.079    -0.023    -0.009     0.003
   7 0 1 0 1 1 1 1  23   2   2   0   0   0   0     5.416    21.486    21.521     0.000     0.000     0.000     0.000   0   0   0   0   0   0   0     0.000     0.018    -0.125    -0.079    -0.023    -0.029     0.000
   7 0 0 0 1 1 1 1  11   1   0   0   0   0   0    45.827    22.002    21.132     0.000     0.000     0.000     0.000   0   0   0   0   0   0   0     0.000     0.018    -0.125    -0.007    -0.033    -0.000     0.009
   7 0 0 0 1 1 1 1  25   0  13   0   0   0   0     5.248    21.147    46.481     0.000     0.000     0.000     0.000   0   0   0   0   0   0   0     0.000     0.018    -0.125    -0.019    -0.075     0.032     0.001
   7 0 0 0 1 1 1 1  13   2  23   0   0   0   0    50.011    21.486     5.552     0.000     0.000     0.000     0.000   0   0   0   0   0   0   0     0.000     0.018    -0.125     0.030    -0.005    -0.004     0.007
   7 0 0 0 1 1 1 1  22   4  13   0   0   0   0     5.475    22.472    49.150     0.000     0.000     0.000     0.000   0   0   0   0   0   0   0     0.000     0.018    -0.125     0.000     0.005    -0.002    -0.023
   7 0 0 0 1 1 1 1  23   2   1   0   0   0   0     5.451    21.486    22.360     0.000     0.000     0.000     0.000   0   0   0   0   0   0   0     0.000     0.018    -0.125    -0.031    -0.009     0.000     0.026
   7 0 0 0 1 1 1 1   2   0  30   0   0   0   0    21.521    21.147     5.659     0.000     0.000     0.000     0.000   0   0   0   0   0   0   0     0.000     0.018    -0.125    -0.020    -0.071    -0.001     0.023
   7 0 0 0 1 1 1 1  19   2   0   0   0   0   0    66.202    21.521    21.135     0.000     0.000     0.000     0.000   0   0   0   0   0   0   0     0.000     0.018    -0.125    -0.029    -0.000    -0.003     0.014
   7 0 1 0 1 1 1 1  23   2   2   0   0   0   0     5.416    21.521    21.521     0.000     0.000     0.000     0.000   0   0   0   0   0   0   0     0.000     0.016    -0.125    -0.029    -0.000    -0.025     0.000
   7 0 0 0 1 1 1 1  23   5   0   0   0   0   0     5.810    21.988    21.116     0.000     0.000     0.000     0.000   0   0   0   0   0   0   0     0.000     0.016    -0.125     0.009    -0.010     0.002     0.021
   7 0 0 0 1 1 1 1  25   0   6   0   0   0   0     5.243    21.147    20.881     0.000     0.000     0.000     0.000   0   0   0   0   0   0   0     0.000     0.016    -0.125    -0.018    -0.067     0.001     0.027
   7 0 1 0 1 1 1 1   7   0  23   0   0   0   0    19.937    21.147     5.483     0.000     0.000     0.000     0.000   0   0   0   0   0   0   0     0.000     0.023    -0.125    -0.018    -0.067    -0.019     0.001
   7 0 0 0 1 1 1 1  12  12  16   0   0   0   0    48.725    45.559    55.127     0.000     0.000     0.000     0.000   0   0   0   0   0   0   0     0.000     0.023    -0.125     0.015    -0.005    -0.001     0.004
   7 0 0 1 1 1 1 1  14  23  16   0   0   0   0    49.031     5.837    55.127     0.000     0.000     0.000     0.000   0   0   0   0   0   0   0     0.000     0.023    -0.029    -0.002     0.006    -0.001     0.004
   7 0 1 0 1 1 1 1   2  23  29   0   0   0   0    21.486     5.837     5.715     0.000     0.000     0.000     0.000   0   0   0   0   0   0   0     0.000    -0.064    -0.029    -0.002     0.006    -0.007     0.006
   7 0 1 0 1 1 1 1   2  23  22   0   0   0   0    21.486     5.837     5.520     0.000     0.000     0.000     0.000   0   0   0   0   0   0   0     0.000     0.027    -0.029    -0.002     0.006     0.001    -0.013
   7 0 1 0 1 1 1 1  23  23   2   0   0   0   0     5.416     5.837    21.521     0.000     0.000     0.000     0.000   0   0   0   0   0   0   0     0.000     0.015    -0.029    -0.002     0.006    -0.023     0.000
   7 0 1 0 1 1 1 1   2  23   5   0   0   0   0    21.486     5.837    21.986     0.000     0.000     0.000     0.000   0   0   0   0   0   0   0     0.000    -0.028    -0.029    -0.002     0.006     0.009    -0.001
   7 0 0 0 1 1 1 1  23   2  28   0   0   0   0     5.483    21.486     5.645     0.000     0.000     0.000     0.000   0   0   0   0   0   0   0     0.000    -0.028    -0.029    -0.061    -0.017    -0.004     0.008
   7 0 0 0 1 1 1 1   4   0   2   0   0   0   0    22.022    20.925    21.534     0.000     0.000     0.000     0.000   0   0   0   0   0   0   0     0.000    -0.028    -0.029     0.006     0.025    -0.025    -0.000
   7 0 0 0 1 1 1 1  18  25   1   0   0   0   0    49.637     5.874    22.002     0.000     0.000     0.000     0.000   0   0   0   0   0   0   0     0.000    -0.028    -0.029     0.001     0.009    -0.007     0.015
   7 0 0 0 1 1 1 1  23   5   4   0   0   0   0     5.709    22.041    22.919     0.000     0.000     0.000     0.000   0   0   0   0   0   0   0     0.000    -0.028    -0.029     0.002    -0.012     0.001     0.024
   7 0 1 0 1 1 1 1   2   5  23   0   0   0   0    21.486    22.041     5.579     0.000     0.000     0.000     0.000   0   0   0   0   0   0   0     0.000    -0.058    -0.029     0.002    -0.012    -0.011     0.003
   7 0 0 0 1 1 1 1  29   6   2   0   0   0   0     5.777    19.368    22.492     0.000     0.000     0.000     0.000   0   0   0   0   0   0   0     0.000    -0.058    -0.029     0.010    -0.003     0.011     0.001
   7 0 0 0 1 1 1 1  13   1   1   0   0   0   0    50.250    22.004    21.868     0.000     0.000     0.000     0.000   0   0   0   0   0   0   0     0.000    -0.058    -0.029    -0.003     0.008     0.005     0.002
   7 0 0 0 1 1 1 1  23   5   0   0   0   0   0     5.810    21.988    21.116     0.000     0.000     0.000     0.000   0   0   0   0   0   0   0     0.000    -0.058    -0.029     0.007    -0.008     0.002     0.019
   7 0 1 0 1 1 1 1   2   5   6   0   0   0   0    21.486    21.988    20.881     0.000     0.000     0.000     0.000   0   0   0   0   0   0   0     0.000    -0.055    -0.029     0.007    -0.008    -0.001     0.024
   7 0 1 0 1 1 1 1   2   5  23   0   0   0   0    21.486    21.988     5.501     0.000     0.000     0.000     0.000   0   0   0   0   0   0   0     0.000     0.024    -0.029     0.007    -0.008    -0.015     0.001
   7 0 0 0 1 1 1 1  12   1  16   0   0   0   0    47.353    22.002    55.127     0.000     0.000     0.000     0.000   0   0   0   0   0   0   0     0.000     0.024    -0.029    -0.007     0.012    -0.001     0.003
   7 0 1 0 1 1 1 1   2   1   1   0   0   0   0    21.486    22.002    22.388     0.000     0.000     0.000     0.000   0   0   0   0   0   0   0     0.000    -0.025    -0.029    -0.007     0.012    -0.000     0.021
   7 0 0 0 1 1 1 1  25   0   6   0   0   0   0     5.233    21.147    20.881     0.000     0.000     0.000     0.000   0   0   0   0   0   0   0     0.000    -0.025    -0.029    -0.015    -0.052    -0.000     0.022
   7 0 0 0 1 1 1 1  32   6  16   0   0   0   0     4.265    19.368    55.450     0.000     0.000     0.000     0.000   0   0   0   0   0   0   0     0.000    -0.025    -0.029     0.009    -0.004     0.002     0.011
   7 0 1 0 1 1 1 1  23   6   2   0   0   0   0     5.416    19.368    21.521     0.000     0.000     0.000     0.000   0   0   0   0   0   0   0     0.000     0.012    -0.029     0.009    -0.004    -0.021     0.000
   7 0 1 0 1 1 1 1   2   6  23   0   0   0   0    21.486    19.368     5.837     0.000     0.000     0.000     0.000   0   0   0   0   0   0   0     0.000    -0.024    -0.029     0.009    -0.004    -0.001     0.005
   7 0 0 0 1 1 1 1  25   0   6   0   0   0   0     5.260    21.147    20.928     0.000     0.000     0.000     0.000   0   0   0   0   0   0   0     0.000    -0.024    -0.029    -0.012    -0.050     0.001     0.023
   7 0 1 0 1 1 1 1   2   0  12   0   0   0   0    21.486    21.147    47.120     0.000     0.000     0.000     0.000   0   0   0   0   0   0   0     0.000     0.022    -0.029    -0.012    -0.050    -0.012     0.001
   7 0 0 0 1 1 1 1  13  23  26   0   0   0   0    50.201     5.422     5.906     0.000     0.000     0.000     0.000   0   0   0   0   0   0   0     0.000     0.022    -0.029     0.011    -0.002     0.002     0.006
   7 0 1 0 1 1 1 1   2  23   1   0   0   0   0    21.486     5.422    22.388     0.000     0.000     0.000     0.000   0   0   0   0   0   0   0     0.000    -0.023    -0.029     0.011    -0.002    -0.000     0.020
   7 0 0 0 1 1 1 1  23  14  28   0   0   0   0     5.483    49.031     5.617     0.000     0.000     0.000     0.000   0   0   0   0   0   0   0     0.000    -0.023    -0.029    -0.014    -0.047    -0.004     0.005
   7 0 0 0 1 1 1 1  29   2  11   0   0   0   0     5.777    21.486    50.976     0.000     0.000     0.000     0.000   0   0   0   0   0   0   0     0.000    -0.023    -0.029     0.021    -0.002    -0.001     0.009
   7 0 0 0 1 1 1 1  11   6   5   0   0   0   0    49.392    19.368    22.249     0.000     0.000     0.000     0.000   0   0   0   0   0   0   0     0.000    -0.023    -0.029     0.005    -0.004     0.004     0.001
   7 0 1 0 1 1 1 1   2   6   5   0   0   0   0    21.486    19.368    21.986     0.000     0.000     0.000     0.000   0   0   0   0   0   0   0     0.000    -0.022    -0.029     0.005    -0.004     0.007    -0.001
   7 0 1 0 1 1 1 1   2   6  32   0   0   0   0    21.486    19.368     4.269     0.000     0.000     0.000     0.000   0   0   0   0   0   0   0     0.000    -0.045    -0.029     0.005    -0.004    -0.003     0.006
   7 0 0 0 1 1 1 1   4   0   2   0   0   0   0    22.022    20.925    21.534     0.000     0.000     0.000     0.000   0   0   0   0   0   0   0     0.000    -0.045    -0.029     0.005     0.020    -0.020    -0.000
   7 0 0 0 1 1 1 1  11   1  10   0   0   0   0    46.015    22.002    15.043     0.000     0.000     0.000     0.000   0   0   0   0   0   0   0     0.000    -0.045    -0.029    -0.005     0.012     0.009     0.001
   7 0 0 0 1 1 1 1  23   5   0   0   0   0   0     5.810    22.011    21.116     0.000     0.000     0.000     0.000   0   0   0   0   0   0   0     0.000    -0.045    -0.029     0.005    -0.007     0.002     0.016
   7 0 0 0 1 1 1 1  23   2   6   0   0   0   0     5.501    21.486    20.958     0.000     0.000     0.000     0.000   0   0   0   0   0   0   0     0.000    -0.045    -0.029    -0.043    -0.012     0.000     0.023
