  308
   1 1   0     0.000   0     4.899
   1 1   0     0.000   0     5.604
   1 1   0     0.000   0     5.838
   1 1   0     0.000   0     6.083
   7 0 0 0 1 1 1 1  24  27  22   0   0   0   0     5.408     5.308     5.313     0.000     0.000     0.000     0.000   0   0   0   0   0   0   0     0.000     0.000     0.000     0.002    -0.080     0.057     0.152
   7 0 0 0 1 1 1 1  25  11  25   0   0   0   0     5.784    52.810     5.972     0.000     0.000     0.000     0.000   0   0   0   0   0   0   0     0.000     0.000     0.000    -0.078    -0.169     0.001     0.041
   7 0 0 0 1 1 1 1  27  13  25   0   0   0   0     5.253    54.447     5.631     0.000     0.000     0.000     0.000   0   0   0   0   0   0   0     0.000     0.000     0.000     0.020     0.083    -0.159    -0.030
   7 0 0 1 1 1 1 1  18  32  25   0   0   0   0    48.339     4.318     5.631     0.000     0.000     0.000     0.000   0   0   0   0   0   0   0     0.000     0.000     0.158    -0.082     0.005    -0.159    -0.030
   7 0 0 0 1 1 1 1  24  27  22   0   0   0   0     5.408     5.299     5.313     0.000     0.000     0.000     0.000   0   0   0   0   0   0   0     0.000     0.000     0.158     0.003    -0.072     0.052     0.137
   7 0 0 0 1 1 1 1  25  11  25   0   0   0   0     5.821    52.810     5.939     0.000     0.000     0.000     0.000   0   0   0   0   0   0   0     0.000     0.000     0.158    -0.067    -0.153    -0.007     0.027
   7 0 0 0 1 1 1 1  27   0  25   0   0   0   0     5.253    21.353     5.672     0.000     0.000     0.000     0.000   0   0   0   0   0   0   0     0.000     0.000     0.158     0.075     0.018    -0.136    -0.026
   7 0 0 0 1 1 1 1  17  24   7   0   0   0   0    60.118     5.189    20.496     0.000     0.000     0.000     0.000   0   0   0   0   0   0   0     0.000     0.000     0.158    -0.303    -0.031     0.140     0.056
   7 0 0 0 1 1 1 1  24  27  22   0   0   0   0     5.408     5.353     5.313     0.000     0.000     0.000     0.000   0   0   0   0   0   0   0     0.000     0.000     0.158    -0.002    -0.070     0.047     0.123
   7 0 0 0 1 1 1 1  25  11  25   0   0   0   0     5.821    52.810     5.992     0.000     0.000     0.000     0.000   0   0   0   0   0   0   0     0.000     0.000     0.158    -0.060    -0.138     0.002     0.039
   7 0 0 0 1 1 1 1  27   0  26   0   0   0   0     5.253    21.382     5.715     0.000     0.000     0.000     0.000   0   0   0   0   0   0   0     0.000     0.000     0.158     0.067     0.016    -0.133    -0.025
   7 0 0 0 1 1 1 1  18  22  28   0   0   0   0    48.339     5.313     5.636     0.000     0.000     0.000     0.000   0   0   0   0   0   0   0     0.000     0.000     0.158    -0.023    -0.591     0.105     0.138
   7 0 0 0 1 1 1 1  24   0  16   0   0   0   0     5.410    21.520    55.610     0.000     0.000     0.000     0.000   0   0   0   0   0   0   0     0.000     0.000     0.158    -0.056     0.008     0.259     0.079
   7 0 0 0 1 1 1 1  26  11  25   0   0   0   0     5.821    52.810     5.939     0.000     0.000     0.000     0.000   0   0   0   0   0   0   0     0.000     0.000     0.158    -0.059    -0.125    -0.007     0.023
   7 0 0 0 1 1 1 1  27   0  25   0   0   0   0     5.253    21.331     5.656     0.000     0.000     0.000     0.000   0   0   0   0   0   0   0     0.000     0.000     0.158     0.061     0.015    -0.114    -0.021
   7 0 0 0 1 1 1 1  17  29   0   0   0   0   0    59.903     5.590    21.426     0.000     0.000     0.000     0.000   0   0   0   0   0   0   0     0.000     0.000     0.158    -0.275    -0.028     0.113     0.047
   7 0 0 0 1 1 1 1  24  28  19   0   0   0   0     5.419     5.570    61.735     0.000     0.000     0.000     0.000   0   0   0   0   0   0   0     0.000     0.000     0.158    -0.009    -0.076     0.311     0.073
   7 0 0 0 1 1 1 1  25  11  25   0   0   0   0     5.821    52.810     5.999     0.000     0.000     0.000     0.000   0   0   0   0   0   0   0     0.000     0.000     0.158    -0.050    -0.113     0.003     0.036
   7 0 0 0 1 1 1 1  27   2  26   0   0   0   0     5.286    22.439     5.710     0.000     0.000     0.000     0.000   0   0   0   0   0   0   0     0.000     0.000     0.158     0.051     0.009    -0.113    -0.023
   7 0 0 0 1 1 1 1  17  12  21   0   0   0   0    59.895    51.284    67.347     0.000     0.000     0.000     0.000   0   0   0   0   0   0   0     0.000     0.000     0.158     0.001    -0.065     0.044     0.103
   7 0 0 0 1 1 1 1  22  27   6   0   0   0   0     5.313     5.248    20.379     0.000     0.000     0.000     0.000   0   0   0   0   0   0   0     0.000     0.000     0.158     0.017    -0.046     0.079     0.656
   7 0 0 0 1 1 1 1  17  11  25   0   0   0   0    58.416    52.810     6.002     0.000     0.000     0.000     0.000   0   0   0   0   0   0   0     0.000     0.000     0.158    -0.038    -0.103     0.004     0.034
   7 0 0 0 1 1 1 1  27   0  25   0   0   0   0     5.268    21.287     5.694     0.000     0.000     0.000     0.000   0   0   0   0   0   0   0     0.000     0.000     0.158     0.054     0.013    -0.090    -0.017
   7 0 0 0 1 1 1 1  17  29   4   0   0   0   0    59.858     5.669    23.280     0.000     0.000     0.000     0.000   0   0   0   0   0   0   0     0.000     0.000     0.158    -0.217    -0.022     0.092     0.037
   7 0 0 0 1 1 1 1  22  27   6   0   0   0   0     5.313     5.224    20.379     0.000     0.000     0.000     0.000   0   0   0   0   0   0   0     0.000     0.000     0.158     0.017    -0.040     0.071     0.623
   7 0 0 0 1 1 1 1  26  25  25   0   0   0   0     5.821     5.575     5.926     0.000     0.000     0.000     0.000   0   0   0   0   0   0   0     0.000     0.000     0.158    -0.116    -0.052    -0.009     0.017
   7 0 0 0 1 1 1 1  27   2  24   0   0   0   0     5.301    21.951     5.265     0.000     0.000     0.000     0.000   0   0   0   0   0   0   0     0.000     0.000     0.158     0.049     0.010    -0.112    -0.021
   7 0 0 0 1 1 1 1  17  12  14   0   0   0   0    59.858    51.284    45.485     0.000     0.000     0.000     0.000   0   0   0   0   0   0   0     0.000     0.000     0.158     0.003    -0.056     0.035     0.084
   7 0 0 0 1 1 1 1  22  27   6   0   0   0   0     5.313     5.414    20.379     0.000     0.000     0.000     0.000   0   0   0   0   0   0   0     0.000     0.000     0.158    -0.000    -0.058     0.064     0.592
   7 0 0 0 1 1 1 1  26  25  25   0   0   0   0     5.863     5.706     5.996     0.000     0.000     0.000     0.000   0   0   0   0   0   0   0     0.000     0.000     0.158    -0.073    -0.026     0.003     0.027
   7 0 0 0 1 1 1 1  27   0  25   0   0   0   0     5.220    21.287     5.739     0.000     0.000     0.000     0.000   0   0   0   0   0   0   0     0.000     0.000     0.158     0.044     0.012    -0.069    -0.012
   7 0 0 0 1 1 1 1  24   0   5   0   0   0   0     5.390    20.788    22.069     0.000     0.000     0.000     0.000   0   0   0   0   0   0   0     0.000     0.000     0.158    -0.224    -0.022     0.087     0.023
   7 0 0 0 1 1 1 1  24  24   6   0   0   0   0     5.393     5.291    20.379     0.000     0.000     0.000     0.000   0   0   0   0   0   0   0     0.000     0.000     0.158    -0.121    -0.017     0.043     0.189
   7 0 0 0 1 1 1 1  25   1  25   0   0   0   0     5.794    22.494     5.924     0.000     0.000     0.000     0.000   0   0   0   0   0   0   0     0.000     0.000     0.158    -0.042    -0.104    -0.008     0.014
   7 0 0 0 1 1 1 1  17  25   2   0   0   0   0    59.756     5.741    21.865     0.000     0.000     0.000     0.000   0   0   0   0   0   0   0     0.000     0.000     0.158    -0.059    -0.007     0.040     0.016
   7 0 0 0 1 1 1 1  24   0   5   0   0   0   0     5.393    20.788    22.069     0.000     0.000     0.000     0.000   0   0   0   0   0   0   0     0.000     0.000     0.158    -0.206    -0.019     0.078     0.022
   7 0 0 0 1 1 1 1  22  11   6   0   0   0   0     5.313    51.795    20.379     0.000     0.000     0.000     0.000   0   0   0   0   0   0   0     0.000     0.000     0.158     0.006    -0.041     0.053     0.553
   7 0 0 0 1 1 1 1  26  25  12   0   0   0   0     5.863     5.591    52.708     0.000     0.000     0.000     0.000   0   0   0   0   0   0   0     0.000     0.000     0.158    -0.088    -0.029     0.016    -0.002
   7 0 0 0 1 1 1 1  27   2  24   0   0   0   0     5.301    22.506     5.265     0.000     0.000     0.000     0.000   0   0   0   0   0   0   0     0.000     0.000     0.158     0.031     0.005    -0.090    -0.016
   7 0 0 0 1 1 1 1  31   0  12   0   0   0   0     5.465    20.467    51.408     0.000     0.000     0.000     0.000   0   0   0   0   0   0   0     0.000     0.000     0.158     0.160    -0.044     0.007     0.056
   7 0 0 0 1 1 1 1  24  24   6   0   0   0   0     5.393     5.265    20.379     0.000     0.000     0.000     0.000   0   0   0   0   0   0   0     0.000     0.000     0.158    -0.114    -0.014     0.036     0.166
   7 0 0 0 1 1 1 1  25  22  26   0   0   0   0     5.749     5.313     5.916     0.000     0.000     0.000     0.000   0   0   0   0   0   0   0     0.000     0.000     0.158    -0.054     0.019    -0.000     0.022
   7 0 0 0 1 1 1 1  27  24  24   0   0   0   0     5.353     5.419     5.265     0.000     0.000     0.000     0.000   0   0   0   0   0   0   0     0.000     0.000     0.158     0.003     0.027    -0.082    -0.016
   7 0 0 0 1 1 1 1  31  11   1   0   0   0   0     5.466    57.858    22.129     0.000     0.000     0.000     0.000   0   0   0   0   0   0   0     0.000     0.000     0.158    -0.026    -0.185     0.055     0.011
   7 0 0 0 1 1 1 1  22  27   6   0   0   0   0     5.313     5.414    20.379     0.000     0.000     0.000     0.000   0   0   0   0   0   0   0     0.000     0.000     0.158     0.001    -0.045     0.044     0.517
   7 0 0 0 1 1 1 1  17   1   3   0   0   0   0    58.820    22.494    24.011     0.000     0.000     0.000     0.000   0   0   0   0   0   0   0     0.000     0.000     0.158    -0.024    -0.083    -0.000     0.016
   7 0 0 0 1 1 1 1  26  11  17   0   0   0   0     5.821    53.408    59.769     0.000     0.000     0.000     0.000   0   0   0   0   0   0   0     0.000     0.000     0.158    -0.030    -0.074    -0.004     0.020
   7 0 0 0 1 1 1 1  29  17   5   0   0   0   0     5.717    58.962    22.069     0.000     0.000     0.000     0.000   0   0   0   0   0   0   0     0.000     0.000     0.158    -0.110    -0.022     0.059     0.008
   7 0 0 0 1 1 1 1  22  27   6   0   0   0   0     5.313     5.230    20.379     0.000     0.000     0.000     0.000   0   0   0   0   0   0   0     0.000     0.000     0.158     0.012    -0.026     0.040     0.491
   7 0 0 0 1 1 1 1  25  22  25   0   0   0   0     5.739     5.313     5.945     0.000     0.000     0.000     0.000   0   0   0   0   0   0   0     0.000     0.000     0.158    -0.052     0.020    -0.004     0.012
   7 0 0 0 1 1 1 1  27   8  24   0   0   0   0     5.301    17.236     5.265     0.000     0.000     0.000     0.000   0   0   0   0   0   0   0     0.000     0.000     0.158     0.031     0.006    -0.068    -0.012
   7 0 0 0 1 1 1 1  31   0   1   0   0   0   0     5.456    20.467    22.188     0.000     0.000     0.000     0.000   0   0   0   0   0   0   0     0.000     0.000     0.158     0.146    -0.037     0.041     0.005
   7 0 0 0 1 1 1 1  22  25   6   0   0   0   0     5.313     5.648    20.379     0.000     0.000     0.000     0.000   0   0   0   0   0   0   0     0.000     0.000     0.158    -0.087    -0.005     0.036     0.467
   7 0 0 0 1 1 1 1  17   1  26   0   0   0   0    58.820    22.494     5.916     0.000     0.000     0.000     0.000   0   0   0   0   0   0   0     0.000     0.000     0.158    -0.020    -0.071     0.001     0.017
   7 0 0 0 1 1 1 1  26  11  17   0   0   0   0     5.821    53.408    59.756     0.000     0.000     0.000     0.000   0   0   0   0   0   0   0     0.000     0.000     0.158    -0.026    -0.061    -0.004     0.016
   7 0 0 0 1 1 1 1  29   0   5   0   0   0   0     5.701    20.851    22.069     0.000     0.000     0.000     0.000   0   0   0   0   0   0   0     0.000     0.000     0.158    -0.157    -0.037     0.049     0.002
   7 0 0 0 1 1 1 1  24  24   6   0   0   0   0     5.389     5.265    20.379     0.000     0.000     0.000     0.000   0   0   0   0   0   0   0     0.000     0.000     0.158    -0.089    -0.011     0.025     0.132
   7 0 0 0 1 1 1 1  25  22  25   0   0   0   0     5.741     5.313     5.924     0.000     0.000     0.000     0.000   0   0   0   0   0   0   0     0.000     0.000     0.158    -0.041     0.020    -0.006     0.008
   7 0 0 0 1 1 1 1  27   6  26   0   0   0   0     5.353    19.618     5.710     0.000     0.000     0.000     0.000   0   0   0   0   0   0   0     0.000     0.000     0.158     0.027     0.005    -0.048    -0.011
   7 0 0 0 1 1 1 1  17  22  17   0   0   0   0    59.752     5.313    60.854     0.000     0.000     0.000     0.000   0   0   0   0   0   0   0     0.000     0.000     0.158    -0.012    -0.194     0.018     0.041
   7 0 0 0 1 1 1 1  11  20  26   0   0   0   0    52.810    63.443     5.710     0.000     0.000     0.000     0.000   0   0   0   0   0   0   0     0.000     0.000     0.158     0.010     0.437    -0.085    -0.021
   7 0 0 0 1 1 1 1  25  22  26   0   0   0   0     5.706     5.313     5.914     0.000     0.000     0.000     0.000   0   0   0   0   0   0   0     0.000     0.000     0.158    -0.045     0.018    -0.001     0.014
   7 0 0 0 1 1 1 1  17  11   8   0   0   0   0    59.733    51.795    17.127     0.000     0.000     0.000     0.000   0   0   0   0   0   0   0     0.000     0.000     0.158     0.001    -0.019     0.044     0.012
   7 0 0 0 1 1 1 1  29   0   5   0   0   0   0     5.703    20.842    22.069     0.000     0.000     0.000     0.000   0   0   0   0   0   0   0     0.000     0.000     0.158    -0.143    -0.031     0.042     0.002
   7 0 0 0 1 1 1 1  22  27  12   0   0   0   0     5.313     5.414    51.286     0.000     0.000     0.000     0.000   0   0   0   0   0   0   0     0.000     0.000     0.158     0.002    -0.033     0.415     0.029
   7 0 0 0 1 1 1 1  25  11   4   0   0   0   0     5.844    52.810    23.915     0.000     0.000     0.000     0.000   0   0   0   0   0   0   0     0.000     0.000     0.158    -0.013    -0.043     0.001     0.017
   7 0 0 0 1 1 1 1  26  14  16   0   0   0   0     5.821    47.314    58.989     0.000     0.000     0.000     0.000   0   0   0   0   0   0   0     0.000     0.000     0.158    -0.033     0.021    -0.001     0.016
   7 0 0 0 1 1 1 1  11  24  11   0   0   0   0    52.808     5.374    52.810     0.000     0.000     0.000     0.000   0   0   0   0   0   0   0     0.000     0.000     0.158    -0.001     0.026    -0.277    -0.022
   7 0 0 0 1 1 1 1  27  27   2   0   0   0   0     5.181     5.043    21.569     0.000     0.000     0.000     0.000   0   0   0   0   0   0   0     0.000     0.000     0.158     0.039     0.016     0.102    -0.013
   7 0 0 0 1 1 1 1  26   1  12   0   0   0   0     5.869    22.494    52.708     0.000     0.000     0.000     0.000   0   0   0   0   0   0   0     0.000     0.000     0.158    -0.013    -0.054     0.009    -0.002
   7 0 0 0 1 1 1 1  27   1  26   0   0   0   0     5.220    21.904     5.710     0.000     0.000     0.000     0.000   0   0   0   0   0   0   0     0.000     0.000     0.158     0.028     0.007    -0.039    -0.006
   7 0 0 0 1 1 1 1  29   0   0   0   0   0   0     5.701    20.851    20.467     0.000     0.000     0.000     0.000   0   0   0   0   0   0   0     0.000     0.000     0.158    -0.129    -0.028     0.140     0.006
   7 0 0 0 1 1 1 1  27  27  22   0   0   0   0     5.216     5.070     5.313     0.000     0.000     0.000     0.000   0   0   0   0   0   0   0     0.000     0.000     0.158     0.034     0.010    -0.017     0.090
   7 0 0 0 1 1 1 1  25  22  25   0   0   0   0     5.739     5.313     5.924     0.000     0.000     0.000     0.000   0   0   0   0   0   0   0     0.000     0.000     0.158    -0.032     0.020    -0.005     0.006
   7 0 0 0 1 1 1 1  26   0  29   0   0   0   0     5.821    20.467     5.762     0.000     0.000     0.000     0.000   0   0   0   0   0   0   0     0.000     0.000     0.158     0.023    -0.028    -0.002     0.012
   7 0 0 0 1 1 1 1  11  24  11   0   0   0   0    52.808     5.376    52.810     0.000     0.000     0.000     0.000   0   0   0   0   0   0   0     0.000     0.000     0.158    -0.001     0.023    -0.259    -0.019
   7 0 0 0 1 1 1 1  11   2  26   0   0   0   0    52.810    21.569     5.710     0.000     0.000     0.000     0.000   0   0   0   0   0   0   0     0.000     0.000     0.158     0.385     0.007    -0.075    -0.014
   7 0 0 0 1 1 1 1  25  22  26   0   0   0   0     5.694     5.313     5.916     0.000     0.000     0.000     0.000   0   0   0   0   0   0   0     0.000     0.000     0.158    -0.034     0.019    -0.001     0.011
   7 0 0 0 1 1 1 1  17   4   8   0   0   0   0    59.709    23.731    17.127     0.000     0.000     0.000     0.000   0   0   0   0   0   0   0     0.000     0.000     0.158    -0.015     0.001     0.035     0.008
   7 0 0 0 1 1 1 1  24   0   0   0   0   0   0     5.327    20.875    20.467     0.000     0.000     0.000     0.000   0   0   0   0   0   0   0     0.000     0.000     0.158    -0.117    -0.038     0.131     0.003
   7 0 0 0 1 1 1 1  27  27   2   0   0   0   0     5.179     5.043    21.569     0.000     0.000     0.000     0.000   0   0   0   0   0   0   0     0.000     0.000     0.158     0.031     0.012     0.086    -0.011
   7 0 0 0 1 1 1 1  26   1  12   0   0   0   0     5.868    22.494    52.708     0.000     0.000     0.000     0.000   0   0   0   0   0   0   0     0.000     0.000     0.158    -0.010    -0.044     0.007    -0.002
   7 0 0 0 1 1 1 1  25   0  31   0   0   0   0     5.784    20.467     5.387     0.000     0.000     0.000     0.000   0   0   0   0   0   0   0     0.000     0.000     0.158     0.022    -0.024    -0.008     0.005
   7 0 0 0 1 1 1 1  29   0   2   0   0   0   0     5.715    20.788    21.569     0.000     0.000     0.000     0.000   0   0   0   0   0   0   0     0.000     0.000     0.158    -0.107    -0.017    -0.109     0.012
   7 0 0 0 1 1 1 1  11   2  26   0   0   0   0    52.810    21.569     5.710     0.000     0.000     0.000     0.000   0   0   0   0   0   0   0     0.000     0.000     0.158     0.361     0.006    -0.069    -0.012
   7 0 0 0 1 1 1 1  25  11   4   0   0   0   0     5.844    52.810    23.941     0.000     0.000     0.000     0.000   0   0   0   0   0   0   0     0.000     0.000     0.158    -0.008    -0.029     0.000     0.013
   7 0 0 0 1 1 1 1  17  26   8   0   0   0   0    59.709     5.710    17.127     0.000     0.000     0.000     0.000   0   0   0   0   0   0   0     0.000     0.000     0.158    -0.031    -0.003     0.032     0.007
   7 0 0 0 1 1 1 1  29  24   2   0   0   0   0     5.720     5.328    21.569     0.000     0.000     0.000     0.000   0   0   0   0   0   0   0     0.000     0.000     0.158    -0.060    -0.010    -0.100     0.014
   7 0 0 0 1 1 1 1  27  27   2   0   0   0   0     5.212     5.070    21.569     0.000     0.000     0.000     0.000   0   0   0   0   0   0   0     0.000     0.000     0.158     0.027     0.007     0.076    -0.012
   7 0 0 0 1 1 1 1  25   1   3   0   0   0   0     5.924    22.494    24.432     0.000     0.000     0.000     0.000   0   0   0   0   0   0   0     0.000     0.000     0.158    -0.005    -0.037     0.003     0.013
   7 0 0 0 1 1 1 1  24  25   5   0   0   0   0     5.297     5.575    22.069     0.000     0.000     0.000     0.000   0   0   0   0   0   0   0     0.000     0.000     0.158    -0.040    -0.018     0.014    -0.001
   7 0 1 0 1 1 1 1   0  25   2   0   0   0   0    20.467     5.575    21.569     0.000     0.000     0.000     0.000   0   0   0   0   0   0   0     0.000     0.136     0.158    -0.040    -0.018    -0.504     0.001
   7 0 0 0 1 1 1 1  24  28   0   0   0   0   0     5.374     5.576    20.467     0.000     0.000     0.000     0.000   0   0   0   0   0   0   0     0.000     0.136     0.158    -0.003    -0.028    -0.082     0.015
   7 0 0 0 1 1 1 1  26   1  27   0   0   0   0     5.871    22.494     5.106     0.000     0.000     0.000     0.000   0   0   0   0   0   0   0     0.000     0.136     0.158    -0.008    -0.034    -0.004     0.005
   7 0 0 0 1 1 1 1  27  10  26   0   0   0   0     5.220    15.156     5.710     0.000     0.000     0.000     0.000   0   0   0   0   0   0   0     0.000     0.136     0.158     0.023     0.004    -0.026    -0.004
   7 0 0 0 1 1 1 1  11  24  11   0   0   0   0    52.808     5.488    52.810     0.000     0.000     0.000     0.000   0   0   0   0   0   0   0     0.000     0.136     0.158     0.003     0.029    -0.219    -0.015
   7 0 0 0 1 1 1 1  22  27   6   0   0   0   0     5.313     5.505    20.379     0.000     0.000     0.000     0.000   0   0   0   0   0   0   0     0.000     0.136     0.158    -0.001    -0.042     0.014     0.338
   7 0 0 0 1 1 1 1  25  22  26   0   0   0   0     5.687     5.313     5.917     0.000     0.000     0.000     0.000   0   0   0   0   0   0   0     0.000     0.136     0.158    -0.025     0.021    -0.001     0.008
   7 0 0 0 1 1 1 1  24  25   5   0   0   0   0     5.319     5.591    22.069     0.000     0.000     0.000     0.000   0   0   0   0   0   0   0     0.000     0.136     0.158    -0.033    -0.013     0.012    -0.001
   7 0 1 0 1 1 1 1   0  25   2   0   0   0   0    20.467     5.591    21.569     0.000     0.000     0.000     0.000   0   0   0   0   0   0   0     0.000     0.127     0.158    -0.033    -0.013    -0.468     0.001
   7 0 0 0 1 1 1 1  11   2  26   0   0   0   0    52.810    21.569     5.698     0.000     0.000     0.000     0.000   0   0   0   0   0   0   0     0.000     0.127     0.158     0.321     0.005    -0.065    -0.009
   7 0 0 0 1 1 1 1  14   2   0   0   0   0   0    47.314    21.569    20.466     0.000     0.000     0.000     0.000   0   0   0   0   0   0   0     0.000     0.127     0.158     0.104    -0.000    -0.044    -0.020
   7 0 0 0 1 1 1 1  27  24  22   0   0   0   0     5.414     5.358     5.313     0.000     0.000     0.000     0.000   0   0   0   0   0   0   0     0.000     0.127     0.158    -0.002     0.006    -0.007    -0.054
   7 0 0 0 1 1 1 1  24  11   0   0   0   0   0     5.327    57.115    20.467     0.000     0.000     0.000     0.000   0   0   0   0   0   0   0     0.000     0.127     0.158    -0.030    -0.092     0.118     0.002
   7 0 0 0 1 1 1 1  22  25  12   0   0   0   0     5.313     5.672    51.286     0.000     0.000     0.000     0.000   0   0   0   0   0   0   0     0.000     0.127     0.158    -0.043    -0.001     0.305     0.012
   7 0 0 0 1 1 1 1  17  11  12   0   0   0   0    58.624    52.810    52.746     0.000     0.000     0.000     0.000   0   0   0   0   0   0   0     0.000     0.127     0.158    -0.005    -0.022     0.005    -0.002
   7 0 0 0 1 1 1 1  24  25  20   0   0   0   0     5.319     5.575    63.443     0.000     0.000     0.000     0.000   0   0   0   0   0   0   0     0.000     0.127     0.158    -0.031    -0.012     0.002    -0.030
   7 0 0 0 1 1 1 1  29  17   2   0   0   0   0     5.720    58.743    21.569     0.000     0.000     0.000     0.000   0   0   0   0   0   0   0     0.000     0.127     0.158    -0.079    -0.011    -0.091     0.012
   7 0 0 0 1 1 1 1  27  27   2   0   0   0   0     5.197     5.043    21.569     0.000     0.000     0.000     0.000   0   0   0   0   0   0   0     0.000     0.127     0.158     0.021     0.006     0.060    -0.009
   7 0 0 0 1 1 1 1  14   2  11   0   0   0   0    47.314    21.569    52.811     0.000     0.000     0.000     0.000   0   0   0   0   0   0   0     0.000     0.127     0.158     0.099    -0.000    -0.018    -0.039
   7 0 0 0 1 1 1 1   5   9   2   0   0   0   0    22.069    17.940    21.569     0.000     0.000     0.000     0.000   0   0   0   0   0   0   0     0.000     0.127     0.158     0.028     0.007    -0.133    -0.001
   7 0 1 0 1 1 1 1   0   9   2   0   0   0   0    20.467    17.940    21.569     0.000     0.000     0.000     0.000   0   0   0   0   0   0   0     0.000     0.116     0.158     0.028     0.007    -0.440     0.001
   7 0 0 0 1 1 1 1  11   2  27   0   0   0   0    52.810    21.569     5.531     0.000     0.000     0.000     0.000   0   0   0   0   0   0   0     0.000     0.116     0.158     0.287     0.004    -0.007    -0.059
   7 0 0 0 1 1 1 1  25   5  27   0   0   0   0     5.848    23.562     4.971     0.000     0.000     0.000     0.000   0   0   0   0   0   0   0     0.000     0.116     0.158    -0.007    -0.029    -0.010     0.002
   7 0 0 0 1 1 1 1  17   4   8   0   0   0   0    59.686    23.733    17.127     0.000     0.000     0.000     0.000   0   0   0   0   0   0   0     0.000     0.116     0.158    -0.009     0.001     0.022     0.004
   7 0 0 0 1 1 1 1  24  24   0   0   0   0   0     5.342     5.227    20.467     0.000     0.000     0.000     0.000   0   0   0   0   0   0   0     0.000     0.116     0.158    -0.068    -0.017     0.107     0.004
   7 0 0 0 1 1 1 1  24  28   0   0   0   0   0     5.374     5.576    20.467     0.000     0.000     0.000     0.000   0   0   0   0   0   0   0     0.000     0.116     0.158    -0.002    -0.019    -0.071     0.011
   7 0 0 0 1 1 1 1  26  14  26   0   0   0   0     5.909    47.314     5.921     0.000     0.000     0.000     0.000   0   0   0   0   0   0   0     0.000     0.116     0.158    -0.002    -0.027     0.003     0.010
   7 0 0 0 1 1 1 1  24  25   5   0   0   0   0     5.297     5.575    22.069     0.000     0.000     0.000     0.000   0   0   0   0   0   0   0     0.000     0.116     0.158    -0.027    -0.011     0.009    -0.001
   7 0 0 0 1 1 1 1  11   0  11   0   0   0   0    52.808    20.856    52.810     0.000     0.000     0.000     0.000   0   0   0   0   0   0   0     0.000     0.116     0.158     0.119     0.006    -0.172    -0.012
   7 0 0 0 1 1 1 1  14  27   5   0   0   0   0    47.313     5.497    22.069     0.000     0.000     0.000     0.000   0   0   0   0   0   0   0     0.000     0.116     0.158     0.002    -0.026    -0.018     0.272
   7 0 0 0 1 1 1 1  26  22  27   0   0   0   0     5.873     5.313     5.106     0.000     0.000     0.000     0.000   0   0   0   0   0   0   0     0.000     0.116     0.158    -0.008     0.021    -0.004     0.004
   7 0 0 0 1 1 1 1  27   6  22   0   0   0   0     5.414    19.586     5.313     0.000     0.000     0.000     0.000   0   0   0   0   0   0   0     0.000     0.116     0.158     0.012     0.001    -0.005    -0.045
   7 0 0 0 1 1 1 1  24  32  16   0   0   0   0     5.380     4.341    55.609     0.000     0.000     0.000     0.000   0   0   0   0   0   0   0     0.000     0.116     0.158    -0.018     0.002     0.188     0.009
   7 0 0 0 1 1 1 1  14  27   5   0   0   0   0    47.313     5.478    22.069     0.000     0.000     0.000     0.000   0   0   0   0   0   0   0     0.000     0.116     0.158     0.002    -0.018    -0.016     0.259
   7 0 0 0 1 1 1 1  17  22  26   0   0   0   0    56.766     5.313     5.919     0.000     0.000     0.000     0.000   0   0   0   0   0   0   0     0.000     0.116     0.158    -0.033     0.020    -0.001     0.008
   7 0 0 0 1 1 1 1  24  25  20   0   0   0   0     5.327     5.575    63.443     0.000     0.000     0.000     0.000   0   0   0   0   0   0   0     0.000     0.116     0.158    -0.024    -0.008     0.001    -0.024
   7 0 1 0 1 1 1 1   0  25   2   0   0   0   0    20.467     5.575    21.569     0.000     0.000     0.000     0.000   0   0   0   0   0   0   0     0.000     0.099     0.158    -0.024    -0.008    -0.410     0.001
   7 0 0 0 1 1 1 1  14  26   5   0   0   0   0    47.313     5.710    22.069     0.000     0.000     0.000     0.000   0   0   0   0   0   0   0     0.000     0.099     0.158    -0.038     0.001    -0.015     0.246
   7 0 0 0 1 1 1 1  14   2   5   0   0   0   0    47.315    21.569    21.948     0.000     0.000     0.000     0.000   0   0   0   0   0   0   0     0.000     0.099     0.158     0.058    -0.000    -0.013    -0.037
   7 0 0 0 1 1 1 1  17  22   1   0   0   0   0    59.686     5.313    21.904     0.000     0.000     0.000     0.000   0   0   0   0   0   0   0     0.000     0.099     0.158    -0.002    -0.040     0.009     0.002
   7 0 0 0 1 1 1 1  24  24  16   0   0   0   0     5.374     5.227    55.609     0.000     0.000     0.000     0.000   0   0   0   0   0   0   0     0.000     0.099     0.158    -0.059    -0.006     0.175     0.008
   7 0 0 0 1 1 1 1  27  22   0   0   0   0   0     5.175     5.443    20.467     0.000     0.000     0.000     0.000   0   0   0   0   0   0   0     0.000     0.099     0.158     0.008     0.026    -0.062    -0.003
   7 0 0 0 1 1 1 1  14   2  11   0   0   0   0    47.314    21.569    52.811     0.000     0.000     0.000     0.000   0   0   0   0   0   0   0     0.000     0.099     0.158     0.090    -0.000    -0.013    -0.035
   7 0 0 0 1 1 1 1  24   5   0   0   0   0   0     5.327    23.577    20.467     0.000     0.000     0.000     0.000   0   0   0   0   0   0   0     0.000     0.099     0.158    -0.008    -0.028     0.032     0.001
   7 0 0 0 1 1 1 1   2   0   0   0   0   0   0    21.569    20.467    20.534     0.000     0.000     0.000     0.000   0   0   0   0   0   0   0     0.000     0.099     0.158     0.091    -0.390     0.163    -0.000
   7 0 0 0 1 1 1 1  14  27  14   0   0   0   0    47.313     5.365    47.314     0.000     0.000     0.000     0.000   0   0   0   0   0   0   0     0.000     0.099     0.158     0.004    -0.009     0.234    -0.012
   7 0 0 0 1 1 1 1  17  22  31   0   0   0   0    56.766     5.313     5.476     0.000     0.000     0.000     0.000   0   0   0   0   0   0   0     0.000     0.099     0.158    -0.030     0.018     0.002    -0.003
   7 0 0 0 1 1 1 1  27  24   0   0   0   0   0     5.414     5.358    20.467     0.000     0.000     0.000     0.000   0   0   0   0   0   0   0     0.000     0.099     0.158    -0.002     0.004     0.030    -0.007
   7 0 0 0 1 1 1 1   2   0  23   0   0   0   0    21.569    20.467     5.800     0.000     0.000     0.000     0.000   0   0   0   0   0   0   0     0.000     0.099     0.158     0.084    -0.370    -0.000     0.153
   7 0 0 0 1 1 1 1  14  26   5   0   0   0   0    47.313     5.710    22.069     0.000     0.000     0.000     0.000   0   0   0   0   0   0   0     0.000     0.099     0.158    -0.033     0.001    -0.011     0.222
   7 0 0 0 1 1 1 1  14   2   0   0   0   0   0    47.314    21.569    20.466     0.000     0.000     0.000     0.000   0   0   0   0   0   0   0     0.000     0.099     0.158     0.084    -0.000    -0.034    -0.011
   7 0 0 0 1 1 1 1  20  24  10   0   0   0   0    63.443     5.374    15.354     0.000     0.000     0.000     0.000   0   0   0   0   0   0   0     0.000     0.099     0.158    -0.002     0.004     0.014    -0.120
   7 0 0 0 1 1 1 1  24   0   2   0   0   0   0     5.327    20.875    21.569     0.000     0.000     0.000     0.000   0   0   0   0   0   0   0     0.000     0.099     0.158    -0.065    -0.021    -0.078     0.003
   7 0 0 0 1 1 1 1  14  17   5   0   0   0   0    47.313    59.709    22.069     0.000     0.000     0.000     0.000   0   0   0   0   0   0   0     0.000     0.099     0.158    -0.005     0.007    -0.010     0.211
   7 0 0 0 1 1 1 1  26  22   6   0   0   0   0     5.698     5.313    19.456     0.000     0.000     0.000     0.000   0   0   0   0   0   0   0     0.000     0.099     0.158    -0.024     0.016     0.019     0.000
   7 0 0 0 1 1 1 1  20  28  11   0   0   0   0    63.443     5.662    52.810     0.000     0.000     0.000     0.000   0   0   0   0   0   0   0     0.000     0.099     0.158    -0.000     0.021    -0.114     0.013
   7 0 0 0 1 1 1 1   5   0   2   0   0   0   0    22.069    20.855    21.569     0.000     0.000     0.000     0.000   0   0   0   0   0   0   0     0.000     0.099     0.158     0.084     0.015    -0.348    -0.002
   7 0 0 0 1 1 1 1  14  27   5   0   0   0   0    47.313     5.509    22.069     0.000     0.000     0.000     0.000   0   0   0   0   0   0   0     0.000     0.099     0.158     0.001    -0.024    -0.009     0.200
   7 0 0 0 1 1 1 1  26   0  26   0   0   0   0     5.909    20.466     5.921     0.000     0.000     0.000     0.000   0   0   0   0   0   0   0     0.000     0.099     0.158    -0.033    -0.002     0.002     0.008
   7 0 0 0 1 1 1 1  27  29   0   0   0   0   0     5.489     5.693    20.467     0.000     0.000     0.000     0.000   0   0   0   0   0   0   0     0.000     0.099     0.158    -0.007     0.002     0.025    -0.010
   7 0 0 0 1 1 1 1  29   0  20   0   0   0   0     5.714    20.788    63.443     0.000     0.000     0.000     0.000   0   0   0   0   0   0   0     0.000     0.099     0.158    -0.059    -0.010     0.007    -0.070
   7 0 0 0 1 1 1 1  14  27   5   0   0   0   0    47.313     5.197    22.069     0.000     0.000     0.000     0.000   0   0   0   0   0   0   0     0.000     0.099     0.158     0.005    -0.005    -0.008     0.190
   7 0 0 0 1 1 1 1  14   2   0   0   0   0   0    47.315    21.569    20.857     0.000     0.000     0.000     0.000   0   0   0   0   0   0   0     0.000     0.099     0.158     0.050    -0.000    -0.030    -0.010
   7 0 0 0 1 1 1 1  20   0  10   0   0   0   0    63.443    20.534    15.354     0.000     0.000     0.000     0.000   0   0   0   0   0   0   0     0.000     0.099     0.158     0.033     0.000     0.011    -0.108
   7 0 1 0 1 1 1 1   0   0   2   0   0   0   0    20.467    20.534    21.569     0.000     0.000     0.000     0.000   0   0   0   0   0   0   0     0.000     0.083     0.158     0.033     0.000    -0.327     0.000
   7 0 1 0 1 1 1 1   0   0  14   0   0   0   0    20.466    20.534    47.313     0.000     0.000     0.000     0.000   0   0   0   0   0   0   0     0.000    -0.063     0.158     0.033     0.000    -0.000     0.083
   7 0 0 0 1 1 1 1  25   6   0   0   0   0   0     5.943    19.475    21.797     0.000     0.000     0.000     0.000   0   0   0   0   0   0   0     0.000    -0.063     0.158     0.017    -0.003     0.002     0.008
   7 0 0 0 1 1 1 1  20  25  10   0   0   0   0    63.443     5.591    15.354     0.000     0.000     0.000     0.000   0   0   0   0   0   0   0     0.000    -0.063     0.158    -0.018     0.001     0.010    -0.103
   7 0 0 0 1 1 1 1  29  29   2   0   0   0   0     5.722     5.685    21.569     0.000     0.000     0.000     0.000   0   0   0   0   0   0   0     0.000    -0.063     0.158    -0.038    -0.006    -0.063     0.008
   7 0 0 0 1 1 1 1  27   2   0   0   0   0   0     5.085    21.727    20.467     0.000     0.000     0.000     0.000   0   0   0   0   0   0   0     0.000    -0.063     0.158     0.027     0.010    -0.052    -0.001
   7 0 0 0 1 1 1 1  27  31  22   0   0   0   0     5.543     5.476     5.313     0.000     0.000     0.000     0.000   0   0   0   0   0   0   0     0.000    -0.063     0.158     0.002    -0.002    -0.025     0.017
   7 0 0 0 1 1 1 1  20  18  10   0   0   0   0    63.443    46.534    15.354     0.000     0.000     0.000     0.000   0   0   0   0   0   0   0     0.000    -0.063     0.158    -0.001     0.005     0.009    -0.098
   7 0 1 0 1 1 1 1   0  18   2   0   0   0   0    20.467    46.534    21.569     0.000     0.000     0.000     0.000   0   0   0   0   0   0   0     0.000     0.081     0.158    -0.001     0.005    -0.307     0.000
   7 0 0 0 1 1 1 1  14  26   5   0   0   0   0    47.313     5.698    22.069     0.000     0.000     0.000     0.000   0   0   0   0   0   0   0     0.000     0.081     0.158    -0.031     0.000    -0.010     0.177
   7 0 1 0 1 1 1 1   0  26   2   0   0   0   0    20.466     5.698    21.569     0.000     0.000     0.000     0.000   0   0   0   0   0   0   0     0.000    -0.029     0.158    -0.031     0.000     0.047    -0.000
   7 0 0 0 1 1 1 1  11   2  17   0   0   0   0    53.810    21.569    59.630     0.000     0.000     0.000     0.000   0   0   0   0   0   0   0     0.000    -0.029     0.158    -0.020     0.002    -0.008     0.004
   7 0 1 0 1 1 1 1   0   2   2   0   0   0   0    20.467    21.569    21.569     0.000     0.000     0.000     0.000   0   0   0   0   0   0   0     0.000     0.075     0.158    -0.020     0.002    -0.292     0.000
   7 0 0 0 1 1 1 1  14  27   5   0   0   0   0    47.313     5.489    22.069     0.000     0.000     0.000     0.000   0   0   0   0   0   0   0     0.000     0.075     0.158     0.001    -0.014    -0.009     0.168
   7 0 0 0 1 1 1 1  14   2   0   0   0   0   0    47.314    21.569    20.466     0.000     0.000     0.000     0.000   0   0   0   0   0   0   0     0.000     0.075     0.158     0.074    -0.000    -0.027    -0.010
   7 0 0 0 1 1 1 1  20  20  10   0   0   0   0    63.443    63.433    15.354     0.000     0.000     0.000     0.000   0   0   0   0   0   0   0     0.000     0.075     0.158    -0.000     0.031     0.010    -0.092
   7 0 0 0 1 1 1 1  11   2  25   0   0   0   0    53.810    21.569     5.874     0.000     0.000     0.000     0.000   0   0   0   0   0   0   0     0.000     0.075     0.158    -0.055     0.005    -0.036    -0.008
   7 0 0 0 1 1 1 1  27   2   0   0   0   0   0     5.086    21.720    20.466     0.000     0.000     0.000     0.000   0   0   0   0   0   0   0     0.000     0.075     0.158     0.026     0.009    -0.054    -0.001
   7 0 0 0 1 1 1 1  26  22  27   0   0   0   0     5.877     5.313     5.089     0.000     0.000     0.000     0.000   0   0   0   0   0   0   0     0.000     0.075     0.158    -0.005     0.016    -0.003     0.003
   7 0 0 0 1 1 1 1  25   5  20   0   0   0   0     5.591    23.577    63.443     0.000     0.000     0.000     0.000   0   0   0   0   0   0   0     0.000     0.075     0.158    -0.009    -0.023     0.001    -0.017
   7 0 1 0 1 1 1 1   0   5   2   0   0   0   0    20.467    23.577    21.569     0.000     0.000     0.000     0.000   0   0   0   0   0   0   0     0.000     0.074     0.158    -0.009    -0.023    -0.275     0.000
   7 0 0 0 1 1 1 1  14  26   5   0   0   0   0    47.313     5.710    22.069     0.000     0.000     0.000     0.000   0   0   0   0   0   0   0     0.000     0.074     0.158    -0.024     0.001    -0.008     0.159
   7 0 0 0 1 1 1 1  17  22   6   0   0   0   0    56.766     5.313    19.456     0.000     0.000     0.000     0.000   0   0   0   0   0   0   0     0.000     0.074     0.158    -0.023     0.015     0.015     0.000
   7 0 1 0 1 1 1 1   0  22   2   0   0   0   0    20.467     5.313    21.569     0.000     0.000     0.000     0.000   0   0   0   0   0   0   0     0.000     0.023     0.158    -0.023     0.015    -0.086     0.000
   7 0 0 0 1 1 1 1  24  24  12   0   0   0   0     5.488     5.265    51.284     0.000     0.000     0.000     0.000   0   0   0   0   0   0   0     0.000     0.023     0.158    -0.037    -0.002     0.141     0.010
   7 0 0 0 1 1 1 1  14   0  14   0   0   0   0    47.313    20.959    47.314     0.000     0.000     0.000     0.000   0   0   0   0   0   0   0     0.000     0.023     0.158    -0.014     0.001     0.152    -0.007
   7 0 1 0 1 1 1 1   0   0   2   0   0   0   0    20.466    20.959    21.569     0.000     0.000     0.000     0.000   0   0   0   0   0   0   0     0.000    -0.028     0.158    -0.014     0.001     0.042    -0.000
   7 0 0 0 1 1 1 1   8   0   0   0   0   0   0    17.127    21.261    20.467     0.000     0.000     0.000     0.000   0   0   0   0   0   0   0     0.000    -0.028     0.158     0.004     0.016     0.022    -0.001
   7 0 1 0 1 1 1 1   0   0   2   0   0   0   0    20.467    21.261    21.569     0.000     0.000     0.000     0.000   0   0   0   0   0   0   0     0.000     0.068     0.158     0.004     0.016    -0.261     0.000
   7 0 0 0 1 1 1 1   0   0   2   0   0   0   0    20.467    20.466    21.569     0.000     0.000     0.000     0.000   0   0   0   0   0   0   0     0.000     0.068     0.158    -0.049    -0.012     0.144     0.000
   7 0 0 0 1 1 1 1  14   2   0   0   0   0   0    47.314    21.569    20.466     0.000     0.000     0.000     0.000   0   0   0   0   0   0   0     0.000     0.068     0.158     0.066    -0.000    -0.026    -0.009
   7 0 0 0 1 1 1 1  11   2  27   0   0   0   0    54.184    21.569     5.515     0.000     0.000     0.000     0.000   0   0   0   0   0   0   0     0.000     0.068     0.158    -0.017     0.001    -0.003    -0.019
   7 0 0 0 1 1 1 1  24  32  16   0   0   0   0     5.383     4.352    55.609     0.000     0.000     0.000     0.000   0   0   0   0   0   0   0     0.000     0.068     0.158    -0.012     0.002     0.132     0.006
   7 0 0 0 1 1 1 1  17   0   2   0   0   0   0    59.762    20.467    21.739     0.000     0.000     0.000     0.000   0   0   0   0   0   0   0     0.000     0.068     0.158    -0.040    -0.002     0.021     0.004
   7 0 0 0 1 1 1 1  17  22  26   0   0   0   0    56.766     5.313     5.919     0.000     0.000     0.000     0.000   0   0   0   0   0   0   0     0.000     0.068     0.158    -0.021     0.014    -0.000     0.006
   7 0 0 0 1 1 1 1  26   0   8   0   0   0   0     5.913    20.467    17.148     0.000     0.000     0.000     0.000   0   0   0   0   0   0   0     0.000     0.068     0.158     0.021    -0.002     0.013     0.003
   7 0 1 0 1 1 1 1   0   0   2   0   0   0   0    20.467    20.467    21.569     0.000     0.000     0.000     0.000   0   0   0   0   0   0   0     0.000     0.062     0.158     0.021    -0.002    -0.249     0.000
   7 0 0 0 1 1 1 1  14  27   5   0   0   0   0    47.313     5.509    22.069     0.000     0.000     0.000     0.000   0   0   0   0   0   0   0     0.000     0.062     0.158     0.001    -0.017    -0.004     0.137
   7 0 0 0 1 1 1 1  14   2   0   0   0   0   0    47.314    21.569    20.466     0.000     0.000     0.000     0.000   0   0   0   0   0   0   0     0.000     0.062     0.158     0.062    -0.000    -0.025    -0.008
   7 0 0 0 1 1 1 1  20  20  10   0   0   0   0    63.443    63.433    15.354     0.000     0.000     0.000     0.000   0   0   0   0   0   0   0     0.000     0.062     0.158    -0.000     0.029     0.008    -0.081
   7 0 0 0 1 1 1 1  24   0   2   0   0   0   0     5.342    20.852    21.569     0.000     0.000     0.000     0.000   0   0   0   0   0   0   0     0.000     0.062     0.158    -0.044    -0.010    -0.049     0.003
   7 0 0 0 1 1 1 1  14  26   0   0   0   0   0    47.313     5.698    20.467     0.000     0.000     0.000     0.000   0   0   0   0   0   0   0     0.000     0.062     0.158    -0.023     0.000    -0.037     0.077
   7 0 0 0 1 1 1 1   4   8   6   0   0   0   0    22.741    17.621    19.435     0.000     0.000     0.000     0.000   0   0   0   0   0   0   0     0.000     0.062     0.158    -0.004    -0.037     0.016     0.000
   7 0 0 0 1 1 1 1  24  28  20   0   0   0   0     5.297     5.583    63.443     0.000     0.000     0.000     0.000   0   0   0   0   0   0   0     0.000     0.062     0.158    -0.018    -0.005     0.001    -0.015
   7 0 1 0 1 1 1 1   0  28   2   0   0   0   0    20.467     5.583    21.569     0.000     0.000     0.000     0.000   0   0   0   0   0   0   0     0.000     0.061     0.158    -0.018    -0.005    -0.234     0.000
   7 0 0 0 1 1 1 1  14  17   5   0   0   0   0    47.313    59.709    22.069     0.000     0.000     0.000     0.000   0   0   0   0   0   0   0     0.000     0.061     0.158    -0.003     0.004    -0.005     0.126
   7 0 0 0 1 1 1 1   0  11   2   0   0   0   0    20.467    52.811    21.569     0.000     0.000     0.000     0.000   0   0   0   0   0   0   0     0.000     0.061     0.158    -0.006    -0.023     0.060    -0.000
   7 0 1 0 1 1 1 1   6  11   0   0   0   0   0    19.456    52.811    20.467     0.000     0.000     0.000     0.000   0   0   0   0   0   0   0     0.000     0.014     0.158    -0.006    -0.023     0.020    -0.001
   7 0 0 0 1 1 1 1  24  24   8   0   0   0   0     5.488     5.265    17.621     0.000     0.000     0.000     0.000   0   0   0   0   0   0   0     0.000     0.014     0.158    -0.031    -0.002     0.008     0.122
   7 0 0 0 1 1 1 1  13   0   1   0   0   0   0    56.740    20.466    21.937     0.000     0.000     0.000     0.000   0   0   0   0   0   0   0     0.000     0.014     0.158    -0.040    -0.000     0.009     0.022
   7 0 0 0 1 1 1 1  26  14   4   0   0   0   0     5.908    45.899    24.103     0.000     0.000     0.000     0.000   0   0   0   0   0   0   0     0.000     0.014     0.158    -0.001    -0.007     0.002     0.007
   7 0 0 0 1 1 1 1  24  17  20   0   0   0   0     5.358    58.983    63.443     0.000     0.000     0.000     0.000   0   0   0   0   0   0   0     0.000     0.014     0.158    -0.006    -0.000     0.002    -0.015
   7 0 0 0 1 1 1 1  29  28   2   0   0   0   0     5.722     5.552    21.569     0.000     0.000     0.000     0.000   0   0   0   0   0   0   0     0.000     0.014     0.158    -0.003    -0.016    -0.044     0.006
   7 0 0 0 1 1 1 1  14   1   5   0   0   0   0    47.313    21.584    22.069     0.000     0.000     0.000     0.000   0   0   0   0   0   0   0     0.000     0.014     0.158    -0.011     0.001    -0.005     0.120
   7 0 0 0 1 1 1 1  26  22  17   0   0   0   0     5.876     5.313    60.628     0.000     0.000     0.000     0.000   0   0   0   0   0   0   0     0.000     0.014     0.158    -0.004     0.013     0.002    -0.003
   7 0 1 0 1 1 1 1   0  22   2   0   0   0   0    20.467     5.313    21.569     0.000     0.000     0.000     0.000   0   0   0   0   0   0   0     0.000     0.020     0.158    -0.004     0.013    -0.075     0.000
   7 0 1 0 1 1 1 1   0  22   2   0   0   0   0    20.467     5.313    21.569     0.000     0.000     0.000     0.000   0   0   0   0   0   0   0     0.000     0.059     0.158    -0.004     0.013    -0.220     0.000
   7 0 0 0 1 1 1 1  14  27   5   0   0   0   0    47.313     5.531    22.069     0.000     0.000     0.000     0.000   0   0   0   0   0   0   0     0.000     0.059     0.158     0.000    -0.022    -0.004     0.114
   7 0 1 0 1 1 1 1   0  27   2   0   0   0   0    20.466     5.531    21.569     0.000     0.000     0.000     0.000   0   0   0   0   0   0   0     0.000    -0.022     0.158     0.000    -0.022     0.034    -0.000
   7 0 0 0 1 1 1 1  31   1  24   0   0   0   0     5.352    21.508     5.358     0.000     0.000     0.000     0.000   0   0   0   0   0   0   0     0.000    -0.022     0.158    -0.012    -0.006    -0.002     0.002
   7 0 0 0 1 1 1 1  24  29   8   0   0   0   0     5.488     5.685    17.621     0.000     0.000     0.000     0.000   0   0   0   0   0   0   0     0.000    -0.022     0.158    -0.023    -0.001     0.007     0.114
   7 0 0 0 1 1 1 1  14  27   0   0   0   0   0    47.313     5.201    20.467     0.000     0.000     0.000     0.000   0   0   0   0   0   0   0     0.000    -0.022     0.158     0.003    -0.003    -0.031     0.063
   7 0 0 0 1 1 1 1  17  22   6   0   0   0   0    57.116     5.313    19.456     0.000     0.000     0.000     0.000   0   0   0   0   0   0   0     0.000    -0.022     0.158    -0.012     0.012     0.013     0.000
   7 0 0 0 1 1 1 1  26   0   8   0   0   0   0     5.913    20.467    17.148     0.000     0.000     0.000     0.000   0   0   0   0   0   0   0     0.000    -0.022     0.158     0.018    -0.001     0.011     0.002
   7 0 1 0 1 1 1 1   0   0   2   0   0   0   0    20.467    20.467    21.569     0.000     0.000     0.000     0.000   0   0   0   0   0   0   0     0.000     0.054     0.158     0.018    -0.001    -0.210     0.000
   7 0 0 0 1 1 1 1  27  32   0   0   0   0   0     5.043     4.336    20.466     0.000     0.000     0.000     0.000   0   0   0   0   0   0   0     0.000     0.054     0.158     0.006     0.020    -0.035    -0.001
   7 0 1 0 1 1 1 1   0  32   2   0   0   0   0    20.467     4.336    21.569     0.000     0.000     0.000     0.000   0   0   0   0   0   0   0     0.000    -0.019     0.158     0.006     0.020     0.054    -0.000
   7 0 0 0 1 1 1 1  20   0  10   0   0   0   0    63.443    20.534    15.354     0.000     0.000     0.000     0.000   0   0   0   0   0   0   0     0.000    -0.019     0.158     0.027    -0.000     0.008    -0.072
   7 0 0 0 1 1 1 1  24  24  22   0   0   0   0     5.491     5.265     5.313     0.000     0.000     0.000     0.000   0   0   0   0   0   0   0     0.000    -0.019     0.158    -0.026    -0.001     0.100     0.006
   7 0 0 0 1 1 1 1  14   0   5   0   0   0   0    47.313    20.932    22.069     0.000     0.000     0.000     0.000   0   0   0   0   0   0   0     0.000    -0.019     0.158    -0.013     0.001    -0.005     0.105
   7 0 0 0 1 1 1 1  14   5   8   0   0   0   0    46.809    23.577    17.621     0.000     0.000     0.000     0.000   0   0   0   0   0   0   0     0.000    -0.019     0.158     0.001    -0.016    -0.003    -0.033
   7 0 1 0 1 1 1 1   6   5  20   0   0   0   0    19.456    23.577    63.443     0.000     0.000     0.000     0.000   0   0   0   0   0   0   0     0.000     0.013     0.158     0.001    -0.016    -0.000    -0.013
   7 0 0 0 1 1 1 1  29  28   2   0   0   0   0     5.722     5.371    21.569     0.000     0.000     0.000     0.000   0   0   0   0   0   0   0     0.000     0.013     0.158     0.002    -0.009    -0.042     0.005
   7 0 0 0 1 1 1 1  14  26   5   0   0   0   0    47.313     5.821    22.069     0.000     0.000     0.000     0.000   0   0   0   0   0   0   0     0.000     0.013     0.158    -0.009     0.001    -0.005     0.100
   7 0 0 0 1 1 1 1   4  16   4   0   0   0   0    23.746    55.609    24.103     0.000     0.000     0.000     0.000   0   0   0   0   0   0   0     0.000     0.013     0.158    -0.007    -0.000     0.002     0.006
   7 0 0 0 1 1 1 1  25   5   0   0   0   0   0     5.591    23.577    20.467     0.000     0.000     0.000     0.000   0   0   0   0   0   0   0     0.000     0.013     0.158    -0.006    -0.017     0.017     0.000
   7 0 1 0 1 1 1 1   0   5   2   0   0   0   0    20.467    23.577    21.569     0.000     0.000     0.000     0.000   0   0   0   0   0   0   0     0.000     0.050     0.158    -0.006    -0.017    -0.197     0.000
   7 0 0 0 1 1 1 1  19   0   2   0   0   0   0    67.602    20.466    21.720     0.000     0.000     0.000     0.000   0   0   0   0   0   0   0     0.000     0.050     0.158    -0.032    -0.000     0.016     0.008
   7 0 0 0 1 1 1 1   0  11   2   0   0   0   0    20.467    52.811    21.569     0.000     0.000     0.000     0.000   0   0   0   0   0   0   0     0.000     0.050     0.158    -0.005    -0.020     0.051    -0.000
   7 0 0 0 1 1 1 1  20   0  10   0   0   0   0    63.443    20.534    15.354     0.000     0.000     0.000     0.000   0   0   0   0   0   0   0     0.000     0.050     0.158     0.025    -0.000     0.007    -0.067
   7 0 1 0 1 1 1 1   0   0   2   0   0   0   0    20.467    20.534    21.569     0.000     0.000     0.000     0.000   0   0   0   0   0   0   0     0.000     0.047     0.158     0.025    -0.000    -0.187     0.000
   7 0 0 0 1 1 1 1  14   1   5   0   0   0   0    47.313    21.566    22.069     0.000     0.000     0.000     0.000   0   0   0   0   0   0   0     0.000     0.047     0.158    -0.010     0.001    -0.004     0.095
   7 0 0 0 1 1 1 1   4   8   6   0   0   0   0    22.741    17.621    19.435     0.000     0.000     0.000     0.000   0   0   0   0   0   0   0     0.000     0.047     0.158    -0.003    -0.030     0.014     0.000
   7 0 0 0 1 1 1 1  31  17  24   0   0   0   0     5.361    59.571     5.364     0.000     0.000     0.000     0.000   0   0   0   0   0   0   0     0.000     0.047     0.158    -0.008    -0.002    -0.001     0.002
   7 0 0 0 1 1 1 1  24  11  22   0   0   0   0     5.491    56.121     5.313     0.000     0.000     0.000     0.000   0   0   0   0   0   0   0     0.000     0.047     0.158    -0.001    -0.025     0.091     0.005
   7 0 0 0 1 1 1 1  14  17  14   0   0   0   0    47.313    56.766    47.314     0.000     0.000     0.000     0.000   0   0   0   0   0   0   0     0.000     0.047     0.158    -0.019     0.000     0.090    -0.004
   7 0 0 0 1 1 1 1   0  11   2   0   0   0   0    20.467    52.811    21.569     0.000     0.000     0.000     0.000   0   0   0   0   0   0   0     0.000     0.047     0.158    -0.004    -0.018     0.049    -0.000
   7 0 0 0 1 1 1 1  26  22   8   0   0   0   0     5.914     4.891    17.148     0.000     0.000     0.000     0.000   0   0   0   0   0   0   0     0.000     0.047     0.158    -0.006    -0.000     0.009     0.002
   7 0 0 0 1 1 1 1   2   0  23   0   0   0   0    21.569    20.467     5.800     0.000     0.000     0.000     0.000   0   0   0   0   0   0   0     0.000     0.047     0.158     0.041    -0.178    -0.000     0.093
   7 0 0 0 1 1 1 1  17   0  19   0   0   0   0    59.709    20.466    67.698     0.000     0.000     0.000     0.000   0   0   0   0   0   0   0     0.000     0.047     0.158    -0.029    -0.002     0.002     0.011
   7 0 0 0 1 1 1 1   2   8   6   0   0   0   0    21.745    17.621    19.435     0.000     0.000     0.000     0.000   0   0   0   0   0   0   0     0.000     0.047     0.158    -0.003    -0.028     0.012     0.000
   7 0 0 0 1 1 1 1  20  20  10   0   0   0   0    63.443    63.433    15.354     0.000     0.000     0.000     0.000   0   0   0   0   0   0   0     0.000     0.047     0.158     0.000     0.023     0.007    -0.064
   7 0 0 0 1 1 1 1  24   0   2   0   0   0   0     5.342    20.852    21.569     0.000     0.000     0.000     0.000   0   0   0   0   0   0   0     0.000     0.047     0.158    -0.030    -0.007    -0.038     0.002
   7 0 0 0 1 1 1 1  14   1   5   0   0   0   0    47.313    21.508    22.069     0.000     0.000     0.000     0.000   0   0   0   0   0   0   0     0.000     0.047     0.158    -0.018     0.000    -0.003     0.086
   7 0 0 0 1 1 1 1   4  16   0   0   0   0   0    23.746    55.609    21.807     0.000     0.000     0.000     0.000   0   0   0   0   0   0   0     0.000     0.047     0.158    -0.006    -0.000     0.001     0.005
   7 0 0 0 1 1 1 1  11   2  17   0   0   0   0    54.184    21.569    59.643     0.000     0.000     0.000     0.000   0   0   0   0   0   0   0     0.000     0.047     0.158    -0.013     0.001    -0.005     0.003
   7 0 0 0 1 1 1 1  24  32  13   0   0   0   0     5.419     4.350    50.891     0.000     0.000     0.000     0.000   0   0   0   0   0   0   0     0.000     0.047     0.158    -0.006     0.002     0.087     0.005
   7 0 0 0 1 1 1 1  14  31   5   0   0   0   0    47.313     5.379    22.069     0.000     0.000     0.000     0.000   0   0   0   0   0   0   0     0.000     0.047     0.158    -0.006     0.001    -0.003     0.081
   7 0 0 0 1 1 1 1   0  11   2   0   0   0   0    20.467    52.811    21.569     0.000     0.000     0.000     0.000   0   0   0   0   0   0   0     0.000     0.047     0.158    -0.004    -0.017     0.047    -0.000
   7 0 1 0 1 1 1 1   0  11   2   0   0   0   0    20.467    52.811    21.569     0.000     0.000     0.000     0.000   0   0   0   0   0   0   0     0.000     0.016     0.158    -0.004    -0.017    -0.060     0.000
   7 0 0 0 1 1 1 1  14   2   0   0   0   0   0    47.314    21.569    20.857     0.000     0.000     0.000     0.000   0   0   0   0   0   0   0     0.000     0.016     0.158    -0.168     0.000     0.040     0.013
   7 0 0 0 1 1 1 1  14  26   0   0   0   0   0    47.313     5.821    20.467     0.000     0.000     0.000     0.000   0   0   0   0   0   0   0     0.000     0.016     0.158    -0.008     0.001    -0.022     0.045
   7 0 0 0 1 1 1 1  26  17  26   0   0   0   0     5.911    60.628     5.922     0.000     0.000     0.000     0.000   0   0   0   0   0   0   0     0.000     0.016     0.158    -0.000    -0.005     0.001     0.005
   7 0 1 0 1 1 1 1   6  17   5   0   0   0   0    19.456    60.628    23.564     0.000     0.000     0.000     0.000   0   0   0   0   0   0   0     0.000     0.011     0.158    -0.000    -0.005    -0.000    -0.014
   7 0 0 0 1 1 1 1  31   0   2   0   0   0   0     5.361    20.788    21.569     0.000     0.000     0.000     0.000   0   0   0   0   0   0   0     0.000     0.011     0.158    -0.027    -0.009    -0.034     0.002
   7 0 0 0 1 1 1 1  24   4   9   0   0   0   0     5.358    23.722    17.908     0.000     0.000     0.000     0.000   0   0   0   0   0   0   0     0.000     0.011     0.158    -0.005    -0.001    -0.004     0.004
   7 0 0 0 1 1 1 1   6   3   4   0   0   0   0    19.456    23.116    23.738     0.000     0.000     0.000     0.000   0   0   0   0   0   0   0     0.000     0.011     0.158     0.004     0.012    -0.001     0.002
   7 0 0 0 1 1 1 1  31   1   5   0   0   0   0     5.352    21.508    23.564     0.000     0.000     0.000     0.000   0   0   0   0   0   0   0     0.000     0.011     0.158    -0.010    -0.004     0.000    -0.013
   7 0 1 0 1 1 1 1   0   1   2   0   0   0   0    20.467    21.508    21.569     0.000     0.000     0.000     0.000   0   0   0   0   0   0   0     0.000     0.040     0.158    -0.010    -0.004    -0.158     0.000
   7 0 0 0 1 1 1 1  14   0   5   0   0   0   0    47.313    20.534    22.069     0.000     0.000     0.000     0.000   0   0   0   0   0   0   0     0.000     0.040     0.158    -0.028     0.000    -0.003     0.075
   7 0 0 1 1 1 1 1   5  17   5   0   0   0   0    23.577    56.484    22.069     0.000     0.000     0.000     0.000   0   0   0   0   0   0   0     0.000     0.040    -0.014    -0.019     0.000    -0.003     0.075
   7 0 1 0 1 1 1 1   0  17   2   0   0   0   0    20.467    56.484    21.569     0.000     0.000     0.000     0.000   0   0   0   0   0   0   0     0.000     0.014    -0.014    -0.019     0.000    -0.057     0.000
   7 0 0 0 1 1 1 1  24  24  22   0   0   0   0     5.491     5.327     5.313     0.000     0.000     0.000     0.000   0   0   0   0   0   0   0     0.000     0.014    -0.014    -0.012    -0.001     0.074     0.004
   7 0 1 0 1 1 1 1   0  24  14   0   0   0   0    20.466     5.327    47.313     0.000     0.000     0.000     0.000   0   0   0   0   0   0   0     0.000    -0.025    -0.014    -0.012    -0.001    -0.000     0.033
   7 0 0 0 1 1 1 1   0   0   2   0   0   0   0    20.467    20.466    21.569     0.000     0.000     0.000     0.000   0   0   0   0   0   0   0     0.000    -0.025    -0.014    -0.016    -0.004     0.044    -0.000
   7 0 1 0 1 1 1 1   6   0  20   0   0   0   0    19.456    20.466    63.443     0.000     0.000     0.000     0.000   0   0   0   0   0   0   0     0.000     0.010    -0.014    -0.016    -0.004    -0.000    -0.011
   7 0 0 0 1 1 1 1   2   0   0   0   0   0   0    21.569    20.467    20.534     0.000     0.000     0.000     0.000   0   0   0   0   0   0   0     0.000     0.010    -0.014     0.035    -0.150     0.076    -0.000
   7 0 0 0 1 1 1 1  19   0   1   0   0   0   0    67.551    20.466    21.929     0.000     0.000     0.000     0.000   0   0   0   0   0   0   0     0.000     0.010    -0.014    -0.023    -0.000     0.005     0.011
   7 0 0 0 1 1 1 1   4   8   5   0   0   0   0    22.739    17.621    23.577     0.000     0.000     0.000     0.000   0   0   0   0   0   0   0     0.000     0.010    -0.014    -0.002    -0.025     0.000    -0.013
   7 0 1 0 1 1 1 1   0   8   2   0   0   0   0    20.467    17.621    21.569     0.000     0.000     0.000     0.000   0   0   0   0   0   0   0     0.000     0.014    -0.014    -0.002    -0.025    -0.054     0.000
   7 0 0 0 1 1 1 1  24  32  16   0   0   0   0     5.374     4.352    55.609     0.000     0.000     0.000     0.000   0   0   0   0   0   0   0     0.000     0.014    -0.014    -0.007     0.001     0.071     0.003
   7 0 0 0 1 1 1 1  24   4   9   0   0   0   0     5.358    23.722    17.908     0.000     0.000     0.000     0.000   0   0   0   0   0   0   0     0.000     0.014    -0.014    -0.005    -0.001    -0.003     0.003
   7 0 0 0 1 1 1 1   6   1  25   0   0   0   0    19.456    21.888     5.919     0.000     0.000     0.000     0.000   0   0   0   0   0   0   0     0.000     0.014    -0.014     0.011     0.004    -0.002     0.001
   7 0 0 0 1 1 1 1  26  22   5   0   0   0   0     5.916     4.891    21.967     0.000     0.000     0.000     0.000   0   0   0   0   0   0   0     0.000     0.014    -0.014    -0.005    -0.000     0.008     0.002
   7 0 0 0 1 1 1 1   2   0   0   0   0   0   0    21.569    20.467    20.534     0.000     0.000     0.000     0.000   0   0   0   0   0   0   0     0.000     0.014    -0.014     0.032    -0.143     0.066    -0.000
   7 0 0 0 1 1 1 1  14   0  14   0   0   0   0    47.313    20.534    47.314     0.000     0.000     0.000     0.000   0   0   0   0   0   0   0     0.000     0.014    -0.014    -0.026     0.000     0.070    -0.004
   7 0 0 0 1 1 1 1   0  11   2   0   0   0   0    20.467    52.811    21.569     0.000     0.000     0.000     0.000   0   0   0   0   0   0   0     0.000     0.014    -0.014    -0.003    -0.014     0.042    -0.000
   7 0 0 0 1 1 1 1  31  17  24   0   0   0   0     5.361    59.571     5.364     0.000     0.000     0.000     0.000   0   0   0   0   0   0   0     0.000     0.014    -0.014    -0.006    -0.002    -0.001     0.002
   7 0 0 0 1 1 1 1  27  24   2   0   0   0   0     5.085     5.530    21.569     0.000     0.000     0.000     0.000   0   0   0   0   0   0   0     0.000     0.014    -0.014     0.006     0.017    -0.031    -0.001
   7 0 0 0 1 1 1 1  14  17   5   0   0   0   0    47.313    56.766    22.069     0.000     0.000     0.000     0.000   0   0   0   0   0   0   0     0.000     0.014    -0.014    -0.014     0.000    -0.004     0.067
   7 0 0 0 1 1 1 1  12   0  27   0   0   0   0    49.068    21.826     5.531     0.000     0.000     0.000     0.000   0   0   0   0   0   0   0     0.000     0.014    -0.014     0.002     0.004    -0.000    -0.008
   7 0 1 0 1 1 1 1   0   0   2   0   0   0   0    20.467    21.826    21.569     0.000     0.000     0.000     0.000   0   0   0   0   0   0   0     0.000     0.013    -0.014     0.002     0.004    -0.051     0.000
   7 0 0 0 1 1 1 1  31   0  20   0   0   0   0     5.361    20.707    63.443     0.000     0.000     0.000     0.000   0   0   0   0   0   0   0     0.000     0.013    -0.014    -0.024    -0.008     0.001    -0.028
   7 0 1 0 1 1 1 1   0   0   2   0   0   0   0    20.466    20.707    21.569     0.000     0.000     0.000     0.000   0   0   0   0   0   0   0     0.000    -0.021    -0.014    -0.024    -0.008     0.040    -0.000
   7 0 0 0 1 1 1 1   6   7   4   0   0   0   0    19.456    20.126    23.737     0.000     0.000     0.000     0.000   0   0   0   0   0   0   0     0.000    -0.021    -0.014     0.011     0.004    -0.001     0.001
   7 0 0 0 1 1 1 1  26  22   8   0   0   0   0     5.914     4.891    17.148     0.000     0.000     0.000     0.000   0   0   0   0   0   0   0     0.000    -0.021    -0.014    -0.004    -0.000     0.007     0.002
   7 0 1 0 1 1 1 1   0  22   2   0   0   0   0    20.467     4.891    21.569     0.000     0.000     0.000     0.000   0   0   0   0   0   0   0     0.000     0.034    -0.014    -0.004    -0.000    -0.133     0.000
   7 0 0 0 1 1 1 1  27   0   0   0   0   0   0     5.043    21.331    20.467     0.000     0.000     0.000     0.000   0   0   0   0   0   0   0     0.000     0.034    -0.014     0.003     0.020    -0.017    -0.000
   7 0 1 0 1 1 1 1  17   0  14   0   0   0   0    56.484    21.331    47.314     0.000     0.000     0.000     0.000   0   0   0   0   0   0   0     0.000    -0.016    -0.014     0.003     0.020     0.000    -0.008
   7 0 0 0 1 1 1 1  32  17   1   0   0   0   0     4.361    59.020    22.415     0.000     0.000     0.000     0.000   0   0   0   0   0   0   0     0.000    -0.016    -0.014    -0.003     0.000     0.008     0.001
   7 0 0 0 1 1 1 1  14   2   0   0   0   0   0    47.314    21.569    20.857     0.000     0.000     0.000     0.000   0   0   0   0   0   0   0     0.000    -0.016    -0.014    -0.126     0.000     0.031     0.010
   7 0 0 0 1 1 1 1  14   0   5   0   0   0   0    47.313    20.641    22.069     0.000     0.000     0.000     0.000   0   0   0   0   0   0   0     0.000    -0.016    -0.014    -0.020     0.000    -0.003     0.061
   7 0 1 0 1 1 1 1  17   0   5   0   0   0   0    56.484    20.641    23.577     0.000     0.000     0.000     0.000   0   0   0   0   0   0   0     0.000    -0.016    -0.014    -0.020     0.000     0.000    -0.011
   7 0 1 0 1 1 1 1   0   0   2   0   0   0   0    20.467    20.641    21.569     0.000     0.000     0.000     0.000   0   0   0   0   0   0   0     0.000     0.012    -0.014    -0.020     0.000    -0.049     0.000
   7 0 0 0 1 1 1 1  29  17   2   0   0   0   0     5.713    59.077    21.569     0.000     0.000     0.000     0.000   0   0   0   0   0   0   0     0.000     0.012    -0.014    -0.013    -0.003    -0.025     0.002
   7 0 0 0 1 1 1 1  14  25   5   0   0   0   0    47.313     5.894    22.069     0.000     0.000     0.000     0.000   0   0   0   0   0   0   0     0.000     0.012    -0.014    -0.004     0.001    -0.002     0.058
   7 0 0 0 1 1 1 1   6   7  29   0   0   0   0    19.456    20.126     5.755     0.000     0.000     0.000     0.000   0   0   0   0   0   0   0     0.000     0.012    -0.014     0.010     0.004     0.001    -0.002
   7 0 0 0 1 1 1 1  31   1   5   0   0   0   0     5.361    21.508    23.577     0.000     0.000     0.000     0.000   0   0   0   0   0   0   0     0.000     0.012    -0.014    -0.008    -0.003     0.000    -0.012
   7 0 1 0 1 1 1 1   0   1   2   0   0   0   0    20.467    21.508    21.569     0.000     0.000     0.000     0.000   0   0   0   0   0   0   0     0.000     0.031    -0.014    -0.008    -0.003    -0.118     0.000
