  196
   1 1   0     0.000   0     5.486
   1 1   0     0.000   0     5.670
   1 1   0     0.000   0     5.494
   1 1   0     0.000   0     5.486
   7 0 0 1 1 1 0 0   0   4   0   0   0   0   0    17.385    21.730     0.000     0.000     0.000     0.000     0.000   0   0   0   0   0   0   0     0.000     0.000     0.030    -0.019    -0.001     0.000     0.000
   7 0 1 1 1 1 0 0   0   4   0   0   0   0   0    17.280    21.730     0.000     0.000     0.000     0.000     0.000   0   0   0   0   0   0   0     0.000    -0.158     0.079    -0.019    -0.001     0.000     0.000
   7 0 1 0 1 1 1 1   0   4   0   0   0   0   0    17.280    21.730    17.385     0.000     0.000     0.000     0.000   0   0   0   0   0   0   0     0.000     0.139     0.079    -0.019    -0.001    -0.089    -0.005
   7 0 0 1 1 1 1 1   0   0   0   0   0   0   0    17.385    17.280    17.385     0.000     0.000     0.000     0.000   0   0   0   0   0   0   0     0.000     0.139     0.007    -0.001    -0.004    -0.089    -0.005
   7 0 0 1 1 1 1 1   0   0   0   0   0   0   0    17.385    17.280    17.385     0.000     0.000     0.000     0.000   0   0   0   0   0   0   0     0.000     0.139     0.029    -0.001    -0.018    -0.089    -0.005
   7 0 1 1 1 1 1 1   0   0   0   0   0   0   0    17.280    17.280    17.385     0.000     0.000     0.000     0.000   0   0   0   0   0   0   0     0.000    -0.150     0.073    -0.001    -0.018    -0.089    -0.005
   7 0 1 0 1 1 1 1   0   0   0   0   0   0   0    17.280    17.280    17.385     0.000     0.000     0.000     0.000   0   0   0   0   0   0   0     0.000     0.132     0.073    -0.001    -0.018    -0.083    -0.005
   7 0 0 1 1 1 1 1   0   0   0   0   0   0   0    17.385    17.280    17.385     0.000     0.000     0.000     0.000   0   0   0   0   0   0   0     0.000     0.132     0.007    -0.001    -0.004    -0.083    -0.005
   7 0 0 1 1 1 1 1   0   0   0   0   0   0   0    17.385    17.280    17.385     0.000     0.000     0.000     0.000   0   0   0   0   0   0   0     0.000     0.132     0.027    -0.001    -0.017    -0.083    -0.005
   7 0 1 1 1 1 1 1   0   0   0   0   0   0   0    17.280    17.280    17.385     0.000     0.000     0.000     0.000   0   0   0   0   0   0   0     0.000    -0.143     0.068    -0.001    -0.017    -0.083    -0.005
   7 0 1 0 1 1 1 1   0   0   0   0   0   0   0    17.280    17.280    17.385     0.000     0.000     0.000     0.000   0   0   0   0   0   0   0     0.000     0.125     0.068    -0.001    -0.017    -0.077    -0.005
   7 0 0 1 1 1 1 1   0   0   0   0   0   0   0    17.385    17.280    17.385     0.000     0.000     0.000     0.000   0   0   0   0   0   0   0     0.000     0.125     0.006    -0.001    -0.003    -0.077    -0.005
   7 0 0 1 1 1 1 1   0   4   0   0   0   0   0    17.385    21.730    17.385     0.000     0.000     0.000     0.000   0   0   0   0   0   0   0     0.000     0.125     0.026    -0.016    -0.001    -0.077    -0.005
   7 0 1 1 1 1 1 1   0   4   0   0   0   0   0    17.280    21.730    17.385     0.000     0.000     0.000     0.000   0   0   0   0   0   0   0     0.000    -0.135     0.063    -0.016    -0.001    -0.077    -0.005
   7 0 1 0 1 1 1 1   0   4   0   0   0   0   0    17.280    21.730    17.385     0.000     0.000     0.000     0.000   0   0   0   0   0   0   0     0.000     0.119     0.063    -0.016    -0.001    -0.072    -0.005
   7 0 0 1 1 1 1 1   0   0   0   0   0   0   0    17.385    17.280    17.385     0.000     0.000     0.000     0.000   0   0   0   0   0   0   0     0.000     0.119     0.006    -0.001    -0.003    -0.072    -0.005
   7 0 0 1 1 1 1 1   0   0   0   0   0   0   0    17.385    17.280    17.385     0.000     0.000     0.000     0.000   0   0   0   0   0   0   0     0.000     0.119     0.024    -0.001    -0.015    -0.072    -0.005
   7 0 1 1 1 1 1 1   0   0   0   0   0   0   0    17.280    17.280    17.385     0.000     0.000     0.000     0.000   0   0   0   0   0   0   0     0.000    -0.129     0.058    -0.001    -0.015    -0.072    -0.005
   7 0 1 0 1 1 1 1   0   0   0   0   0   0   0    17.280    17.280    17.385     0.000     0.000     0.000     0.000   0   0   0   0   0   0   0     0.000     0.113     0.058    -0.001    -0.015    -0.067    -0.004
   7 0 0 1 1 1 1 1   0   4   0   0   0   0   0    17.385    21.730    17.385     0.000     0.000     0.000     0.000   0   0   0   0   0   0   0     0.000     0.113     0.006    -0.003    -0.001    -0.067    -0.004
   7 0 0 1 1 1 1 1   0   4   0   0   0   0   0    17.385    21.730    17.385     0.000     0.000     0.000     0.000   0   0   0   0   0   0   0     0.000     0.113     0.023    -0.014    -0.001    -0.067    -0.004
   7 0 1 1 1 1 1 1   0   4   0   0   0   0   0    17.280    21.730    17.385     0.000     0.000     0.000     0.000   0   0   0   0   0   0   0     0.000    -0.122     0.053    -0.014    -0.001    -0.067    -0.004
   7 0 1 0 1 1 1 1   0   4   0   0   0   0   0    17.280    21.730    17.385     0.000     0.000     0.000     0.000   0   0   0   0   0   0   0     0.000     0.107     0.053    -0.014    -0.001    -0.063    -0.004
   7 0 0 1 1 1 1 1   0   4   0   0   0   0   0    17.385    21.730    17.385     0.000     0.000     0.000     0.000   0   0   0   0   0   0   0     0.000     0.107     0.005    -0.003    -0.001    -0.063    -0.004
   7 0 0 1 1 1 1 1   0   0   0   0   0   0   0    17.385    17.280    17.385     0.000     0.000     0.000     0.000   0   0   0   0   0   0   0     0.000     0.107     0.022    -0.001    -0.013    -0.063    -0.004
   7 0 1 1 1 1 1 1   0   0   0   0   0   0   0    17.280    17.280    17.385     0.000     0.000     0.000     0.000   0   0   0   0   0   0   0     0.000    -0.116     0.049    -0.001    -0.013    -0.063    -0.004
   7 0 1 0 1 1 1 1   0   0   0   0   0   0   0    17.280    17.280    17.385     0.000     0.000     0.000     0.000   0   0   0   0   0   0   0     0.000     0.102     0.049    -0.001    -0.013    -0.059    -0.004
   7 0 1 1 1 1 1 1   0   0   0   0   0   0   0    17.385    17.280    17.385     0.000     0.000     0.000     0.000   0   0   0   0   0   0   0     0.000    -0.002     0.005    -0.001    -0.013    -0.059    -0.004
   7 0 0 1 1 1 1 1   0   4   0   0   0   0   0    17.385    21.730    17.385     0.000     0.000     0.000     0.000   0   0   0   0   0   0   0     0.000    -0.002     0.021    -0.012    -0.001    -0.059    -0.004
   7 0 1 1 1 1 1 1   0   4   0   0   0   0   0    17.280    21.730    17.385     0.000     0.000     0.000     0.000   0   0   0   0   0   0   0     0.000    -0.110     0.046    -0.012    -0.001    -0.059    -0.004
   7 0 1 0 1 1 1 1   0   4   0   0   0   0   0    17.280    21.730    17.385     0.000     0.000     0.000     0.000   0   0   0   0   0   0   0     0.000     0.097     0.046    -0.012    -0.001    -0.055    -0.004
   7 0 0 1 1 1 1 1   0   0   0   0   0   0   0    17.385    17.280    17.385     0.000     0.000     0.000     0.000   0   0   0   0   0   0   0     0.000     0.097     0.005    -0.001    -0.002    -0.055    -0.004
   7 0 0 1 1 1 1 1   0   0   0   0   0   0   0    17.385    17.280    17.385     0.000     0.000     0.000     0.000   0   0   0   0   0   0   0     0.000     0.097     0.020    -0.001    -0.011    -0.055    -0.004
   7 0 1 1 1 1 1 1   4   0   0   0   0   0   0    21.730    17.280    17.385     0.000     0.000     0.000     0.000   0   0   0   0   0   0   0     0.000     0.042    -0.105    -0.001    -0.011    -0.055    -0.004
   7 0 1 0 1 1 1 1   0   0   0   0   0   0   0    17.280    17.280    17.385     0.000     0.000     0.000     0.000   0   0   0   0   0   0   0     0.000     0.092    -0.105    -0.001    -0.011    -0.051    -0.004
   7 0 0 1 1 1 1 1   0   4   0   0   0   0   0    17.385    21.730    17.385     0.000     0.000     0.000     0.000   0   0   0   0   0   0   0     0.000     0.092     0.005    -0.002    -0.001    -0.051    -0.004
   7 0 0 1 1 1 1 1   0   4   0   0   0   0   0    17.385    21.730    17.385     0.000     0.000     0.000     0.000   0   0   0   0   0   0   0     0.000     0.092     0.019    -0.010    -0.001    -0.051    -0.004
   7 0 1 1 1 1 1 1   0   4   0   0   0   0   0    17.280    21.730    17.385     0.000     0.000     0.000     0.000   0   0   0   0   0   0   0     0.000    -0.100     0.039    -0.010    -0.001    -0.051    -0.004
   7 0 1 0 1 1 1 1   0   4   0   0   0   0   0    17.280    21.730    17.385     0.000     0.000     0.000     0.000   0   0   0   0   0   0   0     0.000     0.087     0.039    -0.010    -0.001    -0.048    -0.003
   7 0 0 1 1 1 1 1   0   0   0   0   0   0   0    17.385    17.280    17.385     0.000     0.000     0.000     0.000   0   0   0   0   0   0   0     0.000     0.087     0.004    -0.001    -0.002    -0.048    -0.003
   7 0 0 1 1 1 1 1   0   4   0   0   0   0   0    17.385    21.730    17.385     0.000     0.000     0.000     0.000   0   0   0   0   0   0   0     0.000     0.087     0.018    -0.010    -0.001    -0.048    -0.003
   7 0 1 1 1 1 1 1   0   4   0   0   0   0   0    17.280    21.730    17.385     0.000     0.000     0.000     0.000   0   0   0   0   0   0   0     0.000    -0.095     0.036    -0.010    -0.001    -0.048    -0.003
   7 0 1 0 1 1 1 1   0   4   0   0   0   0   0    17.280    21.730    17.385     0.000     0.000     0.000     0.000   0   0   0   0   0   0   0     0.000     0.083     0.036    -0.010    -0.001    -0.045    -0.003
   7 0 0 1 1 1 1 1   0   4   0   0   0   0   0    17.385    21.730    17.385     0.000     0.000     0.000     0.000   0   0   0   0   0   0   0     0.000     0.083     0.004    -0.002    -0.001    -0.045    -0.003
   7 0 0 1 1 1 1 1   0   4   0   0   0   0   0    17.385    21.730    17.385     0.000     0.000     0.000     0.000   0   0   0   0   0   0   0     0.000     0.083     0.017    -0.009    -0.001    -0.045    -0.003
   7 0 1 1 1 1 1 1   0   4   0   0   0   0   0    17.280    21.730    17.385     0.000     0.000     0.000     0.000   0   0   0   0   0   0   0     0.000    -0.090     0.034    -0.009    -0.001    -0.045    -0.003
   7 0 1 0 1 1 1 1   0   4   0   0   0   0   0    17.280    21.730    17.385     0.000     0.000     0.000     0.000   0   0   0   0   0   0   0     0.000     0.079     0.034    -0.009    -0.001    -0.042    -0.003
   7 0 0 1 1 1 1 1   0   4   0   0   0   0   0    17.385    21.730    17.385     0.000     0.000     0.000     0.000   0   0   0   0   0   0   0     0.000     0.079     0.004    -0.002    -0.001    -0.042    -0.003
   7 0 0 1 1 1 1 1   0   0   0   0   0   0   0    17.385    17.280    17.385     0.000     0.000     0.000     0.000   0   0   0   0   0   0   0     0.000     0.079     0.016    -0.001    -0.008    -0.042    -0.003
   7 0 1 1 1 1 1 1   0   0   0   0   0   0   0    17.280    17.280    17.385     0.000     0.000     0.000     0.000   0   0   0   0   0   0   0     0.000    -0.085     0.031    -0.001    -0.008    -0.042    -0.003
   7 0 1 0 1 1 1 1   0   0   4   0   0   0   0    17.280    17.280    21.650     0.000     0.000     0.000     0.000   0   0   0   0   0   0   0     0.000     0.075     0.031    -0.001    -0.008    -0.003    -0.039
   7 0 0 1 1 1 1 1   0   4   4   0   0   0   0    17.385    21.730    21.650     0.000     0.000     0.000     0.000   0   0   0   0   0   0   0     0.000     0.075     0.004    -0.002    -0.000    -0.003    -0.039
   7 0 0 1 1 1 1 1   0   0   4   0   0   0   0    17.385    17.280    21.650     0.000     0.000     0.000     0.000   0   0   0   0   0   0   0     0.000     0.075     0.015    -0.001    -0.008    -0.003    -0.039
   7 0 1 1 1 1 1 1   0   0   4   0   0   0   0    17.280    17.280    21.650     0.000     0.000     0.000     0.000   0   0   0   0   0   0   0     0.000    -0.081     0.029    -0.001    -0.008    -0.003    -0.039
   7 0 1 0 1 1 1 1   0   0   4   0   0   0   0    17.280    17.280    21.650     0.000     0.000     0.000     0.000   0   0   0   0   0   0   0     0.000     0.071     0.029    -0.001    -0.008    -0.003    -0.036
   7 0 1 1 1 1 1 1   0   0   4   0   0   0   0    17.385    17.280    21.650     0.000     0.000     0.000     0.000   0   0   0   0   0   0   0     0.000    -0.001     0.004    -0.001    -0.008    -0.003    -0.036
   7 0 1 0 1 1 1 1   4   0   0   0   0   0   0    21.650    17.280    17.280     0.000     0.000     0.000     0.000   0   0   0   0   0   0   0     0.000     0.015     0.004    -0.001    -0.008    -0.000    -0.007
   7 0 1 1 1 1 1 1   0   0   0   0   0   0   0    17.280    17.280    17.280     0.000     0.000     0.000     0.000   0   0   0   0   0   0   0     0.000    -0.077     0.027    -0.001    -0.008    -0.000    -0.007
   7 0 1 0 1 1 1 1   0   0   0   0   0   0   0    17.280    17.280    17.385     0.000     0.000     0.000     0.000   0   0   0   0   0   0   0     0.000     0.068     0.027    -0.001    -0.008    -0.034    -0.003
   7 0 0 1 1 1 1 1   0   0   0   0   0   0   0    17.385    17.280    17.385     0.000     0.000     0.000     0.000   0   0   0   0   0   0   0     0.000     0.068     0.003    -0.000    -0.002    -0.034    -0.003
   7 0 0 1 1 1 1 1   0   0   0   0   0   0   0    17.385    17.280    17.385     0.000     0.000     0.000     0.000   0   0   0   0   0   0   0     0.000     0.068     0.014    -0.000    -0.007    -0.034    -0.003
   7 0 1 0 1 1 1 1   0   0   4   0   0   0   0    17.280    17.280    21.650     0.000     0.000     0.000     0.000   0   0   0   0   0   0   0     0.000    -0.073     0.014    -0.000    -0.007     0.033     0.011
   7 0 1 0 1 1 1 1   0   0   0   0   0   0   0    17.280    17.280    17.385     0.000     0.000     0.000     0.000   0   0   0   0   0   0   0     0.000     0.064     0.014    -0.000    -0.007    -0.032    -0.002
   7 0 1 0 1 1 1 1   4   0   0   0   0   0   0    21.650    17.280    17.280     0.000     0.000     0.000     0.000   0   0   0   0   0   0   0     0.000     0.003     0.014    -0.000    -0.007    -0.000    -0.001
   7 0 0 1 1 1 1 1   0   0   0   0   0   0   0    17.385    17.280    17.280     0.000     0.000     0.000     0.000   0   0   0   0   0   0   0     0.000     0.003     0.013    -0.000    -0.006    -0.000    -0.001
   7 0 1 0 1 1 1 1   0   0   0   0   0   0   0    17.280    17.280    17.385     0.000     0.000     0.000     0.000   0   0   0   0   0   0   0     0.000    -0.070     0.013    -0.000    -0.006     0.010     0.031
   7 0 1 0 1 1 1 1   0   0   0   0   0   0   0    17.280    17.280    17.385     0.000     0.000     0.000     0.000   0   0   0   0   0   0   0     0.000     0.061     0.013    -0.000    -0.006    -0.029    -0.002
   7 0 1 0 1 1 1 1   4   0   4   0   0   0   0    21.650    17.280    21.730     0.000     0.000     0.000     0.000   0   0   0   0   0   0   0     0.000     0.003     0.013    -0.000    -0.006    -0.001    -0.000
   7 0 1 0 1 1 1 1   4   0   0   0   0   0   0    21.650    17.280    17.280     0.000     0.000     0.000     0.000   0   0   0   0   0   0   0     0.000     0.013     0.013    -0.000    -0.006    -0.000    -0.006
   7 0 1 0 1 1 1 1   0   0   0   0   0   0   0    17.280    17.280    17.385     0.000     0.000     0.000     0.000   0   0   0   0   0   0   0     0.000    -0.066     0.013    -0.000    -0.006     0.010     0.030
   7 0 1 0 1 1 1 1   0   0   0   0   0   0   0    17.280    17.280    17.385     0.000     0.000     0.000     0.000   0   0   0   0   0   0   0     0.000     0.058     0.013    -0.000    -0.006    -0.027    -0.002
   7 0 0 1 1 1 1 1   0   4   0   0   0   0   0    17.385    21.730    17.385     0.000     0.000     0.000     0.000   0   0   0   0   0   0   0     0.000     0.058     0.003    -0.001    -0.000    -0.027    -0.002
   7 0 0 1 1 1 1 1   0   0   0   0   0   0   0    17.385    17.280    17.385     0.000     0.000     0.000     0.000   0   0   0   0   0   0   0     0.000     0.058     0.012    -0.000    -0.006    -0.027    -0.002
   7 0 1 0 1 1 1 1   0   0   0   0   0   0   0    17.280    17.280    17.385     0.000     0.000     0.000     0.000   0   0   0   0   0   0   0     0.000    -0.063     0.012    -0.000    -0.006     0.009     0.028
   7 0 1 0 1 1 1 1   0   0   4   0   0   0   0    17.280    17.280    21.650     0.000     0.000     0.000     0.000   0   0   0   0   0   0   0     0.000     0.055     0.012    -0.000    -0.006    -0.002    -0.026
   7 0 1 0 1 1 1 1   4   0   4   0   0   0   0    21.650    17.280    21.730     0.000     0.000     0.000     0.000   0   0   0   0   0   0   0     0.000     0.003     0.012    -0.000    -0.006    -0.001    -0.000
   7 0 0 1 1 1 1 1   0   4   4   0   0   0   0    17.385    21.730    21.730     0.000     0.000     0.000     0.000   0   0   0   0   0   0   0     0.000     0.003     0.011    -0.005    -0.000    -0.001    -0.000
   7 0 1 0 1 1 1 1   0   4   4   0   0   0   0    17.280    21.730    21.650     0.000     0.000     0.000     0.000   0   0   0   0   0   0   0     0.000    -0.060     0.011    -0.005    -0.000     0.027     0.008
   7 0 1 0 1 1 1 1   0   4   4   0   0   0   0    17.280    21.730    21.650     0.000     0.000     0.000     0.000   0   0   0   0   0   0   0     0.000     0.052     0.011    -0.005    -0.000    -0.002    -0.024
   7 0 0 1 1 1 1 1   0   0   4   0   0   0   0    17.385    17.280    21.650     0.000     0.000     0.000     0.000   0   0   0   0   0   0   0     0.000     0.052     0.003    -0.000    -0.001    -0.002    -0.024
   7 0 0 1 1 1 1 1   0   4   4   0   0   0   0    17.385    21.730    21.650     0.000     0.000     0.000     0.000   0   0   0   0   0   0   0     0.000     0.052     0.011    -0.005    -0.000    -0.002    -0.024
   7 0 1 0 1 1 1 1   0   4   4   0   0   0   0    17.280    21.730    21.650     0.000     0.000     0.000     0.000   0   0   0   0   0   0   0     0.000    -0.057     0.011    -0.005    -0.000     0.025     0.008
   7 0 1 0 1 1 1 1   0   4   0   0   0   0   0    17.280    21.730    17.385     0.000     0.000     0.000     0.000   0   0   0   0   0   0   0     0.000     0.050     0.011    -0.005    -0.000    -0.022    -0.002
   7 0 0 1 1 1 1 1   0   0   0   0   0   0   0    17.385    17.280    17.385     0.000     0.000     0.000     0.000   0   0   0   0   0   0   0     0.000     0.050     0.003    -0.000    -0.001    -0.022    -0.002
   7 0 0 1 1 1 1 1   0   4   0   0   0   0   0    17.385    21.730    17.385     0.000     0.000     0.000     0.000   0   0   0   0   0   0   0     0.000     0.050     0.010    -0.005    -0.000    -0.022    -0.002
   7 0 1 0 1 1 1 1   0   4   4   0   0   0   0    17.280    21.730    21.650     0.000     0.000     0.000     0.000   0   0   0   0   0   0   0     0.000    -0.054     0.010    -0.005    -0.000     0.024     0.007
   7 0 0 1 1 1 1 1   4   0   4   0   0   0   0    21.730    17.385    21.650     0.000     0.000     0.000     0.000   0   0   0   0   0   0   0     0.000    -0.054     0.047    -0.021    -0.002     0.024     0.007
   7 0 1 1 1 1 1 1   0   0   4   0   0   0   0    17.385    17.385    21.650     0.000     0.000     0.000     0.000   0   0   0   0   0   0   0     0.000    -0.001     0.002    -0.021    -0.002     0.024     0.007
   7 0 0 1 1 1 1 1   0   0   4   0   0   0   0    17.385    17.280    21.650     0.000     0.000     0.000     0.000   0   0   0   0   0   0   0     0.000    -0.001     0.010    -0.000    -0.004     0.024     0.007
   7 0 1 0 1 1 1 1   0   0   4   0   0   0   0    17.280    17.280    21.650     0.000     0.000     0.000     0.000   0   0   0   0   0   0   0     0.000    -0.051     0.010    -0.000    -0.004     0.023     0.007
   7 0 1 0 1 1 1 1   0   0   4   0   0   0   0    17.280    17.280    21.650     0.000     0.000     0.000     0.000   0   0   0   0   0   0   0     0.000     0.045     0.010    -0.000    -0.004    -0.002    -0.019
   7 0 0 1 1 1 1 1   0   4   4   0   0   0   0    17.385    21.730    21.650     0.000     0.000     0.000     0.000   0   0   0   0   0   0   0     0.000     0.045     0.002    -0.001    -0.000    -0.002    -0.019
   7 0 1 0 1 1 1 1   4   4   4   0   0   0   0    21.650    21.730    21.730     0.000     0.000     0.000     0.000   0   0   0   0   0   0   0     0.000     0.009     0.002    -0.001    -0.000    -0.004    -0.000
   7 0 1 0 1 1 1 1   0   4   4   0   0   0   0    17.280    21.730    21.650     0.000     0.000     0.000     0.000   0   0   0   0   0   0   0     0.000    -0.049     0.002    -0.001    -0.000     0.022     0.006
   7 0 1 0 1 1 1 1   0   4   0   0   0   0   0    17.280    21.730    17.385     0.000     0.000     0.000     0.000   0   0   0   0   0   0   0     0.000     0.043     0.002    -0.001    -0.000    -0.018    -0.002
   7 0 0 1 1 1 1 1   0   4   0   0   0   0   0    17.385    21.730    17.385     0.000     0.000     0.000     0.000   0   0   0   0   0   0   0     0.000     0.043     0.002    -0.001    -0.000    -0.018    -0.002
   7 0 0 1 1 1 1 1   0   0   0   0   0   0   0    17.385    17.280    17.385     0.000     0.000     0.000     0.000   0   0   0   0   0   0   0     0.000     0.043     0.009    -0.000    -0.004    -0.018    -0.002
   7 0 1 0 1 1 1 1   0   0   4   0   0   0   0    17.280    17.280    21.650     0.000     0.000     0.000     0.000   0   0   0   0   0   0   0     0.000    -0.046     0.009    -0.000    -0.004     0.021     0.006
   7 0 1 0 1 1 1 1   0   0   0   0   0   0   0    17.280    17.280    17.385     0.000     0.000     0.000     0.000   0   0   0   0   0   0   0     0.000     0.040     0.009    -0.000    -0.004    -0.017    -0.002
   7 0 0 1 1 1 1 1   0   4   0   0   0   0   0    17.385    21.730    17.385     0.000     0.000     0.000     0.000   0   0   0   0   0   0   0     0.000     0.040     0.002    -0.001    -0.000    -0.017    -0.002
   7 0 0 1 1 1 1 1   0   0   0   0   0   0   0    17.385    17.280    17.385     0.000     0.000     0.000     0.000   0   0   0   0   0   0   0     0.000     0.040     0.008    -0.000    -0.003    -0.017    -0.002
   7 0 1 0 1 1 1 1   0   0   4   0   0   0   0    17.280    17.280    21.650     0.000     0.000     0.000     0.000   0   0   0   0   0   0   0     0.000    -0.044     0.008    -0.000    -0.003     0.020     0.005
   7 0 1 0 1 1 1 1   0   0   0   0   0   0   0    17.280    17.280    17.385     0.000     0.000     0.000     0.000   0   0   0   0   0   0   0     0.000     0.038     0.008    -0.000    -0.003    -0.016    -0.001
   7 0 0 1 1 1 1 1   0   0   0   0   0   0   0    17.385    17.280    17.385     0.000     0.000     0.000     0.000   0   0   0   0   0   0   0     0.000     0.038     0.002    -0.000    -0.001    -0.016    -0.001
   7 0 0 1 1 1 1 1   0   0   0   0   0   0   0    17.385    17.280    17.385     0.000     0.000     0.000     0.000   0   0   0   0   0   0   0     0.000     0.038     0.008    -0.000    -0.003    -0.016    -0.001
   7 0 1 0 1 1 1 1   0   0   4   0   0   0   0    17.280    17.280    21.650     0.000     0.000     0.000     0.000   0   0   0   0   0   0   0     0.000    -0.042     0.008    -0.000    -0.003     0.019     0.005
   7 0 1 0 1 1 1 1   0   0   0   0   0   0   0    17.280    17.280    17.385     0.000     0.000     0.000     0.000   0   0   0   0   0   0   0     0.000     0.037     0.008    -0.000    -0.003    -0.015    -0.001
   7 0 0 1 1 1 1 1   0   0   0   0   0   0   0    17.385    17.280    17.385     0.000     0.000     0.000     0.000   0   0   0   0   0   0   0     0.000     0.037     0.002    -0.000    -0.001    -0.015    -0.001
   7 0 1 0 1 1 1 1   4   0   0   0   0   0   0    21.650    17.280    17.280     0.000     0.000     0.000     0.000   0   0   0   0   0   0   0     0.000     0.008     0.002    -0.000    -0.001    -0.000    -0.003
   7 0 1 0 1 1 1 1   0   0   0   0   0   0   0    17.280    17.280    17.385     0.000     0.000     0.000     0.000   0   0   0   0   0   0   0     0.000    -0.040     0.002    -0.000    -0.001     0.005     0.018
   7 0 0 1 1 1 1 1   4   4   0   0   0   0   0    21.730    21.650    17.385     0.000     0.000     0.000     0.000   0   0   0   0   0   0   0     0.000    -0.040     0.035    -0.001    -0.014     0.005     0.018
   7 0 0 1 1 1 1 1   0   4   0   0   0   0   0    17.385    21.730    17.385     0.000     0.000     0.000     0.000   0   0   0   0   0   0   0     0.000    -0.040     0.002    -0.001    -0.000     0.005     0.018
   7 0 0 1 1 1 1 1   0   0   0   0   0   0   0    17.385    17.280    17.385     0.000     0.000     0.000     0.000   0   0   0   0   0   0   0     0.000    -0.040     0.007    -0.000    -0.003     0.005     0.018
   7 0 0 1 1 1 1 1   4   4   0   0   0   0   0    21.730    21.650    17.385     0.000     0.000     0.000     0.000   0   0   0   0   0   0   0     0.000    -0.040    -0.038     0.017     0.004     0.005     0.018
   7 0 1 0 1 1 1 1   0   4   4   0   0   0   0    17.280    21.650    21.650     0.000     0.000     0.000     0.000   0   0   0   0   0   0   0     0.000     0.033    -0.038     0.017     0.004    -0.001    -0.013
   7 0 1 1 1 1 1 1   0   4   4   0   0   0   0    17.385    21.650    21.650     0.000     0.000     0.000     0.000   0   0   0   0   0   0   0     0.000    -0.001     0.002     0.017     0.004    -0.001    -0.013
   7 0 0 1 1 1 1 1   0   4   4   0   0   0   0    17.385    21.730    21.650     0.000     0.000     0.000     0.000   0   0   0   0   0   0   0     0.000    -0.001     0.007    -0.003    -0.000    -0.001    -0.013
   7 0 1 0 1 1 1 1   0   4   0   0   0   0   0    17.280    21.730    17.385     0.000     0.000     0.000     0.000   0   0   0   0   0   0   0     0.000    -0.036     0.007    -0.003    -0.000     0.004     0.016
   7 0 1 0 1 1 1 1   0   4   0   0   0   0   0    17.280    21.730    17.385     0.000     0.000     0.000     0.000   0   0   0   0   0   0   0     0.000     0.031     0.007    -0.003    -0.000    -0.012    -0.001
   7 0 0 1 1 1 1 1   0   4   0   0   0   0   0    17.385    21.730    17.385     0.000     0.000     0.000     0.000   0   0   0   0   0   0   0     0.000     0.031     0.002    -0.001    -0.000    -0.012    -0.001
   7 0 0 1 1 1 1 1   0   0   0   0   0   0   0    17.385    17.280    17.385     0.000     0.000     0.000     0.000   0   0   0   0   0   0   0     0.000     0.031     0.006    -0.000    -0.002    -0.012    -0.001
   7 0 1 0 1 1 1 1   0   0   0   0   0   0   0    17.280    17.280    17.385     0.000     0.000     0.000     0.000   0   0   0   0   0   0   0     0.000    -0.034     0.006    -0.000    -0.002     0.004     0.015
   7 0 1 0 1 1 1 1   0   0   0   0   0   0   0    17.280    17.280    17.385     0.000     0.000     0.000     0.000   0   0   0   0   0   0   0     0.000     0.030     0.006    -0.000    -0.002    -0.011    -0.001
   7 0 0 1 1 1 1 1   0   0   0   0   0   0   0    17.385    17.280    17.385     0.000     0.000     0.000     0.000   0   0   0   0   0   0   0     0.000     0.030     0.002    -0.000    -0.001    -0.011    -0.001
   7 0 0 1 1 1 1 1   0   0   0   0   0   0   0    17.385    17.280    17.385     0.000     0.000     0.000     0.000   0   0   0   0   0   0   0     0.000     0.030     0.006    -0.000    -0.002    -0.011    -0.001
   7 0 1 0 1 1 1 1   0   0   4   0   0   0   0    17.280    17.280    21.650     0.000     0.000     0.000     0.000   0   0   0   0   0   0   0     0.000    -0.032     0.006    -0.000    -0.002     0.014     0.004
   7 0 1 0 1 1 1 1   0   0   4   0   0   0   0    17.280    17.280    21.650     0.000     0.000     0.000     0.000   0   0   0   0   0   0   0     0.000     0.028     0.006    -0.000    -0.002    -0.001    -0.010
   7 0 0 1 1 1 1 1   0   4   4   0   0   0   0    17.385    21.730    21.650     0.000     0.000     0.000     0.000   0   0   0   0   0   0   0     0.000     0.028     0.001    -0.000    -0.000    -0.001    -0.010
   7 0 0 1 1 1 1 1   0   0   4   0   0   0   0    17.385    17.280    21.650     0.000     0.000     0.000     0.000   0   0   0   0   0   0   0     0.000     0.028     0.006    -0.000    -0.002    -0.001    -0.010
   7 0 1 0 1 1 1 1   0   0   0   0   0   0   0    17.280    17.280    17.385     0.000     0.000     0.000     0.000   0   0   0   0   0   0   0     0.000    -0.031     0.006    -0.000    -0.002     0.003     0.014
   7 0 1 0 1 1 1 1   0   0   4   0   0   0   0    17.280    17.280    21.650     0.000     0.000     0.000     0.000   0   0   0   0   0   0   0     0.000     0.027     0.006    -0.000    -0.002    -0.001    -0.010
   7 0 0 1 1 1 1 1   0   4   4   0   0   0   0    17.385    21.730    21.650     0.000     0.000     0.000     0.000   0   0   0   0   0   0   0     0.000     0.027     0.001    -0.000    -0.000    -0.001    -0.010
   7 0 0 1 1 1 1 1   0   4   4   0   0   0   0    17.385    21.730    21.650     0.000     0.000     0.000     0.000   0   0   0   0   0   0   0     0.000     0.027     0.006    -0.002    -0.000    -0.001    -0.010
   7 0 1 0 1 1 1 1   0   4   4   0   0   0   0    17.280    21.730    21.650     0.000     0.000     0.000     0.000   0   0   0   0   0   0   0     0.000    -0.029     0.006    -0.002    -0.000     0.013     0.003
   7 0 0 1 1 1 1 1   4   4   4   0   0   0   0    21.730    21.650    21.650     0.000     0.000     0.000     0.000   0   0   0   0   0   0   0     0.000    -0.029     0.026    -0.001    -0.009     0.013     0.003
   7 0 1 0 1 1 1 1   4   4   0   0   0   0   0    21.650    21.650    17.280     0.000     0.000     0.000     0.000   0   0   0   0   0   0   0     0.000     0.001     0.026    -0.001    -0.009    -0.000    -0.000
   7 0 0 1 1 1 1 1   0   4   0   0   0   0   0    17.385    21.730    17.280     0.000     0.000     0.000     0.000   0   0   0   0   0   0   0     0.000     0.001     0.005    -0.002    -0.000    -0.000    -0.000
   7 0 1 0 1 1 1 1   0   4   0   0   0   0   0    17.280    21.730    17.385     0.000     0.000     0.000     0.000   0   0   0   0   0   0   0     0.000    -0.028     0.005    -0.002    -0.000     0.003     0.012
   7 0 1 0 1 1 1 1   0   4   0   0   0   0   0    17.280    21.730    17.385     0.000     0.000     0.000     0.000   0   0   0   0   0   0   0     0.000     0.024     0.005    -0.002    -0.000    -0.009    -0.001
   7 0 1 0 1 1 1 1   4   4   0   0   0   0   0    21.650    21.730    17.280     0.000     0.000     0.000     0.000   0   0   0   0   0   0   0     0.000     0.001     0.005    -0.002    -0.000    -0.000    -0.000
   7 0 0 1 1 1 1 1   0   4   0   0   0   0   0    17.385    21.730    17.280     0.000     0.000     0.000     0.000   0   0   0   0   0   0   0     0.000     0.001     0.005    -0.002    -0.000    -0.000    -0.000
   7 0 1 0 1 1 1 1   0   4   0   0   0   0   0    17.280    21.730    17.385     0.000     0.000     0.000     0.000   0   0   0   0   0   0   0     0.000    -0.026     0.005    -0.002    -0.000     0.003     0.012
   7 0 1 0 1 1 1 1   0   4   4   0   0   0   0    17.280    21.730    21.650     0.000     0.000     0.000     0.000   0   0   0   0   0   0   0     0.000     0.023     0.005    -0.002    -0.000    -0.001    -0.008
   7 0 0 1 1 1 1 1   0   0   4   0   0   0   0    17.385    17.280    21.650     0.000     0.000     0.000     0.000   0   0   0   0   0   0   0     0.000     0.023     0.001    -0.000    -0.000    -0.001    -0.008
   7 0 1 0 1 1 1 1   4   0   4   0   0   0   0    21.650    17.280    21.730     0.000     0.000     0.000     0.000   0   0   0   0   0   0   0     0.000     0.005     0.001    -0.000    -0.000    -0.002    -0.000
   7 0 1 0 1 1 1 1   0   0   0   0   0   0   0    17.280    17.280    17.385     0.000     0.000     0.000     0.000   0   0   0   0   0   0   0     0.000    -0.025     0.001    -0.000    -0.000     0.003     0.011
   7 0 1 0 1 1 1 1   0   0   4   0   0   0   0    17.280    17.280    21.650     0.000     0.000     0.000     0.000   0   0   0   0   0   0   0     0.000     0.022     0.001    -0.000    -0.000    -0.001    -0.007
   7 0 1 1 1 1 1 1   4   0   4   0   0   0   0    21.650    17.280    21.650     0.000     0.000     0.000     0.000   0   0   0   0   0   0   0     0.000     0.001    -0.000    -0.000    -0.000    -0.001    -0.007
   7 0 0 1 1 1 1 1   0   0   4   0   0   0   0    17.385    17.280    21.650     0.000     0.000     0.000     0.000   0   0   0   0   0   0   0     0.000     0.001     0.004    -0.000    -0.002    -0.001    -0.007
   7 0 1 0 1 1 1 1   0   0   0   0   0   0   0    17.280    17.280    17.385     0.000     0.000     0.000     0.000   0   0   0   0   0   0   0     0.000    -0.024     0.004    -0.000    -0.002     0.002     0.011
   7 0 1 0 1 1 1 1   0   0   4   0   0   0   0    17.280    17.280    21.650     0.000     0.000     0.000     0.000   0   0   0   0   0   0   0     0.000     0.021     0.004    -0.000    -0.002    -0.001    -0.007
   7 0 0 1 1 1 1 1   0   4   4   0   0   0   0    17.385    21.730    21.650     0.000     0.000     0.000     0.000   0   0   0   0   0   0   0     0.000     0.021     0.001    -0.000    -0.000    -0.001    -0.007
   7 0 0 1 1 1 1 1   0   0   4   0   0   0   0    17.385    17.280    21.650     0.000     0.000     0.000     0.000   0   0   0   0   0   0   0     0.000     0.021     0.004    -0.000    -0.001    -0.001    -0.007
   7 0 1 0 1 1 1 1   0   0   0   0   0   0   0    17.280    17.280    17.385     0.000     0.000     0.000     0.000   0   0   0   0   0   0   0     0.000    -0.022     0.004    -0.000    -0.001     0.002     0.010
   7 0 1 0 1 1 1 1   0   0   4   0   0   0   0    17.280    17.280    21.650     0.000     0.000     0.000     0.000   0   0   0   0   0   0   0     0.000     0.020     0.004    -0.000    -0.001    -0.001    -0.006
   7 0 0 1 1 1 1 1   0   0   4   0   0   0   0    17.385    17.280    21.650     0.000     0.000     0.000     0.000   0   0   0   0   0   0   0     0.000     0.020     0.001    -0.000    -0.000    -0.001    -0.006
   7 0 0 1 1 1 1 1   0   0   4   0   0   0   0    17.385    17.280    21.650     0.000     0.000     0.000     0.000   0   0   0   0   0   0   0     0.000     0.020     0.004    -0.000    -0.001    -0.001    -0.006
   7 0 1 0 1 1 1 1   0   0   0   0   0   0   0    17.280    17.280    17.385     0.000     0.000     0.000     0.000   0   0   0   0   0   0   0     0.000    -0.021     0.004    -0.000    -0.001     0.002     0.010
   7 0 1 0 1 1 1 1   0   0   0   0   0   0   0    17.280    17.280    17.385     0.000     0.000     0.000     0.000   0   0   0   0   0   0   0     0.000     0.019     0.004    -0.000    -0.001    -0.006    -0.001
   7 0 0 1 1 1 1 1   0   4   0   0   0   0   0    17.385    21.730    17.385     0.000     0.000     0.000     0.000   0   0   0   0   0   0   0     0.000     0.019     0.001    -0.000    -0.000    -0.006    -0.001
   7 0 0 1 1 1 1 1   0   0   0   0   0   0   0    17.385    17.280    17.385     0.000     0.000     0.000     0.000   0   0   0   0   0   0   0     0.000     0.019     0.004    -0.000    -0.001    -0.006    -0.001
   7 0 1 0 1 1 1 1   0   0   4   0   0   0   0    17.280    17.280    21.650     0.000     0.000     0.000     0.000   0   0   0   0   0   0   0     0.000    -0.020     0.004    -0.000    -0.001     0.009     0.002
   7 0 1 0 1 1 1 1   0   0   0   0   0   0   0    17.280    17.280    17.385     0.000     0.000     0.000     0.000   0   0   0   0   0   0   0     0.000     0.018     0.004    -0.000    -0.001    -0.006    -0.001
   7 0 0 1 1 1 1 1   0   4   0   0   0   0   0    17.385    21.730    17.385     0.000     0.000     0.000     0.000   0   0   0   0   0   0   0     0.000     0.018     0.001    -0.000    -0.000    -0.006    -0.001
   7 0 0 1 1 1 1 1   0   4   0   0   0   0   0    17.385    21.725    17.385     0.000     0.000     0.000     0.000   0   0   0   0   0   0   0     0.000     0.018     0.004    -0.001    -0.000    -0.006    -0.001
   7 0 1 0 1 1 1 1   0   4   0   0   0   0   0    17.280    21.725    17.385     0.000     0.000     0.000     0.000   0   0   0   0   0   0   0     0.000    -0.019     0.004    -0.001    -0.000     0.002     0.009
   7 0 1 0 1 1 1 1   0   4   0   0   0   0   0    17.280    21.725    17.385     0.000     0.000     0.000     0.000   0   0   0   0   0   0   0     0.000     0.017     0.004    -0.001    -0.000    -0.005    -0.001
   7 0 0 1 1 1 1 1   0   0   0   0   0   0   0    17.385    17.280    17.385     0.000     0.000     0.000     0.000   0   0   0   0   0   0   0     0.000     0.017     0.001    -0.000    -0.000    -0.005    -0.001
   7 0 0 1 1 1 1 1   0   4   0   0   0   0   0    17.385    21.725    17.385     0.000     0.000     0.000     0.000   0   0   0   0   0   0   0     0.000     0.017     0.003    -0.001    -0.000    -0.005    -0.001
   7 0 1 0 1 1 1 1   0   4   0   0   0   0   0    17.280    21.725    17.385     0.000     0.000     0.000     0.000   0   0   0   0   0   0   0     0.000    -0.018     0.003    -0.001    -0.000     0.002     0.008
   7 0 1 0 1 1 1 1   0   4   4   0   0   0   0    17.280    21.725    21.650     0.000     0.000     0.000     0.000   0   0   0   0   0   0   0     0.000     0.016     0.003    -0.001    -0.000    -0.001    -0.005
   7 0 0 1 1 1 1 1   0   0   4   0   0   0   0    17.385    17.280    21.650     0.000     0.000     0.000     0.000   0   0   0   0   0   0   0     0.000     0.016     0.001    -0.000    -0.000    -0.001    -0.005
   7 0 0 1 1 1 1 1   0   4   4   0   0   0   0    17.385    21.725    21.650     0.000     0.000     0.000     0.000   0   0   0   0   0   0   0     0.000     0.016     0.003    -0.001    -0.000    -0.001    -0.005
   7 0 1 0 1 1 1 1   0   4   0   0   0   0   0    17.280    21.725    17.385     0.000     0.000     0.000     0.000   0   0   0   0   0   0   0     0.000    -0.017     0.003    -0.001    -0.000     0.002     0.008
   7 0 1 0 1 1 1 1   0   4   0   0   0   0   0    17.280    21.725    17.385     0.000     0.000     0.000     0.000   0   0   0   0   0   0   0     0.000     0.015     0.003    -0.001    -0.000    -0.005    -0.001
   7 0 1 1 1 1 1 1   0   4   0   0   0   0   0    17.385    21.725    17.385     0.000     0.000     0.000     0.000   0   0   0   0   0   0   0     0.000    -0.000     0.001    -0.001    -0.000    -0.005    -0.001
   7 0 0 1 1 1 1 1   0   4   0   0   0   0   0    17.385    21.730    17.385     0.000     0.000     0.000     0.000   0   0   0   0   0   0   0     0.000    -0.000     0.003    -0.001    -0.000    -0.005    -0.001
   7 0 1 0 1 1 1 1   0   4   0   0   0   0   0    17.280    21.730    17.385     0.000     0.000     0.000     0.000   0   0   0   0   0   0   0     0.000    -0.017     0.003    -0.001    -0.000     0.001     0.007
   7 0 1 0 1 1 1 1   0   4   0   0   0   0   0    17.280    21.730    17.385     0.000     0.000     0.000     0.000   0   0   0   0   0   0   0     0.000     0.015     0.003    -0.001    -0.000    -0.004    -0.001
   7 0 0 1 1 1 1 1   0   4   0   0   0   0   0    17.385    21.730    17.385     0.000     0.000     0.000     0.000   0   0   0   0   0   0   0     0.000     0.015     0.001    -0.000    -0.000    -0.004    -0.001
   7 0 0 1 1 1 1 1   0   4   0   0   0   0   0    17.385    21.725    17.385     0.000     0.000     0.000     0.000   0   0   0   0   0   0   0     0.000     0.015     0.003    -0.001    -0.000    -0.004    -0.001
   7 0 1 0 1 1 1 1   0   4   4   0   0   0   0    17.280    21.725    21.650     0.000     0.000     0.000     0.000   0   0   0   0   0   0   0     0.000    -0.016     0.003    -0.001    -0.000     0.007     0.001
   7 0 0 1 1 1 1 1   4   0   4   0   0   0   0    21.730    17.385    21.650     0.000     0.000     0.000     0.000   0   0   0   0   0   0   0     0.000    -0.016     0.014    -0.004    -0.001     0.007     0.001
   7 0 0 1 1 1 1 1   0   4   4   0   0   0   0    17.385    21.730    21.650     0.000     0.000     0.000     0.000   0   0   0   0   0   0   0     0.000    -0.016     0.001    -0.000    -0.000     0.007     0.001
   7 0 0 1 1 1 1 1   0   0   4   0   0   0   0    17.385    17.318    21.650     0.000     0.000     0.000     0.000   0   0   0   0   0   0   0     0.000    -0.016     0.003    -0.000    -0.001     0.007     0.001
   7 0 1 0 1 1 1 1   0   0   0   0   0   0   0    17.280    17.318    17.385     0.000     0.000     0.000     0.000   0   0   0   0   0   0   0     0.000    -0.015     0.003    -0.000    -0.001     0.001     0.007
   7 0 1 0 1 1 1 1   0   0   4   0   0   0   0    17.280    17.318    21.650     0.000     0.000     0.000     0.000   0   0   0   0   0   0   0     0.000     0.013     0.003    -0.000    -0.001    -0.001    -0.004
   7 0 0 1 1 1 1 1   0   4   4   0   0   0   0    17.385    21.730    21.650     0.000     0.000     0.000     0.000   0   0   0   0   0   0   0     0.000     0.013     0.001    -0.000    -0.000    -0.001    -0.004
   7 0 0 1 1 1 1 1   0   0   4   0   0   0   0    17.385    17.318    21.650     0.000     0.000     0.000     0.000   0   0   0   0   0   0   0     0.000     0.013     0.003    -0.000    -0.001    -0.001    -0.004
   7 0 1 0 1 1 1 1   0   0   0   0   0   0   0    17.280    17.318    17.385     0.000     0.000     0.000     0.000   0   0   0   0   0   0   0     0.000    -0.014     0.003    -0.000    -0.001     0.001     0.006
   7 0 1 0 1 1 1 1   0   0   4   0   0   0   0    17.280    17.318    21.650     0.000     0.000     0.000     0.000   0   0   0   0   0   0   0     0.000     0.012     0.003    -0.000    -0.001    -0.000    -0.003
   7 0 0 1 1 1 1 1   0   4   4   0   0   0   0    17.385    21.730    21.650     0.000     0.000     0.000     0.000   0   0   0   0   0   0   0     0.000     0.012     0.001    -0.000    -0.000    -0.000    -0.003
