  364
   1 1   0     0.000   0     4.935
   1 1   0     0.000   0     5.602
   1 1   0     0.000   0     5.748
   1 1   0     0.000   0     5.792
   7 0 0 1 1 1 0 0   0   0   0   0   0   0   0    21.874    21.334     0.000     0.000     0.000     0.000     0.000   0   0   0   0   0   0   0     0.000     0.000     0.364    -0.151    -0.017     0.000     0.000
   7 0 1 1 1 1 0 0   0   0   0   0   0   0   0    21.334    21.334     0.000     0.000     0.000     0.000     0.000   0   0   0   0   0   0   0     0.000    -0.053     0.093    -0.151    -0.017     0.000     0.000
   7 0 0 1 1 1 0 0   0   6   0   0   0   0   0    21.877    20.243     0.000     0.000     0.000     0.000     0.000   0   0   0   0   0   0   0     0.000    -0.053     0.053    -0.026     0.052     0.000     0.000
   7 0 0 1 1 1 0 0   0   0   0   0   0   0   0    21.874    20.773     0.000     0.000     0.000     0.000     0.000   0   0   0   0   0   0   0     0.000    -0.053    -0.208     0.004     0.088     0.000     0.000
   7 0 1 0 1 1 1 1  11   0   0   0   0   0   0    47.962    20.773    21.334     0.000     0.000     0.000     0.000   0   0   0   0   0   0   0     0.000     0.339    -0.208     0.004     0.088    -0.138    -0.016
   7 0 1 0 1 1 1 1   0   0   0   0   0   0   0    21.334    20.773    21.877     0.000     0.000     0.000     0.000   0   0   0   0   0   0   0     0.000    -0.049    -0.208     0.004     0.088     0.098     0.025
   7 0 0 1 1 1 1 1   0   6   0   0   0   0   0    21.877    20.243    21.877     0.000     0.000     0.000     0.000   0   0   0   0   0   0   0     0.000    -0.049     0.050    -0.024     0.050     0.098     0.025
   7 0 0 1 1 1 1 1   0   0   0   0   0   0   0    21.874    21.334    21.877     0.000     0.000     0.000     0.000   0   0   0   0   0   0   0     0.000    -0.049    -0.194     0.044     0.129     0.098     0.025
   7 0 1 0 1 1 1 1  11   0   0   0   0   0   0    47.962    21.334    21.334     0.000     0.000     0.000     0.000   0   0   0   0   0   0   0     0.000     0.317    -0.194     0.044     0.129    -0.126    -0.015
   7 0 1 0 1 1 1 1   0   0   6   0   0   0   0    21.334    21.334    20.243     0.000     0.000     0.000     0.000   0   0   0   0   0   0   0     0.000    -0.044    -0.194     0.044     0.129     0.094     0.020
   7 0 0 1 1 1 1 1   0   6   6   0   0   0   0    21.877    20.243    20.243     0.000     0.000     0.000     0.000   0   0   0   0   0   0   0     0.000    -0.044     0.048    -0.022     0.047     0.094     0.020
   7 0 0 1 1 1 1 1   0   0   6   0   0   0   0    21.874    21.334    20.243     0.000     0.000     0.000     0.000   0   0   0   0   0   0   0     0.000    -0.044    -0.181     0.041     0.123     0.094     0.020
   7 0 1 0 1 1 1 1  11   0   0   0   0   0   0    47.962    21.334    21.334     0.000     0.000     0.000     0.000   0   0   0   0   0   0   0     0.000     0.296    -0.181     0.041     0.123    -0.115    -0.014
   7 0 1 0 1 1 1 1   0   0   0   0   0   0   0    21.334    21.334    21.877     0.000     0.000     0.000     0.000   0   0   0   0   0   0   0     0.000    -0.041    -0.181     0.041     0.123     0.087     0.019
   7 0 0 1 1 1 1 1   0   6   0   0   0   0   0    21.877    20.243    21.877     0.000     0.000     0.000     0.000   0   0   0   0   0   0   0     0.000    -0.041     0.045    -0.020     0.045     0.087     0.019
   7 0 0 1 1 1 1 1   0   0   0   0   0   0   0    21.874    21.334    21.877     0.000     0.000     0.000     0.000   0   0   0   0   0   0   0     0.000    -0.041    -0.169     0.037     0.117     0.087     0.019
   7 0 0 1 1 1 1 1   0  11   0   0   0   0   0    21.874    52.771    21.877     0.000     0.000     0.000     0.000   0   0   0   0   0   0   0     0.000    -0.041     0.276    -0.014    -0.106     0.087     0.019
   7 0 1 0 1 1 1 1   0  11   6   0   0   0   0    21.334    52.771    20.243     0.000     0.000     0.000     0.000   0   0   0   0   0   0   0     0.000    -0.037     0.276    -0.014    -0.106     0.084     0.015
   7 0 0 1 1 1 1 1   0   6   6   0   0   0   0    21.877    20.243    20.243     0.000     0.000     0.000     0.000   0   0   0   0   0   0   0     0.000    -0.037     0.043    -0.018     0.043     0.084     0.015
   7 0 0 1 1 1 1 1   0   0   6   0   0   0   0    21.874    21.334    20.243     0.000     0.000     0.000     0.000   0   0   0   0   0   0   0     0.000    -0.037    -0.158     0.034     0.111     0.084     0.015
   7 0 0 1 1 1 1 1   0  11   6   0   0   0   0    21.874    52.771    20.243     0.000     0.000     0.000     0.000   0   0   0   0   0   0   0     0.000    -0.037     0.258    -0.013    -0.097     0.084     0.015
   7 0 1 0 1 1 1 1   0  11  11   0   0   0   0    21.334    52.771    47.954     0.000     0.000     0.000     0.000   0   0   0   0   0   0   0     0.000    -0.034     0.258    -0.013    -0.097     0.014     0.078
   7 0 0 1 1 1 1 1   0   6  11   0   0   0   0    21.877    20.243    47.954     0.000     0.000     0.000     0.000   0   0   0   0   0   0   0     0.000    -0.034     0.041    -0.017     0.041     0.014     0.078
   7 0 0 1 1 1 1 1   0  11  11   0   0   0   0    21.874    52.771    47.954     0.000     0.000     0.000     0.000   0   0   0   0   0   0   0     0.000    -0.034    -0.147     0.105     0.031     0.014     0.078
   7 0 0 1 1 1 1 1   0  11  11   0   0   0   0    21.874    52.771    47.954     0.000     0.000     0.000     0.000   0   0   0   0   0   0   0     0.000    -0.034     0.240    -0.012    -0.088     0.014     0.078
   7 0 1 0 1 1 1 1   0  11   6   0   0   0   0    21.334    52.771    20.243     0.000     0.000     0.000     0.000   0   0   0   0   0   0   0     0.000    -0.031     0.240    -0.012    -0.088     0.075     0.010
   7 0 0 1 1 1 1 1   0   6   6   0   0   0   0    21.877    20.243    20.243     0.000     0.000     0.000     0.000   0   0   0   0   0   0   0     0.000    -0.031     0.039    -0.015     0.039     0.075     0.010
   7 0 0 1 1 1 1 1   0   0   6   0   0   0   0    21.877    21.874    20.243     0.000     0.000     0.000     0.000   0   0   0   0   0   0   0     0.000    -0.031     0.187     0.050    -0.392     0.075     0.010
   7 0 0 1 1 1 1 1   0  11   6   0   0   0   0    21.874    52.771    20.243     0.000     0.000     0.000     0.000   0   0   0   0   0   0   0     0.000    -0.031     0.224    -0.012    -0.081     0.075     0.010
   7 0 1 0 1 1 1 1   0  11  11   0   0   0   0    21.334    52.771    47.954     0.000     0.000     0.000     0.000   0   0   0   0   0   0   0     0.000    -0.028     0.224    -0.012    -0.081     0.010     0.070
   7 0 1 0 1 1 1 1  11  11   6   0   0   0   0    47.954    52.771    20.243     0.000     0.000     0.000     0.000   0   0   0   0   0   0   0     0.000     0.037     0.224    -0.012    -0.081    -0.014     0.037
   7 0 0 1 1 1 1 1   0   0   6   0   0   0   0    21.877    21.874    20.243     0.000     0.000     0.000     0.000   0   0   0   0   0   0   0     0.000     0.037     0.177     0.045    -0.373    -0.014     0.037
   7 0 0 1 1 1 1 1   0   0   6   0   0   0   0    21.874    21.334    20.243     0.000     0.000     0.000     0.000   0   0   0   0   0   0   0     0.000     0.037     0.209    -0.074    -0.011    -0.014     0.037
   7 0 0 1 1 1 1 1   0   0   6   0   0   0   0    21.874    21.334    20.243     0.000     0.000     0.000     0.000   0   0   0   0   0   0   0     0.000     0.037     0.067    -0.026     0.006    -0.014     0.037
   7 0 0 1 1 1 1 1   0   6   6   0   0   0   0    21.877    20.243    20.243     0.000     0.000     0.000     0.000   0   0   0   0   0   0   0     0.000     0.037     0.035    -0.013     0.035    -0.014     0.037
   7 0 1 0 1 1 1 1  11   6   0   0   0   0   0    47.954    20.243    21.874     0.000     0.000     0.000     0.000   0   0   0   0   0   0   0     0.000     0.168     0.035    -0.013     0.035     0.042    -0.354
   7 0 0 1 1 1 1 1   0  11   0   0   0   0   0    21.874    52.771    21.874     0.000     0.000     0.000     0.000   0   0   0   0   0   0   0     0.000     0.168     0.195    -0.011    -0.067     0.042    -0.354
   7 0 0 1 1 1 1 1   0   0   0   0   0   0   0    21.874    21.334    21.874     0.000     0.000     0.000     0.000   0   0   0   0   0   0   0     0.000     0.168     0.063    -0.024     0.006     0.042    -0.354
   7 0 0 1 1 1 1 1   0   6   0   0   0   0   0    21.877    20.243    21.874     0.000     0.000     0.000     0.000   0   0   0   0   0   0   0     0.000     0.168     0.033    -0.012     0.033     0.042    -0.354
   7 0 0 1 1 1 1 1   0   0   0   0   0   0   0    21.877    21.874    21.874     0.000     0.000     0.000     0.000   0   0   0   0   0   0   0     0.000     0.168     0.160     0.038    -0.336     0.042    -0.354
   7 0 0 1 1 1 1 1   0   0   0   0   0   0   0    21.874    21.334    21.874     0.000     0.000     0.000     0.000   0   0   0   0   0   0   0     0.000     0.168     0.182    -0.062    -0.010     0.042    -0.354
   7 0 0 1 1 1 1 1   0   0   0   0   0   0   0    21.874    21.334    21.874     0.000     0.000     0.000     0.000   0   0   0   0   0   0   0     0.000     0.168     0.059    -0.022     0.006     0.042    -0.354
   7 0 1 0 1 1 1 1  11   0   6   0   0   0   0    47.954    21.334    20.243     0.000     0.000     0.000     0.000   0   0   0   0   0   0   0     0.000     0.032     0.059    -0.022     0.006    -0.011     0.031
   7 0 0 1 1 1 1 1   0   0   6   0   0   0   0    21.877    21.874    20.243     0.000     0.000     0.000     0.000   0   0   0   0   0   0   0     0.000     0.032     0.152     0.035    -0.320    -0.011     0.031
   7 0 0 1 1 1 1 1   0   0   6   0   0   0   0    21.874    21.334    20.243     0.000     0.000     0.000     0.000   0   0   0   0   0   0   0     0.000     0.032     0.170    -0.056    -0.010    -0.011     0.031
   7 0 0 1 1 1 1 1   0   0   6   0   0   0   0    21.874    21.334    20.243     0.000     0.000     0.000     0.000   0   0   0   0   0   0   0     0.000     0.032     0.055    -0.020     0.005    -0.011     0.031
   7 0 0 1 1 1 1 1   0   0   6   0   0   0   0    21.877    21.874    20.243     0.000     0.000     0.000     0.000   0   0   0   0   0   0   0     0.000     0.032     0.030     0.006    -0.033    -0.011     0.031
   7 0 0 1 1 1 1 1   0   0   6   0   0   0   0    21.877    21.874    20.243     0.000     0.000     0.000     0.000   0   0   0   0   0   0   0     0.000     0.032     0.144     0.032    -0.304    -0.011     0.031
   7 0 0 1 1 1 1 1   0   0   6   0   0   0   0    21.874    21.334    20.243     0.000     0.000     0.000     0.000   0   0   0   0   0   0   0     0.000     0.032     0.159    -0.052    -0.009    -0.011     0.031
   7 0 0 1 1 1 1 1   0   0   6   0   0   0   0    21.874    21.334    20.243     0.000     0.000     0.000     0.000   0   0   0   0   0   0   0     0.000     0.032     0.051    -0.018     0.005    -0.011     0.031
   7 0 0 1 1 1 1 1   6   0   6   0   0   0   0    20.243    21.877    20.243     0.000     0.000     0.000     0.000   0   0   0   0   0   0   0     0.000     0.032     0.030    -0.010     0.029    -0.011     0.031
   7 0 1 0 1 1 1 1  11   0   0   0   0   0   0    47.954    21.877    21.874     0.000     0.000     0.000     0.000   0   0   0   0   0   0   0     0.000     0.137     0.030    -0.010     0.029     0.029    -0.288
   7 0 0 1 1 1 1 1   0   0   0   0   0   0   0    21.877    21.874    21.874     0.000     0.000     0.000     0.000   0   0   0   0   0   0   0     0.000     0.137    -0.178    -0.043     0.401     0.029    -0.288
   7 0 0 1 1 1 1 1   0  11   0   0   0   0   0    21.874    52.771    21.874     0.000     0.000     0.000     0.000   0   0   0   0   0   0   0     0.000     0.137     0.048     0.005    -0.017     0.029    -0.288
   7 0 0 1 1 1 1 1   6   0   0   0   0   0   0    20.243    21.877    21.874     0.000     0.000     0.000     0.000   0   0   0   0   0   0   0     0.000     0.137     0.028    -0.009     0.027     0.029    -0.288
   7 0 0 1 1 1 1 1   0   0   0   0   0   0   0    21.877    21.874    21.874     0.000     0.000     0.000     0.000   0   0   0   0   0   0   0     0.000     0.137     0.130     0.026    -0.274     0.029    -0.288
   7 0 0 1 1 1 1 1   0  11   0   0   0   0   0    21.877    47.962    21.874     0.000     0.000     0.000     0.000   0   0   0   0   0   0   0     0.000     0.137    -0.169     0.381    -0.040     0.029    -0.288
   7 0 0 1 1 1 1 1   0   0   0   0   0   0   0    21.874    21.334    21.874     0.000     0.000     0.000     0.000   0   0   0   0   0   0   0     0.000     0.137     0.045    -0.015     0.005     0.029    -0.288
   7 0 0 1 1 1 1 1   6   0   0   0   0   0   0    20.243    21.877    21.874     0.000     0.000     0.000     0.000   0   0   0   0   0   0   0     0.000     0.137     0.027    -0.008     0.026     0.029    -0.288
   7 0 0 1 1 1 1 1   0   0   0   0   0   0   0    21.877    21.874    21.874     0.000     0.000     0.000     0.000   0   0   0   0   0   0   0     0.000     0.137     0.124     0.024    -0.260     0.029    -0.288
   7 0 0 1 1 1 1 1   0   0   0   0   0   0   0    21.877    21.874    21.874     0.000     0.000     0.000     0.000   0   0   0   0   0   0   0     0.000     0.137    -0.161    -0.036     0.362     0.029    -0.288
   7 0 0 1 1 1 1 1   0   0   0   0   0   0   0    21.874    20.773    21.874     0.000     0.000     0.000     0.000   0   0   0   0   0   0   0     0.000     0.137     0.042    -0.025    -0.006     0.029    -0.288
   7 0 0 1 1 1 1 1   6   0   0   0   0   0   0    20.243    21.877    21.874     0.000     0.000     0.000     0.000   0   0   0   0   0   0   0     0.000     0.137     0.025    -0.007     0.025     0.029    -0.288
   7 0 0 1 1 1 1 1   0   0   0   0   0   0   0    21.877    21.874    21.874     0.000     0.000     0.000     0.000   0   0   0   0   0   0   0     0.000     0.137     0.118     0.022    -0.247     0.029    -0.288
   7 0 1 0 1 1 1 1  11   0   0   0   0   0   0    47.954    21.874    21.874     0.000     0.000     0.000     0.000   0   0   0   0   0   0   0     0.000    -0.153     0.118     0.022    -0.247    -0.033     0.344
   7 0 0 1 1 1 1 1   0   0   0   0   0   0   0    21.874    20.773    21.874     0.000     0.000     0.000     0.000   0   0   0   0   0   0   0     0.000    -0.153     0.039    -0.023    -0.005    -0.033     0.344
   7 0 0 1 1 1 1 1   6   0   0   0   0   0   0    20.243    21.877    21.874     0.000     0.000     0.000     0.000   0   0   0   0   0   0   0     0.000    -0.153     0.024    -0.007     0.023    -0.033     0.344
   7 0 0 1 1 1 1 1   0   0   0   0   0   0   0    21.877    21.874    21.874     0.000     0.000     0.000     0.000   0   0   0   0   0   0   0     0.000    -0.153     0.112     0.020    -0.235    -0.033     0.344
   7 0 1 0 1 1 1 1  11   0  11   0   0   0   0    47.954    21.874    47.962     0.000     0.000     0.000     0.000   0   0   0   0   0   0   0     0.000    -0.145     0.112     0.020    -0.235     0.326    -0.030
   7 0 0 1 1 1 1 1   0  11  11   0   0   0   0    21.874    57.920    47.962     0.000     0.000     0.000     0.000   0   0   0   0   0   0   0     0.000    -0.145     0.036    -0.005    -0.022     0.326    -0.030
   7 0 0 1 1 1 1 1   6   0  11   0   0   0   0    20.243    21.877    47.962     0.000     0.000     0.000     0.000   0   0   0   0   0   0   0     0.000    -0.145     0.023    -0.006     0.022     0.326    -0.030
   7 0 0 1 1 1 1 1   0   0  11   0   0   0   0    21.877    21.874    47.962     0.000     0.000     0.000     0.000   0   0   0   0   0   0   0     0.000    -0.145     0.106     0.018    -0.223     0.326    -0.030
   7 0 0 1 1 1 1 1   0   0  11   0   0   0   0    21.877    21.874    47.962     0.000     0.000     0.000     0.000   0   0   0   0   0   0   0     0.000    -0.145    -0.138    -0.027     0.310     0.326    -0.030
   7 0 0 0 1 1 1 1  11   0   0   0   0   0   0    52.771    21.877    20.773     0.000     0.000     0.000     0.000   0   0   0   0   0   0   0     0.000    -0.145    -0.138     0.048    -0.016    -0.021    -0.007
   7 0 0 1 1 1 1 1   6   0   0   0   0   0   0    20.243    21.877    20.773     0.000     0.000     0.000     0.000   0   0   0   0   0   0   0     0.000    -0.145     0.022    -0.006     0.021    -0.021    -0.007
   7 0 0 1 1 1 1 1   0   0   0   0   0   0   0    21.877    21.874    20.773     0.000     0.000     0.000     0.000   0   0   0   0   0   0   0     0.000    -0.145     0.101     0.017    -0.212    -0.021    -0.007
   7 0 0 1 1 1 1 1   0   0   0   0   0   0   0    21.877    21.874    20.773     0.000     0.000     0.000     0.000   0   0   0   0   0   0   0     0.000    -0.145    -0.131    -0.025     0.295    -0.021    -0.007
   7 0 0 1 1 1 1 1   0   0   0   0   0   0   0    21.874    20.773    20.773     0.000     0.000     0.000     0.000   0   0   0   0   0   0   0     0.000    -0.145     0.033    -0.020    -0.004    -0.021    -0.007
   7 0 0 1 1 1 1 1   6   0   0   0   0   0   0    20.243    21.877    20.773     0.000     0.000     0.000     0.000   0   0   0   0   0   0   0     0.000    -0.145     0.021    -0.005     0.020    -0.021    -0.007
   7 0 0 1 1 1 1 1   0   0   0   0   0   0   0    21.877    21.874    20.773     0.000     0.000     0.000     0.000   0   0   0   0   0   0   0     0.000    -0.145     0.096     0.015    -0.201    -0.021    -0.007
   7 0 0 1 1 1 1 1   0   0   0   0   0   0   0    21.877    21.874    20.773     0.000     0.000     0.000     0.000   0   0   0   0   0   0   0     0.000    -0.145    -0.124    -0.023     0.280    -0.021    -0.007
   7 0 0 1 1 1 1 1   0   0   0   0   0   0   0    21.874    20.773    20.773     0.000     0.000     0.000     0.000   0   0   0   0   0   0   0     0.000    -0.145     0.031    -0.019    -0.004    -0.021    -0.007
   7 0 0 1 1 1 1 1   6   0   0   0   0   0   0    20.243    21.877    20.773     0.000     0.000     0.000     0.000   0   0   0   0   0   0   0     0.000    -0.145     0.020    -0.005     0.019    -0.021    -0.007
   7 0 0 1 1 1 1 1   0   0   0   0   0   0   0    21.877    21.874    20.773     0.000     0.000     0.000     0.000   0   0   0   0   0   0   0     0.000    -0.145     0.091     0.014    -0.191    -0.021    -0.007
   7 0 0 1 1 1 1 1   0   0   0   0   0   0   0    21.877    21.874    20.773     0.000     0.000     0.000     0.000   0   0   0   0   0   0   0     0.000    -0.145    -0.118    -0.021     0.266    -0.021    -0.007
   7 0 0 1 1 1 1 1   0   0   0   0   0   0   0    21.874    20.773    20.773     0.000     0.000     0.000     0.000   0   0   0   0   0   0   0     0.000    -0.145     0.029    -0.018    -0.004    -0.021    -0.007
   7 0 0 1 1 1 1 1   6   0   0   0   0   0   0    20.243    21.877    20.773     0.000     0.000     0.000     0.000   0   0   0   0   0   0   0     0.000    -0.145     0.019    -0.004     0.018    -0.021    -0.007
   7 0 0 1 1 1 1 1   0   0   0   0   0   0   0    21.877    21.874    20.773     0.000     0.000     0.000     0.000   0   0   0   0   0   0   0     0.000    -0.145     0.086     0.013    -0.182    -0.021    -0.007
   7 0 0 1 1 1 1 1   0   0   0   0   0   0   0    21.877    21.874    20.773     0.000     0.000     0.000     0.000   0   0   0   0   0   0   0     0.000    -0.145    -0.112    -0.019     0.253    -0.021    -0.007
   7 0 0 1 1 1 1 1   0   0   0   0   0   0   0    21.874    20.773    20.773     0.000     0.000     0.000     0.000   0   0   0   0   0   0   0     0.000    -0.145     0.027    -0.017    -0.003    -0.021    -0.007
   7 0 0 1 1 1 1 1   0   0   0   0   0   0   0    21.874    20.773    20.773     0.000     0.000     0.000     0.000   0   0   0   0   0   0   0     0.000    -0.145    -0.008    -0.010     0.012    -0.021    -0.007
   7 0 0 1 1 1 1 1   0   0   0   0   0   0   0    21.877    21.874    20.773     0.000     0.000     0.000     0.000   0   0   0   0   0   0   0     0.000    -0.145     0.082     0.012    -0.173    -0.021    -0.007
   7 0 0 1 1 1 1 1   0  11   0   0   0   0   0    21.877    47.962    20.773     0.000     0.000     0.000     0.000   0   0   0   0   0   0   0     0.000    -0.145    -0.107     0.240    -0.017    -0.021    -0.007
   7 0 0 1 1 1 1 1   0  11   0   0   0   0   0    21.874    57.920    20.773     0.000     0.000     0.000     0.000   0   0   0   0   0   0   0     0.000    -0.145     0.025    -0.003    -0.016    -0.021    -0.007
   7 0 0 1 1 1 1 1   0   0   0   0   0   0   0    21.877    21.874    20.773     0.000     0.000     0.000     0.000   0   0   0   0   0   0   0     0.000    -0.145     0.018     0.007    -0.028    -0.021    -0.007
   7 0 0 1 1 1 1 1   0   0   0   0   0   0   0    21.877    21.874    20.773     0.000     0.000     0.000     0.000   0   0   0   0   0   0   0     0.000    -0.145     0.078     0.011    -0.164    -0.021    -0.007
   7 0 0 1 1 1 1 1   0   0   0   0   0   0   0    21.877    21.874    20.773     0.000     0.000     0.000     0.000   0   0   0   0   0   0   0     0.000    -0.145    -0.101    -0.016     0.228    -0.021    -0.007
   7 0 0 0 1 1 1 1  11   0   0   0   0   0   0    52.771    21.877    20.773     0.000     0.000     0.000     0.000   0   0   0   0   0   0   0     0.000    -0.145    -0.101     0.041    -0.022    -0.016    -0.005
   7 0 0 1 1 1 1 1   6   0   0   0   0   0   0    20.243    21.877    20.773     0.000     0.000     0.000     0.000   0   0   0   0   0   0   0     0.000    -0.145     0.017    -0.005     0.017    -0.016    -0.005
   7 0 0 1 1 1 1 1   6   0   0   0   0   0   0    20.243    21.877    20.773     0.000     0.000     0.000     0.000   0   0   0   0   0   0   0     0.000    -0.145     0.077    -0.049     0.074    -0.016    -0.005
   7 0 0 1 1 1 1 1   0   0   0   0   0   0   0    21.877    21.874    20.773     0.000     0.000     0.000     0.000   0   0   0   0   0   0   0     0.000    -0.145    -0.096    -0.014     0.217    -0.016    -0.005
   7 0 0 1 1 1 1 1   0  11   0   0   0   0   0    21.874    57.920    20.773     0.000     0.000     0.000     0.000   0   0   0   0   0   0   0     0.000    -0.145     0.023    -0.003    -0.015    -0.016    -0.005
   7 0 0 1 1 1 1 1   6   1   0   0   0   0   0    20.243    21.562    20.773     0.000     0.000     0.000     0.000   0   0   0   0   0   0   0     0.000    -0.145     0.016     0.006    -0.010    -0.016    -0.005
   7 0 0 1 1 1 1 1   6  11   0   0   0   0   0    20.243    47.954    20.773     0.000     0.000     0.000     0.000   0   0   0   0   0   0   0     0.000    -0.145     0.073     0.070    -0.044    -0.016    -0.005
   7 0 0 1 1 1 1 1   0   0   0   0   0   0   0    21.877    21.874    20.773     0.000     0.000     0.000     0.000   0   0   0   0   0   0   0     0.000    -0.145    -0.092    -0.013     0.206    -0.016    -0.005
   7 0 0 1 1 1 1 1   0   0   0   0   0   0   0    21.874    20.773    20.773     0.000     0.000     0.000     0.000   0   0   0   0   0   0   0     0.000    -0.145     0.021    -0.014    -0.003    -0.016    -0.005
   7 0 0 1 1 1 1 1   0   0   0   0   0   0   0    21.877    21.874    20.773     0.000     0.000     0.000     0.000   0   0   0   0   0   0   0     0.000    -0.145     0.016     0.006    -0.026    -0.016    -0.005
   7 0 0 1 1 1 1 1   6  11   0   0   0   0   0    20.243    47.954    20.773     0.000     0.000     0.000     0.000   0   0   0   0   0   0   0     0.000    -0.145     0.070     0.067    -0.041    -0.016    -0.005
   7 0 0 1 1 1 1 1   0   0   0   0   0   0   0    21.877    21.874    20.773     0.000     0.000     0.000     0.000   0   0   0   0   0   0   0     0.000    -0.145    -0.087    -0.012     0.195    -0.016    -0.005
   7 0 1 0 1 1 1 1  11   0   0   0   0   0   0    47.954    21.874    21.874     0.000     0.000     0.000     0.000   0   0   0   0   0   0   0     0.000    -0.023    -0.087    -0.012     0.195    -0.006     0.053
   7 0 0 1 1 1 1 1   0   0   0   0   0   0   0    21.877    21.874    21.874     0.000     0.000     0.000     0.000   0   0   0   0   0   0   0     0.000    -0.023     0.016     0.005    -0.025    -0.006     0.053
   7 0 0 1 1 1 1 1   0   0   0   0   0   0   0    21.874    21.334    21.874     0.000     0.000     0.000     0.000   0   0   0   0   0   0   0     0.000    -0.023    -0.057     0.000     0.066    -0.006     0.053
   7 0 0 1 1 1 1 1   0   0   0   0   0   0   0    21.877    21.874    21.874     0.000     0.000     0.000     0.000   0   0   0   0   0   0   0     0.000    -0.023    -0.083    -0.011     0.186    -0.006     0.053
   7 0 0 1 1 1 1 1   0   0   0   0   0   0   0    21.877    21.874    21.874     0.000     0.000     0.000     0.000   0   0   0   0   0   0   0     0.000    -0.023    -0.022    -0.005     0.050    -0.006     0.053
   7 0 0 1 1 1 1 1   0   0   0   0   0   0   0    21.877    21.874    21.874     0.000     0.000     0.000     0.000   0   0   0   0   0   0   0     0.000    -0.023     0.015     0.005    -0.023    -0.006     0.053
   7 0 1 0 1 1 1 1  11   0   0   0   0   0   0    47.954    21.874    21.874     0.000     0.000     0.000     0.000   0   0   0   0   0   0   0     0.000     0.066     0.015     0.005    -0.023     0.016    -0.146
   7 0 0 1 1 1 1 1   0   0   0   0   0   0   0    21.877    21.874    21.874     0.000     0.000     0.000     0.000   0   0   0   0   0   0   0     0.000     0.066    -0.078    -0.010     0.176     0.016    -0.146
   7 0 0 1 1 1 1 1   0   0   0   0   0   0   0    21.877    21.874    21.874     0.000     0.000     0.000     0.000   0   0   0   0   0   0   0     0.000     0.066    -0.021    -0.005     0.048     0.016    -0.146
   7 0 0 1 1 1 1 1   6   0   0   0   0   0   0    20.243    21.877    21.874     0.000     0.000     0.000     0.000   0   0   0   0   0   0   0     0.000     0.066     0.014    -0.005     0.014     0.016    -0.146
   7 0 0 1 1 1 1 1   0   0   0   0   0   0   0    21.877    21.874    21.874     0.000     0.000     0.000     0.000   0   0   0   0   0   0   0     0.000     0.066     0.063     0.015    -0.139     0.016    -0.146
   7 0 0 1 1 1 1 1   0   0   0   0   0   0   0    21.877    21.874    21.874     0.000     0.000     0.000     0.000   0   0   0   0   0   0   0     0.000     0.066    -0.075    -0.009     0.168     0.016    -0.146
   7 0 0 1 1 1 1 1   0   0   0   0   0   0   0    21.877    21.874    21.874     0.000     0.000     0.000     0.000   0   0   0   0   0   0   0     0.000     0.066    -0.020    -0.004     0.045     0.016    -0.146
   7 0 0 1 1 1 1 1   6  11   0   0   0   0   0    20.243    47.954    21.874     0.000     0.000     0.000     0.000   0   0   0   0   0   0   0     0.000     0.066     0.014     0.013    -0.004     0.016    -0.146
   7 0 0 1 1 1 1 1   6   0   0   0   0   0   0    20.243    21.877    21.874     0.000     0.000     0.000     0.000   0   0   0   0   0   0   0     0.000     0.066     0.061    -0.035     0.060     0.016    -0.146
   7 0 0 1 1 1 1 1   0   0   0   0   0   0   0    21.877    21.874    21.874     0.000     0.000     0.000     0.000   0   0   0   0   0   0   0     0.000     0.066    -0.071    -0.008     0.159     0.016    -0.146
   7 0 0 1 1 1 1 1   0   0   0   0   0   0   0    21.877    21.874    21.874     0.000     0.000     0.000     0.000   0   0   0   0   0   0   0     0.000     0.066    -0.019    -0.004     0.043     0.016    -0.146
   7 0 0 1 1 1 1 1  11   0   0   0   0   0   0    57.920    21.874    21.874     0.000     0.000     0.000     0.000   0   0   0   0   0   0   0     0.000     0.066    -0.009     0.008    -0.006     0.016    -0.146
   7 0 0 1 1 1 1 1   0   0   0   0   0   0   0    21.874    21.334    21.874     0.000     0.000     0.000     0.000   0   0   0   0   0   0   0     0.000     0.066    -0.049     0.001     0.058     0.016    -0.146
   7 0 1 0 1 1 1 1  11   0   0   0   0   0   0    47.954    21.334    21.874     0.000     0.000     0.000     0.000   0   0   0   0   0   0   0     0.000    -0.067    -0.049     0.001     0.058    -0.008     0.151
   7 0 1 0 1 1 1 1  11   0  11   0   0   0   0    47.954    21.334    47.962     0.000     0.000     0.000     0.000   0   0   0   0   0   0   0     0.000    -0.018    -0.049     0.001     0.058     0.041    -0.004
   7 0 0 1 1 1 1 1   0   0  11   0   0   0   0    21.877    21.874    47.962     0.000     0.000     0.000     0.000   0   0   0   0   0   0   0     0.000    -0.018     0.013     0.004    -0.021     0.041    -0.004
   7 0 0 1 1 1 1 1   0   0  11   0   0   0   0    21.877    21.874    47.962     0.000     0.000     0.000     0.000   0   0   0   0   0   0   0     0.000    -0.018     0.059     0.014    -0.128     0.041    -0.004
   7 0 0 1 1 1 1 1   0   0  11   0   0   0   0    21.877    21.874    47.962     0.000     0.000     0.000     0.000   0   0   0   0   0   0   0     0.000    -0.018    -0.064    -0.007     0.144     0.041    -0.004
   7 0 0 1 1 1 1 1   0   0  11   0   0   0   0    21.877    21.874    47.962     0.000     0.000     0.000     0.000   0   0   0   0   0   0   0     0.000    -0.018    -0.017    -0.003     0.039     0.041    -0.004
   7 0 0 1 1 1 1 1   6  11  11   0   0   0   0    20.243    47.954    47.962     0.000     0.000     0.000     0.000   0   0   0   0   0   0   0     0.000    -0.018     0.012     0.012    -0.004     0.041    -0.004
   7 0 0 1 1 1 1 1   0  11  11   0   0   0   0    21.877    47.962    47.962     0.000     0.000     0.000     0.000   0   0   0   0   0   0   0     0.000    -0.018     0.056    -0.121     0.013     0.041    -0.004
   7 0 0 1 1 1 1 1   0  11  11   0   0   0   0    21.877    47.962    47.962     0.000     0.000     0.000     0.000   0   0   0   0   0   0   0     0.000    -0.018    -0.061     0.136    -0.006     0.041    -0.004
   7 0 1 0 1 1 1 1  11  11   0   0   0   0   0    47.954    47.962    21.874     0.000     0.000     0.000     0.000   0   0   0   0   0   0   0     0.000    -0.016    -0.061     0.136    -0.006    -0.003     0.037
   7 0 1 0 1 1 1 1   0  11   0   0   0   0   0    20.773    47.962    21.874     0.000     0.000     0.000     0.000   0   0   0   0   0   0   0     0.000    -0.009    -0.061     0.136    -0.006     0.007    -0.006
   7 0 0 1 1 1 1 1   6   0   0   0   0   0   0    20.243    21.877    21.874     0.000     0.000     0.000     0.000   0   0   0   0   0   0   0     0.000    -0.009     0.054    -0.030     0.054     0.007    -0.006
   7 0 0 1 1 1 1 1   0   0   0   0   0   0   0    21.877    21.874    21.874     0.000     0.000     0.000     0.000   0   0   0   0   0   0   0     0.000    -0.009    -0.058    -0.006     0.130     0.007    -0.006
   7 0 0 1 1 1 1 1   0   0   0   0   0   0   0    21.877    21.874    21.874     0.000     0.000     0.000     0.000   0   0   0   0   0   0   0     0.000    -0.009    -0.016    -0.003     0.035     0.007    -0.006
   7 0 0 1 1 1 1 1   0   0   0   0   0   0   0    21.877    21.874    21.874     0.000     0.000     0.000     0.000   0   0   0   0   0   0   0     0.000    -0.009     0.012     0.004    -0.020     0.007    -0.006
   7 0 0 1 1 1 1 1   6   0   0   0   0   0   0    20.243    21.877    21.874     0.000     0.000     0.000     0.000   0   0   0   0   0   0   0     0.000    -0.009     0.051    -0.028     0.051     0.007    -0.006
   7 0 0 1 1 1 1 1   0   0   0   0   0   0   0    21.877    21.874    21.874     0.000     0.000     0.000     0.000   0   0   0   0   0   0   0     0.000    -0.009    -0.055    -0.005     0.123     0.007    -0.006
   7 0 0 1 1 1 1 1   0   0   0   0   0   0   0    21.877    21.874    21.874     0.000     0.000     0.000     0.000   0   0   0   0   0   0   0     0.000    -0.009    -0.015    -0.002     0.033     0.007    -0.006
   7 0 0 1 1 1 1 1   0   0   0   0   0   0   0    21.877    21.874    21.874     0.000     0.000     0.000     0.000   0   0   0   0   0   0   0     0.000    -0.009     0.011     0.003    -0.019     0.007    -0.006
   7 0 0 1 1 1 1 1   0   0   0   0   0   0   0    21.874    21.334    21.874     0.000     0.000     0.000     0.000   0   0   0   0   0   0   0     0.000    -0.009    -0.043     0.003     0.049     0.007    -0.006
   7 0 0 1 1 1 1 1   0   0   0   0   0   0   0    21.877    21.874    21.874     0.000     0.000     0.000     0.000   0   0   0   0   0   0   0     0.000    -0.009    -0.052    -0.005     0.117     0.007    -0.006
   7 0 0 1 1 1 1 1   0   0   0   0   0   0   0    21.877    21.874    21.874     0.000     0.000     0.000     0.000   0   0   0   0   0   0   0     0.000    -0.009    -0.014    -0.002     0.032     0.007    -0.006
   7 0 0 1 1 1 1 1   6   0   0   0   0   0   0    20.243    21.877    21.874     0.000     0.000     0.000     0.000   0   0   0   0   0   0   0     0.000    -0.009     0.011    -0.004     0.011     0.007    -0.006
   7 0 1 0 1 1 1 1  11   0   0   0   0   0   0    47.962    21.877    21.334     0.000     0.000     0.000     0.000   0   0   0   0   0   0   0     0.000    -0.040     0.011    -0.004     0.011     0.003     0.046
   7 0 0 1 1 1 1 1   0  11   0   0   0   0   0    21.877    47.962    21.334     0.000     0.000     0.000     0.000   0   0   0   0   0   0   0     0.000    -0.040    -0.049     0.111    -0.004     0.003     0.046
   7 0 0 1 1 1 1 1   0   0   0   0   0   0   0    21.877    21.874    21.334     0.000     0.000     0.000     0.000   0   0   0   0   0   0   0     0.000    -0.040    -0.013    -0.002     0.030     0.003     0.046
   7 0 1 0 1 1 1 1   0   0   0   0   0   0   0    20.773    21.874    21.874     0.000     0.000     0.000     0.000   0   0   0   0   0   0   0     0.000    -0.009    -0.013    -0.002     0.030     0.006    -0.005
   7 0 0 1 1 1 1 1   0   0   0   0   0   0   0    21.877    21.874    21.874     0.000     0.000     0.000     0.000   0   0   0   0   0   0   0     0.000    -0.009     0.052     0.013    -0.108     0.006    -0.005
   7 0 0 1 1 1 1 1   0   0   0   0   0   0   0    21.877    21.874    21.874     0.000     0.000     0.000     0.000   0   0   0   0   0   0   0     0.000    -0.009    -0.047    -0.004     0.106     0.006    -0.005
   7 0 0 1 1 1 1 1   0   0   0   0   0   0   0    21.877    21.874    21.874     0.000     0.000     0.000     0.000   0   0   0   0   0   0   0     0.000    -0.009    -0.013    -0.002     0.029     0.006    -0.005
   7 0 1 0 1 1 1 1  11   0   0   0   0   0   0    47.954    21.874    21.874     0.000     0.000     0.000     0.000   0   0   0   0   0   0   0     0.000     0.011    -0.013    -0.002     0.029     0.003    -0.018
   7 0 0 1 1 1 1 1   0  11   0   0   0   0   0    21.877    47.962    21.874     0.000     0.000     0.000     0.000   0   0   0   0   0   0   0     0.000     0.011     0.050    -0.103     0.012     0.003    -0.018
   7 0 0 1 1 1 1 1   0   0   0   0   0   0   0    21.877    21.874    21.874     0.000     0.000     0.000     0.000   0   0   0   0   0   0   0     0.000     0.011    -0.045    -0.004     0.100     0.003    -0.018
   7 0 0 1 1 1 1 1   0   0   0   0   0   0   0    21.877    21.874    21.874     0.000     0.000     0.000     0.000   0   0   0   0   0   0   0     0.000     0.011    -0.012    -0.002     0.027     0.003    -0.018
   7 0 0 1 1 1 1 1   0   0   0   0   0   0   0    21.877    21.874    21.874     0.000     0.000     0.000     0.000   0   0   0   0   0   0   0     0.000     0.011     0.010     0.003    -0.017     0.003    -0.018
   7 0 0 1 1 1 1 1   0   0   0   0   0   0   0    21.877    21.874    21.874     0.000     0.000     0.000     0.000   0   0   0   0   0   0   0     0.000     0.011     0.047     0.011    -0.098     0.003    -0.018
   7 0 0 1 1 1 1 1   0   0   0   0   0   0   0    21.877    21.874    21.874     0.000     0.000     0.000     0.000   0   0   0   0   0   0   0     0.000     0.011    -0.042    -0.003     0.095     0.003    -0.018
   7 0 0 1 1 1 1 1   0   0   0   0   0   0   0    21.877    21.874    21.874     0.000     0.000     0.000     0.000   0   0   0   0   0   0   0     0.000     0.011    -0.011    -0.002     0.026     0.003    -0.018
   7 0 0 1 1 1 1 1   6   0   0   0   0   0   0    20.243    21.877    21.874     0.000     0.000     0.000     0.000   0   0   0   0   0   0   0     0.000     0.011     0.010    -0.004     0.009     0.003    -0.018
   7 0 0 1 1 1 1 1   0   0   0   0   0   0   0    21.877    21.874    21.874     0.000     0.000     0.000     0.000   0   0   0   0   0   0   0     0.000     0.011     0.045     0.010    -0.093     0.003    -0.018
   7 0 0 1 1 1 1 1   0   0   0   0   0   0   0    21.877    21.874    21.874     0.000     0.000     0.000     0.000   0   0   0   0   0   0   0     0.000     0.011    -0.040    -0.003     0.091     0.003    -0.018
   7 0 1 0 1 1 1 1   0   0   0   0   0   0   0    20.773    21.874    21.877     0.000     0.000     0.000     0.000   0   0   0   0   0   0   0     0.000    -0.011    -0.040    -0.003     0.091     0.007    -0.011
   7 0 1 0 1 1 1 1   0   0   0   0   0   0   0    20.773    21.874    21.874     0.000     0.000     0.000     0.000   0   0   0   0   0   0   0     0.000    -0.008    -0.040    -0.003     0.091     0.005    -0.004
   7 0 0 1 1 1 1 1   0   0   0   0   0   0   0    21.877    21.874    21.874     0.000     0.000     0.000     0.000   0   0   0   0   0   0   0     0.000    -0.008     0.043     0.009    -0.088     0.005    -0.004
   7 0 0 1 1 1 1 1   0   0   0   0   0   0   0    21.877    21.874    21.874     0.000     0.000     0.000     0.000   0   0   0   0   0   0   0     0.000    -0.008    -0.038    -0.003     0.086     0.005    -0.004
   7 0 0 0 1 1 1 1  11   0   0   0   0   0   0    52.771    21.877    20.773     0.000     0.000     0.000     0.000   0   0   0   0   0   0   0     0.000    -0.008    -0.038     0.019    -0.010    -0.010    -0.000
   7 0 0 1 1 1 1 1   0   0   0   0   0   0   0    21.877    21.874    20.773     0.000     0.000     0.000     0.000   0   0   0   0   0   0   0     0.000    -0.008     0.009     0.002    -0.015    -0.010    -0.000
   7 0 0 1 1 1 1 1   6   0   0   0   0   0   0    20.243    21.877    20.773     0.000     0.000     0.000     0.000   0   0   0   0   0   0   0     0.000    -0.008     0.041    -0.023     0.041    -0.010    -0.000
   7 0 0 1 1 1 1 1   0   0   0   0   0   0   0    21.877    21.874    20.773     0.000     0.000     0.000     0.000   0   0   0   0   0   0   0     0.000    -0.008    -0.036    -0.003     0.082    -0.010    -0.000
   7 0 0 0 1 1 1 1   0   1   0   0   0   0   0    21.334    21.562    21.877     0.000     0.000     0.000     0.000   0   0   0   0   0   0   0     0.000    -0.008    -0.036    -0.000    -0.010     0.018    -0.010
   7 0 0 1 1 1 1 1   6   0   0   0   0   0   0    20.243    21.877    21.877     0.000     0.000     0.000     0.000   0   0   0   0   0   0   0     0.000    -0.008     0.009    -0.004     0.009     0.018    -0.010
   7 0 0 1 1 1 1 1   6   0   0   0   0   0   0    20.243    21.877    21.877     0.000     0.000     0.000     0.000   0   0   0   0   0   0   0     0.000    -0.008     0.039    -0.021     0.039     0.018    -0.010
   7 0 0 1 1 1 1 1   0   0   0   0   0   0   0    21.877    21.874    21.877     0.000     0.000     0.000     0.000   0   0   0   0   0   0   0     0.000    -0.008    -0.035    -0.002     0.078     0.018    -0.010
   7 0 0 0 1 1 1 1   0   0   0   0   0   0   0    21.334    20.773    21.877     0.000     0.000     0.000     0.000   0   0   0   0   0   0   0     0.000    -0.008    -0.035    -0.009    -0.000     0.016    -0.009
   7 0 1 0 1 1 1 1   0   0   0   0   0   0   0    20.773    20.773    21.874     0.000     0.000     0.000     0.000   0   0   0   0   0   0   0     0.000    -0.008    -0.035    -0.009    -0.000     0.005    -0.004
   7 0 0 1 1 1 1 1   0   0   0   0   0   0   0    21.874    20.773    21.874     0.000     0.000     0.000     0.000   0   0   0   0   0   0   0     0.000    -0.008    -0.030    -0.021     0.018     0.005    -0.004
   7 0 0 1 1 1 1 1   0  11   0   0   0   0   0    21.877    47.962    21.874     0.000     0.000     0.000     0.000   0   0   0   0   0   0   0     0.000    -0.008    -0.033     0.074    -0.002     0.005    -0.004
   7 0 0 0 1 1 1 1   0   0   0   0   0   0   0    21.334    20.773    21.877     0.000     0.000     0.000     0.000   0   0   0   0   0   0   0     0.000    -0.008    -0.033    -0.009    -0.000     0.015    -0.009
   7 0 0 1 1 1 1 1   0   0   0   0   0   0   0    21.877    21.874    21.877     0.000     0.000     0.000     0.000   0   0   0   0   0   0   0     0.000    -0.008     0.009     0.002    -0.014     0.015    -0.009
   7 0 1 0 1 1 1 1  11   0   0   0   0   0   0    47.954    21.874    21.874     0.000     0.000     0.000     0.000   0   0   0   0   0   0   0     0.000     0.038     0.009     0.002    -0.014     0.010    -0.080
   7 0 0 1 1 1 1 1   0   0   0   0   0   0   0    21.877    21.334    21.874     0.000     0.000     0.000     0.000   0   0   0   0   0   0   0     0.000     0.038    -0.031    -0.007     0.057     0.010    -0.080
   7 0 1 0 1 1 1 1  11   0   0   0   0   0   0    47.962    21.334    20.773     0.000     0.000     0.000     0.000   0   0   0   0   0   0   0     0.000     0.008    -0.031    -0.007     0.057    -0.008    -0.000
   7 0 1 0 1 1 1 1   0   0  11   0   0   0   0    20.773    21.334    47.962     0.000     0.000     0.000     0.000   0   0   0   0   0   0   0     0.000    -0.008    -0.031    -0.007     0.057    -0.004     0.004
   7 0 0 1 1 1 1 1   0   0  11   0   0   0   0    21.877    21.874    47.962     0.000     0.000     0.000     0.000   0   0   0   0   0   0   0     0.000    -0.008     0.036     0.009    -0.076    -0.004     0.004
   7 0 0 1 1 1 1 1   0   0  11   0   0   0   0    21.877    21.874    47.962     0.000     0.000     0.000     0.000   0   0   0   0   0   0   0     0.000    -0.008    -0.030    -0.002     0.067    -0.004     0.004
   7 0 0 1 1 1 1 1   0   0  11   0   0   0   0    21.877    21.874    47.962     0.000     0.000     0.000     0.000   0   0   0   0   0   0   0     0.000    -0.008    -0.009    -0.002     0.020    -0.004     0.004
   7 0 0 1 1 1 1 1   0   0  11   0   0   0   0    21.877    21.874    47.962     0.000     0.000     0.000     0.000   0   0   0   0   0   0   0     0.000    -0.008     0.008     0.002    -0.013    -0.004     0.004
   7 0 0 1 1 1 1 1   6   0  11   0   0   0   0    20.243    21.877    47.962     0.000     0.000     0.000     0.000   0   0   0   0   0   0   0     0.000    -0.008     0.035    -0.019     0.034    -0.004     0.004
   7 0 0 1 1 1 1 1   0   0  11   0   0   0   0    21.877    21.874    47.962     0.000     0.000     0.000     0.000   0   0   0   0   0   0   0     0.000    -0.008    -0.028    -0.002     0.064    -0.004     0.004
   7 0 1 0 1 1 1 1  11   0   0   0   0   0   0    47.954    21.874    21.874     0.000     0.000     0.000     0.000   0   0   0   0   0   0   0     0.000    -0.008    -0.028    -0.002     0.064    -0.002     0.019
   7 0 0 1 1 1 1 1   6   0   0   0   0   0   0    20.243    21.877    21.874     0.000     0.000     0.000     0.000   0   0   0   0   0   0   0     0.000    -0.008     0.008    -0.004     0.008    -0.002     0.019
   7 0 0 1 1 1 1 1   6   0   0   0   0   0   0    20.243    21.877    21.874     0.000     0.000     0.000     0.000   0   0   0   0   0   0   0     0.000    -0.008     0.034    -0.017     0.033    -0.002     0.019
   7 0 0 1 1 1 1 1   0   0   0   0   0   0   0    21.877    21.874    21.874     0.000     0.000     0.000     0.000   0   0   0   0   0   0   0     0.000    -0.008    -0.027    -0.002     0.061    -0.002     0.019
   7 0 0 1 1 1 1 1   0   0   0   0   0   0   0    21.877    21.874    21.874     0.000     0.000     0.000     0.000   0   0   0   0   0   0   0     0.000    -0.008    -0.008    -0.002     0.018    -0.002     0.019
   7 0 1 0 1 1 1 1   0   0  11   0   0   0   0    20.773    21.874    47.962     0.000     0.000     0.000     0.000   0   0   0   0   0   0   0     0.000    -0.007    -0.008    -0.002     0.018    -0.003     0.004
   7 0 0 1 1 1 1 1   0   0  11   0   0   0   0    21.874    20.773    47.962     0.000     0.000     0.000     0.000   0   0   0   0   0   0   0     0.000    -0.007    -0.026    -0.019     0.017    -0.003     0.004
   7 0 0 1 1 1 1 1   0  11  11   0   0   0   0    21.877    52.771    47.962     0.000     0.000     0.000     0.000   0   0   0   0   0   0   0     0.000    -0.007    -0.025     0.047    -0.005    -0.003     0.004
   7 0 1 0 1 1 1 1   0  11   0   0   0   0   0    20.773    52.771    21.877     0.000     0.000     0.000     0.000   0   0   0   0   0   0   0     0.000    -0.008    -0.025     0.047    -0.005     0.005    -0.008
   7 0 0 1 1 1 1 1   0   0   0   0   0   0   0    21.877    21.874    21.877     0.000     0.000     0.000     0.000   0   0   0   0   0   0   0     0.000    -0.008     0.008     0.001    -0.012     0.005    -0.008
   7 0 0 1 1 1 1 1   0   0   0   0   0   0   0    21.877    21.874    21.877     0.000     0.000     0.000     0.000   0   0   0   0   0   0   0     0.000    -0.008     0.032     0.009    -0.069     0.005    -0.008
   7 0 0 1 1 1 1 1   0   0   0   0   0   0   0    21.877    21.874    21.877     0.000     0.000     0.000     0.000   0   0   0   0   0   0   0     0.000    -0.008    -0.024    -0.002     0.055     0.005    -0.008
   7 0 0 1 1 1 1 1   0   0   0   0   0   0   0    21.874    20.773    21.877     0.000     0.000     0.000     0.000   0   0   0   0   0   0   0     0.000    -0.008     0.007    -0.007     0.000     0.005    -0.008
   7 0 0 1 1 1 1 1   0   0   0   0   0   0   0    21.877    21.874    21.877     0.000     0.000     0.000     0.000   0   0   0   0   0   0   0     0.000    -0.008     0.007     0.001    -0.012     0.005    -0.008
   7 0 0 1 1 1 1 1   0   0   0   0   0   0   0    21.877    21.874    21.877     0.000     0.000     0.000     0.000   0   0   0   0   0   0   0     0.000    -0.008     0.031     0.008    -0.066     0.005    -0.008
   7 0 0 1 1 1 1 1   0   0   0   0   0   0   0    21.877    21.874    21.877     0.000     0.000     0.000     0.000   0   0   0   0   0   0   0     0.000    -0.008    -0.023    -0.002     0.053     0.005    -0.008
   7 0 0 1 1 1 1 1   0   0   0   0   0   0   0    21.877    21.874    21.877     0.000     0.000     0.000     0.000   0   0   0   0   0   0   0     0.000    -0.008    -0.008    -0.002     0.017     0.005    -0.008
   7 0 0 1 1 1 1 1   6   0   0   0   0   0   0    20.243    21.877    21.877     0.000     0.000     0.000     0.000   0   0   0   0   0   0   0     0.000    -0.008     0.007    -0.003     0.007     0.005    -0.008
   7 0 0 1 1 1 1 1   6   0   0   0   0   0   0    20.243    21.877    21.877     0.000     0.000     0.000     0.000   0   0   0   0   0   0   0     0.000    -0.008     0.030    -0.016     0.029     0.005    -0.008
   7 0 0 1 1 1 1 1   0   0   0   0   0   0   0    21.877    21.334    21.877     0.000     0.000     0.000     0.000   0   0   0   0   0   0   0     0.000    -0.008    -0.022    -0.005     0.040     0.005    -0.008
   7 0 0 1 1 1 1 1   0   0   0   0   0   0   0    21.877    21.874    21.877     0.000     0.000     0.000     0.000   0   0   0   0   0   0   0     0.000    -0.008    -0.007    -0.002     0.016     0.005    -0.008
   7 0 1 0 1 1 1 1   0   0   0   0   0   0   0    20.773    21.874    21.874     0.000     0.000     0.000     0.000   0   0   0   0   0   0   0     0.000    -0.007    -0.007    -0.002     0.016     0.003    -0.003
   7 0 0 1 1 1 1 1   0   0   0   0   0   0   0    21.874    20.773    21.874     0.000     0.000     0.000     0.000   0   0   0   0   0   0   0     0.000    -0.007    -0.023    -0.018     0.014     0.003    -0.003
   7 0 1 0 1 1 1 1  11   0   0   0   0   0   0    47.954    20.773    21.874     0.000     0.000     0.000     0.000   0   0   0   0   0   0   0     0.000    -0.021    -0.023    -0.018     0.014    -0.002     0.048
   7 0 1 0 1 1 1 1   0   0   0   0   0   0   0    20.773    20.773    21.877     0.000     0.000     0.000     0.000   0   0   0   0   0   0   0     0.000    -0.007    -0.023    -0.018     0.014     0.004    -0.007
   7 0 1 0 1 1 1 1  11   0   0   0   0   0   0    47.954    20.773    21.874     0.000     0.000     0.000     0.000   0   0   0   0   0   0   0     0.000     0.007    -0.023    -0.018     0.014     0.001    -0.011
   7 0 0 1 1 1 1 1   0   0   0   0   0   0   0    21.877    21.874    21.874     0.000     0.000     0.000     0.000   0   0   0   0   0   0   0     0.000     0.007     0.029     0.007    -0.061     0.001    -0.011
   7 0 0 1 1 1 1 1   0   0   0   0   0   0   0    21.877    21.874    21.874     0.000     0.000     0.000     0.000   0   0   0   0   0   0   0     0.000     0.007    -0.020    -0.002     0.045     0.001    -0.011
   7 0 1 0 1 1 1 1  11   0  11   0   0   0   0    47.962    21.874    57.920     0.000     0.000     0.000     0.000   0   0   0   0   0   0   0     0.000     0.006    -0.020    -0.002     0.045    -0.000    -0.007
   7 0 0 1 1 1 1 1   6   0  11   0   0   0   0    20.243    21.877    57.920     0.000     0.000     0.000     0.000   0   0   0   0   0   0   0     0.000     0.006     0.007    -0.003     0.006    -0.000    -0.007
   7 0 0 1 1 1 1 1   6   0  11   0   0   0   0    20.243    21.877    57.920     0.000     0.000     0.000     0.000   0   0   0   0   0   0   0     0.000     0.006     0.028    -0.015     0.027    -0.000    -0.007
   7 0 0 1 1 1 1 1   0   0  11   0   0   0   0    21.877    21.874    57.920     0.000     0.000     0.000     0.000   0   0   0   0   0   0   0     0.000     0.006    -0.019    -0.001     0.043    -0.000    -0.007
   7 0 0 1 1 1 1 1   0   0  11   0   0   0   0    21.877    21.874    57.920     0.000     0.000     0.000     0.000   0   0   0   0   0   0   0     0.000     0.006    -0.007    -0.002     0.015    -0.000    -0.007
   7 0 1 0 1 1 1 1   0   0   0   0   0   0   0    20.773    21.874    21.874     0.000     0.000     0.000     0.000   0   0   0   0   0   0   0     0.000    -0.006    -0.007    -0.002     0.015     0.003    -0.003
   7 0 0 1 1 1 1 1   6   0   0   0   0   0   0    20.243    21.877    21.874     0.000     0.000     0.000     0.000   0   0   0   0   0   0   0     0.000    -0.006     0.026    -0.013     0.026     0.003    -0.003
   7 0 0 1 1 1 1 1   0  11   0   0   0   0   0    21.877    52.771    21.874     0.000     0.000     0.000     0.000   0   0   0   0   0   0   0     0.000    -0.006    -0.018     0.033    -0.004     0.003    -0.003
   7 0 0 1 1 1 1 1   0   0   0   0   0   0   0    21.877    21.874    21.874     0.000     0.000     0.000     0.000   0   0   0   0   0   0   0     0.000    -0.006    -0.006    -0.001     0.014     0.003    -0.003
   7 0 0 1 1 1 1 1   0   0   0   0   0   0   0    21.877    21.874    21.874     0.000     0.000     0.000     0.000   0   0   0   0   0   0   0     0.000    -0.006     0.006     0.001    -0.010     0.003    -0.003
   7 0 0 1 1 1 1 1   0   0   0   0   0   0   0    21.874    20.773    21.874     0.000     0.000     0.000     0.000   0   0   0   0   0   0   0     0.000    -0.006    -0.021    -0.016     0.014     0.003    -0.003
   7 0 0 1 1 1 1 1   0   0   0   0   0   0   0    21.877    21.874    21.874     0.000     0.000     0.000     0.000   0   0   0   0   0   0   0     0.000    -0.006    -0.017    -0.001     0.039     0.003    -0.003
   7 0 0 1 1 1 1 1   0   0   0   0   0   0   0    21.877    21.874    21.874     0.000     0.000     0.000     0.000   0   0   0   0   0   0   0     0.000    -0.006    -0.006    -0.001     0.013     0.003    -0.003
   7 0 1 0 1 1 1 1   0   0   0   0   0   0   0    20.773    21.874    21.874     0.000     0.000     0.000     0.000   0   0   0   0   0   0   0     0.000    -0.006    -0.006    -0.001     0.013     0.003    -0.002
   7 0 0 1 1 1 1 1   0   0   0   0   0   0   0    21.877    21.874    21.874     0.000     0.000     0.000     0.000   0   0   0   0   0   0   0     0.000    -0.006     0.026     0.007    -0.055     0.003    -0.002
   7 0 0 1 1 1 1 1   0  11   0   0   0   0   0    21.877    47.962    21.874     0.000     0.000     0.000     0.000   0   0   0   0   0   0   0     0.000    -0.006    -0.016     0.037    -0.001     0.003    -0.002
   7 0 1 0 1 1 1 1   0  11   0   0   0   0   0    20.773    47.962    21.877     0.000     0.000     0.000     0.000   0   0   0   0   0   0   0     0.000    -0.006    -0.016     0.037    -0.001     0.003    -0.006
   7 0 0 1 1 1 1 1   0   0   0   0   0   0   0    21.877    21.874    21.877     0.000     0.000     0.000     0.000   0   0   0   0   0   0   0     0.000    -0.006     0.006     0.001    -0.009     0.003    -0.006
   7 0 0 1 1 1 1 1   0   0   0   0   0   0   0    21.877    21.874    21.877     0.000     0.000     0.000     0.000   0   0   0   0   0   0   0     0.000    -0.006     0.025     0.007    -0.052     0.003    -0.006
   7 0 0 1 1 1 1 1   0   0   0   0   0   0   0    21.877    21.874    21.877     0.000     0.000     0.000     0.000   0   0   0   0   0   0   0     0.000    -0.006    -0.015    -0.001     0.036     0.003    -0.006
   7 0 1 0 1 1 1 1   0   0   0   0   0   0   0    20.773    21.874    21.877     0.000     0.000     0.000     0.000   0   0   0   0   0   0   0     0.000    -0.006    -0.015    -0.001     0.036     0.003    -0.005
   7 0 0 1 1 1 1 1   6   0   0   0   0   0   0    20.243    21.877    21.877     0.000     0.000     0.000     0.000   0   0   0   0   0   0   0     0.000    -0.006     0.006    -0.003     0.006     0.003    -0.005
   7 0 0 1 1 1 1 1   6   0   0   0   0   0   0    20.243    21.877    21.877     0.000     0.000     0.000     0.000   0   0   0   0   0   0   0     0.000    -0.006     0.024    -0.012     0.023     0.003    -0.005
   7 0 0 1 1 1 1 1   0   0   0   0   0   0   0    21.877    21.334    21.877     0.000     0.000     0.000     0.000   0   0   0   0   0   0   0     0.000    -0.006    -0.014    -0.003     0.027     0.003    -0.005
   7 0 0 1 1 1 1 1   0   0   0   0   0   0   0    21.874    20.773    21.877     0.000     0.000     0.000     0.000   0   0   0   0   0   0   0     0.000    -0.006     0.005    -0.005    -0.000     0.003    -0.005
   7 0 1 0 1 1 1 1   0   0   0   0   0   0   0    20.773    20.773    21.874     0.000     0.000     0.000     0.000   0   0   0   0   0   0   0     0.000    -0.006     0.005    -0.005    -0.000     0.003    -0.002
   7 0 0 1 1 1 1 1   0   0   0   0   0   0   0    21.874    20.773    21.874     0.000     0.000     0.000     0.000   0   0   0   0   0   0   0     0.000    -0.006    -0.018    -0.015     0.012     0.003    -0.002
   7 0 0 1 1 1 1 1   0   0   0   0   0   0   0    21.877    21.874    21.874     0.000     0.000     0.000     0.000   0   0   0   0   0   0   0     0.000    -0.006    -0.014    -0.001     0.032     0.003    -0.002
   7 0 0 1 1 1 1 1   0   0   0   0   0   0   0    21.877    21.874    21.874     0.000     0.000     0.000     0.000   0   0   0   0   0   0   0     0.000    -0.006    -0.005    -0.001     0.012     0.003    -0.002
   7 0 0 1 1 1 1 1   0   0   0   0   0   0   0    21.877    21.874    21.874     0.000     0.000     0.000     0.000   0   0   0   0   0   0   0     0.000    -0.006     0.006     0.001    -0.009     0.003    -0.002
   7 0 0 1 1 1 1 1   0   0   0   0   0   0   0    21.877    21.874    21.874     0.000     0.000     0.000     0.000   0   0   0   0   0   0   0     0.000    -0.006     0.023     0.006    -0.048     0.003    -0.002
   7 0 0 1 1 1 1 1   0   0   0   0   0   0   0    21.877    21.874    21.874     0.000     0.000     0.000     0.000   0   0   0   0   0   0   0     0.000    -0.006    -0.013    -0.001     0.031     0.003    -0.002
   7 0 0 0 1 1 1 1   0   0   0   0   0   0   0    20.792    20.773    21.877     0.000     0.000     0.000     0.000   0   0   0   0   0   0   0     0.000    -0.006    -0.013    -0.005    -0.001     0.005    -0.005
   7 0 0 1 1 1 1 1   6   0   0   0   0   0   0    20.243    21.877    21.877     0.000     0.000     0.000     0.000   0   0   0   0   0   0   0     0.000    -0.006     0.005    -0.003     0.005     0.005    -0.005
   7 0 0 1 1 1 1 1   0  11   0   0   0   0   0    21.877    47.962    21.877     0.000     0.000     0.000     0.000   0   0   0   0   0   0   0     0.000    -0.006     0.022    -0.046     0.005     0.005    -0.005
   7 0 0 1 1 1 1 1   0   0   0   0   0   0   0    21.877    21.874    21.877     0.000     0.000     0.000     0.000   0   0   0   0   0   0   0     0.000    -0.006    -0.012    -0.001     0.029     0.005    -0.005
   7 0 0 1 1 1 1 1   0   0   0   0   0   0   0    21.874    20.773    21.877     0.000     0.000     0.000     0.000   0   0   0   0   0   0   0     0.000    -0.006     0.004    -0.005    -0.000     0.005    -0.005
   7 0 1 0 1 1 1 1   0   0   0   0   0   0   0    20.773    20.773    21.874     0.000     0.000     0.000     0.000   0   0   0   0   0   0   0     0.000    -0.005     0.004    -0.005    -0.000     0.002    -0.002
   7 0 0 1 1 1 1 1   6   0   0   0   0   0   0    20.243    21.877    21.874     0.000     0.000     0.000     0.000   0   0   0   0   0   0   0     0.000    -0.005     0.021    -0.011     0.021     0.002    -0.002
   7 0 0 1 1 1 1 1   0   0   0   0   0   0   0    21.877    21.334    21.874     0.000     0.000     0.000     0.000   0   0   0   0   0   0   0     0.000    -0.005    -0.012    -0.003     0.022     0.002    -0.002
   7 0 0 1 1 1 1 1   0   0   0   0   0   0   0    21.877    21.874    21.874     0.000     0.000     0.000     0.000   0   0   0   0   0   0   0     0.000    -0.005    -0.005    -0.001     0.011     0.002    -0.002
   7 0 0 1 1 1 1 1   0   0   0   0   0   0   0    21.877    21.874    21.874     0.000     0.000     0.000     0.000   0   0   0   0   0   0   0     0.000    -0.005     0.005     0.001    -0.008     0.002    -0.002
   7 0 0 1 1 1 1 1   6   0   0   0   0   0   0    20.243    21.877    21.874     0.000     0.000     0.000     0.000   0   0   0   0   0   0   0     0.000    -0.005     0.020    -0.010     0.020     0.002    -0.002
   7 0 0 1 1 1 1 1   0   0   0   0   0   0   0    21.877    21.874    21.874     0.000     0.000     0.000     0.000   0   0   0   0   0   0   0     0.000    -0.005    -0.011    -0.001     0.027     0.002    -0.002
   7 0 0 1 1 1 1 1   0   0   0   0   0   0   0    21.877    21.874    21.874     0.000     0.000     0.000     0.000   0   0   0   0   0   0   0     0.000    -0.005    -0.005    -0.001     0.010     0.002    -0.002
   7 0 0 1 1 1 1 1   6   0   0   0   0   0   0    20.243    21.877    21.874     0.000     0.000     0.000     0.000   0   0   0   0   0   0   0     0.000    -0.005     0.005    -0.002     0.005     0.002    -0.002
   7 0 0 1 1 1 1 1   0  11   0   0   0   0   0    21.874    57.920    21.874     0.000     0.000     0.000     0.000   0   0   0   0   0   0   0     0.000    -0.005    -0.016     0.011    -0.014     0.002    -0.002
   7 0 0 1 1 1 1 1   0   0   0   0   0   0   0    21.877    21.874    21.874     0.000     0.000     0.000     0.000   0   0   0   0   0   0   0     0.000    -0.005    -0.011    -0.001     0.025     0.002    -0.002
   7 0 0 1 1 1 1 1   0   0   0   0   0   0   0    21.877    21.874    21.874     0.000     0.000     0.000     0.000   0   0   0   0   0   0   0     0.000    -0.005    -0.005    -0.001     0.010     0.002    -0.002
   7 0 1 0 1 1 1 1   0   0   0   0   0   0   0    20.773    21.874    21.874     0.000     0.000     0.000     0.000   0   0   0   0   0   0   0     0.000    -0.005    -0.005    -0.001     0.010     0.002    -0.002
   7 0 0 1 1 1 1 1   0   0   0   0   0   0   0    21.877    21.874    21.874     0.000     0.000     0.000     0.000   0   0   0   0   0   0   0     0.000    -0.005     0.020     0.005    -0.042     0.002    -0.002
   7 0 0 1 1 1 1 1   0   0   0   0   0   0   0    21.877    21.874    21.874     0.000     0.000     0.000     0.000   0   0   0   0   0   0   0     0.000    -0.005    -0.010    -0.001     0.024     0.002    -0.002
   7 0 0 1 1 1 1 1   0   0   0   0   0   0   0    21.877    21.874    21.874     0.000     0.000     0.000     0.000   0   0   0   0   0   0   0     0.000    -0.005    -0.004    -0.001     0.009     0.002    -0.002
   7 0 0 1 1 1 1 1   0   0   0   0   0   0   0    21.877    21.874    21.874     0.000     0.000     0.000     0.000   0   0   0   0   0   0   0     0.000    -0.005     0.005     0.001    -0.007     0.002    -0.002
   7 0 0 1 1 1 1 1   0   0   0   0   0   0   0    21.877    21.874    21.874     0.000     0.000     0.000     0.000   0   0   0   0   0   0   0     0.000    -0.005     0.019     0.005    -0.040     0.002    -0.002
   7 0 0 0 1 1 1 1   0   0   0   0   0   0   0    21.334    20.773    21.877     0.000     0.000     0.000     0.000   0   0   0   0   0   0   0     0.000    -0.005     0.019    -0.005    -0.001     0.019    -0.010
   7 0 1 0 1 1 1 1   0   0   0   0   0   0   0    20.773    20.773    21.877     0.000     0.000     0.000     0.000   0   0   0   0   0   0   0     0.000    -0.004     0.019    -0.005    -0.001     0.002    -0.004
   7 0 1 0 1 1 1 1   0   0   6   0   0   0   0    20.773    20.773    20.243     0.000     0.000     0.000     0.000   0   0   0   0   0   0   0     0.000    -0.005     0.019    -0.005    -0.001     0.000     0.005
   7 0 0 1 1 1 1 1   6   0   6   0   0   0   0    20.243    21.877    20.243     0.000     0.000     0.000     0.000   0   0   0   0   0   0   0     0.000    -0.005     0.018    -0.009     0.018     0.000     0.005
   7 0 0 1 1 1 1 1   0   0   6   0   0   0   0    21.877    21.874    20.243     0.000     0.000     0.000     0.000   0   0   0   0   0   0   0     0.000    -0.005    -0.009    -0.001     0.022     0.000     0.005
   7 0 0 0 1 1 1 1   0   0   0   0   0   0   0    20.790    20.773    21.877     0.000     0.000     0.000     0.000   0   0   0   0   0   0   0     0.000    -0.005    -0.009    -0.004    -0.001     0.003    -0.004
   7 0 0 1 1 1 1 1   0   0   0   0   0   0   0    21.877    21.874    21.877     0.000     0.000     0.000     0.000   0   0   0   0   0   0   0     0.000    -0.005     0.004     0.001    -0.007     0.003    -0.004
   7 0 0 1 1 1 1 1   0   0   0   0   0   0   0    21.874    20.773    21.877     0.000     0.000     0.000     0.000   0   0   0   0   0   0   0     0.000    -0.005    -0.014    -0.013     0.010     0.003    -0.004
   7 0 0 0 1 1 1 1   0   0   0   0   0   0   0    21.334    20.773    21.877     0.000     0.000     0.000     0.000   0   0   0   0   0   0   0     0.000    -0.005    -0.014    -0.005    -0.001     0.017    -0.009
   7 0 1 0 1 1 1 1  11   0   0   0   0   0   0    47.962    20.773    20.773     0.000     0.000     0.000     0.000   0   0   0   0   0   0   0     0.000     0.003    -0.014    -0.005    -0.001    -0.004    -0.000
   7 0 1 0 1 1 1 1   0   0   6   0   0   0   0    20.773    20.773    20.243     0.000     0.000     0.000     0.000   0   0   0   0   0   0   0     0.000    -0.004    -0.014    -0.005    -0.001     0.000     0.004
   7 0 1 0 1 1 1 1  11   0   0   0   0   0   0    47.954    20.773    21.874     0.000     0.000     0.000     0.000   0   0   0   0   0   0   0     0.000     0.017    -0.014    -0.005    -0.001     0.004    -0.036
   7 0 0 1 1 1 1 1   0   0   0   0   0   0   0    21.877    21.874    21.874     0.000     0.000     0.000     0.000   0   0   0   0   0   0   0     0.000     0.017    -0.008    -0.001     0.020     0.004    -0.036
   7 0 0 1 1 1 1 1   0   0   0   0   0   0   0    21.877    21.874    21.874     0.000     0.000     0.000     0.000   0   0   0   0   0   0   0     0.000     0.017    -0.004    -0.001     0.009     0.004    -0.036
   7 0 0 1 1 1 1 1   0  11   0   0   0   0   0    21.877    47.962    21.874     0.000     0.000     0.000     0.000   0   0   0   0   0   0   0     0.000     0.017     0.004    -0.007     0.001     0.004    -0.036
   7 0 1 0 1 1 1 1  11  11   0   0   0   0   0    47.954    47.962    21.874     0.000     0.000     0.000     0.000   0   0   0   0   0   0   0     0.000     0.017     0.004    -0.007     0.001     0.004    -0.035
   7 0 0 1 1 1 1 1   0   0   0   0   0   0   0    21.877    21.874    21.874     0.000     0.000     0.000     0.000   0   0   0   0   0   0   0     0.000     0.017    -0.008    -0.001     0.019     0.004    -0.035
   7 0 0 1 1 1 1 1   0   0   0   0   0   0   0    21.877    21.874    21.874     0.000     0.000     0.000     0.000   0   0   0   0   0   0   0     0.000     0.017    -0.004    -0.001     0.008     0.004    -0.035
   7 0 1 0 1 1 1 1   0   0   6   0   0   0   0    20.773    21.874    20.243     0.000     0.000     0.000     0.000   0   0   0   0   0   0   0     0.000    -0.004    -0.004    -0.001     0.008    -0.000     0.004
   7 0 0 1 1 1 1 1   6   0   6   0   0   0   0    20.243    21.877    20.243     0.000     0.000     0.000     0.000   0   0   0   0   0   0   0     0.000    -0.004     0.016    -0.009     0.016    -0.000     0.004
   7 0 0 0 1 1 1 1   0   0   0   0   0   0   0    21.334    20.773    21.877     0.000     0.000     0.000     0.000   0   0   0   0   0   0   0     0.000    -0.004     0.016    -0.005    -0.000     0.014    -0.007
   7 0 1 0 1 1 1 1   0   0   0   0   0   0   0    20.773    20.773    21.877     0.000     0.000     0.000     0.000   0   0   0   0   0   0   0     0.000    -0.004     0.016    -0.005    -0.000     0.002    -0.004
   7 0 0 1 1 1 1 1   0  11   0   0   0   0   0    21.877    47.962    21.877     0.000     0.000     0.000     0.000   0   0   0   0   0   0   0     0.000    -0.004     0.004    -0.006     0.001     0.002    -0.004
   7 0 0 1 1 1 1 1   6   1   0   0   0   0   0    20.243    21.562    21.877     0.000     0.000     0.000     0.000   0   0   0   0   0   0   0     0.000    -0.004     0.015     0.005    -0.015     0.002    -0.004
   7 0 0 1 1 1 1 1   0   0   0   0   0   0   0    21.877    21.874    21.877     0.000     0.000     0.000     0.000   0   0   0   0   0   0   0     0.000    -0.004    -0.007    -0.001     0.017     0.002    -0.004
   7 0 0 1 1 1 1 1   0   0   0   0   0   0   0    21.874    20.773    21.877     0.000     0.000     0.000     0.000   0   0   0   0   0   0   0     0.000    -0.004     0.003    -0.003    -0.000     0.002    -0.004
   7 0 1 0 1 1 1 1   0   0   6   0   0   0   0    20.773    20.773    20.243     0.000     0.000     0.000     0.000   0   0   0   0   0   0   0     0.000    -0.004     0.003    -0.003    -0.000    -0.000     0.004
   7 0 0 1 1 1 1 1   0   0   6   0   0   0   0    21.877    21.874    20.243     0.000     0.000     0.000     0.000   0   0   0   0   0   0   0     0.000    -0.004     0.016     0.004    -0.032    -0.000     0.004
   7 0 0 0 1 1 1 1  11   0   0   0   0   0   0    52.771    21.877    20.773     0.000     0.000     0.000     0.000   0   0   0   0   0   0   0     0.000    -0.004     0.016     0.013    -0.007    -0.004    -0.000
   7 0 0 1 1 1 1 1   0   0   0   0   0   0   0    21.877    21.874    20.773     0.000     0.000     0.000     0.000   0   0   0   0   0   0   0     0.000    -0.004    -0.004    -0.001     0.007    -0.004    -0.000
   7 0 0 1 1 1 1 1   0  11   0   0   0   0   0    21.877    47.962    20.773     0.000     0.000     0.000     0.000   0   0   0   0   0   0   0     0.000    -0.004     0.004    -0.006     0.000    -0.004    -0.000
   7 0 0 1 1 1 1 1   0   0   0   0   0   0   0    21.877    21.874    20.773     0.000     0.000     0.000     0.000   0   0   0   0   0   0   0     0.000    -0.004     0.015     0.004    -0.030    -0.004    -0.000
   7 0 0 1 1 1 1 1   0  11   0   0   0   0   0    21.877    47.962    20.773     0.000     0.000     0.000     0.000   0   0   0   0   0   0   0     0.000    -0.004    -0.006     0.016    -0.001    -0.004    -0.000
   7 0 0 1 1 1 1 1   0   0   0   0   0   0   0    21.877    21.874    20.773     0.000     0.000     0.000     0.000   0   0   0   0   0   0   0     0.000    -0.004    -0.003    -0.001     0.007    -0.004    -0.000
   7 0 1 0 1 1 1 1   0   0   0   0   0   0   0    20.773    21.874    21.877     0.000     0.000     0.000     0.000   0   0   0   0   0   0   0     0.000    -0.004    -0.003    -0.001     0.007    -0.000     0.004
   7 0 0 1 1 1 1 1   6   0   0   0   0   0   0    20.243    21.877    21.877     0.000     0.000     0.000     0.000   0   0   0   0   0   0   0     0.000    -0.004     0.014    -0.008     0.014    -0.000     0.004
   7 0 0 1 1 1 1 1   0   0   0   0   0   0   0    21.877    21.874    21.877     0.000     0.000     0.000     0.000   0   0   0   0   0   0   0     0.000    -0.004    -0.006    -0.001     0.015    -0.000     0.004
   7 0 0 1 1 1 1 1   0   0   0   0   0   0   0    21.877    21.874    21.877     0.000     0.000     0.000     0.000   0   0   0   0   0   0   0     0.000    -0.004    -0.003    -0.001     0.007    -0.000     0.004
   7 0 0 1 1 1 1 1   6   0   0   0   0   0   0    20.243    21.877    21.877     0.000     0.000     0.000     0.000   0   0   0   0   0   0   0     0.000    -0.004     0.004    -0.002     0.003    -0.000     0.004
   7 0 0 1 1 1 1 1   6   1   0   0   0   0   0    20.243    21.562    21.877     0.000     0.000     0.000     0.000   0   0   0   0   0   0   0     0.000    -0.004     0.014     0.004    -0.013    -0.000     0.004
   7 0 0 0 1 1 1 1   0   1   0   0   0   0   0    21.334    21.562    21.877     0.000     0.000     0.000     0.000   0   0   0   0   0   0   0     0.000    -0.004     0.014    -0.000    -0.004     0.011    -0.006
   7 0 1 0 1 1 1 1   0   1   0   0   0   0   0    20.773    21.562    21.877     0.000     0.000     0.000     0.000   0   0   0   0   0   0   0     0.000    -0.003     0.014    -0.000    -0.004     0.002    -0.003
   7 0 1 0 1 1 1 1   0   1   0   0   0   0   0    20.773    21.562    21.874     0.000     0.000     0.000     0.000   0   0   0   0   0   0   0     0.000    -0.004     0.014    -0.000    -0.004     0.002    -0.002
   7 0 0 1 1 1 1 1   0   0   0   0   0   0   0    21.877    21.874    21.874     0.000     0.000     0.000     0.000   0   0   0   0   0   0   0     0.000    -0.004     0.014     0.003    -0.028     0.002    -0.002
   7 0 0 1 1 1 1 1   0   0   0   0   0   0   0    21.877    21.874    21.874     0.000     0.000     0.000     0.000   0   0   0   0   0   0   0     0.000    -0.004    -0.005    -0.001     0.014     0.002    -0.002
   7 0 0 0 1 1 1 1   0   0   0   0   0   0   0    20.790    20.773    21.877     0.000     0.000     0.000     0.000   0   0   0   0   0   0   0     0.000    -0.004    -0.005    -0.003    -0.001     0.002    -0.003
   7 0 1 0 1 1 1 1   0   0  11   0   0   0   0    20.773    20.773    47.962     0.000     0.000     0.000     0.000   0   0   0   0   0   0   0     0.000    -0.003    -0.005    -0.003    -0.001    -0.001     0.002
   7 0 0 1 1 1 1 1   0   0  11   0   0   0   0    21.877    21.874    47.962     0.000     0.000     0.000     0.000   0   0   0   0   0   0   0     0.000    -0.003     0.013     0.003    -0.026    -0.001     0.002
   7 0 0 1 1 1 1 1   0   0  11   0   0   0   0    21.877    21.874    47.962     0.000     0.000     0.000     0.000   0   0   0   0   0   0   0     0.000    -0.003    -0.005    -0.001     0.013    -0.001     0.002
   7 0 0 1 1 1 1 1   0   0  11   0   0   0   0    21.874    20.773    47.962     0.000     0.000     0.000     0.000   0   0   0   0   0   0   0     0.000    -0.003     0.002    -0.003    -0.000    -0.001     0.002
   7 0 0 1 1 1 1 1   0   0  11   0   0   0   0    21.877    21.874    47.962     0.000     0.000     0.000     0.000   0   0   0   0   0   0   0     0.000    -0.003     0.003     0.000    -0.005    -0.001     0.002
   7 0 1 0 1 1 1 1  11   0   0   0   0   0   0    47.954    21.874    21.874     0.000     0.000     0.000     0.000   0   0   0   0   0   0   0     0.000     0.013     0.003     0.000    -0.005     0.003    -0.025
   7 0 0 0 1 1 1 1   0   0   0   0   0   0   0    21.334    20.773    21.877     0.000     0.000     0.000     0.000   0   0   0   0   0   0   0     0.000     0.013     0.003    -0.004    -0.000     0.009    -0.005
   7 0 0 1 1 1 1 1   0  11   0   0   0   0   0    21.877    47.962    21.877     0.000     0.000     0.000     0.000   0   0   0   0   0   0   0     0.000     0.013    -0.003     0.006    -0.001     0.009    -0.005
   7 0 0 1 1 1 1 1   0   0   0   0   0   0   0    21.877    21.874    21.877     0.000     0.000     0.000     0.000   0   0   0   0   0   0   0     0.000     0.013     0.003     0.000    -0.005     0.009    -0.005
   7 0 0 1 1 1 1 1   6   0   0   0   0   0   0    20.243    21.877    21.877     0.000     0.000     0.000     0.000   0   0   0   0   0   0   0     0.000     0.013     0.012    -0.006     0.012     0.009    -0.005
   7 0 0 1 1 1 1 1   0   0   0   0   0   0   0    21.877    21.874    21.877     0.000     0.000     0.000     0.000   0   0   0   0   0   0   0     0.000     0.013    -0.005    -0.001     0.012     0.009    -0.005
   7 0 0 1 1 1 1 1   0   0   0   0   0   0   0    21.877    21.874    21.877     0.000     0.000     0.000     0.000   0   0   0   0   0   0   0     0.000     0.013    -0.003    -0.001     0.006     0.009    -0.005
   7 0 0 1 1 1 1 1   6   0   0   0   0   0   0    20.243    21.877    21.877     0.000     0.000     0.000     0.000   0   0   0   0   0   0   0     0.000     0.013     0.003    -0.002     0.003     0.009    -0.005
   7 0 0 1 1 1 1 1   6   1   0   0   0   0   0    20.243    21.562    21.877     0.000     0.000     0.000     0.000   0   0   0   0   0   0   0     0.000     0.013     0.012     0.004    -0.012     0.009    -0.005
   7 0 0 1 1 1 1 1   0   0   0   0   0   0   0    21.877    21.874    21.877     0.000     0.000     0.000     0.000   0   0   0   0   0   0   0     0.000     0.013    -0.004    -0.001     0.011     0.009    -0.005
   7 0 1 0 1 1 1 1   0   0  11   0   0   0   0    20.773    21.874    47.954     0.000     0.000     0.000     0.000   0   0   0   0   0   0   0     0.000    -0.003    -0.004    -0.001     0.011    -0.003     0.001
   7 0 1 0 1 1 1 1   0   0   0   0   0   0   0    20.773    21.874    21.874     0.000     0.000     0.000     0.000   0   0   0   0   0   0   0     0.000    -0.003    -0.004    -0.001     0.011     0.001    -0.001
   7 0 0 1 1 1 1 1   0   0   0   0   0   0   0    21.877    21.874    21.874     0.000     0.000     0.000     0.000   0   0   0   0   0   0   0     0.000    -0.003     0.012     0.003    -0.023     0.001    -0.001
   7 0 0 0 1 1 1 1   0   0   0   0   0   0   0    20.794    20.773    21.877     0.000     0.000     0.000     0.000   0   0   0   0   0   0   0     0.000    -0.003     0.012    -0.004    -0.000     0.006    -0.004
   7 0 0 1 1 1 1 1   0   0   0   0   0   0   0    21.874    20.773    21.877     0.000     0.000     0.000     0.000   0   0   0   0   0   0   0     0.000    -0.003     0.002    -0.002    -0.000     0.006    -0.004
   7 0 1 0 1 1 1 1  11   0  11   0   0   0   0    47.954    20.773    47.962     0.000     0.000     0.000     0.000   0   0   0   0   0   0   0     0.000     0.003     0.002    -0.002    -0.000    -0.005     0.000
   7 0 0 1 1 1 1 1   0   0  11   0   0   0   0    21.877    21.874    47.962     0.000     0.000     0.000     0.000   0   0   0   0   0   0   0     0.000     0.003     0.011     0.002    -0.022    -0.005     0.000
   7 0 0 0 1 1 1 1   0   0   0   0   0   0   0    21.334    20.773    21.877     0.000     0.000     0.000     0.000   0   0   0   0   0   0   0     0.000     0.003     0.011    -0.003    -0.000     0.008    -0.004
   7 0 0 1 1 1 1 1   0   0   0   0   0   0   0    21.877    21.874    21.877     0.000     0.000     0.000     0.000   0   0   0   0   0   0   0     0.000     0.003    -0.003    -0.001     0.005     0.008    -0.004
   7 0 0 1 1 1 1 1   6   0   0   0   0   0   0    20.243    21.877    21.877     0.000     0.000     0.000     0.000   0   0   0   0   0   0   0     0.000     0.003     0.003    -0.002     0.003     0.008    -0.004
   7 0 0 1 1 1 1 1   6   0   0   0   0   0   0    20.243    21.877    21.877     0.000     0.000     0.000     0.000   0   0   0   0   0   0   0     0.000     0.003     0.011    -0.006     0.011     0.008    -0.004
   7 0 0 1 1 1 1 1   0   0   0   0   0   0   0    21.874    20.773    21.877     0.000     0.000     0.000     0.000   0   0   0   0   0   0   0     0.000     0.003     0.004    -0.003     0.000     0.008    -0.004
   7 0 0 1 1 1 1 1   0   0   0   0   0   0   0    21.877    21.874    21.877     0.000     0.000     0.000     0.000   0   0   0   0   0   0   0     0.000     0.003    -0.002    -0.001     0.005     0.008    -0.004
   7 0 1 0 1 1 1 1   0   0   0   0   0   0   0    20.773    21.874    21.874     0.000     0.000     0.000     0.000   0   0   0   0   0   0   0     0.000    -0.003    -0.002    -0.001     0.005     0.001    -0.001
   7 0 1 0 1 1 1 1   0   0   0   0   0   0   0    20.773    21.874    21.874     0.000     0.000     0.000     0.000   0   0   0   0   0   0   0     0.000    -0.011    -0.002    -0.001     0.005     0.006    -0.007
   7 0 0 1 1 1 1 1   0   0   0   0   0   0   0    21.877    21.874    21.874     0.000     0.000     0.000     0.000   0   0   0   0   0   0   0     0.000    -0.011    -0.004    -0.001     0.010     0.006    -0.007
   7 0 0 1 1 1 1 1   0   0   0   0   0   0   0    21.877    21.874    21.874     0.000     0.000     0.000     0.000   0   0   0   0   0   0   0     0.000    -0.011    -0.002    -0.001     0.005     0.006    -0.007
   7 0 0 1 1 1 1 1   0   0   0   0   0   0   0    21.877    21.874    21.874     0.000     0.000     0.000     0.000   0   0   0   0   0   0   0     0.000    -0.011     0.003     0.000    -0.004     0.006    -0.007
   7 0 0 1 1 1 1 1   0   0   0   0   0   0   0    21.877    21.874    21.874     0.000     0.000     0.000     0.000   0   0   0   0   0   0   0     0.000    -0.011     0.011     0.002    -0.020     0.006    -0.007
