  404
   1 1   0     0.000   0     4.827
   1 1   0     0.000   0     5.445
   1 1   0     0.000   0     5.776
   1 1   0     0.000   0     6.015
   7 0 0 0 1 1 1 1  12   0  13   0   0   0   0    48.887    21.172    52.983     0.000     0.000     0.000     0.000   0   0   0   0   0   0   0     0.000     0.000     0.000    -0.167     0.020     0.036     0.172
   7 0 0 0 1 1 1 1   3  12  25   0   0   0   0    22.592    47.863     5.707     0.000     0.000     0.000     0.000   0   0   0   0   0   0   0     0.000     0.000     0.000    -0.203    -0.036     0.028     0.154
   7 0 0 0 1 1 1 1  25  12  13   0   0   0   0     5.434    46.826    52.983     0.000     0.000     0.000     0.000   0   0   0   0   0   0   0     0.000     0.000     0.000    -0.310    -0.129     0.024     0.152
   7 0 0 0 1 1 1 1  28  18  28   0   0   0   0     5.307    49.845     5.633     0.000     0.000     0.000     0.000   0   0   0   0   0   0   0     0.000     0.000     0.000    -0.259    -0.568     0.010     0.246
   7 0 0 0 1 1 1 1  12  20  13   0   0   0   0    48.656    62.396    52.983     0.000     0.000     0.000     0.000   0   0   0   0   0   0   0     0.000     0.000     0.000     0.004    -0.160     0.031     0.156
   7 0 0 0 1 1 1 1   3  12  25   0   0   0   0    22.583    48.379     5.800     0.000     0.000     0.000     0.000   0   0   0   0   0   0   0     0.000     0.000     0.000    -0.170    -0.026     0.034     0.153
   7 0 0 0 1 1 1 1  11   4  26   0   0   0   0    46.018    22.337     5.875     0.000     0.000     0.000     0.000   0   0   0   0   0   0   0     0.000     0.000     0.000    -0.263    -0.105     0.014     0.102
   7 0 0 0 1 1 1 1  11  17  28   0   0   0   0    46.547    56.224     5.633     0.000     0.000     0.000     0.000   0   0   0   0   0   0   0     0.000     0.000     0.000    -0.526    -0.236     0.010     0.222
   7 0 0 0 1 1 1 1  12   0  19   0   0   0   0    48.887    21.172    66.228     0.000     0.000     0.000     0.000   0   0   0   0   0   0   0     0.000     0.000     0.000    -0.137     0.023     0.030     0.147
   7 0 0 0 1 1 1 1   3  12  25   0   0   0   0    22.654    47.763     5.833     0.000     0.000     0.000     0.000   0   0   0   0   0   0   0     0.000     0.000     0.000    -0.168    -0.023     0.044     0.140
   7 0 0 0 1 1 1 1  25  17  13   0   0   0   0     5.434    56.224    52.983     0.000     0.000     0.000     0.000   0   0   0   0   0   0   0     0.000     0.000     0.000    -0.263    -0.108     0.019     0.129
   7 0 0 0 1 1 1 1  25  18  28   0   0   0   0     5.392    49.845     5.560     0.000     0.000     0.000     0.000   0   0   0   0   0   0   0     0.000     0.000     0.000    -0.212    -0.469    -0.010     0.163
   7 0 0 0 1 1 1 1  12  18  13   0   0   0   0    49.206    49.957    53.694     0.000     0.000     0.000     0.000   0   0   0   0   0   0   0     0.000     0.000     0.000    -0.070    -0.205     0.032     0.140
   7 0 0 0 1 1 1 1   3  25  25   0   0   0   0    22.559     5.434     5.707     0.000     0.000     0.000     0.000   0   0   0   0   0   0   0     0.000     0.000     0.000    -0.157    -0.034     0.016     0.115
   7 0 0 0 1 1 1 1  25   1   4   0   0   0   0     5.329    21.963    22.675     0.000     0.000     0.000     0.000   0   0   0   0   0   0   0     0.000     0.000     0.000    -0.133    -0.246    -0.007     0.062
   7 0 0 0 1 1 1 1  29  12  24   0   0   0   0     5.558    46.826     5.385     0.000     0.000     0.000     0.000   0   0   0   0   0   0   0     0.000     0.000     0.000    -0.425    -0.160    -0.011     0.137
   7 0 0 0 1 1 1 1  22  13   0   0   0   0   0     5.462    52.983    21.172     0.000     0.000     0.000     0.000   0   0   0   0   0   0   0     0.000     0.000     0.000     0.019     0.117    -0.131     0.069
   7 0 0 0 1 1 1 1   3  12  25   0   0   0   0    22.610    48.379     5.740     0.000     0.000     0.000     0.000   0   0   0   0   0   0   0     0.000     0.000     0.000    -0.127    -0.016     0.023     0.107
   7 0 0 0 1 1 1 1  25  17  26   0   0   0   0     5.434    56.224     5.875     0.000     0.000     0.000     0.000   0   0   0   0   0   0   0     0.000     0.000     0.000    -0.217    -0.092     0.010     0.080
   7 0 0 0 1 1 1 1  29  17  28   0   0   0   0     5.532    56.224     5.633     0.000     0.000     0.000     0.000   0   0   0   0   0   0   0     0.000     0.000     0.000    -0.395    -0.169     0.007     0.171
   7 0 0 0 1 1 1 1  12  20  13   0   0   0   0    49.206    62.396    54.385     0.000     0.000     0.000     0.000   0   0   0   0   0   0   0     0.000     0.000     0.000     0.021    -0.099     0.027     0.119
   7 0 0 0 1 1 1 1   3   3  25   0   0   0   0    22.571    22.045     5.842     0.000     0.000     0.000     0.000   0   0   0   0   0   0   0     0.000     0.000     0.000    -0.206    -0.043     0.022     0.106
   7 0 0 0 1 1 1 1  25  11  19   0   0   0   0     5.477    45.177    66.208     0.000     0.000     0.000     0.000   0   0   0   0   0   0   0     0.000     0.000     0.000    -0.168    -0.060     0.014     0.103
   7 0 0 0 1 1 1 1  31   3  24   0   0   0   0     5.301    22.234     5.385     0.000     0.000     0.000     0.000   0   0   0   0   0   0   0     0.000     0.000     0.000    -0.302    -0.102    -0.009     0.114
   7 0 0 0 1 1 1 1  12  20  13   0   0   0   0    48.379    62.396    52.835     0.000     0.000     0.000     0.000   0   0   0   0   0   0   0     0.000     0.000     0.000     0.019    -0.112     0.018     0.095
   7 0 0 0 1 1 1 1  22  25   3   0   0   0   0     5.462     5.685    21.995     0.000     0.000     0.000     0.000   0   0   0   0   0   0   0     0.000     0.000     0.000    -0.004     0.085    -0.193    -0.075
   7 0 0 0 1 1 1 1  25  17   4   0   0   0   0     5.340    56.224    22.669     0.000     0.000     0.000     0.000   0   0   0   0   0   0   0     0.000     0.000     0.000    -0.181    -0.091    -0.006     0.048
   7 0 0 0 1 1 1 1  29  11  28   0   0   0   0     5.588    45.177     5.633     0.000     0.000     0.000     0.000   0   0   0   0   0   0   0     0.000     0.000     0.000    -0.278    -0.083     0.019     0.143
   7 0 0 0 1 1 1 1  12   3  13   0   0   0   0    49.377    21.995    54.385     0.000     0.000     0.000     0.000   0   0   0   0   0   0   0     0.000     0.000     0.000    -0.165    -0.041     0.026     0.099
   7 0 0 0 1 1 1 1  25  18   4   0   0   0   0     5.434    50.008    22.697     0.000     0.000     0.000     0.000   0   0   0   0   0   0   0     0.000     0.000     0.000    -0.080    -0.175    -0.007     0.073
   7 0 0 0 1 1 1 1  25   4  29   0   0   0   0     5.505    22.337     5.835     0.000     0.000     0.000     0.000   0   0   0   0   0   0   0     0.000     0.000     0.000    -0.147    -0.051     0.014     0.089
   7 0 0 0 1 1 1 1  29   1  24   0   0   0   0     5.578    21.965     5.385     0.000     0.000     0.000     0.000   0   0   0   0   0   0   0     0.000     0.000     0.000    -0.100    -0.308    -0.007     0.098
   7 0 0 0 1 1 1 1  12  20   3   0   0   0   0    48.505    62.396    22.654     0.000     0.000     0.000     0.000   0   0   0   0   0   0   0     0.000     0.000     0.000     0.024    -0.094     0.001     0.042
   7 0 0 0 1 1 1 1  25  25  25   0   0   0   0     5.598     5.251     5.842     0.000     0.000     0.000     0.000   0   0   0   0   0   0   0     0.000     0.000     0.000    -0.138    -0.029     0.018     0.080
   7 0 0 0 1 1 1 1  25  12  19   0   0   0   0     5.505    46.826    66.175     0.000     0.000     0.000     0.000   0   0   0   0   0   0   0     0.000     0.000     0.000    -0.148    -0.052     0.012     0.081
   7 0 0 0 1 1 1 1  11   1  28   0   0   0   0    46.018    21.965     5.562     0.000     0.000     0.000     0.000   0   0   0   0   0   0   0     0.000     0.000     0.000    -0.119    -0.279    -0.009     0.098
   7 0 0 0 1 1 1 1  12  18  13   0   0   0   0    49.377    49.957    54.385     0.000     0.000     0.000     0.000   0   0   0   0   0   0   0     0.000     0.000     0.000    -0.032    -0.140     0.021     0.086
   7 0 0 0 1 1 1 1   3  12  25   0   0   0   0    22.547    48.905     5.842     0.000     0.000     0.000     0.000   0   0   0   0   0   0   0     0.000     0.000     0.000    -0.079    -0.007     0.016     0.072
   7 0 0 0 1 1 1 1  25   1   3   0   0   0   0     5.329    21.963    22.663     0.000     0.000     0.000     0.000   0   0   0   0   0   0   0     0.000     0.000     0.000    -0.073    -0.144    -0.008     0.035
   7 0 0 0 1 1 1 1  11   3  24   0   0   0   0    47.680    22.234     5.385     0.000     0.000     0.000     0.000   0   0   0   0   0   0   0     0.000     0.000     0.000    -0.209    -0.058    -0.002     0.085
   7 0 0 0 1 1 1 1  12  20  26   0   0   0   0    48.379    62.396     5.875     0.000     0.000     0.000     0.000   0   0   0   0   0   0   0     0.000     0.000     0.000     0.028    -0.081     0.009     0.055
   7 0 0 0 1 1 1 1  22   4   1   0   0   0   0     5.462    22.758    21.969     0.000     0.000     0.000     0.000   0   0   0   0   0   0   0     0.000     0.000     0.000    -0.002     0.058    -0.052    -0.143
   7 0 0 0 1 1 1 1  29  11  29   0   0   0   0     5.569    45.177     5.835     0.000     0.000     0.000     0.000   0   0   0   0   0   0   0     0.000     0.000     0.000    -0.105    -0.035     0.010     0.072
   7 0 0 0 1 1 1 1  29   1  28   0   0   0   0     5.608    21.965     5.637     0.000     0.000     0.000     0.000   0   0   0   0   0   0   0     0.000     0.000     0.000    -0.062    -0.235     0.015     0.104
   7 0 0 0 1 1 1 1  12   3  19   0   0   0   0    49.377    21.908    66.175     0.000     0.000     0.000     0.000   0   0   0   0   0   0   0     0.000     0.000     0.000    -0.132    -0.027     0.016     0.064
   7 0 0 0 1 1 1 1  25   0  25   0   0   0   0     5.434    21.172     5.639     0.000     0.000     0.000     0.000   0   0   0   0   0   0   0     0.000     0.000     0.000    -0.090     0.014    -0.004     0.050
   7 0 0 0 1 1 1 1  14  13   1   0   0   0   0    46.999    52.983    21.965     0.000     0.000     0.000     0.000   0   0   0   0   0   0   0     0.000     0.000     0.000     0.011     0.068    -0.036    -0.115
   7 0 0 0 1 1 1 1  11  20  29   0   0   0   0    45.596    62.396     5.678     0.000     0.000     0.000     0.000   0   0   0   0   0   0   0     0.000     0.000     0.000    -0.305    -0.108    -0.018     0.063
   7 0 0 0 1 1 1 1   0  18   3   0   0   0   0    21.172    49.711    22.234     0.000     0.000     0.000     0.000   0   0   0   0   0   0   0     0.000     0.000     0.000    -0.008    -0.101     0.467     0.023
   7 0 0 0 1 1 1 1   3  27  25   0   0   0   0    22.547     5.247     5.885     0.000     0.000     0.000     0.000   0   0   0   0   0   0   0     0.000     0.000     0.000    -0.112    -0.023     0.015     0.059
   7 0 0 0 1 1 1 1  25  17  26   0   0   0   0     5.477    56.224     5.875     0.000     0.000     0.000     0.000   0   0   0   0   0   0   0     0.000     0.000     0.000    -0.105    -0.042     0.003     0.045
   7 0 0 0 1 1 1 1  25   0  29   0   0   0   0     5.331    21.172     5.704     0.000     0.000     0.000     0.000   0   0   0   0   0   0   0     0.000     0.000     0.000    -0.121    -0.490    -0.015     0.063
   7 0 0 0 1 1 1 1  12   3  29   0   0   0   0    49.571    21.908     5.792     0.000     0.000     0.000     0.000   0   0   0   0   0   0   0     0.000     0.000     0.000    -0.111    -0.020     0.016     0.057
   7 0 0 0 1 1 1 1  25  25  25   0   0   0   0     5.588     5.241     5.885     0.000     0.000     0.000     0.000   0   0   0   0   0   0   0     0.000     0.000     0.000    -0.103    -0.023     0.014     0.053
   7 0 0 0 1 1 1 1  29   4  19   0   0   0   0     5.573    22.337    66.175     0.000     0.000     0.000     0.000   0   0   0   0   0   0   0     0.000     0.000     0.000    -0.086    -0.028     0.007     0.057
   7 0 0 0 1 1 1 1  29   1  27   0   0   0   0     5.621    21.965     5.540     0.000     0.000     0.000     0.000   0   0   0   0   0   0   0     0.000     0.000     0.000    -0.045    -0.184     0.017     0.098
   7 0 0 0 1 1 1 1   0  18   3   0   0   0   0    21.172    49.711    22.234     0.000     0.000     0.000     0.000   0   0   0   0   0   0   0     0.000     0.000     0.000    -0.007    -0.086     0.444     0.019
   7 0 0 0 1 1 1 1  12   0  26   0   0   0   0    49.206    21.172     5.864     0.000     0.000     0.000     0.000   0   0   0   0   0   0   0     0.000     0.000     0.000    -0.050     0.022     0.007     0.046
   7 0 0 0 1 1 1 1  14  29  11   0   0   0   0    46.851     5.835    45.177     0.000     0.000     0.000     0.000   0   0   0   0   0   0   0     0.000     0.000     0.000     0.010     0.054    -0.074    -0.020
   7 0 0 0 1 1 1 1  25   0  24   0   0   0   0     5.331    21.172     5.385     0.000     0.000     0.000     0.000   0   0   0   0   0   0   0     0.000     0.000     0.000    -0.100    -0.456    -0.015     0.052
   7 0 0 0 1 1 1 1  12   4  29   0   0   0   0    49.770    22.331     5.771     0.000     0.000     0.000     0.000   0   0   0   0   0   0   0     0.000     0.000     0.000    -0.063    -0.010     0.013     0.041
   7 0 0 0 1 1 1 1  22   4   3   0   0   0   0     5.462    22.708    21.908     0.000     0.000     0.000     0.000   0   0   0   0   0   0   0     0.000     0.000     0.000    -0.000     0.036    -0.098    -0.034
   7 0 0 0 1 1 1 1  14  13   1   0   0   0   0    46.984    52.983    21.965     0.000     0.000     0.000     0.000   0   0   0   0   0   0   0     0.000     0.000     0.000     0.007     0.050    -0.025    -0.082
   7 0 0 0 1 1 1 1  11  17  30   0   0   0   0    47.285    56.224     5.629     0.000     0.000     0.000     0.000   0   0   0   0   0   0   0     0.000     0.000     0.000    -0.156    -0.052     0.009     0.094
   7 0 0 0 1 1 1 1  22  12  20   0   0   0   0     5.493    50.078    62.396     0.000     0.000     0.000     0.000   0   0   0   0   0   0   0     0.000     0.000     0.000    -0.004     0.024     0.086    -0.063
   7 0 0 0 1 1 1 1  25   0   4   0   0   0   0     5.434    21.172    22.681     0.000     0.000     0.000     0.000   0   0   0   0   0   0   0     0.000     0.000     0.000    -0.061     0.018    -0.004     0.028
   7 0 0 0 1 1 1 1  14  26  11   0   0   0   0    46.851     5.915    45.177     0.000     0.000     0.000     0.000   0   0   0   0   0   0   0     0.000     0.000     0.000     0.008     0.051    -0.061    -0.016
   7 0 0 0 1 1 1 1  11   1  24   0   0   0   0    47.712    21.965     5.390     0.000     0.000     0.000     0.000   0   0   0   0   0   0   0     0.000     0.000     0.000    -0.040    -0.143    -0.004     0.049
   7 0 0 0 1 1 1 1   0  18   3   0   0   0   0    21.172    49.711    22.234     0.000     0.000     0.000     0.000   0   0   0   0   0   0   0     0.000     0.000     0.000    -0.005    -0.070     0.418     0.014
   7 0 0 0 1 1 1 1  12   3  26   0   0   0   0    49.206    21.995     5.885     0.000     0.000     0.000     0.000   0   0   0   0   0   0   0     0.000     0.000     0.000    -0.081    -0.022     0.007     0.040
   7 0 0 0 1 1 1 1  14   1   1   0   0   0   0    46.730    21.773    21.965     0.000     0.000     0.000     0.000   0   0   0   0   0   0   0     0.000     0.000     0.000    -0.012     0.019    -0.016    -0.069
   7 0 0 0 1 1 1 1  25   0  29   0   0   0   0     5.329    21.159     5.678     0.000     0.000     0.000     0.000   0   0   0   0   0   0   0     0.000     0.000     0.000    -0.073    -0.418    -0.015     0.038
   7 0 0 0 1 1 1 1   0  13   3   0   0   0   0    21.172    50.118    22.234     0.000     0.000     0.000     0.000   0   0   0   0   0   0   0     0.000     0.000     0.000    -0.039     0.007     0.397     0.013
   7 0 0 0 1 1 1 1   4  27  25   0   0   0   0    22.576     5.241     5.892     0.000     0.000     0.000     0.000   0   0   0   0   0   0   0     0.000     0.000     0.000    -0.071    -0.014     0.010     0.036
   7 0 0 0 1 1 1 1  25   0   9   0   0   0   0     5.331    21.172    17.895     0.000     0.000     0.000     0.000   0   0   0   0   0   0   0     0.000     0.000     0.000    -0.040    -0.132    -0.004     0.021
   7 0 0 0 1 1 1 1  25   0  27   0   0   0   0     5.329    21.159     5.540     0.000     0.000     0.000     0.000   0   0   0   0   0   0   0     0.000     0.000     0.000    -0.066    -0.397    -0.001     0.068
   7 0 0 0 1 1 1 1  12  24  29   0   0   0   0    49.365     4.948     5.771     0.000     0.000     0.000     0.000   0   0   0   0   0   0   0     0.000     0.000     0.000    -0.079    -0.014     0.006     0.033
   7 0 0 0 1 1 1 1  12  20  26   0   0   0   0    48.887    62.396     5.864     0.000     0.000     0.000     0.000   0   0   0   0   0   0   0     0.000     0.000     0.000     0.013    -0.039     0.003     0.030
   7 0 0 0 1 1 1 1  29   4   1   0   0   0   0     5.586    22.337    21.773     0.000     0.000     0.000     0.000   0   0   0   0   0   0   0     0.000     0.000     0.000    -0.052    -0.015    -0.011     0.015
   7 0 0 0 1 1 1 1  25  20  30   0   0   0   0     5.541    62.396     5.641     0.000     0.000     0.000     0.000   0   0   0   0   0   0   0     0.000     0.000     0.000    -0.158    -0.039     0.008     0.076
   7 0 0 0 1 1 1 1   0  18   3   0   0   0   0    21.172    49.711    22.234     0.000     0.000     0.000     0.000   0   0   0   0   0   0   0     0.000     0.000     0.000    -0.004    -0.056     0.378     0.011
   7 0 0 0 1 1 1 1  25   3  25   0   0   0   0     5.608    21.995     5.892     0.000     0.000     0.000     0.000   0   0   0   0   0   0   0     0.000     0.000     0.000    -0.065    -0.011     0.010     0.030
   7 0 0 0 1 1 1 1  29   4  22   0   0   0   0     5.587    22.337     5.435     0.000     0.000     0.000     0.000   0   0   0   0   0   0   0     0.000     0.000     0.000    -0.047    -0.013     0.003     0.032
   7 0 0 0 1 1 1 1  11  20  23   0   0   0   0    46.892    62.396     5.624     0.000     0.000     0.000     0.000   0   0   0   0   0   0   0     0.000     0.000     0.000    -0.173    -0.045    -0.013     0.029
   7 0 0 0 1 1 1 1  16   3  16   0   0   0   0    54.806    22.306    54.817     0.000     0.000     0.000     0.000   0   0   0   0   0   0   0     0.000     0.000     0.000    -0.070    -0.012     0.359     0.005
   7 0 0 0 1 1 1 1   0  12   3   0   0   0   0    21.172    46.992    22.234     0.000     0.000     0.000     0.000   0   0   0   0   0   0   0     0.000     0.000     0.000    -0.053    -0.006     0.168     0.014
   7 0 0 0 1 1 1 1   4  20  24   0   0   0   0    22.394    62.398     5.347     0.000     0.000     0.000     0.000   0   0   0   0   0   0   0     0.000     0.000     0.000    -0.053    -0.014    -0.003     0.023
   7 0 0 0 1 1 1 1  29   1  30   0   0   0   0     5.678    21.962     5.641     0.000     0.000     0.000     0.000   0   0   0   0   0   0   0     0.000     0.000     0.000    -0.011    -0.084     0.018     0.066
   7 0 0 0 1 1 1 1  15  20  12   0   0   0   0    52.001    62.396    50.338     0.000     0.000     0.000     0.000   0   0   0   0   0   0   0     0.000     0.000     0.000     0.010    -0.028     0.007     0.031
   7 0 0 0 1 1 1 1  12  20  26   0   0   0   0    49.206    62.396     5.885     0.000     0.000     0.000     0.000   0   0   0   0   0   0   0     0.000     0.000     0.000     0.015    -0.029     0.005     0.026
   7 0 0 0 1 1 1 1  14  19  20   0   0   0   0    46.851    66.175    62.396     0.000     0.000     0.000     0.000   0   0   0   0   0   0   0     0.000     0.000     0.000     0.004     0.034    -0.070    -0.014
   7 0 0 0 1 1 1 1  25   0  28   0   0   0   0     5.329    21.159     5.619     0.000     0.000     0.000     0.000   0   0   0   0   0   0   0     0.000     0.000     0.000    -0.044    -0.357    -0.004     0.039
   7 0 0 0 1 1 1 1   3  20  12   0   0   0   0    21.908    62.394    46.826     0.000     0.000     0.000     0.000   0   0   0   0   0   0   0     0.000     0.000     0.000    -0.093    -0.040     0.162     0.001
   7 0 0 0 1 1 1 1  11  20  25   0   0   0   0    46.018    62.396     5.608     0.000     0.000     0.000     0.000   0   0   0   0   0   0   0     0.000     0.000     0.000     0.024    -0.038    -0.005     0.013
   7 0 0 0 1 1 1 1   4   1  24   0   0   0   0    22.394    21.965     5.354     0.000     0.000     0.000     0.000   0   0   0   0   0   0   0     0.000     0.000     0.000    -0.011    -0.043    -0.002     0.021
   7 0 0 0 1 1 1 1  29  20  11   0   0   0   0     5.621    62.396    52.837     0.000     0.000     0.000     0.000   0   0   0   0   0   0   0     0.000     0.000     0.000    -0.120    -0.024     0.019    -0.054
   7 0 0 0 1 1 1 1  25  20  12   0   0   0   0     5.241    62.394    46.826     0.000     0.000     0.000     0.000   0   0   0   0   0   0   0     0.000     0.000     0.000    -0.086    -0.036     0.333     0.001
   7 0 0 0 1 1 1 1   0  12   3   0   0   0   0    21.172    46.992    22.234     0.000     0.000     0.000     0.000   0   0   0   0   0   0   0     0.000     0.000     0.000    -0.043    -0.005     0.157     0.010
   7 0 0 0 1 1 1 1  25   0  26   0   0   0   0     5.329    21.159     5.922     0.000     0.000     0.000     0.000   0   0   0   0   0   0   0     0.000     0.000     0.000    -0.022    -0.112     0.001     0.039
   7 0 0 0 1 1 1 1  25  13  30   0   0   0   0     5.329    48.666     5.641     0.000     0.000     0.000     0.000   0   0   0   0   0   0   0     0.000     0.000     0.000    -0.333    -0.036     0.000     0.054
   7 0 0 0 1 1 1 1  25  30  27   0   0   0   0     5.598     5.074     5.209     0.000     0.000     0.000     0.000   0   0   0   0   0   0   0     0.000     0.000     0.000    -0.001    -0.031     0.046     0.009
   7 0 0 0 1 1 1 1   4   1  17   0   0   0   0    22.576    21.969    58.892     0.000     0.000     0.000     0.000   0   0   0   0   0   0   0     0.000     0.000     0.000    -0.008    -0.050     0.006     0.024
   7 0 0 0 1 1 1 1   4  20  23   0   0   0   0    22.394    62.396     5.662     0.000     0.000     0.000     0.000   0   0   0   0   0   0   0     0.000     0.000     0.000    -0.050    -0.011     0.001     0.023
   7 0 0 0 1 1 1 1  24  10  30   0   0   0   0     5.323    15.525     5.652     0.000     0.000     0.000     0.000   0   0   0   0   0   0   0     0.000     0.000     0.000    -0.020    -0.316     0.007     0.050
   7 0 0 0 1 1 1 1  22  22   0   0   0   0   0     5.550     5.549    21.172     0.000     0.000     0.000     0.000   0   0   0   0   0   0   0     0.000     0.000     0.000     0.001     0.195    -0.023    -0.106
   7 0 0 0 1 1 1 1  12  20  26   0   0   0   0    49.206    62.396     5.885     0.000     0.000     0.000     0.000   0   0   0   0   0   0   0     0.000     0.000     0.000     0.013    -0.021     0.003     0.020
   7 0 0 0 1 1 1 1  25   4  26   0   0   0   0     5.558    22.337     5.925     0.000     0.000     0.000     0.000   0   0   0   0   0   0   0     0.000     0.000     0.000    -0.030    -0.008     0.004     0.035
   7 0 0 0 1 1 1 1  11   0  23   0   0   0   0    46.892    21.172     5.624     0.000     0.000     0.000     0.000   0   0   0   0   0   0   0     0.000     0.000     0.000    -0.029    -0.125    -0.009     0.019
   7 0 0 0 1 1 1 1  25  20  12   0   0   0   0     5.251    62.394    46.826     0.000     0.000     0.000     0.000   0   0   0   0   0   0   0     0.000     0.000     0.000    -0.080    -0.029     0.306     0.001
   7 0 0 0 1 1 1 1   3  20  20   0   0   0   0    21.908    62.424    62.396     0.000     0.000     0.000     0.000   0   0   0   0   0   0   0     0.000     0.000     0.000    -0.046    -0.012     0.016    -0.005
   7 0 0 0 1 1 1 1  25  20  11   0   0   0   0     5.558    62.396    51.507     0.000     0.000     0.000     0.000   0   0   0   0   0   0   0     0.000     0.000     0.000    -0.044    -0.010     0.009    -0.008
   7 0 0 0 1 1 1 1  29   1   4   0   0   0   0     5.678    21.960    23.777     0.000     0.000     0.000     0.000   0   0   0   0   0   0   0     0.000     0.000     0.000    -0.007    -0.058     0.026    -0.009
   7 0 0 0 1 1 1 1  15  20  12   0   0   0   0    52.001    62.396    50.064     0.000     0.000     0.000     0.000   0   0   0   0   0   0   0     0.000     0.000     0.000     0.007    -0.022     0.002     0.022
   7 0 0 0 1 1 1 1  12  27  17   0   0   0   0    48.887     5.255    58.892     0.000     0.000     0.000     0.000   0   0   0   0   0   0   0     0.000     0.000     0.000    -0.036    -0.008     0.003     0.019
   7 0 0 0 1 1 1 1   4  20  24   0   0   0   0    22.394    62.396     5.347     0.000     0.000     0.000     0.000   0   0   0   0   0   0   0     0.000     0.000     0.000    -0.040    -0.009    -0.002     0.015
   7 0 0 0 1 1 1 1  25   0  28   0   0   0   0     5.329    21.159     5.656     0.000     0.000     0.000     0.000   0   0   0   0   0   0   0     0.000     0.000     0.000    -0.025    -0.291    -0.001     0.034
   7 0 0 0 1 1 1 1  16  11  16   0   0   0   0    54.806    45.409    54.817     0.000     0.000     0.000     0.000   0   0   0   0   0   0   0     0.000     0.000     0.000    -0.070    -0.010     0.291     0.003
   7 0 0 0 1 1 1 1  18  17  20   0   0   0   0    49.076    58.892    62.396     0.000     0.000     0.000     0.000   0   0   0   0   0   0   0     0.000     0.000     0.000     0.002     0.022     0.028    -0.019
   7 0 0 0 1 1 1 1   4   0  28   0   0   0   0    22.394    21.172     5.613     0.000     0.000     0.000     0.000   0   0   0   0   0   0   0     0.000     0.000     0.000    -0.008    -0.041     0.001     0.023
   7 0 0 0 1 1 1 1  25   0  11   0   0   0   0     5.564    21.172    52.837     0.000     0.000     0.000     0.000   0   0   0   0   0   0   0     0.000     0.000     0.000    -0.016    -0.107     0.013    -0.042
   7 0 0 0 1 1 1 1  25  20  12   0   0   0   0     5.241    62.394    46.826     0.000     0.000     0.000     0.000   0   0   0   0   0   0   0     0.000     0.000     0.000    -0.075    -0.028     0.276     0.001
   7 0 0 0 1 1 1 1   3   1  12   0   0   0   0    21.908    21.974    46.826     0.000     0.000     0.000     0.000   0   0   0   0   0   0   0     0.000     0.000     0.000    -0.009    -0.038     0.068     0.001
   7 0 0 0 1 1 1 1  25   0  16   0   0   0   0     5.329    21.159    59.249     0.000     0.000     0.000     0.000   0   0   0   0   0   0   0     0.000     0.000     0.000    -0.013    -0.096    -0.000     0.018
   7 0 0 0 1 1 1 1  25   0  30   0   0   0   0     5.329    21.159     5.652     0.000     0.000     0.000     0.000   0   0   0   0   0   0   0     0.000     0.000     0.000    -0.021    -0.271    -0.000     0.037
   7 0 0 0 1 1 1 1  15  20   3   0   0   0   0    51.656    62.396    22.895     0.000     0.000     0.000     0.000   0   0   0   0   0   0   0     0.000     0.000     0.000     0.006    -0.022     0.007     0.034
   7 0 0 0 1 1 1 1   0  12   3   0   0   0   0    21.172    46.992    22.234     0.000     0.000     0.000     0.000   0   0   0   0   0   0   0     0.000     0.000     0.000    -0.028    -0.003     0.144     0.006
   7 0 0 0 1 1 1 1  25   1  22   0   0   0   0     5.558    21.965     5.419     0.000     0.000     0.000     0.000   0   0   0   0   0   0   0     0.000     0.000     0.000    -0.007    -0.025    -0.001     0.011
   7 0 0 0 1 1 1 1  22  23  20   0   0   0   0     5.531     5.624    62.396     0.000     0.000     0.000     0.000   0   0   0   0   0   0   0     0.000     0.000     0.000    -0.008     0.017    -0.172    -0.019
   7 0 0 0 1 1 1 1  25   9  27   0   0   0   0     5.583    17.862     5.209     0.000     0.000     0.000     0.000   0   0   0   0   0   0   0     0.000     0.000     0.000    -0.003    -0.032     0.037     0.006
   7 0 0 0 1 1 1 1  25  13  26   0   0   0   0     5.608    50.326     5.919     0.000     0.000     0.000     0.000   0   0   0   0   0   0   0     0.000     0.000     0.000    -0.015     0.002     0.005     0.021
   7 0 0 0 1 1 1 1  26  25  28   0   0   0   0     5.885     5.329     5.613     0.000     0.000     0.000     0.000   0   0   0   0   0   0   0     0.000     0.000     0.000    -0.018    -0.001     0.003     0.020
   7 0 0 0 1 1 1 1  29   1   0   0   0   0   0     5.704    21.883    21.527     0.000     0.000     0.000     0.000   0   0   0   0   0   0   0     0.000     0.000     0.000    -0.001    -0.028     0.020    -0.007
   7 0 0 0 1 1 1 1  24  20  18   0   0   0   0     4.948    62.394    49.845     0.000     0.000     0.000     0.000   0   0   0   0   0   0   0     0.000     0.000     0.000    -0.069    -0.026    -0.000     0.070
   7 0 0 0 1 1 1 1  18  12   1   0   0   0   0    49.892    46.826    21.982     0.000     0.000     0.000     0.000   0   0   0   0   0   0   0     0.000     0.000     0.000     0.138     0.000    -0.013    -0.032
   7 0 0 0 1 1 1 1  26  23  28   0   0   0   0     5.885     5.847     5.613     0.000     0.000     0.000     0.000   0   0   0   0   0   0   0     0.000     0.000     0.000    -0.004     0.014     0.002     0.018
   7 0 0 0 1 1 1 1  25   0  29   0   0   0   0     5.329    21.159     5.742     0.000     0.000     0.000     0.000   0   0   0   0   0   0   0     0.000     0.000     0.000    -0.015    -0.248    -0.004     0.015
   7 0 0 0 1 1 1 1  25  20  12   0   0   0   0     5.241    62.394    46.826     0.000     0.000     0.000     0.000   0   0   0   0   0   0   0     0.000     0.000     0.000    -0.064    -0.024     0.259     0.000
   7 0 0 0 1 1 1 1  12  20  26   0   0   0   0    49.365    62.396     5.919     0.000     0.000     0.000     0.000   0   0   0   0   0   0   0     0.000     0.000     0.000     0.007    -0.013     0.003     0.024
   7 0 0 0 1 1 1 1   4   6  11   0   0   0   0    22.647    20.426    51.512     0.000     0.000     0.000     0.000   0   0   0   0   0   0   0     0.000     0.000     0.000    -0.008     0.009     0.009    -0.009
   7 0 0 0 1 1 1 1  22  23  20   0   0   0   0     5.531     5.622    62.396     0.000     0.000     0.000     0.000   0   0   0   0   0   0   0     0.000     0.000     0.000    -0.007     0.013    -0.150    -0.015
   7 0 0 0 1 1 1 1  22  22   0   0   0   0   0     5.550     5.549    21.172     0.000     0.000     0.000     0.000   0   0   0   0   0   0   0     0.000     0.000     0.000     0.001     0.147    -0.013    -0.087
   7 0 0 0 1 1 1 1  20  22   1   0   0   0   0    62.397     5.541    21.919     0.000     0.000     0.000     0.000   0   0   0   0   0   0   0     0.000     0.000     0.000     0.005     0.130    -0.000    -0.023
   7 0 0 0 1 1 1 1  16  21  20   0   0   0   0    59.090    65.737    62.363     0.000     0.000     0.000     0.000   0   0   0   0   0   0   0     0.000     0.000     0.000     0.008    -0.006     0.024     0.005
   7 0 0 0 1 1 1 1  24  10  24   0   0   0   0     5.323    15.525     5.720     0.000     0.000     0.000     0.000   0   0   0   0   0   0   0     0.000     0.000     0.000    -0.009    -0.228     0.003     0.029
   7 0 0 0 1 1 1 1  15  21  28   0   0   0   0    51.673    65.896     5.441     0.000     0.000     0.000     0.000   0   0   0   0   0   0   0     0.000     0.000     0.000     0.005    -0.018    -0.001     0.015
   7 0 0 0 1 1 1 1  12   4  10   0   0   0   0    49.830    22.331    15.047     0.000     0.000     0.000     0.000   0   0   0   0   0   0   0     0.000     0.000     0.000    -0.019    -0.001     0.018     0.004
   7 0 0 0 1 1 1 1  25   0   5   0   0   0   0     5.329    21.159    21.974     0.000     0.000     0.000     0.000   0   0   0   0   0   0   0     0.000     0.000     0.000    -0.007    -0.088     0.014    -0.000
   7 0 0 0 1 1 1 1  22  24  20   0   0   0   0     5.531     5.390    62.396     0.000     0.000     0.000     0.000   0   0   0   0   0   0   0     0.000     0.000     0.000    -0.004     0.014    -0.132    -0.014
   7 0 0 0 1 1 1 1  25  20  12   0   0   0   0     5.251    62.394    46.826     0.000     0.000     0.000     0.000   0   0   0   0   0   0   0     0.000     0.000     0.000    -0.058    -0.018     0.239     0.000
   7 0 0 0 1 1 1 1  16  11  16   0   0   0   0    54.806    45.409    54.817     0.000     0.000     0.000     0.000   0   0   0   0   0   0   0     0.000     0.000     0.000    -0.033    -0.006     0.124     0.002
   7 0 0 0 1 1 1 1  25   0  26   0   0   0   0     5.329    21.159     5.925     0.000     0.000     0.000     0.000   0   0   0   0   0   0   0     0.000     0.000     0.000    -0.007    -0.084     0.000     0.020
   7 0 0 0 1 1 1 1  22  23  20   0   0   0   0     5.531     5.622    62.396     0.000     0.000     0.000     0.000   0   0   0   0   0   0   0     0.000     0.000     0.000    -0.006     0.010    -0.123    -0.012
   7 0 0 0 1 1 1 1  16  11  16   0   0   0   0    54.806    45.409    54.817     0.000     0.000     0.000     0.000   0   0   0   0   0   0   0     0.000     0.000     0.000    -0.056    -0.007     0.227     0.002
   7 0 0 0 1 1 1 1  24   4  12   0   0   0   0     4.948    22.039    46.826     0.000     0.000     0.000     0.000   0   0   0   0   0   0   0     0.000     0.000     0.000    -0.038    -0.017     0.043     0.000
   7 0 0 1 1 1 1 1  23   0  12   0   0   0   0     5.864    21.173    46.826     0.000     0.000     0.000     0.000   0   0   0   0   0   0   0     0.000     0.000     0.019    -0.005     0.004     0.043     0.000
   7 0 0 0 1 1 1 1  25  13  11   0   0   0   0     5.329    48.666    52.837     0.000     0.000     0.000     0.000   0   0   0   0   0   0   0     0.000     0.000     0.019    -0.204    -0.009     0.003    -0.033
   7 0 0 0 1 1 1 1  25   9  26   0   0   0   0     5.583    17.862     5.909     0.000     0.000     0.000     0.000   0   0   0   0   0   0   0     0.000     0.000     0.019    -0.003    -0.025     0.004     0.026
   7 0 0 0 1 1 1 1  20  22   1   0   0   0   0    62.396     5.541    21.919     0.000     0.000     0.000     0.000   0   0   0   0   0   0   0     0.000     0.000     0.019     0.004     0.116    -0.000    -0.019
   7 0 0 0 1 1 1 1  16   6  14   0   0   0   0    59.090    20.426    46.033     0.000     0.000     0.000     0.000   0   0   0   0   0   0   0     0.000     0.000     0.019    -0.005     0.006     0.019     0.004
   7 0 0 0 1 1 1 1  22  11  20   0   0   0   0     5.531    52.837    62.396     0.000     0.000     0.000     0.000   0   0   0   0   0   0   0     0.000     0.000     0.019     0.004    -0.030    -0.108    -0.011
   7 0 0 0 1 1 1 1  25  20  12   0   0   0   0     5.241    62.394    46.826     0.000     0.000     0.000     0.000   0   0   0   0   0   0   0     0.000     0.000     0.019    -0.054    -0.018     0.216     0.000
   7 0 0 0 1 1 1 1  25   4   6   0   0   0   0     5.617    22.331    19.364     0.000     0.000     0.000     0.000   0   0   0   0   0   0   0     0.000     0.000     0.019    -0.013    -0.001     0.018     0.004
   7 0 0 0 1 1 1 1  11   0  23   0   0   0   0    45.177    21.159     5.864     0.000     0.000     0.000     0.000   0   0   0   0   0   0   0     0.000     0.000     0.019    -0.005    -0.079     0.000     0.017
   7 0 0 0 1 1 1 1  29  15   0   0   0   0   0     5.752    50.417    21.527     0.000     0.000     0.000     0.000   0   0   0   0   0   0   0     0.000     0.000     0.019    -0.017    -0.001     0.016    -0.011
   7 0 0 0 1 1 1 1  15  21   5   0   0   0   0    52.001    65.896    21.974     0.000     0.000     0.000     0.000   0   0   0   0   0   0   0     0.000     0.000     0.019     0.004    -0.013     0.022     0.004
   7 0 0 0 1 1 1 1  16  18  16   0   0   0   0    54.806    49.796    54.817     0.000     0.000     0.000     0.000   0   0   0   0   0   0   0     0.000     0.000     0.019    -0.005    -0.030     0.110     0.002
   7 0 0 0 1 1 1 1  16   6  20   0   0   0   0    58.883    20.426    62.363     0.000     0.000     0.000     0.000   0   0   0   0   0   0   0     0.000     0.000     0.019    -0.005     0.005     0.018     0.003
   7 0 0 0 1 1 1 1  25   0  30   0   0   0   0     5.329    21.159     5.656     0.000     0.000     0.000     0.000   0   0   0   0   0   0   0     0.000     0.000     0.019    -0.007    -0.187    -0.000     0.022
   7 0 0 0 1 1 1 1  22  22   0   0   0   0   0     5.550     5.549    21.172     0.000     0.000     0.000     0.000   0   0   0   0   0   0   0     0.000     0.000     0.019     0.000     0.119    -0.009    -0.072
   7 0 0 0 1 1 1 1  18  12   4   0   0   0   0    50.210    46.826    22.039     0.000     0.000     0.000     0.000   0   0   0   0   0   0   0     0.000     0.000     0.019     0.048     0.000    -0.035    -0.012
   7 0 0 0 1 1 1 1   4   0  11   0   0   0   0    22.337    21.159    51.512     0.000     0.000     0.000     0.000   0   0   0   0   0   0   0     0.000     0.000     0.019    -0.004    -0.075     0.003    -0.009
   7 0 0 0 1 1 1 1  24  10   8   0   0   0   0     5.323    15.525    17.747     0.000     0.000     0.000     0.000   0   0   0   0   0   0   0     0.000     0.000     0.019    -0.006    -0.178     0.011    -0.001
   7 0 0 0 1 1 1 1  12   4  11   0   0   0   0    49.830    22.331    52.837     0.000     0.000     0.000     0.000   0   0   0   0   0   0   0     0.000     0.000     0.019    -0.022    -0.001     0.009    -0.018
   7 0 0 0 1 1 1 1  25  13  31   0   0   0   0     5.892    50.221     5.481     0.000     0.000     0.000     0.000   0   0   0   0   0   0   0     0.000     0.000     0.019    -0.007     0.002     0.014     0.003
   7 0 0 0 1 1 1 1  26  17   1   0   0   0   0     5.922    56.224    21.859     0.000     0.000     0.000     0.000   0   0   0   0   0   0   0     0.000     0.000     0.019    -0.013     0.000     0.004     0.015
   7 0 0 0 1 1 1 1  29   1  28   0   0   0   0     5.818    21.892     5.661     0.000     0.000     0.000     0.000   0   0   0   0   0   0   0     0.000     0.000     0.019     0.002    -0.012     0.011     0.038
   7 0 0 0 1 1 1 1  16  12  16   0   0   0   0    54.806    46.922    54.817     0.000     0.000     0.000     0.000   0   0   0   0   0   0   0     0.000     0.000     0.019    -0.048    -0.005     0.200     0.002
   7 0 0 0 1 1 1 1  18  12   4   0   0   0   0    49.857    46.826    22.039     0.000     0.000     0.000     0.000   0   0   0   0   0   0   0     0.000     0.000     0.019     0.102     0.000    -0.033    -0.010
   7 0 0 0 1 1 1 1  23  17   4   0   0   0   0     5.857    58.081    22.426     0.000     0.000     0.000     0.000   0   0   0   0   0   0   0     0.000     0.000     0.019    -0.004     0.003     0.006     0.015
   7 0 0 0 1 1 1 1  24  10  32   0   0   0   0     5.323    15.525     4.345     0.000     0.000     0.000     0.000   0   0   0   0   0   0   0     0.000     0.000     0.019    -0.005    -0.168     0.001     0.019
   7 0 0 0 1 1 1 1  26  17   4   0   0   0   0     5.909    55.969    22.950     0.000     0.000     0.000     0.000   0   0   0   0   0   0   0     0.000     0.000     0.019    -0.029     0.000     0.038     0.011
   7 0 0 0 1 1 1 1  25  30   4   0   0   0   0     5.617     5.074    23.878     0.000     0.000     0.000     0.000   0   0   0   0   0   0   0     0.000     0.000     0.019     0.000    -0.009     0.004     0.022
   7 0 0 0 1 1 1 1  16  23   6   0   0   0   0    59.090     5.847    19.336     0.000     0.000     0.000     0.000   0   0   0   0   0   0   0     0.000     0.000     0.019    -0.003     0.009     0.017     0.003
   7 0 0 0 1 1 1 1  28  17   0   0   0   0   0     5.704    58.636    20.829     0.000     0.000     0.000     0.000   0   0   0   0   0   0   0     0.000     0.000     0.019    -0.005     0.009     0.013     0.043
   7 0 0 0 1 1 1 1  17  12  27   0   0   0   0    58.553    45.624     5.198     0.000     0.000     0.000     0.000   0   0   0   0   0   0   0     0.000     0.000     0.019    -0.050    -0.002     0.028     0.008
   7 0 0 0 1 1 1 1  18  12   4   0   0   0   0    49.857    46.826    22.039     0.000     0.000     0.000     0.000   0   0   0   0   0   0   0     0.000     0.000     0.019     0.097     0.000    -0.030    -0.009
   7 0 0 0 1 1 1 1  26   1  11   0   0   0   0     5.885    21.955    51.632     0.000     0.000     0.000     0.000   0   0   0   0   0   0   0     0.000     0.000     0.019     0.000    -0.008     0.008    -0.004
   7 0 0 0 1 1 1 1  22  11   2   0   0   0   0     5.535    52.837    21.968     0.000     0.000     0.000     0.000   0   0   0   0   0   0   0     0.000     0.000     0.019     0.003    -0.024    -0.160    -0.005
   7 0 0 0 1 1 1 1  22  22   0   0   0   0   0     5.550     5.549    21.172     0.000     0.000     0.000     0.000   0   0   0   0   0   0   0     0.000     0.000     0.019     0.000     0.106    -0.007    -0.063
   7 0 0 0 1 1 1 1  12   4   6   0   0   0   0    50.302    22.359    19.368     0.000     0.000     0.000     0.000   0   0   0   0   0   0   0     0.000     0.000     0.019    -0.009     0.001     0.015     0.004
   7 0 0 0 1 1 1 1  21   6  20   0   0   0   0    68.156    20.420    62.385     0.000     0.000     0.000     0.000   0   0   0   0   0   0   0     0.000     0.000     0.019    -0.004     0.004     0.013     0.002
   7 0 0 0 1 1 1 1  25  13  11   0   0   0   0     5.329    48.666    52.837     0.000     0.000     0.000     0.000   0   0   0   0   0   0   0     0.000     0.000     0.019    -0.152    -0.004     0.002    -0.022
   7 0 0 0 1 1 1 1  16  18  16   0   0   0   0    54.806    49.796    54.817     0.000     0.000     0.000     0.000   0   0   0   0   0   0   0     0.000     0.000     0.019    -0.005    -0.045     0.185     0.001
   7 0 0 0 1 1 1 1  16  11  16   0   0   0   0    54.806    45.409    54.817     0.000     0.000     0.000     0.000   0   0   0   0   0   0   0     0.000     0.000     0.019    -0.024    -0.003     0.093     0.001
   7 0 0 0 1 1 1 1  23  16   4   0   0   0   0     5.864    58.883    22.426     0.000     0.000     0.000     0.000   0   0   0   0   0   0   0     0.000     0.000     0.019    -0.002     0.004     0.005     0.013
   7 0 0 0 1 1 1 1  17   0  25   0   0   0   0    55.679    21.173     5.329     0.000     0.000     0.000     0.000   0   0   0   0   0   0   0     0.000     0.000     0.019     0.043    -0.004    -0.022     0.001
   7 0 0 0 1 1 1 1  29   9  26   0   0   0   0     5.579    17.862     5.909     0.000     0.000     0.000     0.000   0   0   0   0   0   0   0     0.000     0.000     0.019    -0.001    -0.028     0.002     0.019
   7 0 0 0 1 1 1 1  25  15   0   0   0   0   0     5.892    51.602    21.654     0.000     0.000     0.000     0.000   0   0   0   0   0   0   0     0.000     0.000     0.019    -0.005     0.002     0.006     0.022
   7 0 0 0 1 1 1 1  25   0   5   0   0   0   0     5.329    21.159    21.974     0.000     0.000     0.000     0.000   0   0   0   0   0   0   0     0.000     0.000     0.019    -0.002    -0.070     0.008    -0.000
   7 0 0 0 1 1 1 1  22  13  14   0   0   0   0     5.535    49.221    47.253     0.000     0.000     0.000     0.000   0   0   0   0   0   0   0     0.000     0.000     0.019     0.012    -0.001    -0.004    -0.143
   7 0 0 0 1 1 1 1  25  20  12   0   0   0   0     5.251    62.394    46.826     0.000     0.000     0.000     0.000   0   0   0   0   0   0   0     0.000     0.000     0.019    -0.042    -0.011     0.176     0.000
   7 0 1 0 1 1 1 1  12  20  20   0   0   0   0    45.652    62.394    62.396     0.000     0.000     0.000     0.000   0   0   0   0   0   0   0     0.000    -0.025     0.019    -0.042    -0.011     0.006    -0.002
   7 0 0 0 1 1 1 1  23   4  16   0   0   0   0     5.857    22.611    54.225     0.000     0.000     0.000     0.000   0   0   0   0   0   0   0     0.000    -0.025     0.019    -0.003     0.002     0.012     0.005
   7 0 0 0 1 1 1 1  28  16   0   0   0   0   0     5.704    59.249    20.829     0.000     0.000     0.000     0.000   0   0   0   0   0   0   0     0.000    -0.025     0.019    -0.004     0.011     0.011     0.036
   7 0 0 0 1 1 1 1   5   6  29   0   0   0   0    21.973    19.480     5.578     0.000     0.000     0.000     0.000   0   0   0   0   0   0   0     0.000    -0.025     0.019     0.011     0.027    -0.012     0.001
   7 0 0 0 1 1 1 1  18  12   4   0   0   0   0    49.857    46.826    22.039     0.000     0.000     0.000     0.000   0   0   0   0   0   0   0     0.000    -0.025     0.019     0.088     0.000    -0.026    -0.007
   7 0 0 0 1 1 1 1  23  17  16   0   0   0   0     5.850    58.081    54.219     0.000     0.000     0.000     0.000   0   0   0   0   0   0   0     0.000    -0.025     0.019    -0.003     0.002     0.011     0.005
   7 0 0 0 1 1 1 1  22  13   2   0   0   0   0     5.535    49.221    21.968     0.000     0.000     0.000     0.000   0   0   0   0   0   0   0     0.000    -0.025     0.019     0.011    -0.001    -0.136    -0.004
   7 0 0 0 1 1 1 1  15  21  12   0   0   0   0    51.691    65.896    50.021     0.000     0.000     0.000     0.000   0   0   0   0   0   0   0     0.000    -0.025     0.019     0.004    -0.011    -0.001     0.010
   7 0 0 0 1 1 1 1  26  12  11   0   0   0   0     5.906    49.830    51.007     0.000     0.000     0.000     0.000   0   0   0   0   0   0   0     0.000    -0.025     0.019    -0.004     0.002     0.017     0.000
   7 0 0 0 1 1 1 1  24  13  17   0   0   0   0     5.345    48.665    57.946     0.000     0.000     0.000     0.000   0   0   0   0   0   0   0     0.000    -0.025     0.019    -0.020    -0.001    -0.000     0.006
   7 0 0 0 1 1 1 1  24  16   0   0   0   0   0     5.720    58.827    20.818     0.000     0.000     0.000     0.000   0   0   0   0   0   0   0     0.000    -0.025     0.019    -0.005     0.005     0.011     0.033
   7 0 1 0 1 1 1 1  12  16  18   0   0   0   0    45.624    58.827    49.845     0.000     0.000     0.000     0.000   0   0   0   0   0   0   0     0.000    -0.042     0.019    -0.005     0.005    -0.001     0.020
   7 0 0 0 1 1 1 1  22  22   0   0   0   0   0     5.550     5.549    21.172     0.000     0.000     0.000     0.000   0   0   0   0   0   0   0     0.000    -0.042     0.019     0.000     0.053    -0.002    -0.035
   7 0 0 0 1 1 1 1  11   0  22   0   0   0   0    45.177    21.159     5.419     0.000     0.000     0.000     0.000   0   0   0   0   0   0   0     0.000    -0.042     0.019    -0.001    -0.065    -0.002     0.003
   7 0 0 0 1 1 1 1  32  15   2   0   0   0   0     4.345    50.679    23.195     0.000     0.000     0.000     0.000   0   0   0   0   0   0   0     0.000    -0.042     0.019    -0.012     0.002     0.020     0.004
   7 0 0 0 1 1 1 1  25  23  27   0   0   0   0     5.889     5.470     5.198     0.000     0.000     0.000     0.000   0   0   0   0   0   0   0     0.000    -0.042     0.019    -0.019     0.001     0.026     0.007
   7 0 0 0 1 1 1 1  12   4   6   0   0   0   0    50.432    22.359    19.368     0.000     0.000     0.000     0.000   0   0   0   0   0   0   0     0.000    -0.042     0.019    -0.007     0.001     0.013     0.003
   7 0 0 0 1 1 1 1  23   4   6   0   0   0   0     5.833    22.611    20.488     0.000     0.000     0.000     0.000   0   0   0   0   0   0   0     0.000    -0.042     0.019    -0.005     0.001     0.002     0.008
   7 0 0 0 1 1 1 1  32   0  11   0   0   0   0     3.967    21.165    52.837     0.000     0.000     0.000     0.000   0   0   0   0   0   0   0     0.000    -0.042     0.019    -0.003    -0.128     0.002    -0.018
   7 0 0 0 1 1 1 1  16  12  16   0   0   0   0    54.806    46.922    54.817     0.000     0.000     0.000     0.000   0   0   0   0   0   0   0     0.000    -0.042     0.019    -0.036    -0.003     0.167     0.001
   7 0 0 0 1 1 1 1  12   0  16   0   0   0   0    45.652    21.130    54.806     0.000     0.000     0.000     0.000   0   0   0   0   0   0   0     0.000    -0.042     0.019    -0.006    -0.023    -0.005     0.002
   7 0 0 0 1 1 1 1  24  22  26   0   0   0   0     5.345     5.549     5.766     0.000     0.000     0.000     0.000   0   0   0   0   0   0   0     0.000    -0.042     0.019    -0.001    -0.024    -0.003     0.003
   7 0 0 0 1 1 1 1  17   0  25   0   0   0   0    55.679    21.173     5.329     0.000     0.000     0.000     0.000   0   0   0   0   0   0   0     0.000    -0.042     0.019     0.035    -0.005    -0.017     0.001
   7 0 0 0 1 1 1 1  25  20  12   0   0   0   0     5.251    62.394    46.826     0.000     0.000     0.000     0.000   0   0   0   0   0   0   0     0.000    -0.042     0.019    -0.035    -0.009     0.159     0.000
   7 0 0 0 1 1 1 1  26  17  11   0   0   0   0     5.906    55.718    51.007     0.000     0.000     0.000     0.000   0   0   0   0   0   0   0     0.000    -0.042     0.019    -0.016    -0.000     0.014    -0.000
   7 0 0 0 1 1 1 1   2  21   2   0   0   0   0    23.230    65.737    23.300     0.000     0.000     0.000     0.000   0   0   0   0   0   0   0     0.000    -0.042     0.019     0.005    -0.001    -0.014     0.007
   7 0 0 0 1 1 1 1  29  21  28   0   0   0   0     5.818    66.496     5.661     0.000     0.000     0.000     0.000   0   0   0   0   0   0   0     0.000    -0.042     0.019    -0.008     0.002     0.006     0.024
   7 0 0 0 1 1 1 1   5   6  24   0   0   0   0    21.973    19.480     5.720     0.000     0.000     0.000     0.000   0   0   0   0   0   0   0     0.000    -0.042     0.019     0.009     0.021    -0.003     0.013
   7 0 0 0 1 1 1 1  22  22   0   0   0   0   0     5.550     5.549    21.172     0.000     0.000     0.000     0.000   0   0   0   0   0   0   0     0.000    -0.042     0.019     0.000     0.050    -0.002    -0.031
   7 0 0 0 1 1 1 1   6  20  24   0   0   0   0    19.343    62.386     5.324     0.000     0.000     0.000     0.000   0   0   0   0   0   0   0     0.000    -0.042     0.019     0.012     0.001    -0.006     0.000
   7 0 0 0 1 1 1 1  24  10   8   0   0   0   0     5.323    15.525    17.747     0.000     0.000     0.000     0.000   0   0   0   0   0   0   0     0.000    -0.042     0.019    -0.003    -0.120     0.007    -0.001
   7 0 0 0 1 1 1 1  22  22   0   0   0   0   0     5.550     5.549    21.172     0.000     0.000     0.000     0.000   0   0   0   0   0   0   0     0.000    -0.042     0.019     0.000     0.081    -0.004    -0.048
   7 0 0 0 1 1 1 1  18  12   4   0   0   0   0    49.847    46.826    22.039     0.000     0.000     0.000     0.000   0   0   0   0   0   0   0     0.000    -0.042     0.019     0.079     0.000    -0.021    -0.006
   7 0 0 0 1 1 1 1   2   6   2   0   0   0   0    23.230    20.442    23.300     0.000     0.000     0.000     0.000   0   0   0   0   0   0   0     0.000    -0.042     0.019    -0.001     0.004    -0.013     0.006
   7 0 0 0 1 1 1 1  14   2  15   0   0   0   0    40.752    23.195    50.679     0.000     0.000     0.000     0.000   0   0   0   0   0   0   0     0.000    -0.042     0.019     0.015     0.003    -0.011     0.002
   7 0 0 0 1 1 1 1  25  23  31   0   0   0   0     5.889     5.470     5.451     0.000     0.000     0.000     0.000   0   0   0   0   0   0   0     0.000    -0.042     0.019    -0.016     0.000    -0.004     0.012
   7 0 0 0 1 1 1 1   4  28   0   0   0   0   0    23.847     5.637    21.654     0.000     0.000     0.000     0.000   0   0   0   0   0   0   0     0.000    -0.042     0.019    -0.002     0.004     0.007     0.018
   7 0 0 0 1 1 1 1   6  20  23   0   0   0   0    19.343    62.386     5.831     0.000     0.000     0.000     0.000   0   0   0   0   0   0   0     0.000    -0.042     0.019     0.011     0.001    -0.002     0.003
   7 0 0 0 1 1 1 1   4   0  25   0   0   0   0    22.036    21.138     5.329     0.000     0.000     0.000     0.000   0   0   0   0   0   0   0     0.000    -0.042     0.019     0.008     0.034    -0.015     0.000
   7 0 0 0 1 1 1 1   8   5  30   0   0   0   0    17.737    22.383     5.297     0.000     0.000     0.000     0.000   0   0   0   0   0   0   0     0.000    -0.042     0.019     0.002     0.147    -0.019     0.000
   7 0 0 0 1 1 1 1  22  22   0   0   0   0   0     5.550     5.549    21.172     0.000     0.000     0.000     0.000   0   0   0   0   0   0   0     0.000    -0.042     0.019     0.000     0.044    -0.001    -0.029
   7 0 0 0 1 1 1 1  21  10  20   0   0   0   0    68.156    15.616    62.278     0.000     0.000     0.000     0.000   0   0   0   0   0   0   0     0.000    -0.042     0.019    -0.003     0.002     0.011     0.002
   7 0 0 0 1 1 1 1  32  21  18   0   0   0   0     4.345    66.725    42.628     0.000     0.000     0.000     0.000   0   0   0   0   0   0   0     0.000    -0.042     0.019    -0.007     0.002     0.003     0.016
   7 0 0 0 1 1 1 1  12   4  11   0   0   0   0    50.004    22.331    52.837     0.000     0.000     0.000     0.000   0   0   0   0   0   0   0     0.000    -0.042     0.019    -0.014    -0.000     0.006    -0.011
   7 0 0 0 1 1 1 1  18  26  20   0   0   0   0    49.613     5.906    62.396     0.000     0.000     0.000     0.000   0   0   0   0   0   0   0     0.000    -0.042     0.019     0.000     0.011     0.016    -0.008
   7 0 0 0 1 1 1 1   2  21   4   0   0   0   0    23.230    65.615    23.481     0.000     0.000     0.000     0.000   0   0   0   0   0   0   0     0.000    -0.042     0.019     0.005    -0.001     0.006    -0.012
   7 0 0 0 1 1 1 1  24  10  11   0   0   0   0     5.324    15.525    45.199     0.000     0.000     0.000     0.000   0   0   0   0   0   0   0     0.000    -0.042     0.019    -0.002    -0.113     0.040     0.002
   7 0 1 0 1 1 1 1  12  10  18   0   0   0   0    45.624    15.525    49.845     0.000     0.000     0.000     0.000   0   0   0   0   0   0   0     0.000    -0.034     0.019    -0.002    -0.113    -0.001     0.017
   7 0 1 0 1 1 1 1  12  10  20   0   0   0   0    45.624    15.525    62.396     0.000     0.000     0.000     0.000   0   0   0   0   0   0   0     0.000    -0.020     0.019    -0.002    -0.113     0.004    -0.001
   7 0 0 0 1 1 1 1   6  20  24   0   0   0   0    19.374    62.385     5.329     0.000     0.000     0.000     0.000   0   0   0   0   0   0   0     0.000    -0.020     0.019     0.010     0.001    -0.007     0.000
   7 0 0 0 1 1 1 1  17  17  17   0   0   0   0    56.123    55.900    56.224     0.000     0.000     0.000     0.000   0   0   0   0   0   0   0     0.000    -0.020     0.019     0.003     0.050    -0.107    -0.000
   7 0 0 0 1 1 1 1  22  22   0   0   0   0   0     5.550     5.549    21.172     0.000     0.000     0.000     0.000   0   0   0   0   0   0   0     0.000    -0.020     0.019     0.000     0.071    -0.003    -0.043
   7 0 1 0 1 1 1 1  12  22  16   0   0   0   0    45.624     5.549    54.806     0.000     0.000     0.000     0.000   0   0   0   0   0   0   0     0.000    -0.019     0.019     0.000     0.071    -0.004     0.002
   7 0 0 0 1 1 1 1   6  20  24   0   0   0   0    19.389    62.391     5.329     0.000     0.000     0.000     0.000   0   0   0   0   0   0   0     0.000    -0.019     0.019     0.008     0.001    -0.007     0.000
   7 0 0 0 1 1 1 1  17  14  25   0   0   0   0    55.679    39.275     5.329     0.000     0.000     0.000     0.000   0   0   0   0   0   0   0     0.000    -0.019     0.019    -0.005     0.028    -0.013     0.000
   7 0 0 0 1 1 1 1  12   4  11   0   0   0   0    50.004    22.331    52.837     0.000     0.000     0.000     0.000   0   0   0   0   0   0   0     0.000    -0.019     0.019    -0.013    -0.000     0.005    -0.010
   7 0 0 0 1 1 1 1  18  18   4   0   0   0   0    49.847    49.845    22.039     0.000     0.000     0.000     0.000   0   0   0   0   0   0   0     0.000    -0.019     0.019    -0.000     0.072    -0.018    -0.005
   7 0 0 0 1 1 1 1   2  10   2   0   0   0   0    23.230    15.616    23.300     0.000     0.000     0.000     0.000   0   0   0   0   0   0   0     0.000    -0.019     0.019    -0.001     0.003    -0.011     0.006
   7 0 0 0 1 1 1 1  23   0  23   0   0   0   0     5.432    21.145     5.502     0.000     0.000     0.000     0.000   0   0   0   0   0   0   0     0.000    -0.019     0.019     0.045     0.004    -0.012     0.001
   7 0 1 0 1 1 1 1  17   0  17   0   0   0   0    54.768    21.145    55.704     0.000     0.000     0.000     0.000   0   0   0   0   0   0   0     0.000     0.031     0.019     0.045     0.004    -0.026     0.001
   7 0 0 0 1 1 1 1  12   4  29   0   0   0   0    50.324    22.359     5.678     0.000     0.000     0.000     0.000   0   0   0   0   0   0   0     0.000     0.031     0.019    -0.005     0.001    -0.003     0.005
   7 0 0 0 1 1 1 1   6  20  24   0   0   0   0    19.389    62.393     5.329     0.000     0.000     0.000     0.000   0   0   0   0   0   0   0     0.000     0.031     0.019     0.007     0.001    -0.006     0.000
   7 0 0 0 1 1 1 1  17  17  17   0   0   0   0    56.123    55.900    56.224     0.000     0.000     0.000     0.000   0   0   0   0   0   0   0     0.000     0.031     0.019     0.003     0.046    -0.101    -0.000
   7 0 0 0 1 1 1 1  22  22   0   0   0   0   0     5.550     5.549    21.172     0.000     0.000     0.000     0.000   0   0   0   0   0   0   0     0.000     0.031     0.019     0.000     0.066    -0.003    -0.040
   7 0 0 0 1 1 1 1   4  28   0   0   0   0   0    23.847     5.637    21.654     0.000     0.000     0.000     0.000   0   0   0   0   0   0   0     0.000     0.031     0.019    -0.001     0.003     0.005     0.015
   7 0 1 0 1 1 1 1  13  28   8   0   0   0   0    45.611     5.637    18.666     0.000     0.000     0.000     0.000   0   0   0   0   0   0   0     0.000     0.011     0.019    -0.001     0.003     0.000    -0.011
   7 0 0 0 1 1 1 1  31   4   8   0   0   0   0     5.510    22.036    18.824     0.000     0.000     0.000     0.000   0   0   0   0   0   0   0     0.000     0.011     0.019     0.009    -0.002     0.016    -0.001
   7 0 0 0 1 1 1 1   5   4  29   0   0   0   0    21.973    22.432     5.579     0.000     0.000     0.000     0.000   0   0   0   0   0   0   0     0.000     0.011     0.019    -0.000     0.011    -0.008     0.001
   7 0 0 0 1 1 1 1  22  22   0   0   0   0   0     5.550     5.549    21.172     0.000     0.000     0.000     0.000   0   0   0   0   0   0   0     0.000     0.011     0.019     0.000     0.039    -0.000    -0.025
   7 0 0 0 1 1 1 1  23  27  16   0   0   0   0     5.831     5.401    54.219     0.000     0.000     0.000     0.000   0   0   0   0   0   0   0     0.000     0.011     0.019     0.000    -0.006     0.007     0.002
   7 0 0 0 1 1 1 1  14  10  15   0   0   0   0    40.752    16.033    50.679     0.000     0.000     0.000     0.000   0   0   0   0   0   0   0     0.000     0.011     0.019     0.010    -0.005    -0.008     0.001
   7 0 0 0 1 1 1 1   2  31   5   0   0   0   0    23.230     5.451    23.240     0.000     0.000     0.000     0.000   0   0   0   0   0   0   0     0.000     0.011     0.019    -0.001     0.010    -0.005    -0.019
   7 0 0 0 1 1 1 1   4  10   0   0   0   0   0    23.844    15.043    21.654     0.000     0.000     0.000     0.000   0   0   0   0   0   0   0     0.000     0.011     0.019     0.006    -0.001     0.005     0.014
   7 0 0 1 1 1 1 1   0  22   0   0   0   0   0    21.563     5.418    21.654     0.000     0.000     0.000     0.000   0   0   0   0   0   0   0     0.000     0.011     0.004    -0.003     0.001     0.005     0.014
   7 0 0 0 1 1 1 1  24  10  11   0   0   0   0     5.325    15.525    45.199     0.000     0.000     0.000     0.000   0   0   0   0   0   0   0     0.000     0.011     0.004    -0.002    -0.096     0.039     0.001
   7 0 0 0 1 1 1 1   8   5  18   0   0   0   0    17.737    22.383    49.796     0.000     0.000     0.000     0.000   0   0   0   0   0   0   0     0.000     0.011     0.004     0.001     0.132    -0.002    -0.031
   7 0 1 0 1 1 1 1  12   5  20   0   0   0   0    45.624    22.383    62.396     0.000     0.000     0.000     0.000   0   0   0   0   0   0   0     0.000    -0.016     0.004     0.001     0.132     0.003    -0.001
   7 0 0 1 1 1 1 1  26   8  20   0   0   0   0     5.985    18.666    62.396     0.000     0.000     0.000     0.000   0   0   0   0   0   0   0     0.000    -0.016     0.010     0.000    -0.009     0.003    -0.001
   7 0 0 0 1 1 1 1   7   0   3   0   0   0   0    19.934    21.093    22.160     0.000     0.000     0.000     0.000   0   0   0   0   0   0   0     0.000    -0.016     0.010    -0.004    -0.017     0.011    -0.001
   7 0 1 0 1 1 1 1  17   0  17   0   0   0   0    54.768    21.093    55.704     0.000     0.000     0.000     0.000   0   0   0   0   0   0   0     0.000     0.029     0.010    -0.004    -0.017    -0.023     0.000
   7 0 0 0 1 1 1 1  16  11  16   0   0   0   0    54.806    45.409    54.817     0.000     0.000     0.000     0.000   0   0   0   0   0   0   0     0.000     0.029     0.010    -0.016    -0.001     0.067     0.000
   7 0 0 0 1 1 1 1  11   0  22   0   0   0   0    45.177    21.159     5.419     0.000     0.000     0.000     0.000   0   0   0   0   0   0   0     0.000     0.029     0.010     0.001    -0.058    -0.001     0.002
   7 0 0 0 1 1 1 1  29  23  14   0   0   0   0     5.852     5.432    39.409     0.000     0.000     0.000     0.000   0   0   0   0   0   0   0     0.000     0.029     0.010     0.008    -0.002    -0.001     0.013
   7 0 1 0 1 1 1 1  12  23  18   0   0   0   0    45.624     5.432    49.845     0.000     0.000     0.000     0.000   0   0   0   0   0   0   0     0.000    -0.027     0.010     0.008    -0.002    -0.001     0.014
   7 0 0 0 1 1 1 1  18  12   4   0   0   0   0    49.847    46.826    22.039     0.000     0.000     0.000     0.000   0   0   0   0   0   0   0     0.000    -0.027     0.010     0.063    -0.000    -0.015    -0.004
   7 0 0 0 1 1 1 1  25  22  11   0   0   0   0     5.571     5.416    50.877     0.000     0.000     0.000     0.000   0   0   0   0   0   0   0     0.000    -0.027     0.010    -0.015    -0.001     0.002    -0.001
   7 0 0 0 1 1 1 1  32   0  11   0   0   0   0     3.967    21.165    45.199     0.000     0.000     0.000     0.000   0   0   0   0   0   0   0     0.000    -0.027     0.010    -0.001    -0.091     0.037     0.001
   7 0 0 1 1 1 1 1  23  17  11   0   0   0   0     5.925    56.123    45.199     0.000     0.000     0.000     0.000   0   0   0   0   0   0   0     0.000    -0.027     0.027    -0.013     0.001     0.037     0.001
   7 0 1 0 1 1 1 1  22  17  12   0   0   0   0     4.864    56.123    50.324     0.000     0.000     0.000     0.000   0   0   0   0   0   0   0     0.000     0.013     0.027    -0.013     0.001    -0.001     0.003
   7 0 0 0 1 1 1 1  23   0  16   0   0   0   0     5.834    21.173    54.219     0.000     0.000     0.000     0.000   0   0   0   0   0   0   0     0.000     0.013     0.027    -0.002     0.001     0.006     0.002
   7 0 0 0 1 1 1 1  17   0  32   0   0   0   0    55.668    21.173     3.967     0.000     0.000     0.000     0.000   0   0   0   0   0   0   0     0.000     0.013     0.027     0.027    -0.005    -0.008     0.001
   7 0 0 0 1 1 1 1   8   5  18   0   0   0   0    17.737    22.383    49.796     0.000     0.000     0.000     0.000   0   0   0   0   0   0   0     0.000     0.013     0.027     0.001     0.125    -0.001    -0.029
   7 0 1 0 1 1 1 1  12   5   3   0   0   0   0    45.624    22.383    22.234     0.000     0.000     0.000     0.000   0   0   0   0   0   0   0     0.000    -0.014     0.027     0.001     0.125     0.004    -0.000
   7 0 0 0 1 1 1 1  17   1  17   0   0   0   0    56.123    21.982    56.224     0.000     0.000     0.000     0.000   0   0   0   0   0   0   0     0.000    -0.014     0.027     0.023    -0.001    -0.055     0.000
   7 0 0 0 1 1 1 1  17  17  17   0   0   0   0    56.123    55.900    56.224     0.000     0.000     0.000     0.000   0   0   0   0   0   0   0     0.000    -0.014     0.027     0.002     0.043    -0.086    -0.000
   7 0 0 0 1 1 1 1  26  17  28   0   0   0   0     5.909    55.704     5.662     0.000     0.000     0.000     0.000   0   0   0   0   0   0   0     0.000    -0.014     0.027    -0.025    -0.000     0.005     0.023
   7 0 0 0 1 1 1 1  25  20  12   0   0   0   0     5.260    62.398    46.826     0.000     0.000     0.000     0.000   0   0   0   0   0   0   0     0.000    -0.014     0.027    -0.010    -0.002     0.060     0.000
   7 0 0 1 1 1 1 1  26   8  12   0   0   0   0     5.985    18.666    46.826     0.000     0.000     0.000     0.000   0   0   0   0   0   0   0     0.000    -0.014     0.009     0.000    -0.008     0.060     0.000
   7 0 0 0 1 1 1 1  11  20  24   0   0   0   0    52.837    62.393     5.315     0.000     0.000     0.000     0.000   0   0   0   0   0   0   0     0.000    -0.014     0.009     0.005    -0.001    -0.013    -0.005
   7 0 0 0 1 1 1 1  29  13   2   0   0   0   0     5.587    48.259    23.230     0.000     0.000     0.000     0.000   0   0   0   0   0   0   0     0.000    -0.014     0.009    -0.022    -0.001     0.002    -0.014
   7 0 0 0 1 1 1 1  26  17  24   0   0   0   0     5.919    55.718     5.488     0.000     0.000     0.000     0.000   0   0   0   0   0   0   0     0.000    -0.014     0.009    -0.010    -0.000     0.009     0.003
   7 0 0 1 1 1 1 1   0  21  24   0   0   0   0    21.563    66.952     5.488     0.000     0.000     0.000     0.000   0   0   0   0   0   0   0     0.000    -0.014     0.004    -0.002     0.001     0.009     0.003
   7 0 0 0 1 1 1 1   8  20   3   0   0   0   0    17.731    62.390    22.234     0.000     0.000     0.000     0.000   0   0   0   0   0   0   0     0.000    -0.014     0.004     0.013     0.000    -0.081    -0.001
   7 0 0 0 1 1 1 1  26   8   2   0   0   0   0     5.897    17.737    23.244     0.000     0.000     0.000     0.000   0   0   0   0   0   0   0     0.000    -0.014     0.004     0.002    -0.005     0.008    -0.013
   7 0 0 0 1 1 1 1   4   2   0   0   0   0   0    23.779    21.968    21.654     0.000     0.000     0.000     0.000   0   0   0   0   0   0   0     0.000    -0.014     0.004     0.001    -0.004     0.003     0.011
   7 0 0 0 1 1 1 1  23   1   6   0   0   0   0     5.831    21.855    20.484     0.000     0.000     0.000     0.000   0   0   0   0   0   0   0     0.000    -0.014     0.004    -0.005     0.000     0.001     0.004
   7 0 0 0 1 1 1 1   7   0   3   0   0   0   0    19.934    21.093    22.172     0.000     0.000     0.000     0.000   0   0   0   0   0   0   0     0.000    -0.014     0.004    -0.004    -0.015     0.009    -0.001
   7 0 0 0 1 1 1 1  24   5  11   0   0   0   0     5.316    21.985    45.177     0.000     0.000     0.000     0.000   0   0   0   0   0   0   0     0.000    -0.014     0.004     0.002    -0.009     0.119     0.001
   7 0 0 0 1 1 1 1  10   5  24   0   0   0   0    15.043    21.955     5.725     0.000     0.000     0.000     0.000   0   0   0   0   0   0   0     0.000    -0.014     0.004     0.000     0.007    -0.001     0.005
   7 0 0 0 1 1 1 1  11   0  11   0   0   0   0    45.177    21.159    45.239     0.000     0.000     0.000     0.000   0   0   0   0   0   0   0     0.000    -0.014     0.004     0.001    -0.052     0.011     0.000
   7 0 1 0 1 1 1 1   3   0  32   0   0   0   0    21.679    21.159     3.967     0.000     0.000     0.000     0.000   0   0   0   0   0   0   0     0.000     0.024     0.004     0.001    -0.052    -0.007     0.001
   7 0 0 0 1 1 1 1  24   4   0   0   0   0   0     5.725    22.331    20.818     0.000     0.000     0.000     0.000   0   0   0   0   0   0   0     0.000     0.024     0.004    -0.008     0.001     0.006     0.023
   7 0 0 0 1 1 1 1  25  20  12   0   0   0   0     5.260    62.394    46.826     0.000     0.000     0.000     0.000   0   0   0   0   0   0   0     0.000     0.024     0.004    -0.011    -0.003     0.057    -0.000
   7 0 0 1 1 1 1 1  26   6  12   0   0   0   0     5.985    20.636    46.826     0.000     0.000     0.000     0.000   0   0   0   0   0   0   0     0.000     0.024     0.009     0.000    -0.007     0.057    -0.000
   7 0 0 0 1 1 1 1   8  20  14   0   0   0   0    17.710    62.391    47.253     0.000     0.000     0.000     0.000   0   0   0   0   0   0   0     0.000     0.024     0.009     0.011     0.000    -0.001    -0.077
   7 0 0 0 1 1 1 1  24   1  11   0   0   0   0     5.316    21.867    45.177     0.000     0.000     0.000     0.000   0   0   0   0   0   0   0     0.000     0.024     0.009     0.002    -0.007     0.113     0.000
   7 0 0 0 1 1 1 1   0   2   0   0   0   0   0    21.489    21.968    21.654     0.000     0.000     0.000     0.000   0   0   0   0   0   0   0     0.000     0.024     0.009     0.001    -0.003     0.003     0.011
   7 0 0 0 1 1 1 1  11   0  11   0   0   0   0    45.177    21.159    45.239     0.000     0.000     0.000     0.000   0   0   0   0   0   0   0     0.000     0.024     0.009     0.001    -0.050     0.010     0.000
   7 0 0 0 1 1 1 1  31  11   8   0   0   0   0     5.510    50.515    18.804     0.000     0.000     0.000     0.000   0   0   0   0   0   0   0     0.000     0.024     0.009     0.001    -0.005     0.013    -0.000
   7 0 0 0 1 1 1 1   5   4  24   0   0   0   0    21.973    22.941     5.720     0.000     0.000     0.000     0.000   0   0   0   0   0   0   0     0.000     0.024     0.009     0.009     0.000    -0.002     0.008
   7 0 0 0 1 1 1 1  25  20  12   0   0   0   0     5.260    62.398    46.826     0.000     0.000     0.000     0.000   0   0   0   0   0   0   0     0.000     0.024     0.009    -0.008    -0.002     0.054    -0.000
   7 0 0 0 1 1 1 1  17   1  17   0   0   0   0    56.123    21.982    56.224     0.000     0.000     0.000     0.000   0   0   0   0   0   0   0     0.000     0.024     0.009     0.021    -0.001    -0.047     0.000
   7 0 0 0 1 1 1 1   0  20  19   0   0   0   0    21.084    62.611    65.967     0.000     0.000     0.000     0.000   0   0   0   0   0   0   0     0.000     0.024     0.009     0.019    -0.000    -0.004     0.001
   7 0 1 0 1 1 1 1  12  20  18   0   0   0   0    45.624    62.611    49.845     0.000     0.000     0.000     0.000   0   0   0   0   0   0   0     0.000    -0.021     0.009     0.019    -0.000    -0.000     0.013
   7 0 0 0 1 1 1 1   6   7  19   0   0   0   0    19.340    20.044    61.880     0.000     0.000     0.000     0.000   0   0   0   0   0   0   0     0.000    -0.021     0.009     0.001     0.005     0.001    -0.002
   7 0 0 0 1 1 1 1  11   0  10   0   0   0   0    45.177    21.159    15.043     0.000     0.000     0.000     0.000   0   0   0   0   0   0   0     0.000    -0.021     0.009     0.001    -0.045     0.004    -0.000
   7 0 0 0 1 1 1 1  20  18   2   0   0   0   0    60.491    42.628    22.755     0.000     0.000     0.000     0.000   0   0   0   0   0   0   0     0.000    -0.021     0.009     0.001     0.009     0.000    -0.013
   7 0 1 0 1 1 1 1  17  18  17   0   0   0   0    54.768    42.628    56.434     0.000     0.000     0.000     0.000   0   0   0   0   0   0   0     0.000     0.021     0.009     0.001     0.009    -0.006     0.001
   7 0 0 0 1 1 1 1  22  22   0   0   0   0   0     5.550     5.549    21.172     0.000     0.000     0.000     0.000   0   0   0   0   0   0   0     0.000     0.021     0.009     0.000     0.027     0.001    -0.021
   7 0 0 0 1 1 1 1  23   1   6   0   0   0   0     5.831    21.855    20.484     0.000     0.000     0.000     0.000   0   0   0   0   0   0   0     0.000     0.021     0.009    -0.005     0.000     0.001     0.004
   7 0 0 0 1 1 1 1   4   0  26   0   0   0   0    22.036    21.138     5.751     0.000     0.000     0.000     0.000   0   0   0   0   0   0   0     0.000     0.021     0.009     0.005     0.022    -0.014     0.000
   7 0 0 0 1 1 1 1  24   1  11   0   0   0   0     5.316    21.867    45.177     0.000     0.000     0.000     0.000   0   0   0   0   0   0   0     0.000     0.021     0.009     0.002    -0.006     0.107     0.000
   7 0 0 0 1 1 1 1  25  29   0   0   0   0   0     5.959     5.770    21.641     0.000     0.000     0.000     0.000   0   0   0   0   0   0   0     0.000     0.021     0.009    -0.001     0.002     0.003     0.010
   7 0 1 0 1 1 1 1  13  29   6   0   0   0   0    45.611     5.770    20.636     0.000     0.000     0.000     0.000   0   0   0   0   0   0   0     0.000     0.008     0.009    -0.001     0.002     0.000    -0.006
   7 0 0 0 1 1 1 1  23   0  23   0   0   0   0     5.432    21.145     5.502     0.000     0.000     0.000     0.000   0   0   0   0   0   0   0     0.000     0.008     0.009     0.032     0.002    -0.009     0.001
   7 0 0 0 1 1 1 1   2  31  11   0   0   0   0    23.230     5.451    51.580     0.000     0.000     0.000     0.000   0   0   0   0   0   0   0     0.000     0.008     0.009    -0.001     0.007    -0.005    -0.013
   7 0 0 0 1 1 1 1  10   5   4   0   0   0   0    15.043    21.955    23.779     0.000     0.000     0.000     0.000   0   0   0   0   0   0   0     0.000     0.008     0.009     0.000     0.006    -0.001     0.004
   7 0 0 0 1 1 1 1  10  10  11   0   0   0   0    15.616    15.612    51.512     0.000     0.000     0.000     0.000   0   0   0   0   0   0   0     0.000     0.008     0.009    -0.000    -0.043     0.002    -0.005
   7 0 0 0 1 1 1 1  20  10  18   0   0   0   0    60.491    16.033    48.233     0.000     0.000     0.000     0.000   0   0   0   0   0   0   0     0.000     0.008     0.009     0.007    -0.005    -0.007     0.001
   7 0 0 0 1 1 1 1   8   5   3   0   0   0   0    17.737    22.383    22.240     0.000     0.000     0.000     0.000   0   0   0   0   0   0   0     0.000     0.008     0.009     0.001     0.101    -0.037    -0.001
   7 0 0 0 1 1 1 1  24   4  24   0   0   0   0     5.725    22.359     5.729     0.000     0.000     0.000     0.000   0   0   0   0   0   0   0     0.000     0.008     0.009    -0.003     0.001     0.001     0.004
   7 0 0 0 1 1 1 1  29  22  11   0   0   0   0     5.738     5.415    50.877     0.000     0.000     0.000     0.000   0   0   0   0   0   0   0     0.000     0.008     0.009    -0.005     0.000     0.005     0.000
   7 0 0 0 1 1 1 1   0  20   4   0   0   0   0    21.084    62.611    22.337     0.000     0.000     0.000     0.000   0   0   0   0   0   0   0     0.000     0.008     0.009     0.017     0.000    -0.010    -0.000
   7 0 0 0 1 1 1 1  25   4  18   0   0   0   0     5.608    22.331    42.993     0.000     0.000     0.000     0.000   0   0   0   0   0   0   0     0.000     0.008     0.009    -0.009     0.000    -0.009     0.003
   7 0 0 0 1 1 1 1  22  22   0   0   0   0   0     5.550     5.549    21.172     0.000     0.000     0.000     0.000   0   0   0   0   0   0   0     0.000     0.008     0.009     0.000     0.025     0.001    -0.019
   7 0 0 0 1 1 1 1  25  22  11   0   0   0   0     5.571     5.416    50.877     0.000     0.000     0.000     0.000   0   0   0   0   0   0   0     0.000     0.008     0.009    -0.012    -0.001     0.002    -0.001
   7 0 0 0 1 1 1 1   4   0  26   0   0   0   0    22.036    21.138     5.751     0.000     0.000     0.000     0.000   0   0   0   0   0   0   0     0.000     0.008     0.009     0.005     0.020    -0.012    -0.000
   7 0 0 0 1 1 1 1  22  22   0   0   0   0   0     5.550     5.549    21.172     0.000     0.000     0.000     0.000   0   0   0   0   0   0   0     0.000     0.008     0.009     0.000     0.043    -0.000    -0.028
   7 0 1 0 1 1 1 1  12  22  12   0   0   0   0    45.624     5.549    46.826     0.000     0.000     0.000     0.000   0   0   0   0   0   0   0     0.000    -0.010     0.009     0.000     0.043     0.006    -0.000
   7 0 0 0 1 1 1 1  17   1  17   0   0   0   0    56.123    21.982    56.224     0.000     0.000     0.000     0.000   0   0   0   0   0   0   0     0.000    -0.010     0.009     0.019    -0.001    -0.041     0.000
   7 0 0 0 1 1 1 1  17   1  17   0   0   0   0    56.123    21.982    56.224     0.000     0.000     0.000     0.000   0   0   0   0   0   0   0     0.000    -0.010     0.009     0.033    -0.000    -0.073     0.000
   7 0 1 0 1 1 1 1  17   1  17   0   0   0   0    54.768    21.982    56.434     0.000     0.000     0.000     0.000   0   0   0   0   0   0   0     0.000     0.019     0.009     0.033    -0.000    -0.005     0.001
   7 0 0 0 1 1 1 1  18  12  27   0   0   0   0    49.847    46.826     5.193     0.000     0.000     0.000     0.000   0   0   0   0   0   0   0     0.000     0.019     0.009     0.049    -0.000    -0.008    -0.002
   7 0 0 1 1 1 1 1   0  23  27   0   0   0   0    21.563     5.818     5.193     0.000     0.000     0.000     0.000   0   0   0   0   0   0   0     0.000     0.019     0.003    -0.001     0.002    -0.008    -0.002
   7 0 0 0 1 1 1 1  15   2   3   0   0   0   0    48.948    23.195    24.167     0.000     0.000     0.000     0.000   0   0   0   0   0   0   0     0.000     0.019     0.003     0.008     0.000     0.000    -0.010
   7 0 0 0 1 1 1 1   5   4  24   0   0   0   0    21.941    22.432     5.316     0.000     0.000     0.000     0.000   0   0   0   0   0   0   0     0.000     0.019     0.003    -0.000     0.014    -0.004     0.001
   7 0 0 0 1 1 1 1   6  11  16   0   0   0   0    19.340    44.656    55.619     0.000     0.000     0.000     0.000   0   0   0   0   0   0   0     0.000     0.019     0.003    -0.002     0.003     0.001    -0.002
   7 0 0 0 1 1 1 1   0  23  12   0   0   0   0    21.173     5.818    47.482     0.000     0.000     0.000     0.000   0   0   0   0   0   0   0     0.000     0.019     0.003    -0.002     0.001     0.012     0.001
   7 0 0 0 1 1 1 1  29  20  18   0   0   0   0     5.639    62.386    48.233     0.000     0.000     0.000     0.000   0   0   0   0   0   0   0     0.000     0.019     0.003     0.020    -0.003    -0.002     0.005
   7 0 0 0 1 1 1 1  18  12  18   0   0   0   0    49.845    46.856    49.847     0.000     0.000     0.000     0.000   0   0   0   0   0   0   0     0.000     0.019     0.003    -0.034    -0.000     0.094    -0.003
   7 0 0 0 1 1 1 1  25   2  11   0   0   0   0     5.959    21.968    49.513     0.000     0.000     0.000     0.000   0   0   0   0   0   0   0     0.000     0.019     0.003     0.001    -0.002     0.009     0.003
   7 0 0 0 1 1 1 1  17   1  17   0   0   0   0    56.123    21.982    56.224     0.000     0.000     0.000     0.000   0   0   0   0   0   0   0     0.000     0.019     0.003     0.018    -0.001    -0.038     0.000
   7 0 0 0 1 1 1 1  17   1  17   0   0   0   0    56.123    21.982    56.224     0.000     0.000     0.000     0.000   0   0   0   0   0   0   0     0.000     0.019     0.003     0.030    -0.000    -0.069     0.000
   7 0 0 0 1 1 1 1  18  12  18   0   0   0   0    49.845    46.856    49.847     0.000     0.000     0.000     0.000   0   0   0   0   0   0   0     0.000     0.019     0.003    -0.032    -0.000     0.090    -0.003
   7 0 0 0 1 1 1 1  18  26  20   0   0   0   0    49.613     5.906    62.396     0.000     0.000     0.000     0.000   0   0   0   0   0   0   0     0.000     0.019     0.003     0.000     0.005     0.012    -0.004
   7 0 0 0 1 1 1 1   5  21  10   0   0   0   0    21.974    68.298    15.616     0.000     0.000     0.000     0.000   0   0   0   0   0   0   0     0.000     0.019     0.003     0.007    -0.001    -0.001     0.001
   7 0 0 0 1 1 1 1  32  18  18   0   0   0   0     4.345    48.233    42.628     0.000     0.000     0.000     0.000   0   0   0   0   0   0   0     0.000     0.019     0.003    -0.005     0.001     0.000     0.009
   7 0 0 0 1 1 1 1  23  16  20   0   0   0   0     5.849    54.806    62.759     0.000     0.000     0.000     0.000   0   0   0   0   0   0   0     0.000     0.019     0.003    -0.008     0.001     0.010    -0.004
   7 0 1 0 1 1 1 1  12  16   3   0   0   0   0    45.624    54.806    22.234     0.000     0.000     0.000     0.000   0   0   0   0   0   0   0     0.000    -0.010     0.003    -0.008     0.001     0.003    -0.000
   7 0 0 0 1 1 1 1  17  17  17   0   0   0   0    56.123    55.813    56.224     0.000     0.000     0.000     0.000   0   0   0   0   0   0   0     0.000    -0.010     0.003    -0.001     0.017    -0.036     0.000
   7 0 0 0 1 1 1 1   4   0  26   0   0   0   0    22.040    21.138     5.751     0.000     0.000     0.000     0.000   0   0   0   0   0   0   0     0.000    -0.010     0.003     0.004     0.018    -0.012    -0.000
   7 0 1 0 1 1 1 1  12   0  18   0   0   0   0    45.624    21.138    49.845     0.000     0.000     0.000     0.000   0   0   0   0   0   0   0     0.000    -0.017     0.003     0.004     0.018    -0.000     0.011
   7 0 0 0 1 1 1 1  25  20  12   0   0   0   0     5.260    62.394    46.826     0.000     0.000     0.000     0.000   0   0   0   0   0   0   0     0.000    -0.017     0.003    -0.009    -0.002     0.045    -0.000
   7 0 0 0 1 1 1 1  11   0   6   0   0   0   0    45.177    21.159    19.288     0.000     0.000     0.000     0.000   0   0   0   0   0   0   0     0.000    -0.017     0.003     0.000    -0.035     0.005    -0.000
   7 0 0 0 1 1 1 1  23   0  12   0   0   0   0     5.432    21.145    46.826     0.000     0.000     0.000     0.000   0   0   0   0   0   0   0     0.000    -0.017     0.003     0.026     0.002    -0.013     0.000
   7 0 1 0 1 1 1 1  17   0  17   0   0   0   0    54.768    21.145    55.718     0.000     0.000     0.000     0.000   0   0   0   0   0   0   0     0.000     0.017     0.003     0.026     0.002    -0.011     0.000
   7 0 0 0 1 1 1 1   4   9  11   0   0   0   0    22.359    17.862    51.580     0.000     0.000     0.000     0.000   0   0   0   0   0   0   0     0.000     0.017     0.003     0.000    -0.008     0.001    -0.004
   7 0 1 0 1 1 1 1  13   9   6   0   0   0   0    45.611    17.862    20.636     0.000     0.000     0.000     0.000   0   0   0   0   0   0   0     0.000     0.007     0.003     0.000    -0.008     0.000    -0.005
   7 0 0 0 1 1 1 1  29  20  11   0   0   0   0     5.640    62.392    50.515     0.000     0.000     0.000     0.000   0   0   0   0   0   0   0     0.000     0.007     0.003     0.014    -0.003     0.006    -0.001
   7 0 0 0 1 1 1 1  29  11  18   0   0   0   0     5.742    50.182    42.993     0.000     0.000     0.000     0.000   0   0   0   0   0   0   0     0.000     0.007     0.003     0.000    -0.009    -0.007     0.004
   7 0 0 0 1 1 1 1  25  20  12   0   0   0   0     5.260    62.394    46.826     0.000     0.000     0.000     0.000   0   0   0   0   0   0   0     0.000     0.007     0.003    -0.008    -0.002     0.043    -0.000
   7 0 0 0 1 1 1 1   0  23  12   0   0   0   0    21.173     5.818    47.482     0.000     0.000     0.000     0.000   0   0   0   0   0   0   0     0.000     0.007     0.003    -0.002     0.001     0.010     0.001
   7 0 0 0 1 1 1 1  31   4  10   0   0   0   0     5.510    22.040    16.033     0.000     0.000     0.000     0.000   0   0   0   0   0   0   0     0.000     0.007     0.003     0.005    -0.001     0.008    -0.004
   7 0 0 0 1 1 1 1   5   0  20   0   0   0   0    21.941    21.133    62.397     0.000     0.000     0.000     0.000   0   0   0   0   0   0   0     0.000     0.007     0.003     0.001     0.014     0.002    -0.002
   7 0 0 0 1 1 1 1  13   5  13   0   0   0   0    48.015    23.070    48.259     0.000     0.000     0.000     0.000   0   0   0   0   0   0   0     0.000     0.007     0.003     0.006    -0.002    -0.005     0.000
   7 0 0 0 1 1 1 1   0  22   2   0   0   0   0    21.532     5.418    23.086     0.000     0.000     0.000     0.000   0   0   0   0   0   0   0     0.000     0.007     0.003    -0.002     0.001     0.002     0.003
   7 0 0 0 1 1 1 1  17   1  17   0   0   0   0    56.123    21.982    56.224     0.000     0.000     0.000     0.000   0   0   0   0   0   0   0     0.000     0.007     0.003     0.027    -0.001    -0.065     0.000
   7 0 0 0 1 1 1 1  14  11   0   0   0   0   0    47.253    45.239    21.159     0.000     0.000     0.000     0.000   0   0   0   0   0   0   0     0.000     0.007     0.003    -0.029    -0.000    -0.001     0.084
   7 0 0 0 1 1 1 1  23   0  13   0   0   0   0     5.835    21.094    48.015     0.000     0.000     0.000     0.000   0   0   0   0   0   0   0     0.000     0.007     0.003    -0.004     0.000     0.005     0.002
   7 0 0 0 1 1 1 1  11   0  11   0   0   0   0    45.177    21.159    45.239     0.000     0.000     0.000     0.000   0   0   0   0   0   0   0     0.000     0.007     0.003     0.000    -0.033     0.009     0.000
   7 0 0 0 1 1 1 1  15   2   3   0   0   0   0    48.948    23.195    24.167     0.000     0.000     0.000     0.000   0   0   0   0   0   0   0     0.000     0.007     0.003     0.007     0.000     0.000    -0.009
   7 0 1 0 1 1 1 1  12   2  18   0   0   0   0    45.624    23.195    49.845     0.000     0.000     0.000     0.000   0   0   0   0   0   0   0     0.000    -0.015     0.003     0.007     0.000    -0.000     0.009
   7 0 0 0 1 1 1 1  18  28  18   0   0   0   0    49.796     5.637    49.845     0.000     0.000     0.000     0.000   0   0   0   0   0   0   0     0.000    -0.015     0.003    -0.000     0.003    -0.013     0.001
   7 0 0 0 1 1 1 1  17   1  17   0   0   0   0    56.123    21.982    56.224     0.000     0.000     0.000     0.000   0   0   0   0   0   0   0     0.000    -0.015     0.003     0.015    -0.001    -0.031     0.000
   7 0 0 0 1 1 1 1  22  22   0   0   0   0   0     5.550     5.549    21.173     0.000     0.000     0.000     0.000   0   0   0   0   0   0   0     0.000    -0.015     0.003     0.000    -0.039     0.001     0.036
   7 0 0 0 1 1 1 1  24   4   0   0   0   0   0     5.720    22.331    20.818     0.000     0.000     0.000     0.000   0   0   0   0   0   0   0     0.000    -0.015     0.003    -0.006     0.001     0.004     0.015
   7 0 0 0 1 1 1 1   4   6   0   0   0   0   0    23.847    19.345    21.654     0.000     0.000     0.000     0.000   0   0   0   0   0   0   0     0.000    -0.015     0.003     0.002    -0.001     0.003     0.007
   7 0 0 0 1 1 1 1  21   6  20   0   0   0   0    68.158    20.386    62.278     0.000     0.000     0.000     0.000   0   0   0   0   0   0   0     0.000    -0.015     0.003    -0.001     0.001     0.007     0.001
   7 0 0 0 1 1 1 1  29  11  10   0   0   0   0     5.855    50.515    16.033     0.000     0.000     0.000     0.000   0   0   0   0   0   0   0     0.000    -0.015     0.003     0.001    -0.003     0.008    -0.004
