  276
   1 1   0     0.000   0     4.906
   1 1   0     0.000   0     5.579
   1 1   0     0.000   0     5.828
   1 1   0     0.000   0     6.087
   7 0 0 0 1 1 1 1  27   0  26   0   0   0   0     5.183    21.712     5.818     0.000     0.000     0.000     0.000   0   0   0   0   0   0   0     0.000     0.000     0.000     0.365    -0.001    -0.093    -0.030
   7 0 0 0 1 1 1 1  25   0  11   0   0   0   0     5.915    21.161    50.502     0.000     0.000     0.000     0.000   0   0   0   0   0   0   0     0.000     0.000     0.000    -0.104    -0.017     0.087     0.038
   7 0 0 0 1 1 1 1  26   6  28   0   0   0   0     5.844    20.153     5.644     0.000     0.000     0.000     0.000   0   0   0   0   0   0   0     0.000     0.000     0.000    -0.102    -0.030     0.014     0.064
   7 0 0 0 1 1 1 1  23   1  28   0   0   0   0     5.588    22.383     5.598     0.000     0.000     0.000     0.000   0   0   0   0   0   0   0     0.000     0.000     0.000    -0.232    -0.022     0.068     0.124
   7 0 0 0 1 1 1 1  27   0  26   0   0   0   0     5.183    21.712     5.818     0.000     0.000     0.000     0.000   0   0   0   0   0   0   0     0.000     0.000     0.000     0.338    -0.001    -0.085    -0.027
   7 0 0 0 1 1 1 1  25   0  11   0   0   0   0     5.915    21.161    50.502     0.000     0.000     0.000     0.000   0   0   0   0   0   0   0     0.000     0.000     0.000    -0.095    -0.015     0.079     0.035
   7 0 0 0 1 1 1 1  26   6  28   0   0   0   0     5.844    20.153     5.644     0.000     0.000     0.000     0.000   0   0   0   0   0   0   0     0.000     0.000     0.000    -0.095    -0.028     0.013     0.060
   7 0 0 0 1 1 1 1  23   1  29   0   0   0   0     5.540    22.383     5.763     0.000     0.000     0.000     0.000   0   0   0   0   0   0   0     0.000     0.000     0.000    -0.439    -0.020     0.018     0.103
   7 0 0 0 1 1 1 1  27   0   0   0   0   0   0     5.183    21.712    21.639     0.000     0.000     0.000     0.000   0   0   0   0   0   0   0     0.000     0.000     0.000     0.312    -0.001    -0.046     0.000
   7 0 0 0 1 1 1 1  25   3  11   0   0   0   0     5.915    22.915    50.502     0.000     0.000     0.000     0.000   0   0   0   0   0   0   0     0.000     0.000     0.000    -0.096    -0.022     0.072     0.032
   7 0 0 0 1 1 1 1  26   6  28   0   0   0   0     5.844    20.153     5.644     0.000     0.000     0.000     0.000   0   0   0   0   0   0   0     0.000     0.000     0.000    -0.089    -0.025     0.012     0.055
   7 0 0 0 1 1 1 1  23   1  29   0   0   0   0     5.540    22.383     5.763     0.000     0.000     0.000     0.000   0   0   0   0   0   0   0     0.000     0.000     0.000    -0.406    -0.018     0.017     0.094
   7 0 0 0 1 1 1 1  27   0  24   0   0   0   0     5.183    21.712     5.275     0.000     0.000     0.000     0.000   0   0   0   0   0   0   0     0.000     0.000     0.000     0.289    -0.001    -0.098    -0.024
   7 0 0 0 1 1 1 1  17   3  11   0   0   0   0    58.630    22.915    50.351     0.000     0.000     0.000     0.000   0   0   0   0   0   0   0     0.000     0.000     0.000    -0.088    -0.022     0.065     0.026
   7 0 0 0 1 1 1 1  26   6  28   0   0   0   0     5.844    20.153     5.644     0.000     0.000     0.000     0.000   0   0   0   0   0   0   0     0.000     0.000     0.000    -0.083    -0.023     0.010     0.051
   7 0 0 0 1 1 1 1  23  17  29   0   0   0   0     5.540    59.390     5.763     0.000     0.000     0.000     0.000   0   0   0   0   0   0   0     0.000     0.000     0.000    -0.039    -0.534     0.015     0.085
   7 0 0 0 1 1 1 1  27   0  24   0   0   0   0     5.183    21.712     5.275     0.000     0.000     0.000     0.000   0   0   0   0   0   0   0     0.000     0.000     0.000     0.267    -0.001    -0.091    -0.022
   7 0 0 0 1 1 1 1  25   2  23   0   0   0   0     5.808    22.020     5.588     0.000     0.000     0.000     0.000   0   0   0   0   0   0   0     0.000     0.000     0.000    -0.118    -0.048     0.054    -0.001
   7 0 0 0 1 1 1 1  26   6  28   0   0   0   0     5.844    20.153     5.644     0.000     0.000     0.000     0.000   0   0   0   0   0   0   0     0.000     0.000     0.000    -0.078    -0.021     0.009     0.047
   7 0 0 0 1 1 1 1  23  17  28   0   0   0   0     5.540    59.390     5.607     0.000     0.000     0.000     0.000   0   0   0   0   0   0   0     0.000     0.000     0.000    -0.035    -0.508     0.030     0.086
   7 0 0 0 1 1 1 1  27   0   0   0   0   0   0     5.183    21.712    21.639     0.000     0.000     0.000     0.000   0   0   0   0   0   0   0     0.000     0.000     0.000     0.247    -0.001    -0.036     0.004
   7 0 0 0 1 1 1 1  25   2  23   0   0   0   0     5.772    22.020     5.588     0.000     0.000     0.000     0.000   0   0   0   0   0   0   0     0.000     0.000     0.000    -0.110    -0.046     0.049    -0.002
   7 0 0 0 1 1 1 1  26  20  28   0   0   0   0     5.844    62.390     5.644     0.000     0.000     0.000     0.000   0   0   0   0   0   0   0     0.000     0.000     0.000    -0.016    -0.065     0.009     0.044
   7 0 0 0 1 1 1 1  23  17  28   0   0   0   0     5.540    59.390     5.624     0.000     0.000     0.000     0.000   0   0   0   0   0   0   0     0.000     0.000     0.000    -0.032    -0.482     0.037     0.090
   7 0 0 0 1 1 1 1  27   0  24   0   0   0   0     5.183    21.712     5.275     0.000     0.000     0.000     0.000   0   0   0   0   0   0   0     0.000     0.000     0.000     0.229    -0.001    -0.083    -0.017
   7 0 0 0 1 1 1 1  25   2  25   0   0   0   0     5.772    22.020     5.963     0.000     0.000     0.000     0.000   0   0   0   0   0   0   0     0.000     0.000     0.000    -0.103    -0.042     0.002     0.047
   7 0 0 0 1 1 1 1  26   6  29   0   0   0   0     5.844    20.153     5.834     0.000     0.000     0.000     0.000   0   0   0   0   0   0   0     0.000     0.000     0.000    -0.068    -0.017     0.004     0.028
   7 0 0 0 1 1 1 1  23   1   1   0   0   0   0     5.540    22.383    21.712     0.000     0.000     0.000     0.000   0   0   0   0   0   0   0     0.000     0.000     0.000    -0.332    -0.007     0.002     0.063
   7 0 0 0 1 1 1 1  25  24   0   0   0   0   0     6.024     5.275    21.712     0.000     0.000     0.000     0.000   0   0   0   0   0   0   0     0.000     0.000     0.000    -0.077    -0.024     0.483     0.004
   7 0 0 0 1 1 1 1  25   2  31   0   0   0   0     5.772    22.020     5.508     0.000     0.000     0.000     0.000   0   0   0   0   0   0   0     0.000     0.000     0.000    -0.096    -0.038     0.039    -0.004
   7 0 1 0 1 1 1 1  31   2  12   0   0   0   0     5.386    22.020    49.280     0.000     0.000     0.000     0.000   0   0   0   0   0   0   0     0.000    -0.057     0.000    -0.096    -0.038     0.018    -0.009
   7 0 0 0 1 1 1 1  23  17  28   0   0   0   0     5.540    59.390     5.624     0.000     0.000     0.000     0.000   0   0   0   0   0   0   0     0.000    -0.057     0.000    -0.025    -0.442     0.029     0.076
   7 0 0 0 1 1 1 1  25  24   0   0   0   0   0     6.024     5.275    21.712     0.000     0.000     0.000     0.000   0   0   0   0   0   0   0     0.000    -0.057     0.000    -0.072    -0.022     0.459     0.003
   7 0 0 0 1 1 1 1  25   2  25   0   0   0   0     5.772    22.020     6.024     0.000     0.000     0.000     0.000   0   0   0   0   0   0   0     0.000    -0.057     0.000    -0.089    -0.034     0.006     0.044
   7 0 0 0 1 1 1 1  31   4  12   0   0   0   0     5.386    22.417    49.280     0.000     0.000     0.000     0.000   0   0   0   0   0   0   0     0.000    -0.057     0.000    -0.015    -0.060     0.016    -0.008
   7 0 0 0 1 1 1 1  23  17  28   0   0   0   0     5.540    59.390     5.607     0.000     0.000     0.000     0.000   0   0   0   0   0   0   0     0.000    -0.057     0.000    -0.022    -0.420     0.018     0.061
   7 0 0 0 1 1 1 1  25  23   0   0   0   0   0     6.024     5.752    21.712     0.000     0.000     0.000     0.000   0   0   0   0   0   0   0     0.000    -0.057     0.000    -0.036    -0.006     0.436     0.003
   7 0 0 0 1 1 1 1  17   2  25   0   0   0   0    58.630    22.055     6.024     0.000     0.000     0.000     0.000   0   0   0   0   0   0   0     0.000    -0.057     0.000    -0.057    -0.013     0.015     0.040
   7 0 0 0 1 1 1 1  31   6  29   0   0   0   0     5.386    20.202     5.844     0.000     0.000     0.000     0.000   0   0   0   0   0   0   0     0.000    -0.057     0.000    -0.056    -0.014    -0.002     0.024
   7 0 0 0 1 1 1 1  23  17  11   0   0   0   0     5.540    59.390    53.206     0.000     0.000     0.000     0.000   0   0   0   0   0   0   0     0.000    -0.057     0.000    -0.020    -0.399     0.048    -0.002
   7 0 0 0 1 1 1 1  25  24   0   0   0   0   0     6.024     5.275    21.712     0.000     0.000     0.000     0.000   0   0   0   0   0   0   0     0.000    -0.057     0.000    -0.065    -0.017     0.414     0.003
   7 0 0 0 1 1 1 1  25   2  25   0   0   0   0     5.772    22.020     5.963     0.000     0.000     0.000     0.000   0   0   0   0   0   0   0     0.000    -0.057     0.000    -0.080    -0.028     0.001     0.032
   7 0 0 0 1 1 1 1  26  15  11   0   0   0   0     5.844    51.819    50.977     0.000     0.000     0.000     0.000   0   0   0   0   0   0   0     0.000    -0.057     0.000    -0.013    -0.052     0.001     0.026
   7 0 0 0 1 1 1 1  30  15   0   0   0   0   0     5.384    53.022    21.407     0.000     0.000     0.000     0.000   0   0   0   0   0   0   0     0.000    -0.057     0.000    -0.215     0.021     0.040    -0.001
   7 0 0 0 1 1 1 1  25  12   0   0   0   0   0     6.024    48.061    21.712     0.000     0.000     0.000     0.000   0   0   0   0   0   0   0     0.000    -0.057     0.000    -0.055    -0.015     0.393     0.002
   7 0 0 0 1 1 1 1  25   0  25   0   0   0   0     5.736    21.092     5.915     0.000     0.000     0.000     0.000   0   0   0   0   0   0   0     0.000    -0.057     0.000    -0.030    -0.086    -0.005     0.027
   7 0 0 0 1 1 1 1  13  26  11   0   0   0   0    47.703     5.916    49.344     0.000     0.000     0.000     0.000   0   0   0   0   0   0   0     0.000    -0.057     0.000     0.007     0.017    -0.094    -0.002
   7 0 0 0 1 1 1 1  30  15   0   0   0   0   0     5.384    53.022    21.407     0.000     0.000     0.000     0.000   0   0   0   0   0   0   0     0.000    -0.057     0.000    -0.198     0.019     0.036    -0.001
   7 0 0 0 1 1 1 1  25  24   0   0   0   0   0     6.024     5.275    21.712     0.000     0.000     0.000     0.000   0   0   0   0   0   0   0     0.000    -0.057     0.000    -0.058    -0.014     0.374     0.002
   7 0 0 0 1 1 1 1  25   0  25   0   0   0   0     5.736    21.092     6.024     0.000     0.000     0.000     0.000   0   0   0   0   0   0   0     0.000    -0.057     0.000    -0.027    -0.082     0.002     0.031
   7 0 0 0 1 1 1 1  13  26  11   0   0   0   0    47.703     5.916    49.344     0.000     0.000     0.000     0.000   0   0   0   0   0   0   0     0.000    -0.057     0.000     0.006     0.015    -0.087    -0.002
   7 0 0 0 1 1 1 1  30  11   0   0   0   0   0     5.384    50.351    21.310     0.000     0.000     0.000     0.000   0   0   0   0   0   0   0     0.000    -0.057     0.000    -0.205     0.004     0.033     0.000
   7 0 0 0 1 1 1 1  25  20   0   0   0   0   0     6.024    62.714    21.712     0.000     0.000     0.000     0.000   0   0   0   0   0   0   0     0.000    -0.057     0.000    -0.009    -0.038     0.355     0.002
   7 0 0 0 1 1 1 1  17   2  31   0   0   0   0    58.630    22.020     5.466     0.000     0.000     0.000     0.000   0   0   0   0   0   0   0     0.000    -0.057     0.000    -0.067    -0.015     0.013     0.045
   7 0 0 0 1 1 1 1  26  20  11   0   0   0   0     5.844    62.390    50.977     0.000     0.000     0.000     0.000   0   0   0   0   0   0   0     0.000    -0.057     0.000    -0.010    -0.038     0.000     0.023
   7 0 0 0 1 1 1 1  23   1  28   0   0   0   0     5.576    22.383     5.634     0.000     0.000     0.000     0.000   0   0   0   0   0   0   0     0.000    -0.057     0.000    -0.157     0.004     0.018     0.060
   7 0 0 0 1 1 1 1  27   0  12   0   0   0   0     5.183    21.712    48.707     0.000     0.000     0.000     0.000   0   0   0   0   0   0   0     0.000    -0.057     0.000     0.147    -0.002    -0.038    -0.003
   7 0 0 0 1 1 1 1  25   0  25   0   0   0   0     5.736    21.092     6.024     0.000     0.000     0.000     0.000   0   0   0   0   0   0   0     0.000    -0.057     0.000    -0.023    -0.074     0.002     0.026
   7 0 0 0 1 1 1 1  13  14  11   0   0   0   0    47.703    39.850    49.344     0.000     0.000     0.000     0.000   0   0   0   0   0   0   0     0.000    -0.057     0.000     0.013     0.004    -0.080    -0.001
   7 0 0 0 1 1 1 1  29  17  28   0   0   0   0     5.735    59.390     5.645     0.000     0.000     0.000     0.000   0   0   0   0   0   0   0     0.000    -0.057     0.000    -0.008    -0.340     0.016     0.057
   7 0 0 0 1 1 1 1   0   0   0   0   0   0   0    21.608    21.109    21.712     0.000     0.000     0.000     0.000   0   0   0   0   0   0   0     0.000    -0.057     0.000    -0.003    -0.035     0.330     0.004
   7 0 0 0 1 1 1 1  25   0  17   0   0   0   0     5.726    21.092    59.390     0.000     0.000     0.000     0.000   0   0   0   0   0   0   0     0.000    -0.057     0.000    -0.022    -0.071     0.004     0.031
   7 0 0 0 1 1 1 1  26   6  28   0   0   0   0     5.844    20.153     5.644     0.000     0.000     0.000     0.000   0   0   0   0   0   0   0     0.000    -0.057     0.000    -0.037    -0.010     0.002     0.032
   7 0 0 0 1 1 1 1  23  17  28   0   0   0   0     5.540    59.390     5.624     0.000     0.000     0.000     0.000   0   0   0   0   0   0   0     0.000    -0.057     0.000    -0.007    -0.323     0.011     0.044
   7 0 0 0 1 1 1 1   0   0  11   0   0   0   0    21.608    21.109    48.580     0.000     0.000     0.000     0.000   0   0   0   0   0   0   0     0.000    -0.057     0.000    -0.003    -0.032     0.004     0.313
   7 0 0 0 1 1 1 1  25   2  31   0   0   0   0     5.915    21.643     5.466     0.000     0.000     0.000     0.000   0   0   0   0   0   0   0     0.000    -0.057     0.000    -0.067    -0.013     0.010     0.050
   7 0 0 0 1 1 1 1  13  26  11   0   0   0   0    47.703     5.916    49.344     0.000     0.000     0.000     0.000   0   0   0   0   0   0   0     0.000    -0.057     0.000     0.005     0.012    -0.074    -0.001
   7 0 0 0 1 1 1 1  30  15  17   0   0   0   0     5.384    53.022    57.008     0.000     0.000     0.000     0.000   0   0   0   0   0   0   0     0.000    -0.057     0.000    -0.146     0.015     0.049     0.008
   7 0 0 0 1 1 1 1   0  23   0   0   0   0   0    21.608     5.752    21.712     0.000     0.000     0.000     0.000   0   0   0   0   0   0   0     0.000    -0.057     0.000    -0.026     0.002     0.298     0.004
   7 0 0 0 1 1 1 1  25   0   0   0   0   0   0     5.706    21.046    21.608     0.000     0.000     0.000     0.000   0   0   0   0   0   0   0     0.000    -0.057     0.000    -0.020    -0.064    -0.002     0.020
   7 0 0 0 1 1 1 1  29   0  11   0   0   0   0     5.844    21.712    50.977     0.000     0.000     0.000     0.000   0   0   0   0   0   0   0     0.000    -0.057     0.000    -0.016     0.009     0.003     0.029
   7 0 0 0 1 1 1 1  30  11  17   0   0   0   0     5.384    50.351    57.008     0.000     0.000     0.000     0.000   0   0   0   0   0   0   0     0.000    -0.057     0.000    -0.153     0.005     0.045     0.007
   7 0 0 0 1 1 1 1   0   0  11   0   0   0   0    21.608    21.109    48.580     0.000     0.000     0.000     0.000   0   0   0   0   0   0   0     0.000    -0.057     0.000    -0.002    -0.027     0.003     0.283
   7 0 0 0 1 1 1 1  25   2   2   0   0   0   0     5.808    21.785    22.996     0.000     0.000     0.000     0.000   0   0   0   0   0   0   0     0.000    -0.057     0.000    -0.061    -0.014     0.026     0.004
   7 0 0 0 1 1 1 1  26  13  11   0   0   0   0     5.818    50.444    50.977     0.000     0.000     0.000     0.000   0   0   0   0   0   0   0     0.000    -0.057     0.000    -0.011    -0.031    -0.003     0.018
   7 0 0 0 1 1 1 1  17   6   0   0   0   0   0    59.390    20.127    21.485     0.000     0.000     0.000     0.000   0   0   0   0   0   0   0     0.000    -0.057     0.000    -0.050     0.014     0.013    -0.292
   7 0 0 0 1 1 1 1   0  20  11   0   0   0   0    21.608    62.714    48.580     0.000     0.000     0.000     0.000   0   0   0   0   0   0   0     0.000    -0.057     0.000    -0.004    -0.032     0.003     0.269
   7 0 0 0 1 1 1 1  25   2  31   0   0   0   0     5.944    21.643     5.466     0.000     0.000     0.000     0.000   0   0   0   0   0   0   0     0.000    -0.057     0.000    -0.058    -0.010     0.006     0.060
   7 0 0 0 1 1 1 1  13   1  11   0   0   0   0    47.703    22.313    49.344     0.000     0.000     0.000     0.000   0   0   0   0   0   0   0     0.000    -0.057     0.000     0.003     0.009    -0.067     0.000
   7 0 0 0 1 1 1 1  17  24  11   0   0   0   0    59.390     5.357    50.351     0.000     0.000     0.000     0.000   0   0   0   0   0   0   0     0.000    -0.057     0.000    -0.011     0.024    -0.277     0.012
   7 0 0 0 1 1 1 1   0  29  11   0   0   0   0    21.608     5.735    48.580     0.000     0.000     0.000     0.000   0   0   0   0   0   0   0     0.000    -0.057     0.000    -0.040    -0.006     0.003     0.255
   7 0 0 0 1 1 1 1   3   0  17   0   0   0   0    22.915    21.046    59.390     0.000     0.000     0.000     0.000   0   0   0   0   0   0   0     0.000    -0.057     0.000    -0.017    -0.055     0.001     0.023
   7 0 0 1 1 1 1 1  13  13  17   0   0   0   0    55.655    47.703    59.390     0.000     0.000     0.000     0.000   0   0   0   0   0   0   0     0.000    -0.057     0.030     0.007    -0.014     0.001     0.023
   7 0 0 0 1 1 1 1  17   6   0   0   0   0   0    59.390    20.127    21.485     0.000     0.000     0.000     0.000   0   0   0   0   0   0   0     0.000    -0.057     0.030    -0.046     0.012     0.011    -0.263
   7 0 0 0 1 1 1 1  22   0   0   0   0   0   0     4.893    21.712    21.109     0.000     0.000     0.000     0.000   0   0   0   0   0   0   0     0.000    -0.057     0.030     0.243     0.002     0.000    -0.022
   7 0 0 0 1 1 1 1   0   2   0   0   0   0   0    21.608    21.643    21.712     0.000     0.000     0.000     0.000   0   0   0   0   0   0   0     0.000    -0.057     0.030    -0.052    -0.007     0.091     0.005
   7 0 0 0 1 1 1 1  15  30   0   0   0   0   0    53.370     5.384    21.168     0.000     0.000     0.000     0.000   0   0   0   0   0   0   0     0.000    -0.057     0.030    -0.034     0.002     0.008     0.028
   7 0 0 0 1 1 1 1  17  24  11   0   0   0   0    59.390     5.357    50.351     0.000     0.000     0.000     0.000   0   0   0   0   0   0   0     0.000    -0.057     0.030    -0.010     0.020    -0.250     0.010
   7 0 0 0 1 1 1 1   0  29   0   0   0   0   0    21.608     5.735    21.712     0.000     0.000     0.000     0.000   0   0   0   0   0   0   0     0.000    -0.057     0.030    -0.036    -0.005     0.230     0.002
   7 0 0 0 1 1 1 1  14  27   2   0   0   0   0    44.277     5.183    21.643     0.000     0.000     0.000     0.000   0   0   0   0   0   0   0     0.000    -0.057     0.030     0.030     0.002    -0.049    -0.012
   7 0 0 0 1 1 1 1  15  17   2   0   0   0   0    53.022    59.390    21.919     0.000     0.000     0.000     0.000   0   0   0   0   0   0   0     0.000    -0.057     0.030    -0.000    -0.069     0.026     0.008
   7 0 0 0 1 1 1 1  17   6   0   0   0   0   0    59.390    20.127    21.485     0.000     0.000     0.000     0.000   0   0   0   0   0   0   0     0.000    -0.057     0.030    -0.042     0.010     0.009    -0.238
   7 0 0 0 1 1 1 1   0  20  11   0   0   0   0    21.608    62.714    48.580     0.000     0.000     0.000     0.000   0   0   0   0   0   0   0     0.000    -0.057     0.030    -0.002    -0.025     0.002     0.219
   7 0 0 0 1 1 1 1   3   0  17   0   0   0   0    22.834    21.046    59.390     0.000     0.000     0.000     0.000   0   0   0   0   0   0   0     0.000    -0.057     0.030    -0.014    -0.047     0.000     0.020
   7 0 0 0 1 1 1 1  15  17   2   0   0   0   0    53.022    59.390    21.919     0.000     0.000     0.000     0.000   0   0   0   0   0   0   0     0.000    -0.057     0.030    -0.000    -0.065     0.024     0.007
   7 0 0 0 1 1 1 1  17  24   0   0   0   0   0    59.390     5.357    21.485     0.000     0.000     0.000     0.000   0   0   0   0   0   0   0     0.000    -0.057     0.030    -0.009     0.017     0.008    -0.226
   7 0 0 0 1 1 1 1  22   0   0   0   0   0   0     4.893    21.712    21.109     0.000     0.000     0.000     0.000   0   0   0   0   0   0   0     0.000    -0.057     0.030     0.208     0.002     0.002    -0.019
   7 0 0 0 1 1 1 1   0   2   0   0   0   0   0    21.608    21.643    21.712     0.000     0.000     0.000     0.000   0   0   0   0   0   0   0     0.000    -0.057     0.030    -0.045    -0.006     0.084     0.003
   7 0 0 0 1 1 1 1  26   0  11   0   0   0   0     5.818    21.311    50.977     0.000     0.000     0.000     0.000   0   0   0   0   0   0   0     0.000    -0.057     0.030    -0.022    -0.007    -0.002     0.014
   7 0 0 0 1 1 1 1  17   6  11   0   0   0   0    59.390    20.127    50.351     0.000     0.000     0.000     0.000   0   0   0   0   0   0   0     0.000    -0.057     0.030    -0.039     0.008    -0.215     0.008
   7 0 0 0 1 1 1 1   0  29   0   0   0   0   0    21.608     5.735    21.712     0.000     0.000     0.000     0.000   0   0   0   0   0   0   0     0.000    -0.057     0.030    -0.032    -0.003     0.198     0.002
   7 0 0 0 1 1 1 1  14  17  14   0   0   0   0    45.168    59.390    47.590     0.000     0.000     0.000     0.000   0   0   0   0   0   0   0     0.000    -0.057     0.030     0.001     0.027    -0.011    -0.042
   7 0 0 0 1 1 1 1  13  26  11   0   0   0   0    47.703     5.916    49.344     0.000     0.000     0.000     0.000   0   0   0   0   0   0   0     0.000    -0.057     0.030     0.003     0.008    -0.054    -0.000
   7 0 0 0 1 1 1 1  17   6   0   0   0   0   0    59.390    20.127    21.485     0.000     0.000     0.000     0.000   0   0   0   0   0   0   0     0.000    -0.057     0.030    -0.036     0.007     0.007    -0.204
   7 0 0 0 1 1 1 1   0  13   0   0   0   0   0    21.608    54.426    21.712     0.000     0.000     0.000     0.000   0   0   0   0   0   0   0     0.000    -0.057     0.030    -0.002    -0.031     0.188     0.001
   7 0 0 0 1 1 1 1   0   3   0   0   0   0   0    21.608    22.720    21.712     0.000     0.000     0.000     0.000   0   0   0   0   0   0   0     0.000    -0.057     0.030    -0.034    -0.005     0.078     0.003
   7 0 0 0 1 1 1 1  13   1  29   0   0   0   0    47.703    22.313     5.735     0.000     0.000     0.000     0.000   0   0   0   0   0   0   0     0.000    -0.057     0.030     0.002     0.007    -0.039     0.002
   7 0 0 0 1 1 1 1  17  24  11   0   0   0   0    59.390     5.357    50.351     0.000     0.000     0.000     0.000   0   0   0   0   0   0   0     0.000    -0.057     0.030    -0.009     0.014    -0.194     0.006
   7 0 0 0 1 1 1 1  17  31   0   0   0   0   0    59.390     5.393    21.485     0.000     0.000     0.000     0.000   0   0   0   0   0   0   0     0.000    -0.057     0.030    -0.029     0.001    -0.010     0.178
   7 0 0 0 1 1 1 1   0   2   0   0   0   0   0    21.608    21.643    21.712     0.000     0.000     0.000     0.000   0   0   0   0   0   0   0     0.000    -0.057     0.030    -0.039    -0.005     0.074     0.003
   7 0 0 1 1 1 1 1  13  13   0   0   0   0   0    55.655    47.703    21.712     0.000     0.000     0.000     0.000   0   0   0   0   0   0   0     0.000    -0.057     0.021     0.005    -0.010     0.074     0.003
   7 0 0 0 1 1 1 1  17   6   0   0   0   0   0    59.390    20.127    21.485     0.000     0.000     0.000     0.000   0   0   0   0   0   0   0     0.000    -0.057     0.021    -0.033     0.006     0.006    -0.184
   7 0 0 0 1 1 1 1  17  12  11   0   0   0   0    59.390    48.049    50.351     0.000     0.000     0.000     0.000   0   0   0   0   0   0   0     0.000    -0.057     0.021    -0.028     0.001     0.169    -0.009
   7 0 0 0 1 1 1 1   0   2   0   0   0   0   0    21.608    21.643    21.712     0.000     0.000     0.000     0.000   0   0   0   0   0   0   0     0.000    -0.057     0.021    -0.037    -0.004     0.070     0.002
   7 0 0 0 1 1 1 1  15  17   0   0   0   0   0    53.022    59.390    21.168     0.000     0.000     0.000     0.000   0   0   0   0   0   0   0     0.000    -0.057     0.021     0.000    -0.057     0.006     0.020
   7 0 0 0 1 1 1 1  17  17   0   0   0   0   0    59.390    59.336    21.485     0.000     0.000     0.000     0.000   0   0   0   0   0   0   0     0.000    -0.057     0.021     0.000     0.047     0.005    -0.175
   7 0 0 0 1 1 1 1  17  20   0   0   0   0   0    59.390    62.390    21.485     0.000     0.000     0.000     0.000   0   0   0   0   0   0   0     0.000    -0.057     0.021     0.001    -0.026    -0.008     0.161
   7 0 0 0 1 1 1 1   3   2   0   0   0   0   0    22.834    21.785    21.608     0.000     0.000     0.000     0.000   0   0   0   0   0   0   0     0.000    -0.057     0.021    -0.035    -0.010    -0.001     0.011
   7 0 0 0 1 1 1 1  15  17   0   0   0   0   0    53.022    59.390    21.168     0.000     0.000     0.000     0.000   0   0   0   0   0   0   0     0.000    -0.057     0.021     0.000    -0.054     0.006     0.019
   7 0 0 0 1 1 1 1  17  17  11   0   0   0   0    59.390    59.336    50.351     0.000     0.000     0.000     0.000   0   0   0   0   0   0   0     0.000    -0.057     0.021     0.000     0.045    -0.166     0.005
   7 0 0 0 1 1 1 1  17  12   0   0   0   0   0    59.390    48.049    21.485     0.000     0.000     0.000     0.000   0   0   0   0   0   0   0     0.000    -0.057     0.021    -0.025     0.001    -0.007     0.153
   7 0 0 0 1 1 1 1   3   0  17   0   0   0   0    22.834    21.046    59.390     0.000     0.000     0.000     0.000   0   0   0   0   0   0   0     0.000    -0.057     0.021    -0.009    -0.033     0.000     0.015
   7 0 0 0 1 1 1 1  13  26  11   0   0   0   0    47.703     5.916    49.344     0.000     0.000     0.000     0.000   0   0   0   0   0   0   0     0.000    -0.057     0.021     0.002     0.006    -0.043     0.000
   7 0 0 0 1 1 1 1  23   2  11   0   0   0   0     5.662    22.996    50.725     0.000     0.000     0.000     0.000   0   0   0   0   0   0   0     0.000    -0.057     0.021    -0.058     0.001     0.000     0.034
   7 0 0 0 1 1 1 1  17  20   0   0   0   0   0    59.390    62.390    21.485     0.000     0.000     0.000     0.000   0   0   0   0   0   0   0     0.000    -0.057     0.021     0.001    -0.023    -0.007     0.145
   7 0 0 0 1 1 1 1  13   2   2   0   0   0   0    48.496    22.996    21.643     0.000     0.000     0.000     0.000   0   0   0   0   0   0   0     0.000    -0.057     0.021     0.066     0.001    -0.031    -0.005
   7 0 0 0 1 1 1 1  15  17   0   0   0   0   0    53.022    59.390    21.168     0.000     0.000     0.000     0.000   0   0   0   0   0   0   0     0.000    -0.057     0.021    -0.000    -0.049     0.005     0.017
   7 0 0 0 1 1 1 1  23   2  11   0   0   0   0     5.662    22.996    50.725     0.000     0.000     0.000     0.000   0   0   0   0   0   0   0     0.000    -0.057     0.021    -0.053     0.001     0.000     0.031
   7 0 0 0 1 1 1 1  17  12   0   0   0   0   0    59.390    48.049    21.485     0.000     0.000     0.000     0.000   0   0   0   0   0   0   0     0.000    -0.057     0.021    -0.023     0.001    -0.006     0.138
   7 0 0 0 1 1 1 1   2   2  17   0   0   0   0    22.032    21.643    59.390     0.000     0.000     0.000     0.000   0   0   0   0   0   0   0     0.000    -0.057     0.021    -0.030    -0.008     0.000     0.020
   7 0 0 0 1 1 1 1  13  26  29   0   0   0   0    47.703     5.916     5.735     0.000     0.000     0.000     0.000   0   0   0   0   0   0   0     0.000    -0.057     0.021     0.002     0.006    -0.030     0.002
   7 0 0 0 1 1 1 1  29  17  28   0   0   0   0     5.735    59.390     5.645     0.000     0.000     0.000     0.000   0   0   0   0   0   0   0     0.000    -0.057     0.021    -0.002    -0.152     0.001     0.030
   7 0 0 0 1 1 1 1  17  31   0   0   0   0   0    59.390     5.393    21.485     0.000     0.000     0.000     0.000   0   0   0   0   0   0   0     0.000    -0.057     0.021    -0.021     0.001    -0.006     0.131
   7 0 0 0 1 1 1 1  13   2   2   0   0   0   0    48.496    22.996    21.643     0.000     0.000     0.000     0.000   0   0   0   0   0   0   0     0.000    -0.057     0.021     0.061     0.001    -0.028    -0.005
   7 0 0 0 1 1 1 1  15  17   2   0   0   0   0    53.022    59.390    21.919     0.000     0.000     0.000     0.000   0   0   0   0   0   0   0     0.000    -0.057     0.021    -0.000    -0.045     0.016     0.005
   7 0 0 0 1 1 1 1  17  17   0   0   0   0   0    59.390    59.336    21.485     0.000     0.000     0.000     0.000   0   0   0   0   0   0   0     0.000    -0.057     0.021    -0.000     0.042     0.008    -0.145
   7 0 0 0 1 1 1 1  17  12   0   0   0   0   0    59.390    48.049    21.485     0.000     0.000     0.000     0.000   0   0   0   0   0   0   0     0.000    -0.057     0.021    -0.020     0.001    -0.005     0.124
   7 0 0 0 1 1 1 1   0   2  15   0   0   0   0    21.301    21.643    48.536     0.000     0.000     0.000     0.000   0   0   0   0   0   0   0     0.000    -0.057     0.021    -0.027    -0.004     0.001     0.058
   7 0 0 0 1 1 1 1  13   1   0   0   0   0   0    47.703    22.313    21.608     0.000     0.000     0.000     0.000   0   0   0   0   0   0   0     0.000    -0.057     0.021     0.001     0.005    -0.001    -0.043
   7 0 0 0 1 1 1 1  23   2  11   0   0   0   0     5.662    22.996    50.725     0.000     0.000     0.000     0.000   0   0   0   0   0   0   0     0.000    -0.057     0.021    -0.045     0.001     0.000     0.027
   7 0 0 0 1 1 1 1  17  24   0   0   0   0   0    59.390     5.345    21.485     0.000     0.000     0.000     0.000   0   0   0   0   0   0   0     0.000    -0.057     0.021    -0.014     0.002    -0.005     0.118
   7 0 0 0 1 1 1 1  13   2   2   0   0   0   0    48.496    22.996    21.643     0.000     0.000     0.000     0.000   0   0   0   0   0   0   0     0.000    -0.057     0.021     0.055     0.001    -0.026    -0.004
   7 0 0 0 1 1 1 1  28  13   0   0   0   0   0     5.645    47.703    21.220     0.000     0.000     0.000     0.000   0   0   0   0   0   0   0     0.000    -0.057     0.021     0.004    -0.008     0.004     0.015
   7 0 0 0 1 1 1 1  29  17  31   0   0   0   0     5.735    59.390     5.521     0.000     0.000     0.000     0.000   0   0   0   0   0   0   0     0.000    -0.057     0.021    -0.002    -0.135     0.002     0.028
   7 0 0 0 1 1 1 1  17  12   0   0   0   0   0    59.390    48.049    21.485     0.000     0.000     0.000     0.000   0   0   0   0   0   0   0     0.000    -0.057     0.021    -0.019     0.001    -0.004     0.112
   7 0 0 0 1 1 1 1  13   2   2   0   0   0   0    48.496    22.996    21.643     0.000     0.000     0.000     0.000   0   0   0   0   0   0   0     0.000    -0.057     0.021     0.053     0.001    -0.024    -0.004
   7 0 0 0 1 1 1 1  15  17   2   0   0   0   0    53.022    59.390    21.919     0.000     0.000     0.000     0.000   0   0   0   0   0   0   0     0.000    -0.057     0.021    -0.000    -0.040     0.014     0.005
   7 0 0 0 1 1 1 1  29  17  28   0   0   0   0     5.735    59.390     5.645     0.000     0.000     0.000     0.000   0   0   0   0   0   0   0     0.000    -0.057     0.021    -0.001    -0.128     0.001     0.024
   7 0 0 0 1 1 1 1  17  20   0   0   0   0   0    59.390    62.390    21.485     0.000     0.000     0.000     0.000   0   0   0   0   0   0   0     0.000    -0.057     0.021     0.001    -0.018    -0.004     0.107
   7 0 0 0 1 1 1 1   3   0  17   0   0   0   0    22.800    21.045    59.390     0.000     0.000     0.000     0.000   0   0   0   0   0   0   0     0.000    -0.057     0.021    -0.007    -0.023    -0.000     0.011
   7 0 0 0 1 1 1 1  15  17   0   0   0   0   0    53.022    59.390    21.168     0.000     0.000     0.000     0.000   0   0   0   0   0   0   0     0.000    -0.057     0.021    -0.000    -0.038     0.005     0.013
   7 0 0 0 1 1 1 1  29  17  31   0   0   0   0     5.735    59.390     5.521     0.000     0.000     0.000     0.000   0   0   0   0   0   0   0     0.000    -0.057     0.021    -0.001    -0.122     0.002     0.025
   7 0 0 0 1 1 1 1  17  12   0   0   0   0   0    59.390    48.687    21.485     0.000     0.000     0.000     0.000   0   0   0   0   0   0   0     0.000    -0.057     0.021    -0.012     0.002    -0.004     0.101
   7 0 0 0 1 1 1 1  20  17   2   0   0   0   0    62.099    59.390    21.643     0.000     0.000     0.000     0.000   0   0   0   0   0   0   0     0.000    -0.057     0.021     0.001     0.049    -0.022    -0.004
   7 0 0 0 1 1 1 1  26  24  11   0   0   0   0     5.844     5.575    50.977     0.000     0.000     0.000     0.000   0   0   0   0   0   0   0     0.000    -0.057     0.021    -0.010    -0.003    -0.001     0.009
   7 0 0 0 1 1 1 1  29  17  28   0   0   0   0     5.735    59.390     5.645     0.000     0.000     0.000     0.000   0   0   0   0   0   0   0     0.000    -0.057     0.021    -0.001    -0.116     0.001     0.021
   7 0 0 0 1 1 1 1  17  26   0   0   0   0   0    59.390     5.818    21.485     0.000     0.000     0.000     0.000   0   0   0   0   0   0   0     0.000    -0.057     0.021    -0.013     0.001    -0.003     0.096
   7 0 0 0 1 1 1 1   0   3   2   0   0   0   0    21.301    22.720    22.996     0.000     0.000     0.000     0.000   0   0   0   0   0   0   0     0.000    -0.057     0.021    -0.018    -0.003     0.047     0.001
   7 0 0 0 1 1 1 1  13  26  11   0   0   0   0    47.703     5.916    49.344     0.000     0.000     0.000     0.000   0   0   0   0   0   0   0     0.000    -0.057     0.021     0.001     0.005    -0.030    -0.000
   7 0 0 0 1 1 1 1  17  17   0   0   0   0   0    59.390    59.336    21.485     0.000     0.000     0.000     0.000   0   0   0   0   0   0   0     0.000    -0.057     0.021    -0.001     0.040     0.007    -0.110
   7 0 0 0 1 1 1 1  29  31  26   0   0   0   0     5.824     5.466     5.913     0.000     0.000     0.000     0.000   0   0   0   0   0   0   0     0.000    -0.057     0.021     0.003     0.060    -0.005    -0.021
   7 0 0 0 1 1 1 1  20  17   2   0   0   0   0    62.190    59.390    21.643     0.000     0.000     0.000     0.000   0   0   0   0   0   0   0     0.000    -0.057     0.021     0.001     0.045    -0.020    -0.004
   7 0 0 0 1 1 1 1  28  13   0   0   0   0   0     5.645    47.703    21.220     0.000     0.000     0.000     0.000   0   0   0   0   0   0   0     0.000    -0.057     0.021     0.003    -0.007     0.004     0.012
   7 0 0 0 1 1 1 1  17  17   0   0   0   0   0    59.390    59.336    21.485     0.000     0.000     0.000     0.000   0   0   0   0   0   0   0     0.000    -0.057     0.021    -0.001     0.038     0.006    -0.105
   7 0 0 0 1 1 1 1  17  30   0   0   0   0   0    59.390     5.384    21.485     0.000     0.000     0.000     0.000   0   0   0   0   0   0   0     0.000    -0.057     0.021    -0.016     0.001    -0.003     0.089
   7 0 0 0 1 1 1 1   0   2   2   0   0   0   0    21.300    21.643    22.996     0.000     0.000     0.000     0.000   0   0   0   0   0   0   0     0.000    -0.057     0.021    -0.019    -0.003     0.042     0.001
   7 0 0 0 1 1 1 1  15  17   8   0   0   0   0    53.022    59.390    17.188     0.000     0.000     0.000     0.000   0   0   0   0   0   0   0     0.000    -0.057     0.021    -0.000    -0.035     0.013     0.005
   7 0 0 0 1 1 1 1  23   2   3   0   0   0   0     5.662    22.996    22.834     0.000     0.000     0.000     0.000   0   0   0   0   0   0   0     0.000    -0.057     0.021    -0.033     0.001    -0.001     0.018
   7 0 0 0 1 1 1 1  17   2   0   0   0   0   0    59.390    22.242    21.485     0.000     0.000     0.000     0.000   0   0   0   0   0   0   0     0.000    -0.057     0.021     0.006    -0.005    -0.003     0.084
   7 0 0 0 1 1 1 1   3   0  17   0   0   0   0    22.794    21.045    59.390     0.000     0.000     0.000     0.000   0   0   0   0   0   0   0     0.000    -0.057     0.021    -0.005    -0.018    -0.000     0.008
   7 0 0 0 1 1 1 1  15  17   8   0   0   0   0    53.022    59.390    17.188     0.000     0.000     0.000     0.000   0   0   0   0   0   0   0     0.000    -0.057     0.021    -0.000    -0.033     0.012     0.004
   7 0 0 0 1 1 1 1  29  17  31   0   0   0   0     5.735    59.390     5.521     0.000     0.000     0.000     0.000   0   0   0   0   0   0   0     0.000    -0.057     0.021    -0.001    -0.098     0.001     0.020
   7 0 0 0 1 1 1 1  29  31   0   0   0   0   0     5.824     5.466    21.247     0.000     0.000     0.000     0.000   0   0   0   0   0   0   0     0.000    -0.057     0.021     0.002     0.051    -0.019    -0.004
   7 0 0 0 1 1 1 1  21  17   2   0   0   0   0    66.614    59.390    21.643     0.000     0.000     0.000     0.000   0   0   0   0   0   0   0     0.000    -0.057     0.021     0.000     0.040    -0.017    -0.003
   7 0 0 0 1 1 1 1  26  13  11   0   0   0   0     5.818    50.444    50.977     0.000     0.000     0.000     0.000   0   0   0   0   0   0   0     0.000    -0.057     0.021    -0.004    -0.011    -0.001     0.007
   7 0 0 0 1 1 1 1  23  17  28   0   0   0   0     5.540    59.390     5.634     0.000     0.000     0.000     0.000   0   0   0   0   0   0   0     0.000    -0.057     0.021    -0.001    -0.093     0.000     0.016
   7 0 0 0 1 1 1 1  17  30   0   0   0   0   0    59.390     5.384    21.485     0.000     0.000     0.000     0.000   0   0   0   0   0   0   0     0.000    -0.057     0.021    -0.016     0.001    -0.002     0.077
   7 0 0 0 1 1 1 1   2   2  17   0   0   0   0    22.121    21.643    59.390     0.000     0.000     0.000     0.000   0   0   0   0   0   0   0     0.000    -0.057     0.021    -0.016    -0.003     0.000     0.038
   7 0 0 0 1 1 1 1  13  14   0   0   0   0   0    47.703    39.850    21.608     0.000     0.000     0.000     0.000   0   0   0   0   0   0   0     0.000    -0.057     0.021     0.004     0.000    -0.001    -0.031
   7 0 0 0 1 1 1 1  29  17  31   0   0   0   0     5.735    59.390     5.521     0.000     0.000     0.000     0.000   0   0   0   0   0   0   0     0.000    -0.057     0.021    -0.001    -0.088     0.001     0.018
   7 0 0 0 1 1 1 1  17  30   0   0   0   0   0    59.390     5.384    21.485     0.000     0.000     0.000     0.000   0   0   0   0   0   0   0     0.000    -0.057     0.021    -0.015     0.001    -0.002     0.073
   7 0 0 0 1 1 1 1   2  14  17   0   0   0   0    22.060    47.590    59.390     0.000     0.000     0.000     0.000   0   0   0   0   0   0   0     0.000    -0.057     0.021    -0.003    -0.015     0.000     0.017
   7 0 0 0 1 1 1 1  13  26  29   0   0   0   0    47.703     5.916     5.735     0.000     0.000     0.000     0.000   0   0   0   0   0   0   0     0.000    -0.057     0.021     0.001     0.003    -0.019     0.001
   7 0 0 0 1 1 1 1  23  17  28   0   0   0   0     5.540    59.390     5.634     0.000     0.000     0.000     0.000   0   0   0   0   0   0   0     0.000    -0.057     0.021    -0.001    -0.084     0.000     0.014
   7 0 0 0 1 1 1 1  29  31   0   0   0   0   0     5.824     5.466    21.247     0.000     0.000     0.000     0.000   0   0   0   0   0   0   0     0.000    -0.057     0.021     0.002     0.044    -0.018    -0.004
   7 0 0 0 1 1 1 1  13   2   2   0   0   0   0    48.496    22.996    21.643     0.000     0.000     0.000     0.000   0   0   0   0   0   0   0     0.000    -0.057     0.021     0.035     0.001    -0.015    -0.002
   7 0 0 0 1 1 1 1  28  13  11   0   0   0   0     5.645    47.703    52.262     0.000     0.000     0.000     0.000   0   0   0   0   0   0   0     0.000    -0.057     0.021     0.002    -0.005     0.004     0.011
   7 0 0 0 1 1 1 1  23  17  31   0   0   0   0     5.540    59.390     5.521     0.000     0.000     0.000     0.000   0   0   0   0   0   0   0     0.000    -0.057     0.021    -0.001    -0.080     0.001     0.016
   7 0 0 0 1 1 1 1  17  30   0   0   0   0   0    59.390     5.384    21.485     0.000     0.000     0.000     0.000   0   0   0   0   0   0   0     0.000    -0.057     0.021    -0.015     0.001    -0.002     0.068
   7 0 0 0 1 1 1 1  20  17   2   0   0   0   0    62.190    59.390    21.643     0.000     0.000     0.000     0.000   0   0   0   0   0   0   0     0.000    -0.057     0.021     0.000     0.033    -0.014    -0.002
   7 0 0 0 1 1 1 1  15  17   8   0   0   0   0    53.022    59.390    17.188     0.000     0.000     0.000     0.000   0   0   0   0   0   0   0     0.000    -0.057     0.021     0.000    -0.028     0.011     0.003
   7 0 0 0 1 1 1 1  14   0  11   0   0   0   0    39.841    21.744    49.344     0.000     0.000     0.000     0.000   0   0   0   0   0   0   0     0.000    -0.057     0.021     0.029    -0.002    -0.064     0.001
   7 0 0 0 1 1 1 1  13  17   2   0   0   0   0    54.426    59.390    21.770     0.000     0.000     0.000     0.000   0   0   0   0   0   0   0     0.000    -0.057     0.021    -0.000     0.026    -0.003    -0.021
   7 0 0 0 1 1 1 1   2   2  17   0   0   0   0    22.121    21.643    59.390     0.000     0.000     0.000     0.000   0   0   0   0   0   0   0     0.000    -0.057     0.021    -0.013    -0.002     0.000     0.032
   7 0 0 0 1 1 1 1  15  17  21   0   0   0   0    53.022    59.390    68.614     0.000     0.000     0.000     0.000   0   0   0   0   0   0   0     0.000    -0.057     0.021     0.000    -0.027     0.003     0.010
   7 0 0 0 1 1 1 1  17  17   0   0   0   0   0    59.390    59.336    21.485     0.000     0.000     0.000     0.000   0   0   0   0   0   0   0     0.000    -0.057     0.021    -0.001     0.035     0.005    -0.072
   7 0 0 0 1 1 1 1  29  31   0   0   0   0   0     5.824     5.466    21.247     0.000     0.000     0.000     0.000   0   0   0   0   0   0   0     0.000    -0.057     0.021     0.002     0.038    -0.016    -0.003
   7 0 0 0 1 1 1 1   3   0  28   0   0   0   0    22.794    21.045     5.542     0.000     0.000     0.000     0.000   0   0   0   0   0   0   0     0.000    -0.057     0.021    -0.004    -0.013     0.004    -0.001
   7 0 1 0 1 1 1 1  24   0  11   0   0   0   0     5.342    21.045    50.977     0.000     0.000     0.000     0.000   0   0   0   0   0   0   0     0.000    -0.007     0.021    -0.004    -0.013    -0.001     0.006
   7 0 0 0 1 1 1 1  17  17   0   0   0   0   0    59.390    59.336    21.485     0.000     0.000     0.000     0.000   0   0   0   0   0   0   0     0.000    -0.007     0.021    -0.001     0.033     0.005    -0.069
   7 0 0 0 1 1 1 1  13  17   0   0   0   0   0    54.426    59.390    21.247     0.000     0.000     0.000     0.000   0   0   0   0   0   0   0     0.000    -0.007     0.021    -0.000     0.023    -0.019    -0.003
   7 0 0 0 1 1 1 1   3   0  17   0   0   0   0    22.794    21.045    59.390     0.000     0.000     0.000     0.000   0   0   0   0   0   0   0     0.000    -0.007     0.021    -0.003    -0.012    -0.000     0.006
   7 0 0 0 1 1 1 1  13  11   0   0   0   0   0    47.703    51.103    21.608     0.000     0.000     0.000     0.000   0   0   0   0   0   0   0     0.000    -0.007     0.021     0.002     0.006    -0.000    -0.026
   7 0 0 0 1 1 1 1  23   2   3   0   0   0   0     5.662    22.996    22.834     0.000     0.000     0.000     0.000   0   0   0   0   0   0   0     0.000    -0.007     0.021    -0.022     0.001    -0.001     0.011
   7 0 0 0 1 1 1 1  29  31   0   0   0   0   0     5.824     5.466    21.247     0.000     0.000     0.000     0.000   0   0   0   0   0   0   0     0.000    -0.007     0.021     0.001     0.035    -0.014    -0.003
   7 0 0 0 1 1 1 1  21  17   2   0   0   0   0    66.614    59.390    21.643     0.000     0.000     0.000     0.000   0   0   0   0   0   0   0     0.000    -0.007     0.021     0.000     0.030    -0.011    -0.002
   7 0 0 0 1 1 1 1  24  13  11   0   0   0   0     5.342    49.974    50.977     0.000     0.000     0.000     0.000   0   0   0   0   0   0   0     0.000    -0.007     0.021    -0.003    -0.008    -0.001     0.005
   7 0 0 0 1 1 1 1  28   2  26   0   0   0   0     5.562    22.996     5.829     0.000     0.000     0.000     0.000   0   0   0   0   0   0   0     0.000    -0.007     0.021    -0.054     0.001    -0.003     0.007
   7 0 0 0 1 1 1 1  13  17   0   0   0   0   0    54.426    59.390    21.247     0.000     0.000     0.000     0.000   0   0   0   0   0   0   0     0.000    -0.007     0.021    -0.000     0.021    -0.018    -0.002
   7 0 0 0 1 1 1 1  20  17   2   0   0   0   0    62.190    59.390    21.643     0.000     0.000     0.000     0.000   0   0   0   0   0   0   0     0.000    -0.007     0.021     0.000     0.028    -0.011    -0.002
   7 0 0 0 1 1 1 1  13   1   0   0   0   0   0    47.703    22.313    21.608     0.000     0.000     0.000     0.000   0   0   0   0   0   0   0     0.000    -0.007     0.021     0.000     0.003    -0.000    -0.024
   7 0 0 0 1 1 1 1  14  11   0   0   0   0   0    39.841    48.448    21.608     0.000     0.000     0.000     0.000   0   0   0   0   0   0   0     0.000    -0.007     0.021    -0.002     0.025    -0.001    -0.062
   7 0 0 0 1 1 1 1  20  17  14   0   0   0   0    62.390    59.390    44.277     0.000     0.000     0.000     0.000   0   0   0   0   0   0   0     0.000    -0.007     0.021     0.001     0.057    -0.000    -0.013
   7 0 0 0 1 1 1 1   2  14  17   0   0   0   0    22.026    47.590    59.390     0.000     0.000     0.000     0.000   0   0   0   0   0   0   0     0.000    -0.007     0.021    -0.003    -0.010     0.000     0.008
   7 0 0 0 1 1 1 1  28  13   3   0   0   0   0     5.648    47.703    23.257     0.000     0.000     0.000     0.000   0   0   0   0   0   0   0     0.000    -0.007     0.021     0.002    -0.004     0.002     0.009
   7 0 0 0 1 1 1 1  14   0  11   0   0   0   0    39.841    21.744    49.344     0.000     0.000     0.000     0.000   0   0   0   0   0   0   0     0.000    -0.007     0.021     0.023    -0.002    -0.048     0.000
   7 0 0 0 1 1 1 1  12  12  20   0   0   0   0    48.908    48.665    62.190     0.000     0.000     0.000     0.000   0   0   0   0   0   0   0     0.000    -0.007     0.021    -0.009    -0.002     0.019    -0.002
   7 0 0 0 1 1 1 1  21  17   2   0   0   0   0    66.614    59.390    21.643     0.000     0.000     0.000     0.000   0   0   0   0   0   0   0     0.000    -0.007     0.021     0.000     0.026    -0.010    -0.002
   7 0 0 0 1 1 1 1  23   1  11   0   0   0   0     5.540    22.383    51.103     0.000     0.000     0.000     0.000   0   0   0   0   0   0   0     0.000    -0.007     0.021    -0.017     0.001    -0.000     0.005
   7 0 0 0 1 1 1 1  14   0   0   0   0   0   0    39.841    21.744    21.608     0.000     0.000     0.000     0.000   0   0   0   0   0   0   0     0.000    -0.007     0.021     0.021    -0.002    -0.000    -0.056
   7 0 0 0 1 1 1 1  11  17   9   0   0   0   0    50.859    59.390    17.934     0.000     0.000     0.000     0.000   0   0   0   0   0   0   0     0.000    -0.007     0.021     0.001     0.053     0.003    -0.008
   7 0 0 0 1 1 1 1   2   2  17   0   0   0   0    22.121    21.643    59.390     0.000     0.000     0.000     0.000   0   0   0   0   0   0   0     0.000    -0.007     0.021    -0.009    -0.002     0.000     0.025
   7 0 0 0 1 1 1 1  23   1   3   0   0   0   0     5.540    22.383    22.834     0.000     0.000     0.000     0.000   0   0   0   0   0   0   0     0.000    -0.007     0.021    -0.016     0.001    -0.002     0.003
   7 0 0 0 1 1 1 1  14   2   0   0   0   0   0    39.841    23.080    21.608     0.000     0.000     0.000     0.000   0   0   0   0   0   0   0     0.000    -0.007     0.021     0.028     0.000    -0.000    -0.053
   7 0 0 0 1 1 1 1  12   2   0   0   0   0   0    49.280    23.032    21.608     0.000     0.000     0.000     0.000   0   0   0   0   0   0   0     0.000    -0.007     0.021    -0.011    -0.002     0.001     0.051
   7 0 0 0 1 1 1 1  20  17   2   0   0   0   0    62.267    59.390    21.643     0.000     0.000     0.000     0.000   0   0   0   0   0   0   0     0.000    -0.007     0.021     0.000     0.024    -0.009    -0.002
   7 0 0 1 1 1 1 1  21  13   2   0   0   0   0    68.614    47.703    21.643     0.000     0.000     0.000     0.000   0   0   0   0   0   0   0     0.000    -0.007     0.008     0.001    -0.003    -0.009    -0.002
   7 0 0 1 1 1 1 1  28  17   2   0   0   0   0     5.645    59.390    21.643     0.000     0.000     0.000     0.000   0   0   0   0   0   0   0     0.000    -0.007     0.009    -0.000    -0.015    -0.009    -0.002
   7 0 0 0 1 1 1 1  11  17   9   0   0   0   0    50.886    59.390    17.934     0.000     0.000     0.000     0.000   0   0   0   0   0   0   0     0.000    -0.007     0.009     0.001     0.048     0.002    -0.007
   7 0 0 0 1 1 1 1   5   2  17   0   0   0   0    22.315    21.643    59.390     0.000     0.000     0.000     0.000   0   0   0   0   0   0   0     0.000    -0.007     0.009    -0.008    -0.002    -0.000     0.023
   7 0 0 0 1 1 1 1  23  17  11   0   0   0   0     5.540    59.390    51.103     0.000     0.000     0.000     0.000   0   0   0   0   0   0   0     0.000    -0.007     0.009    -0.000    -0.021    -0.000     0.004
   7 0 0 0 1 1 1 1  28   2  26   0   0   0   0     5.562    22.996     5.829     0.000     0.000     0.000     0.000   0   0   0   0   0   0   0     0.000    -0.007     0.009    -0.041     0.001    -0.002     0.006
   7 0 0 0 1 1 1 1  20  17  14   0   0   0   0    62.390    59.390    44.277     0.000     0.000     0.000     0.000   0   0   0   0   0   0   0     0.000    -0.007     0.009     0.001     0.046     0.000    -0.011
   7 0 0 0 1 1 1 1   3   2  27   0   0   0   0    22.794    21.785     5.188     0.000     0.000     0.000     0.000   0   0   0   0   0   0   0     0.000    -0.007     0.009    -0.008    -0.002     0.003    -0.000
   7 0 0 0 1 1 1 1  23  17  26   0   0   0   0     5.540    59.390     5.914     0.000     0.000     0.000     0.000   0   0   0   0   0   0   0     0.000    -0.007     0.009    -0.000    -0.020     0.000     0.005
   7 0 0 0 1 1 1 1  28  12  26   0   0   0   0     5.562    49.280     5.829     0.000     0.000     0.000     0.000   0   0   0   0   0   0   0     0.000    -0.007     0.009    -0.000    -0.048    -0.002     0.005
   7 0 0 0 1 1 1 1  15  27  20   0   0   0   0    48.536     5.183    62.190     0.000     0.000     0.000     0.000   0   0   0   0   0   0   0     0.000    -0.007     0.009    -0.008    -0.001     0.036    -0.002
   7 0 0 0 1 1 1 1   5  14  17   0   0   0   0    22.314    47.590    59.390     0.000     0.000     0.000     0.000   0   0   0   0   0   0   0     0.000    -0.007     0.009    -0.002    -0.008    -0.000     0.021
   7 0 0 1 1 1 1 1  21  13  17   0   0   0   0    68.614    47.703    59.390     0.000     0.000     0.000     0.000   0   0   0   0   0   0   0     0.000    -0.007     0.007     0.001    -0.002    -0.000     0.021
   7 0 0 0 1 1 1 1  14   2   0   0   0   0   0    39.841    23.080    21.608     0.000     0.000     0.000     0.000   0   0   0   0   0   0   0     0.000    -0.007     0.007     0.027    -0.000    -0.000    -0.045
   7 0 0 0 1 1 1 1  12  17   6   0   0   0   0    54.251    59.390    19.529     0.000     0.000     0.000     0.000   0   0   0   0   0   0   0     0.000    -0.007     0.007     0.000     0.018    -0.002    -0.014
   7 0 1 0 1 1 1 1   3  17  17   0   0   0   0    22.720    59.390    59.390     0.000     0.000     0.000     0.000   0   0   0   0   0   0   0     0.000    -0.006     0.007     0.000     0.018    -0.000     0.004
   7 0 0 0 1 1 1 1  23  17  12   0   0   0   0     5.540    59.390    50.269     0.000     0.000     0.000     0.000   0   0   0   0   0   0   0     0.000    -0.006     0.007    -0.000    -0.019    -0.000     0.004
   7 0 0 1 1 1 1 1  28  17  12   0   0   0   0     5.645    59.390    50.269     0.000     0.000     0.000     0.000   0   0   0   0   0   0   0     0.000    -0.006     0.008    -0.000    -0.013    -0.000     0.004
   7 0 0 0 1 1 1 1  20  17  25   0   0   0   0    62.390    59.390     5.944     0.000     0.000     0.000     0.000   0   0   0   0   0   0   0     0.000    -0.006     0.008     0.001     0.041    -0.009    -0.000
   7 0 0 0 1 1 1 1   5  14  17   0   0   0   0    22.314    47.590    59.390     0.000     0.000     0.000     0.000   0   0   0   0   0   0   0     0.000    -0.006     0.008    -0.002    -0.007    -0.000     0.020
   7 0 0 0 1 1 1 1  23  17  28   0   0   0   0     5.540    59.390     5.624     0.000     0.000     0.000     0.000   0   0   0   0   0   0   0     0.000    -0.006     0.008    -0.000    -0.018    -0.000     0.004
   7 0 0 0 1 1 1 1  28  12  26   0   0   0   0     5.562    49.280     5.829     0.000     0.000     0.000     0.000   0   0   0   0   0   0   0     0.000    -0.006     0.008    -0.000    -0.042    -0.002     0.005
   7 0 0 0 1 1 1 1   2  20  27   0   0   0   0    22.996    62.190     5.183     0.000     0.000     0.000     0.000   0   0   0   0   0   0   0     0.000    -0.006     0.008     0.032    -0.002    -0.008    -0.001
   7 0 0 0 1 1 1 1   5   2  17   0   0   0   0    22.314    21.643    59.390     0.000     0.000     0.000     0.000   0   0   0   0   0   0   0     0.000    -0.006     0.008    -0.006    -0.002    -0.000     0.019
   7 0 0 1 1 1 1 1  21  14  17   0   0   0   0    68.614    39.841    59.390     0.000     0.000     0.000     0.000   0   0   0   0   0   0   0     0.000    -0.006     0.007     0.002    -0.002    -0.000     0.019
   7 0 0 0 1 1 1 1  14  12  11   0   0   0   0    39.841    49.092    49.344     0.000     0.000     0.000     0.000   0   0   0   0   0   0   0     0.000    -0.006     0.007    -0.000     0.026    -0.033     0.000
   7 0 0 0 1 1 1 1  11  17   9   0   0   0   0    50.886    59.390    17.934     0.000     0.000     0.000     0.000   0   0   0   0   0   0   0     0.000    -0.006     0.007     0.001     0.037     0.002    -0.006
   7 0 0 0 1 1 1 1   5   1  17   0   0   0   0    22.315    21.867    59.390     0.000     0.000     0.000     0.000   0   0   0   0   0   0   0     0.000    -0.006     0.007    -0.001    -0.005    -0.000     0.018
   7 0 0 0 1 1 1 1  23  17  12   0   0   0   0     5.540    59.390    50.269     0.000     0.000     0.000     0.000   0   0   0   0   0   0   0     0.000    -0.006     0.007    -0.000    -0.017    -0.000     0.003
   7 0 0 0 1 1 1 1  28  12  26   0   0   0   0     5.562    49.280     5.844     0.000     0.000     0.000     0.000   0   0   0   0   0   0   0     0.000    -0.006     0.007    -0.000    -0.039    -0.001     0.005
   7 0 0 0 1 1 1 1  12  12  11   0   0   0   0    48.908    48.665    51.654     0.000     0.000     0.000     0.000   0   0   0   0   0   0   0     0.000    -0.006     0.007    -0.006    -0.001     0.009    -0.004
   7 0 0 0 1 1 1 1   5   2  17   0   0   0   0    22.314    21.643    59.390     0.000     0.000     0.000     0.000   0   0   0   0   0   0   0     0.000    -0.006     0.007    -0.006    -0.001    -0.000     0.017
   7 0 0 0 1 1 1 1  23  15  28   0   0   0   0     5.540    48.536     5.624     0.000     0.000     0.000     0.000   0   0   0   0   0   0   0     0.000    -0.006     0.007     0.001    -0.011    -0.000     0.003
   7 0 0 0 1 1 1 1  14   2   0   0   0   0   0    39.841    23.080    21.608     0.000     0.000     0.000     0.000   0   0   0   0   0   0   0     0.000    -0.006     0.007     0.024    -0.000    -0.000    -0.037
   7 0 0 0 1 1 1 1  12  17   6   0   0   0   0    54.251    59.390    19.529     0.000     0.000     0.000     0.000   0   0   0   0   0   0   0     0.000    -0.006     0.007    -0.000     0.015    -0.002    -0.011
   7 0 1 0 1 1 1 1   3  17  17   0   0   0   0    22.720    59.390    59.390     0.000     0.000     0.000     0.000   0   0   0   0   0   0   0     0.000    -0.005     0.007    -0.000     0.015    -0.000     0.003
   7 0 0 0 1 1 1 1  23  17  11   0   0   0   0     5.540    59.390    51.103     0.000     0.000     0.000     0.000   0   0   0   0   0   0   0     0.000    -0.005     0.007    -0.000    -0.016    -0.000     0.003
   7 0 0 1 1 1 1 1  28  17  11   0   0   0   0     5.645    59.390    51.103     0.000     0.000     0.000     0.000   0   0   0   0   0   0   0     0.000    -0.005     0.007    -0.000    -0.010    -0.000     0.003
   7 0 0 0 1 1 1 1  20  17  14   0   0   0   0    62.390    59.390    44.277     0.000     0.000     0.000     0.000   0   0   0   0   0   0   0     0.000    -0.005     0.007     0.000     0.034    -0.000    -0.008
   7 0 0 0 1 1 1 1   5   1  17   0   0   0   0    22.314    21.867    59.390     0.000     0.000     0.000     0.000   0   0   0   0   0   0   0     0.000    -0.005     0.007    -0.001    -0.005    -0.000     0.016
   7 0 0 1 1 1 1 1  21  13  17   0   0   0   0    68.614    47.703    59.390     0.000     0.000     0.000     0.000   0   0   0   0   0   0   0     0.000    -0.005     0.006     0.001    -0.002    -0.000     0.016
   7 0 0 0 1 1 1 1  28  12  26   0   0   0   0     5.562    49.280     5.829     0.000     0.000     0.000     0.000   0   0   0   0   0   0   0     0.000    -0.005     0.006    -0.000    -0.034    -0.002     0.005
   7 0 0 0 1 1 1 1   2  20  17   0   0   0   0    22.996    62.190    59.281     0.000     0.000     0.000     0.000   0   0   0   0   0   0   0     0.000    -0.005     0.006     0.026    -0.002    -0.001    -0.009
   7 0 0 0 1 1 1 1   5   2  17   0   0   0   0    22.315    21.643    59.390     0.000     0.000     0.000     0.000   0   0   0   0   0   0   0     0.000    -0.005     0.006    -0.005    -0.001    -0.000     0.015
   7 0 0 0 1 1 1 1  23  17  12   0   0   0   0     5.540    59.390    50.269     0.000     0.000     0.000     0.000   0   0   0   0   0   0   0     0.000    -0.005     0.006    -0.000    -0.015    -0.000     0.003
   7 0 0 0 1 1 1 1  14   2  11   0   0   0   0    39.841    23.080    49.344     0.000     0.000     0.000     0.000   0   0   0   0   0   0   0     0.000    -0.005     0.006     0.023    -0.000    -0.027     0.000
