  404
   1 1   0     0.000   0     4.952
   1 1   0     0.000   0     5.592
   1 1   0     0.000   0     5.807
   1 1   0     0.000   0     6.004
   7 0 1 1 0 0 0 0  12   0   0   0   0   0   0    49.571     0.000     0.000     0.000     0.000     0.000     0.000   0   0   0   0   0   0   0     0.000    -0.090     0.388     0.000     0.000     0.000     0.000
   7 0 0 1 1 1 0 0  12   0   0   0   0   0   0    49.571    21.443     0.000     0.000     0.000     0.000     0.000   0   0   0   0   0   0   0     0.000    -0.090     0.070    -0.035    -0.009     0.000     0.000
   7 0 1 0 1 1 1 1  22   0  22   0   0   0   0     4.870    21.443     4.888     0.000     0.000     0.000     0.000   0   0   0   0   0   0   0     0.000    -0.096     0.070    -0.035    -0.009    -0.009     0.026
   7 0 1 1 1 1 1 1  22   0  22   0   0   0   0     4.870    21.443     4.888     0.000     0.000     0.000     0.000   0   0   0   0   0   0   0     0.000    -0.368     0.085    -0.035    -0.009    -0.009     0.026
   7 0 1 1 1 1 1 1  12   0  22   0   0   0   0    49.571    21.443     4.888     0.000     0.000     0.000     0.000   0   0   0   0   0   0   0     0.000    -0.081     0.362    -0.035    -0.009    -0.009     0.026
   7 0 0 1 1 1 1 1  12   0  22   0   0   0   0    49.571    21.443     4.888     0.000     0.000     0.000     0.000   0   0   0   0   0   0   0     0.000    -0.081     0.065    -0.033    -0.008    -0.009     0.026
   7 0 1 0 1 1 1 1  28   0  22   0   0   0   0     5.478    21.443     4.887     0.000     0.000     0.000     0.000   0   0   0   0   0   0   0     0.000    -0.092     0.065    -0.033    -0.008    -0.006     0.023
   7 0 1 1 1 1 1 1  28   0  22   0   0   0   0     5.478    21.443     4.887     0.000     0.000     0.000     0.000   0   0   0   0   0   0   0     0.000    -0.358     0.081    -0.033    -0.008    -0.006     0.023
   7 0 1 1 1 1 1 1  30   0  22   0   0   0   0     5.460    21.443     4.887     0.000     0.000     0.000     0.000   0   0   0   0   0   0   0     0.000     0.338    -0.074    -0.033    -0.008    -0.006     0.023
   7 0 0 1 1 1 1 1  12   0  22   0   0   0   0    49.571    21.443     4.887     0.000     0.000     0.000     0.000   0   0   0   0   0   0   0     0.000     0.338     0.061    -0.031    -0.008    -0.006     0.023
   7 0 1 0 1 1 1 1  22   0   0   0   0   0   0     4.870    21.443    21.314     0.000     0.000     0.000     0.000   0   0   0   0   0   0   0     0.000    -0.087     0.061    -0.031    -0.008     0.041     0.014
   7 0 1 1 1 1 1 1  28   0   0   0   0   0   0     5.478    21.443    21.314     0.000     0.000     0.000     0.000   0   0   0   0   0   0   0     0.000    -0.334     0.073    -0.031    -0.008     0.041     0.014
   7 0 1 1 1 1 1 1  30   0   0   0   0   0   0     5.460    21.443    21.314     0.000     0.000     0.000     0.000   0   0   0   0   0   0   0     0.000     0.316    -0.067    -0.031    -0.008     0.041     0.014
   7 0 0 1 1 1 1 1  12   0   0   0   0   0   0    49.571    21.443    21.314     0.000     0.000     0.000     0.000   0   0   0   0   0   0   0     0.000     0.316     0.057    -0.029    -0.007     0.041     0.014
   7 0 1 0 1 1 1 1  28   0   0   0   0   0   0     5.478    21.443    21.310     0.000     0.000     0.000     0.000   0   0   0   0   0   0   0     0.000    -0.083     0.057    -0.029    -0.007     0.039     0.013
   7 0 1 1 1 1 1 1  22   0   0   0   0   0   0     4.870    21.443    21.310     0.000     0.000     0.000     0.000   0   0   0   0   0   0   0     0.000    -0.326     0.069    -0.029    -0.007     0.039     0.013
   7 0 1 1 1 1 1 1  28   0   0   0   0   0   0     5.478    21.443    21.310     0.000     0.000     0.000     0.000   0   0   0   0   0   0   0     0.000     0.297    -0.061    -0.029    -0.007     0.039     0.013
   7 0 0 1 1 1 1 1  12   0   0   0   0   0   0    49.571    21.443    21.310     0.000     0.000     0.000     0.000   0   0   0   0   0   0   0     0.000     0.297     0.053    -0.027    -0.006     0.039     0.013
   7 0 1 0 1 1 1 1  22   0   0   0   0   0   0     4.870    21.443    21.314     0.000     0.000     0.000     0.000   0   0   0   0   0   0   0     0.000    -0.079     0.053    -0.027    -0.006     0.037     0.012
   7 0 1 0 1 1 1 1  22   0   0   0   0   0   0     4.870    21.443    21.443     0.000     0.000     0.000     0.000   0   0   0   0   0   0   0     0.000    -0.304     0.053    -0.027    -0.006     0.092     0.050
   7 0 1 1 1 1 1 1  22   0   0   0   0   0   0     4.870    21.443    21.443     0.000     0.000     0.000     0.000   0   0   0   0   0   0   0     0.000     0.288    -0.058    -0.027    -0.006     0.092     0.050
   7 0 1 0 1 1 1 1  30   0   0   0   0   0   0     5.460    21.443    21.443     0.000     0.000     0.000     0.000   0   0   0   0   0   0   0     0.000     0.049    -0.058    -0.027    -0.006    -0.025    -0.006
   7 0 1 0 1 1 1 1  28   0   0   0   0   0   0     5.478    21.443    21.310     0.000     0.000     0.000     0.000   0   0   0   0   0   0   0     0.000    -0.076    -0.058    -0.027    -0.006     0.036     0.011
   7 0 1 0 1 1 1 1  28   0   0   0   0   0   0     5.478    21.443    21.440     0.000     0.000     0.000     0.000   0   0   0   0   0   0   0     0.000    -0.297    -0.058    -0.027    -0.006     0.098     0.045
   7 0 1 1 1 1 1 1  12   0   0   0   0   0   0    49.571    21.443    21.440     0.000     0.000     0.000     0.000   0   0   0   0   0   0   0     0.000    -0.055     0.279    -0.027    -0.006     0.098     0.045
   7 0 0 1 1 1 1 1  12   0   0   0   0   0   0    49.571    21.443    21.440     0.000     0.000     0.000     0.000   0   0   0   0   0   0   0     0.000    -0.055     0.046    -0.023    -0.005     0.098     0.045
   7 0 1 0 1 1 1 1  22   0   0   0   0   0   0     4.870    21.443    21.314     0.000     0.000     0.000     0.000   0   0   0   0   0   0   0     0.000    -0.071     0.046    -0.023    -0.005     0.034     0.011
   7 0 0 1 1 1 1 1  12   0   0   0   0   0   0    49.571    21.443    21.314     0.000     0.000     0.000     0.000   0   0   0   0   0   0   0     0.000    -0.071    -0.282     0.097     0.041     0.034     0.011
   7 0 1 0 1 1 1 1  28   0   0   0   0   0   0     5.478    21.443    21.440     0.000     0.000     0.000     0.000   0   0   0   0   0   0   0     0.000     0.262    -0.282     0.097     0.041    -0.075    -0.039
   7 0 0 1 1 1 1 1  12   0   0   0   0   0   0    49.571    21.443    21.440     0.000     0.000     0.000     0.000   0   0   0   0   0   0   0     0.000     0.262     0.043    -0.022    -0.005    -0.075    -0.039
   7 0 1 0 1 1 1 1  28   0   0   0   0   0   0     5.478    21.443    21.310     0.000     0.000     0.000     0.000   0   0   0   0   0   0   0     0.000    -0.069     0.043    -0.022    -0.005     0.032     0.010
   7 0 1 0 1 1 1 1  22   0   0   0   0   0   0     4.870    21.443    21.443     0.000     0.000     0.000     0.000   0   0   0   0   0   0   0     0.000    -0.271     0.043    -0.022    -0.005     0.098     0.037
   7 0 1 0 1 1 1 1  22   0  11   0   0   0   0     4.870    21.443    51.046     0.000     0.000     0.000     0.000   0   0   0   0   0   0   0     0.000     0.255     0.043    -0.022    -0.005    -0.036    -0.080
   7 0 1 0 1 1 1 1  28   0   0   0   0   0   0     5.478    21.443    21.440     0.000     0.000     0.000     0.000   0   0   0   0   0   0   0     0.000     0.041     0.043    -0.022    -0.005    -0.021    -0.004
   7 0 1 0 1 1 1 1  22   0   0   0   0   0   0     4.870    21.443    21.314     0.000     0.000     0.000     0.000   0   0   0   0   0   0   0     0.000    -0.065     0.043    -0.022    -0.005     0.030     0.009
   7 0 1 0 1 1 1 1  28   0   0   0   0   0   0     5.478    21.443    21.440     0.000     0.000     0.000     0.000   0   0   0   0   0   0   0     0.000    -0.265     0.043    -0.022    -0.005     0.104     0.034
   7 0 1 0 1 1 1 1  30   0   0   0   0   0   0     5.460    21.443    21.443     0.000     0.000     0.000     0.000   0   0   0   0   0   0   0     0.000     0.248     0.043    -0.022    -0.005    -0.085    -0.032
   7 0 0 1 1 1 1 1  12   0   0   0   0   0   0    49.571    21.443    21.443     0.000     0.000     0.000     0.000   0   0   0   0   0   0   0     0.000     0.248     0.039    -0.021    -0.004    -0.085    -0.032
   7 0 1 0 1 1 1 1  28   0  11   0   0   0   0     5.478    21.443    51.765     0.000     0.000     0.000     0.000   0   0   0   0   0   0   0     0.000    -0.062     0.039    -0.021    -0.004     0.009     0.029
   7 0 0 1 1 1 1 1  12   0  11   0   0   0   0    49.571    21.443    51.765     0.000     0.000     0.000     0.000   0   0   0   0   0   0   0     0.000    -0.062    -0.252     0.102     0.031     0.009     0.029
   7 0 1 0 1 1 1 1  28   0   0   0   0   0   0     5.478    21.443    21.440     0.000     0.000     0.000     0.000   0   0   0   0   0   0   0     0.000     0.233    -0.252     0.102     0.031    -0.081    -0.030
   7 0 1 0 1 1 1 1  22   0   0   0   0   0   0     4.870    21.443    21.443     0.000     0.000     0.000     0.000   0   0   0   0   0   0   0     0.000     0.038    -0.252     0.102     0.031    -0.021    -0.004
   7 0 1 0 1 1 1 1  22   0   0   0   0   0   0     4.870    21.443    21.314     0.000     0.000     0.000     0.000   0   0   0   0   0   0   0     0.000    -0.058    -0.252     0.102     0.031     0.028     0.008
   7 0 1 0 1 1 1 1  22   0  11   0   0   0   0     4.870    21.443    51.046     0.000     0.000     0.000     0.000   0   0   0   0   0   0   0     0.000    -0.242    -0.252     0.102     0.031     0.028     0.102
   7 0 1 0 1 1 1 1  22   0   0   0   0   0   0     4.870    21.443    21.443     0.000     0.000     0.000     0.000   0   0   0   0   0   0   0     0.000     0.228    -0.252     0.102     0.031    -0.086    -0.027
   7 0 1 0 1 1 1 1  28   0   0   0   0   0   0     5.478    21.443    21.440     0.000     0.000     0.000     0.000   0   0   0   0   0   0   0     0.000     0.037    -0.252     0.102     0.031    -0.021    -0.003
   7 0 1 0 1 1 1 1  28   0  11   0   0   0   0     5.478    21.443    51.088     0.000     0.000     0.000     0.000   0   0   0   0   0   0   0     0.000    -0.056    -0.252     0.102     0.031     0.007     0.024
   7 0 1 0 1 1 1 1  28   0   0   0   0   0   0     5.478    21.443    21.440     0.000     0.000     0.000     0.000   0   0   0   0   0   0   0     0.000    -0.237    -0.252     0.102     0.031     0.107     0.025
   7 0 0 1 1 1 1 1  12   0   0   0   0   0   0    49.571    21.443    21.440     0.000     0.000     0.000     0.000   0   0   0   0   0   0   0     0.000    -0.237     0.222    -0.089    -0.024     0.107     0.025
   7 0 0 1 1 1 1 1  12   0   0   0   0   0   0    49.571    21.443    21.440     0.000     0.000     0.000     0.000   0   0   0   0   0   0   0     0.000    -0.237     0.036    -0.021    -0.003     0.107     0.025
   7 0 1 0 1 1 1 1  22   0   0   0   0   0   0     4.870    21.443    21.443     0.000     0.000     0.000     0.000   0   0   0   0   0   0   0     0.000    -0.053     0.036    -0.021    -0.003     0.024     0.006
   7 0 0 1 1 1 1 1  12  11   0   0   0   0   0    49.571    51.046    21.443     0.000     0.000     0.000     0.000   0   0   0   0   0   0   0     0.000    -0.053    -0.226     0.023     0.104     0.024     0.006
   7 0 1 0 1 1 1 1  28  11   0   0   0   0   0     5.478    51.046    21.440     0.000     0.000     0.000     0.000   0   0   0   0   0   0   0     0.000     0.209    -0.226     0.023     0.104    -0.085    -0.022
   7 0 1 0 1 1 1 1  22  11   0   0   0   0   0     4.870    51.046    21.443     0.000     0.000     0.000     0.000   0   0   0   0   0   0   0     0.000     0.034    -0.226     0.023     0.104    -0.021    -0.003
   7 0 1 0 1 1 1 1  28  11   0   0   0   0   0     5.478    51.046    21.440     0.000     0.000     0.000     0.000   0   0   0   0   0   0   0     0.000    -0.052    -0.226     0.023     0.104     0.024     0.006
   7 0 1 0 1 1 1 1  22  11   0   0   0   0   0     4.870    51.046    21.443     0.000     0.000     0.000     0.000   0   0   0   0   0   0   0     0.000    -0.218    -0.226     0.023     0.104     0.104     0.021
   7 0 1 0 1 1 1 1  22  11   0   0   0   0   0     4.870    51.046    21.443     0.000     0.000     0.000     0.000   0   0   0   0   0   0   0     0.000     0.204    -0.226     0.023     0.104    -0.088    -0.020
   7 0 1 0 1 1 1 1  28  11   0   0   0   0   0     5.478    51.046    21.440     0.000     0.000     0.000     0.000   0   0   0   0   0   0   0     0.000     0.033    -0.226     0.023     0.104    -0.020    -0.002
   7 0 1 0 1 1 1 1  22  11   0   0   0   0   0     4.870    51.046    21.443     0.000     0.000     0.000     0.000   0   0   0   0   0   0   0     0.000    -0.049    -0.226     0.023     0.104     0.023     0.005
   7 0 1 0 1 1 1 1  28  11   0   0   0   0   0     5.478    51.046    21.440     0.000     0.000     0.000     0.000   0   0   0   0   0   0   0     0.000    -0.214    -0.226     0.023     0.104     0.107     0.019
   7 0 0 1 1 1 1 1  12   0   0   0   0   0   0    49.571    21.443    21.440     0.000     0.000     0.000     0.000   0   0   0   0   0   0   0     0.000    -0.214     0.199    -0.091    -0.018     0.107     0.019
   7 0 1 0 1 1 1 1  30   0   0   0   0   0   0     5.460    21.443    21.443     0.000     0.000     0.000     0.000   0   0   0   0   0   0   0     0.000     0.032     0.199    -0.091    -0.018    -0.020    -0.002
   7 0 1 0 1 1 1 1  28   0   0   0   0   0   0     5.478    21.443    21.440     0.000     0.000     0.000     0.000   0   0   0   0   0   0   0     0.000    -0.047     0.199    -0.091    -0.018     0.023     0.005
   7 0 0 1 1 1 1 1  12   0   0   0   0   0   0    49.571    21.443    21.440     0.000     0.000     0.000     0.000   0   0   0   0   0   0   0     0.000    -0.047    -0.204     0.104     0.017     0.023     0.005
   7 0 1 0 1 1 1 1  28   0   0   0   0   0   0     5.478    21.443    21.440     0.000     0.000     0.000     0.000   0   0   0   0   0   0   0     0.000     0.187    -0.204     0.104     0.017    -0.087    -0.017
   7 0 1 0 1 1 1 1  22   0   0   0   0   0   0     4.870    21.443    21.443     0.000     0.000     0.000     0.000   0   0   0   0   0   0   0     0.000     0.031    -0.204     0.104     0.017    -0.020    -0.002
   7 0 1 0 1 1 1 1  22   0   0   0   0   0   0     4.870    21.443    21.443     0.000     0.000     0.000     0.000   0   0   0   0   0   0   0     0.000    -0.045    -0.204     0.104     0.017     0.022     0.004
   7 0 1 0 1 1 1 1  22   0   0   0   0   0   0     4.870    21.443    21.443     0.000     0.000     0.000     0.000   0   0   0   0   0   0   0     0.000    -0.196    -0.204     0.104     0.017     0.104     0.016
   7 0 1 0 1 1 1 1  22   0   0   0   0   0   0     4.870    21.443    21.443     0.000     0.000     0.000     0.000   0   0   0   0   0   0   0     0.000     0.184    -0.204     0.104     0.017    -0.090    -0.015
   7 0 1 0 1 1 1 1  28   0   0   0   0   0   0     5.478    21.443    21.440     0.000     0.000     0.000     0.000   0   0   0   0   0   0   0     0.000     0.030    -0.204     0.104     0.017    -0.020    -0.002
   7 0 1 0 1 1 1 1  28   0   0   0   0   0   0     5.478    21.443    21.440     0.000     0.000     0.000     0.000   0   0   0   0   0   0   0     0.000    -0.043    -0.204     0.104     0.017     0.022     0.004
   7 0 1 0 1 1 1 1  28   0   0   0   0   0   0     5.478    21.443    21.440     0.000     0.000     0.000     0.000   0   0   0   0   0   0   0     0.000    -0.193    -0.204     0.104     0.017     0.107     0.014
   7 0 1 0 1 1 1 1  30   0   0   0   0   0   0     5.460    21.443    21.443     0.000     0.000     0.000     0.000   0   0   0   0   0   0   0     0.000     0.179    -0.204     0.104     0.017    -0.092    -0.014
   7 0 0 1 1 1 1 1  12  11   0   0   0   0   0    49.571    51.046    21.443     0.000     0.000     0.000     0.000   0   0   0   0   0   0   0     0.000     0.179     0.029    -0.002    -0.020    -0.092    -0.014
   7 0 1 0 1 1 1 1  22  11   0   0   0   0   0     4.870    51.046    21.443     0.000     0.000     0.000     0.000   0   0   0   0   0   0   0     0.000    -0.041     0.029    -0.002    -0.020     0.022     0.003
   7 0 0 1 1 1 1 1  12   0   0   0   0   0   0    49.571    21.443    21.443     0.000     0.000     0.000     0.000   0   0   0   0   0   0   0     0.000    -0.041    -0.184     0.103     0.013     0.022     0.003
   7 0 1 0 1 1 1 1  28   0   0   0   0   0   0     5.478    21.443    21.440     0.000     0.000     0.000     0.000   0   0   0   0   0   0   0     0.000     0.169    -0.184     0.103     0.013    -0.087    -0.013
   7 0 1 0 1 1 1 1  22   0   0   0   0   0   0     4.870    21.443    21.443     0.000     0.000     0.000     0.000   0   0   0   0   0   0   0     0.000     0.029    -0.184     0.103     0.013    -0.019    -0.002
   7 0 1 0 1 1 1 1  28   0   0   0   0   0   0     5.478    21.443    21.440     0.000     0.000     0.000     0.000   0   0   0   0   0   0   0     0.000    -0.040    -0.184     0.103     0.013     0.021     0.003
   7 0 1 0 1 1 1 1  22   0   0   0   0   0   0     4.870    21.443    21.443     0.000     0.000     0.000     0.000   0   0   0   0   0   0   0     0.000    -0.178    -0.184     0.103     0.013     0.102     0.012
   7 0 1 0 1 1 1 1  22   0   0   0   0   0   0     4.870    21.443    21.443     0.000     0.000     0.000     0.000   0   0   0   0   0   0   0     0.000     0.166    -0.184     0.103     0.013    -0.089    -0.011
   7 0 1 0 1 1 1 1  28   0  11   0   0   0   0     5.478    21.443    51.088     0.000     0.000     0.000     0.000   0   0   0   0   0   0   0     0.000     0.028    -0.184     0.103     0.013    -0.001    -0.019
   7 0 1 0 1 1 1 1  22   0   0   0   0   0   0     4.870    21.443    21.443     0.000     0.000     0.000     0.000   0   0   0   0   0   0   0     0.000    -0.038    -0.184     0.103     0.013     0.021     0.003
   7 0 1 0 1 1 1 1  28   0   0   0   0   0   0     5.478    21.443    21.440     0.000     0.000     0.000     0.000   0   0   0   0   0   0   0     0.000    -0.175    -0.184     0.103     0.013     0.105     0.011
   7 0 1 0 1 1 1 1  30   0   0   0   0   0   0     5.460    21.443    21.443     0.000     0.000     0.000     0.000   0   0   0   0   0   0   0     0.000     0.162    -0.184     0.103     0.013    -0.091    -0.010
   7 0 0 1 1 1 1 1  12   0   0   0   0   0   0    49.571    21.443    21.443     0.000     0.000     0.000     0.000   0   0   0   0   0   0   0     0.000     0.162     0.027    -0.019    -0.001    -0.091    -0.010
   7 0 1 0 1 1 1 1  28   0   0   0   0   0   0     5.478    21.443    21.440     0.000     0.000     0.000     0.000   0   0   0   0   0   0   0     0.000    -0.037     0.027    -0.019    -0.001     0.021     0.003
   7 0 0 1 1 1 1 1  12   0   0   0   0   0   0    49.571    21.443    21.440     0.000     0.000     0.000     0.000   0   0   0   0   0   0   0     0.000    -0.037    -0.167     0.101     0.010     0.021     0.003
   7 0 1 0 1 1 1 1  28   0   0   0   0   0   0     5.478    21.443    21.440     0.000     0.000     0.000     0.000   0   0   0   0   0   0   0     0.000     0.153    -0.167     0.101     0.010    -0.086    -0.009
   7 0 1 0 1 1 1 1  22   0   0   0   0   0   0     4.870    21.443    21.443     0.000     0.000     0.000     0.000   0   0   0   0   0   0   0     0.000     0.026    -0.167     0.101     0.010    -0.019    -0.001
   7 0 0 1 1 1 1 1  12   0   0   0   0   0   0    49.571    21.443    21.443     0.000     0.000     0.000     0.000   0   0   0   0   0   0   0     0.000     0.026    -0.036     0.021     0.002    -0.019    -0.001
   7 0 1 0 1 1 1 1  22   0   0   0   0   0   0     4.870    21.443    21.443     0.000     0.000     0.000     0.000   0   0   0   0   0   0   0     0.000    -0.161    -0.036     0.021     0.002     0.100     0.009
   7 0 1 0 1 1 1 1  22   0   0   0   0   0   0     4.870    21.443    21.443     0.000     0.000     0.000     0.000   0   0   0   0   0   0   0     0.000     0.150    -0.036     0.021     0.002    -0.088    -0.009
   7 0 1 0 1 1 1 1  28   0   0   0   0   0   0     5.478    21.443    21.440     0.000     0.000     0.000     0.000   0   0   0   0   0   0   0     0.000     0.025    -0.036     0.021     0.002    -0.018    -0.001
   7 0 1 0 1 1 1 1  22   0   0   0   0   0   0     4.870    21.443    21.443     0.000     0.000     0.000     0.000   0   0   0   0   0   0   0     0.000    -0.034    -0.036     0.021     0.002     0.020     0.002
   7 0 1 0 1 1 1 1  28   0   0   0   0   0   0     5.478    21.443    21.440     0.000     0.000     0.000     0.000   0   0   0   0   0   0   0     0.000    -0.159    -0.036     0.021     0.002     0.102     0.008
   7 0 0 1 1 1 1 1  12   0   0   0   0   0   0    49.571    21.443    21.440     0.000     0.000     0.000     0.000   0   0   0   0   0   0   0     0.000    -0.159     0.147    -0.089    -0.008     0.102     0.008
   7 0 0 1 1 1 1 1  12   0   0   0   0   0   0    49.571    21.443    21.440     0.000     0.000     0.000     0.000   0   0   0   0   0   0   0     0.000    -0.159     0.025    -0.018    -0.001     0.102     0.008
   7 0 1 0 1 1 1 1  28   0   0   0   0   0   0     5.478    21.443    21.440     0.000     0.000     0.000     0.000   0   0   0   0   0   0   0     0.000    -0.033     0.025    -0.018    -0.001     0.020     0.002
   7 0 0 1 1 1 1 1  12   0   0   0   0   0   0    49.571    21.443    21.440     0.000     0.000     0.000     0.000   0   0   0   0   0   0   0     0.000    -0.033    -0.152     0.098     0.007     0.020     0.002
   7 0 1 0 1 1 1 1  28   0   0   0   0   0   0     5.478    21.443    21.440     0.000     0.000     0.000     0.000   0   0   0   0   0   0   0     0.000     0.138    -0.152     0.098     0.007    -0.084    -0.007
   7 0 1 0 1 1 1 1  22   0   0   0   0   0   0     4.870    21.443    21.443     0.000     0.000     0.000     0.000   0   0   0   0   0   0   0     0.000     0.024    -0.152     0.098     0.007    -0.018    -0.001
   7 0 0 1 1 1 1 1  12   0   0   0   0   0   0    49.571    21.443    21.443     0.000     0.000     0.000     0.000   0   0   0   0   0   0   0     0.000     0.024    -0.032     0.020     0.002    -0.018    -0.001
   7 0 1 0 1 1 1 1  22   0   0   0   0   0   0     4.870    21.443    21.443     0.000     0.000     0.000     0.000   0   0   0   0   0   0   0     0.000    -0.147    -0.032     0.020     0.002     0.097     0.007
   7 0 1 0 1 1 1 1  22   0   0   0   0   0   0     4.870    21.443    21.443     0.000     0.000     0.000     0.000   0   0   0   0   0   0   0     0.000     0.136    -0.032     0.020     0.002    -0.086    -0.006
   7 0 1 0 1 1 1 1  28   0   0   0   0   0   0     5.478    21.443    21.440     0.000     0.000     0.000     0.000   0   0   0   0   0   0   0     0.000     0.023    -0.032     0.020     0.002    -0.018    -0.001
   7 0 1 0 1 1 1 1  22   0   0   0   0   0   0     4.870    21.443    21.443     0.000     0.000     0.000     0.000   0   0   0   0   0   0   0     0.000    -0.031    -0.032     0.020     0.002     0.020     0.002
   7 0 1 0 1 1 1 1  28   0   0   0   0   0   0     5.478    21.443    21.440     0.000     0.000     0.000     0.000   0   0   0   0   0   0   0     0.000    -0.145    -0.032     0.020     0.002     0.099     0.006
   7 0 0 1 1 1 1 1  12  11   0   0   0   0   0    49.571    51.046    21.440     0.000     0.000     0.000     0.000   0   0   0   0   0   0   0     0.000    -0.145     0.134    -0.006    -0.087     0.099     0.006
   7 0 0 1 1 1 1 1  12   0   0   0   0   0   0    49.571    21.443    21.440     0.000     0.000     0.000     0.000   0   0   0   0   0   0   0     0.000    -0.145     0.023    -0.017    -0.001     0.099     0.006
   7 0 1 0 1 1 1 1  28   0   0   0   0   0   0     5.478    21.443    21.440     0.000     0.000     0.000     0.000   0   0   0   0   0   0   0     0.000    -0.030     0.023    -0.017    -0.001     0.020     0.001
   7 0 0 1 1 1 1 1  12   0   0   0   0   0   0    49.571    21.443    21.440     0.000     0.000     0.000     0.000   0   0   0   0   0   0   0     0.000    -0.030    -0.139     0.095     0.006     0.020     0.001
   7 0 1 0 1 1 1 1  28   0  11   0   0   0   0     5.478    21.443    51.088     0.000     0.000     0.000     0.000   0   0   0   0   0   0   0     0.000     0.126    -0.139     0.095     0.006    -0.005    -0.082
   7 0 1 0 1 1 1 1  22   0   0   0   0   0   0     4.870    21.443    21.443     0.000     0.000     0.000     0.000   0   0   0   0   0   0   0     0.000     0.022    -0.139     0.095     0.006    -0.017    -0.001
   7 0 0 1 1 1 1 1  12   0   0   0   0   0   0    49.571    21.443    21.443     0.000     0.000     0.000     0.000   0   0   0   0   0   0   0     0.000     0.022    -0.029     0.020     0.001    -0.017    -0.001
   7 0 1 0 1 1 1 1  22   0   0   0   0   0   0     4.870    21.443    21.443     0.000     0.000     0.000     0.000   0   0   0   0   0   0   0     0.000    -0.134    -0.029     0.020     0.001     0.094     0.005
   7 0 1 0 1 1 1 1  22   0   0   0   0   0   0     4.870    21.443    21.443     0.000     0.000     0.000     0.000   0   0   0   0   0   0   0     0.000     0.124    -0.029     0.020     0.001    -0.083    -0.005
   7 0 1 0 1 1 1 1  28   0   0   0   0   0   0     5.478    21.443    21.440     0.000     0.000     0.000     0.000   0   0   0   0   0   0   0     0.000     0.021    -0.029     0.020     0.001    -0.017    -0.001
   7 0 1 0 1 1 1 1  22   0  11   0   0   0   0     4.870    21.443    51.046     0.000     0.000     0.000     0.000   0   0   0   0   0   0   0     0.000    -0.028    -0.029     0.020     0.001     0.001     0.019
   7 0 1 0 1 1 1 1  28   0  11   0   0   0   0     5.478    21.443    51.088     0.000     0.000     0.000     0.000   0   0   0   0   0   0   0     0.000    -0.133    -0.029     0.020     0.001     0.005     0.095
   7 0 0 1 1 1 1 1  12   0  11   0   0   0   0    49.571    21.443    51.088     0.000     0.000     0.000     0.000   0   0   0   0   0   0   0     0.000    -0.133     0.122    -0.084    -0.004     0.005     0.095
   7 0 0 1 1 1 1 1  12   0  11   0   0   0   0    49.571    21.443    51.088     0.000     0.000     0.000     0.000   0   0   0   0   0   0   0     0.000    -0.133     0.021    -0.017    -0.001     0.005     0.095
   7 0 1 0 1 1 1 1  28   0   0   0   0   0   0     5.478    21.443    21.440     0.000     0.000     0.000     0.000   0   0   0   0   0   0   0     0.000    -0.028     0.021    -0.017    -0.001     0.019     0.001
   7 0 0 1 1 1 1 1  12   0   0   0   0   0   0    49.571    21.443    21.440     0.000     0.000     0.000     0.000   0   0   0   0   0   0   0     0.000    -0.028    -0.127     0.091     0.004     0.019     0.001
   7 0 1 0 1 1 1 1  28   0   0   0   0   0   0     5.478    21.443    21.440     0.000     0.000     0.000     0.000   0   0   0   0   0   0   0     0.000     0.115    -0.127     0.091     0.004    -0.079    -0.004
   7 0 1 0 1 1 1 1  22   0   0   0   0   0   0     4.870    21.443    21.443     0.000     0.000     0.000     0.000   0   0   0   0   0   0   0     0.000     0.020    -0.127     0.091     0.004    -0.016    -0.000
   7 0 1 0 1 1 1 1  30   0   0   0   0   0   0     5.460    21.443    21.443     0.000     0.000     0.000     0.000   0   0   0   0   0   0   0     0.000    -0.027    -0.127     0.091     0.004     0.019     0.001
   7 0 1 0 1 1 1 1  22   0   0   0   0   0   0     4.870    21.443    21.443     0.000     0.000     0.000     0.000   0   0   0   0   0   0   0     0.000    -0.123    -0.127     0.091     0.004     0.090     0.004
   7 0 1 0 1 1 1 1  22   0   0   0   0   0   0     4.870    21.443    21.443     0.000     0.000     0.000     0.000   0   0   0   0   0   0   0     0.000     0.113    -0.127     0.091     0.004    -0.080    -0.004
   7 0 1 0 1 1 1 1  28   0   0   0   0   0   0     5.478    21.443    21.440     0.000     0.000     0.000     0.000   0   0   0   0   0   0   0     0.000     0.020    -0.127     0.091     0.004    -0.016    -0.000
   7 0 1 0 1 1 1 1  22   0   0   0   0   0   0     4.870    21.443    21.443     0.000     0.000     0.000     0.000   0   0   0   0   0   0   0     0.000    -0.026    -0.127     0.091     0.004     0.018     0.001
   7 0 1 0 1 1 1 1  28   0   0   0   0   0   0     5.478    21.443    21.440     0.000     0.000     0.000     0.000   0   0   0   0   0   0   0     0.000    -0.121    -0.127     0.091     0.004     0.091     0.003
   7 0 0 1 1 1 1 1  12   0   0   0   0   0   0    49.571    21.443    21.440     0.000     0.000     0.000     0.000   0   0   0   0   0   0   0     0.000    -0.121     0.112    -0.080    -0.003     0.091     0.003
   7 0 0 1 1 1 1 1  12   0   0   0   0   0   0    49.571    21.443    21.440     0.000     0.000     0.000     0.000   0   0   0   0   0   0   0     0.000    -0.121     0.019    -0.016    -0.000     0.091     0.003
   7 0 1 0 1 1 1 1  28   0   0   0   0   0   0     5.478    21.443    21.440     0.000     0.000     0.000     0.000   0   0   0   0   0   0   0     0.000    -0.025     0.019    -0.016    -0.000     0.018     0.001
   7 0 1 0 1 1 1 1  30   0   0   0   0   0   0     5.460    21.443    21.443     0.000     0.000     0.000     0.000   0   0   0   0   0   0   0     0.000    -0.116     0.019    -0.016    -0.000     0.087     0.003
   7 0 1 0 1 1 1 1  28   0   0   0   0   0   0     5.478    21.443    21.440     0.000     0.000     0.000     0.000   0   0   0   0   0   0   0     0.000     0.105     0.019    -0.016    -0.000    -0.076    -0.003
   7 0 1 0 1 1 1 1  22   0   0   0   0   0   0     4.870    21.443    21.443     0.000     0.000     0.000     0.000   0   0   0   0   0   0   0     0.000     0.019     0.019    -0.016    -0.000    -0.015    -0.000
   7 0 0 1 1 1 1 1  12   0   0   0   0   0   0    49.571    21.443    21.443     0.000     0.000     0.000     0.000   0   0   0   0   0   0   0     0.000     0.019    -0.025     0.018     0.001    -0.015    -0.000
   7 0 1 0 1 1 1 1  22   0   0   0   0   0   0     4.870    21.443    21.443     0.000     0.000     0.000     0.000   0   0   0   0   0   0   0     0.000    -0.113    -0.025     0.018     0.001     0.086     0.003
   7 0 1 0 1 1 1 1  22   0  11   0   0   0   0     4.870    21.443    51.046     0.000     0.000     0.000     0.000   0   0   0   0   0   0   0     0.000     0.104    -0.025     0.018     0.001    -0.003    -0.077
   7 0 1 0 1 1 1 1  28   0   0   0   0   0   0     5.478    21.443    21.440     0.000     0.000     0.000     0.000   0   0   0   0   0   0   0     0.000     0.018    -0.025     0.018     0.001    -0.015    -0.000
   7 0 1 0 1 1 1 1  22   0   0   0   0   0   0     4.870    21.443    21.443     0.000     0.000     0.000     0.000   0   0   0   0   0   0   0     0.000    -0.024    -0.025     0.018     0.001     0.018     0.001
   7 0 1 0 1 1 1 1  28   0   0   0   0   0   0     5.478    21.443    21.440     0.000     0.000     0.000     0.000   0   0   0   0   0   0   0     0.000    -0.112    -0.025     0.018     0.001     0.087     0.003
   7 0 0 1 1 1 1 1  12  11   0   0   0   0   0    49.571    51.046    21.440     0.000     0.000     0.000     0.000   0   0   0   0   0   0   0     0.000    -0.112     0.102    -0.002    -0.077     0.087     0.003
   7 0 0 1 1 1 1 1  12   0   0   0   0   0   0    49.571    21.443    21.440     0.000     0.000     0.000     0.000   0   0   0   0   0   0   0     0.000    -0.112     0.018    -0.015    -0.000     0.087     0.003
   7 0 1 0 1 1 1 1  28   0   0   0   0   0   0     5.478    21.443    21.440     0.000     0.000     0.000     0.000   0   0   0   0   0   0   0     0.000    -0.023     0.018    -0.015    -0.000     0.017     0.001
   7 0 0 1 1 1 1 1  12   0   0   0   0   0   0    49.571    21.443    21.440     0.000     0.000     0.000     0.000   0   0   0   0   0   0   0     0.000    -0.023    -0.107     0.083     0.002     0.017     0.001
   7 0 1 0 1 1 1 1  28   0   0   0   0   0   0     5.478    21.443    21.440     0.000     0.000     0.000     0.000   0   0   0   0   0   0   0     0.000     0.096    -0.107     0.083     0.002    -0.073    -0.002
   7 0 1 0 1 1 1 1  22   0  11   0   0   0   0     4.870    21.443    51.046     0.000     0.000     0.000     0.000   0   0   0   0   0   0   0     0.000     0.017    -0.107     0.083     0.002    -0.000    -0.015
   7 0 0 1 1 1 1 1  12   0  11   0   0   0   0    49.571    21.443    51.046     0.000     0.000     0.000     0.000   0   0   0   0   0   0   0     0.000     0.017    -0.023     0.017     0.001    -0.000    -0.015
   7 0 1 0 1 1 1 1  22   0   0   0   0   0   0     4.870    21.443    21.443     0.000     0.000     0.000     0.000   0   0   0   0   0   0   0     0.000    -0.103    -0.023     0.017     0.001     0.082     0.002
   7 0 1 0 1 1 1 1  22   0   0   0   0   0   0     4.870    21.443    21.443     0.000     0.000     0.000     0.000   0   0   0   0   0   0   0     0.000     0.095    -0.023     0.017     0.001    -0.073    -0.002
   7 0 1 0 1 1 1 1  28   0  11   0   0   0   0     5.478    21.443    51.088     0.000     0.000     0.000     0.000   0   0   0   0   0   0   0     0.000     0.017    -0.023     0.017     0.001    -0.000    -0.014
   7 0 1 0 1 1 1 1  22   0   0   0   0   0   0     4.870    21.443    21.443     0.000     0.000     0.000     0.000   0   0   0   0   0   0   0     0.000    -0.022    -0.023     0.017     0.001     0.017     0.001
   7 0 1 0 1 1 1 1  28   0   0   0   0   0   0     5.478    21.443    21.440     0.000     0.000     0.000     0.000   0   0   0   0   0   0   0     0.000    -0.103    -0.023     0.017     0.001     0.082     0.002
   7 0 0 1 1 1 1 1  12   0   0   0   0   0   0    49.571    21.443    21.440     0.000     0.000     0.000     0.000   0   0   0   0   0   0   0     0.000    -0.103     0.094    -0.073    -0.002     0.082     0.002
   7 0 0 1 1 1 1 1  12  11   0   0   0   0   0    49.571    51.046    21.440     0.000     0.000     0.000     0.000   0   0   0   0   0   0   0     0.000    -0.103     0.016    -0.000    -0.014     0.082     0.002
   7 0 1 0 1 1 1 1  28  11   0   0   0   0   0     5.478    51.046    21.440     0.000     0.000     0.000     0.000   0   0   0   0   0   0   0     0.000    -0.021     0.016    -0.000    -0.014     0.017     0.000
   7 0 0 1 1 1 1 1  12   0   0   0   0   0   0    49.571    21.443    21.440     0.000     0.000     0.000     0.000   0   0   0   0   0   0   0     0.000    -0.021    -0.098     0.079     0.002     0.017     0.000
   7 0 1 0 1 1 1 1  28   0   0   0   0   0   0     5.478    21.443    21.440     0.000     0.000     0.000     0.000   0   0   0   0   0   0   0     0.000     0.089    -0.098     0.079     0.002    -0.069    -0.002
   7 0 1 0 1 1 1 1  22   0   0   0   0   0   0     4.870    21.443    21.443     0.000     0.000     0.000     0.000   0   0   0   0   0   0   0     0.000     0.016    -0.098     0.079     0.002    -0.014    -0.000
   7 0 0 1 1 1 1 1  12   0   0   0   0   0   0    49.571    21.443    21.443     0.000     0.000     0.000     0.000   0   0   0   0   0   0   0     0.000     0.016    -0.021     0.016     0.000    -0.014    -0.000
   7 0 1 0 1 1 1 1  22   0   0   0   0   0   0     4.870    21.443    21.443     0.000     0.000     0.000     0.000   0   0   0   0   0   0   0     0.000    -0.095    -0.021     0.016     0.000     0.078     0.002
   7 0 1 0 1 1 1 1  22   0   0   0   0   0   0     4.870    21.443    21.443     0.000     0.000     0.000     0.000   0   0   0   0   0   0   0     0.000     0.088    -0.021     0.016     0.000    -0.070    -0.002
   7 0 1 0 1 1 1 1  28   0   0   0   0   0   0     5.478    21.443    21.440     0.000     0.000     0.000     0.000   0   0   0   0   0   0   0     0.000     0.015    -0.021     0.016     0.000    -0.013    -0.000
   7 0 1 0 1 1 1 1  22   0   0   0   0   0   0     4.870    21.443    21.443     0.000     0.000     0.000     0.000   0   0   0   0   0   0   0     0.000    -0.020    -0.021     0.016     0.000     0.016     0.000
   7 0 1 0 1 1 1 1  28   0   0   0   0   0   0     5.478    21.443    21.440     0.000     0.000     0.000     0.000   0   0   0   0   0   0   0     0.000    -0.095    -0.021     0.016     0.000     0.078     0.001
   7 0 0 1 1 1 1 1  12   0   0   0   0   0   0    49.571    21.443    21.440     0.000     0.000     0.000     0.000   0   0   0   0   0   0   0     0.000    -0.095     0.086    -0.070    -0.001     0.078     0.001
   7 0 0 1 1 1 1 1  12   0   0   0   0   0   0    49.571    21.443    21.440     0.000     0.000     0.000     0.000   0   0   0   0   0   0   0     0.000    -0.095     0.015    -0.013    -0.000     0.078     0.001
   7 0 1 0 1 1 1 1  28   0   0   0   0   0   0     5.478    21.443    21.440     0.000     0.000     0.000     0.000   0   0   0   0   0   0   0     0.000    -0.019     0.015    -0.013    -0.000     0.016     0.000
   7 0 0 1 1 1 1 1  12   0   0   0   0   0   0    49.571    21.443    21.440     0.000     0.000     0.000     0.000   0   0   0   0   0   0   0     0.000    -0.019    -0.090     0.075     0.001     0.016     0.000
   7 0 1 0 1 1 1 1  28   0   0   0   0   0   0     5.478    21.443    21.440     0.000     0.000     0.000     0.000   0   0   0   0   0   0   0     0.000     0.081    -0.090     0.075     0.001    -0.066    -0.001
   7 0 1 0 1 1 1 1  22   0   0   0   0   0   0     4.870    21.443    21.443     0.000     0.000     0.000     0.000   0   0   0   0   0   0   0     0.000     0.015    -0.090     0.075     0.001    -0.013    -0.000
   7 0 0 1 1 1 1 1  12   0   0   0   0   0   0    49.571    21.443    21.443     0.000     0.000     0.000     0.000   0   0   0   0   0   0   0     0.000     0.015    -0.019     0.016     0.000    -0.013    -0.000
   7 0 1 0 1 1 1 1  22   0   0   0   0   0   0     4.870    21.443    21.443     0.000     0.000     0.000     0.000   0   0   0   0   0   0   0     0.000    -0.088    -0.019     0.016     0.000     0.073     0.001
   7 0 1 0 1 1 1 1  22   0   0   0   0   0   0     4.870    21.443    21.443     0.000     0.000     0.000     0.000   0   0   0   0   0   0   0     0.000     0.081    -0.019     0.016     0.000    -0.066    -0.001
   7 0 1 0 1 1 1 1  28   0   0   0   0   0   0     5.478    21.443    21.440     0.000     0.000     0.000     0.000   0   0   0   0   0   0   0     0.000     0.014    -0.019     0.016     0.000    -0.013    -0.000
   7 0 1 0 1 1 1 1  22   0   0   0   0   0   0     4.870    21.443    21.443     0.000     0.000     0.000     0.000   0   0   0   0   0   0   0     0.000    -0.019    -0.019     0.016     0.000     0.015     0.000
   7 0 1 0 1 1 1 1  28   0   0   0   0   0   0     5.478    21.443    21.440     0.000     0.000     0.000     0.000   0   0   0   0   0   0   0     0.000    -0.087    -0.019     0.016     0.000     0.074     0.001
   7 0 1 0 1 1 1 1  30   0   0   0   0   0   0     5.460    21.443    21.443     0.000     0.000     0.000     0.000   0   0   0   0   0   0   0     0.000     0.080    -0.019     0.016     0.000    -0.066    -0.001
   7 0 0 1 1 1 1 1  12   0   0   0   0   0   0    49.571    21.443    21.443     0.000     0.000     0.000     0.000   0   0   0   0   0   0   0     0.000     0.080     0.014    -0.012    -0.000    -0.066    -0.001
   7 0 1 0 1 1 1 1  28   0   0   0   0   0   0     5.478    21.443    21.440     0.000     0.000     0.000     0.000   0   0   0   0   0   0   0     0.000    -0.018     0.014    -0.012    -0.000     0.015     0.000
   7 0 0 1 1 1 1 1  12   0   0   0   0   0   0    49.571    21.443    21.440     0.000     0.000     0.000     0.000   0   0   0   0   0   0   0     0.000    -0.018    -0.083     0.071     0.001     0.015     0.000
   7 0 1 0 1 1 1 1  28   0   0   0   0   0   0     5.478    21.443    21.440     0.000     0.000     0.000     0.000   0   0   0   0   0   0   0     0.000     0.075    -0.083     0.071     0.001    -0.062    -0.001
   7 0 1 0 1 1 1 1  22   0   0   0   0   0   0     4.870    21.443    21.443     0.000     0.000     0.000     0.000   0   0   0   0   0   0   0     0.000     0.014    -0.083     0.071     0.001    -0.012    -0.000
   7 0 0 1 1 1 1 1  12  11   0   0   0   0   0    49.571    51.046    21.443     0.000     0.000     0.000     0.000   0   0   0   0   0   0   0     0.000     0.014    -0.018     0.000     0.015    -0.012    -0.000
   7 0 1 0 1 1 1 1  22  11   0   0   0   0   0     4.870    51.046    21.443     0.000     0.000     0.000     0.000   0   0   0   0   0   0   0     0.000    -0.081    -0.018     0.000     0.015     0.069     0.001
   7 0 1 0 1 1 1 1  22  11   0   0   0   0   0     4.870    51.046    21.443     0.000     0.000     0.000     0.000   0   0   0   0   0   0   0     0.000     0.074    -0.018     0.000     0.015    -0.063    -0.001
   7 0 1 0 1 1 1 1  28  11   0   0   0   0   0     5.478    51.046    21.440     0.000     0.000     0.000     0.000   0   0   0   0   0   0   0     0.000     0.013    -0.018     0.000     0.015    -0.012    -0.000
   7 0 1 0 1 1 1 1  22  11   0   0   0   0   0     4.870    51.046    21.443     0.000     0.000     0.000     0.000   0   0   0   0   0   0   0     0.000    -0.017    -0.018     0.000     0.015     0.014     0.000
   7 0 1 0 1 1 1 1  28  11   0   0   0   0   0     5.478    51.046    21.440     0.000     0.000     0.000     0.000   0   0   0   0   0   0   0     0.000    -0.081    -0.018     0.000     0.015     0.070     0.001
   7 0 1 0 1 1 1 1  30  11   0   0   0   0   0     5.460    51.046    21.443     0.000     0.000     0.000     0.000   0   0   0   0   0   0   0     0.000     0.074    -0.018     0.000     0.015    -0.062    -0.001
   7 0 0 1 1 1 1 1  12   0   0   0   0   0   0    49.571    21.443    21.443     0.000     0.000     0.000     0.000   0   0   0   0   0   0   0     0.000     0.074     0.013    -0.012    -0.000    -0.062    -0.001
   7 0 1 0 1 1 1 1  28   0   0   0   0   0   0     5.478    21.443    21.440     0.000     0.000     0.000     0.000   0   0   0   0   0   0   0     0.000    -0.017     0.013    -0.012    -0.000     0.014     0.000
   7 0 0 1 1 1 1 1  12   0   0   0   0   0   0    49.571    21.443    21.440     0.000     0.000     0.000     0.000   0   0   0   0   0   0   0     0.000    -0.017    -0.077     0.067     0.001     0.014     0.000
   7 0 1 0 1 1 1 1  28   0   0   0   0   0   0     5.478    21.443    21.440     0.000     0.000     0.000     0.000   0   0   0   0   0   0   0     0.000     0.069    -0.077     0.067     0.001    -0.059    -0.001
   7 0 1 0 1 1 1 1  22   0   0   0   0   0   0     4.870    21.443    21.443     0.000     0.000     0.000     0.000   0   0   0   0   0   0   0     0.000     0.013    -0.077     0.067     0.001    -0.011    -0.000
   7 0 0 1 1 1 1 1  12   0   0   0   0   0   0    49.571    21.443    21.443     0.000     0.000     0.000     0.000   0   0   0   0   0   0   0     0.000     0.013    -0.016     0.014     0.000    -0.011    -0.000
   7 0 1 0 1 1 1 1  22   0   0   0   0   0   0     4.870    21.443    21.443     0.000     0.000     0.000     0.000   0   0   0   0   0   0   0     0.000    -0.075    -0.016     0.014     0.000     0.065     0.001
   7 0 1 0 1 1 1 1  22   0   0   0   0   0   0     4.870    21.443    21.443     0.000     0.000     0.000     0.000   0   0   0   0   0   0   0     0.000     0.069    -0.016     0.014     0.000    -0.059    -0.001
   7 0 1 0 1 1 1 1  28   0   0   0   0   0   0     5.478    21.443    21.440     0.000     0.000     0.000     0.000   0   0   0   0   0   0   0     0.000     0.012    -0.016     0.014     0.000    -0.011    -0.000
   7 0 1 0 1 1 1 1  22   0   0   0   0   0   0     4.870    21.443    21.443     0.000     0.000     0.000     0.000   0   0   0   0   0   0   0     0.000    -0.016    -0.016     0.014     0.000     0.014     0.000
   7 0 1 0 1 1 1 1  28   0   0   0   0   0   0     5.478    21.443    21.440     0.000     0.000     0.000     0.000   0   0   0   0   0   0   0     0.000    -0.075    -0.016     0.014     0.000     0.066     0.001
   7 0 0 1 1 1 1 1  12   0   0   0   0   0   0    49.571    21.443    21.440     0.000     0.000     0.000     0.000   0   0   0   0   0   0   0     0.000    -0.075     0.068    -0.059    -0.001     0.066     0.001
   7 0 0 1 1 1 1 1  12   0   0   0   0   0   0    49.571    21.443    21.440     0.000     0.000     0.000     0.000   0   0   0   0   0   0   0     0.000    -0.075     0.012    -0.011    -0.000     0.066     0.001
   7 0 1 0 1 1 1 1  28   0  11   0   0   0   0     5.478    21.443    51.088     0.000     0.000     0.000     0.000   0   0   0   0   0   0   0     0.000    -0.015     0.012    -0.011    -0.000     0.000     0.013
   7 0 0 1 1 1 1 1  12   0  11   0   0   0   0    49.571    21.443    51.088     0.000     0.000     0.000     0.000   0   0   0   0   0   0   0     0.000    -0.015    -0.071     0.063     0.001     0.000     0.013
   7 0 1 0 1 1 1 1  28   0   0   0   0   0   0     5.478    21.443    21.440     0.000     0.000     0.000     0.000   0   0   0   0   0   0   0     0.000     0.064    -0.071     0.063     0.001    -0.056    -0.001
   7 0 1 0 1 1 1 1  22   0   0   0   0   0   0     4.870    21.443    21.443     0.000     0.000     0.000     0.000   0   0   0   0   0   0   0     0.000     0.012    -0.071     0.063     0.001    -0.011    -0.000
   7 0 0 1 1 1 1 1  12   0   0   0   0   0   0    49.571    21.443    21.443     0.000     0.000     0.000     0.000   0   0   0   0   0   0   0     0.000     0.012    -0.015     0.013     0.000    -0.011    -0.000
   7 0 1 0 1 1 1 1  22   0   0   0   0   0   0     4.870    21.443    21.443     0.000     0.000     0.000     0.000   0   0   0   0   0   0   0     0.000    -0.069    -0.015     0.013     0.000     0.062     0.001
   7 0 1 0 1 1 1 1  22   0   0   0   0   0   0     4.870    21.443    21.443     0.000     0.000     0.000     0.000   0   0   0   0   0   0   0     0.000     0.064    -0.015     0.013     0.000    -0.056    -0.000
   7 0 1 0 1 1 1 1  28   0  11   0   0   0   0     5.478    21.443    51.088     0.000     0.000     0.000     0.000   0   0   0   0   0   0   0     0.000     0.011    -0.015     0.013     0.000    -0.000    -0.011
   7 0 1 0 1 1 1 1  22   0   0   0   0   0   0     4.870    21.443    21.443     0.000     0.000     0.000     0.000   0   0   0   0   0   0   0     0.000    -0.015    -0.015     0.013     0.000     0.013     0.000
   7 0 1 0 1 1 1 1  28   0   0   0   0   0   0     5.478    21.443    21.440     0.000     0.000     0.000     0.000   0   0   0   0   0   0   0     0.000    -0.069    -0.015     0.013     0.000     0.062     0.000
   7 0 0 1 1 1 1 1  12   0   0   0   0   0   0    49.571    21.443    21.440     0.000     0.000     0.000     0.000   0   0   0   0   0   0   0     0.000    -0.069     0.063    -0.056    -0.000     0.062     0.000
   7 0 0 1 1 1 1 1  12  11   0   0   0   0   0    49.571    51.046    21.440     0.000     0.000     0.000     0.000   0   0   0   0   0   0   0     0.000    -0.069     0.011    -0.000    -0.010     0.062     0.000
   7 0 1 0 1 1 1 1  28  11   0   0   0   0   0     5.478    51.046    21.440     0.000     0.000     0.000     0.000   0   0   0   0   0   0   0     0.000    -0.014     0.011    -0.000    -0.010     0.013     0.000
   7 0 1 0 1 1 1 1  30  11   0   0   0   0   0     5.460    51.046    21.443     0.000     0.000     0.000     0.000   0   0   0   0   0   0   0     0.000    -0.066     0.011    -0.000    -0.010     0.059     0.000
   7 0 1 0 1 1 1 1  28  11   0   0   0   0   0     5.478    51.046    21.440     0.000     0.000     0.000     0.000   0   0   0   0   0   0   0     0.000     0.059     0.011    -0.000    -0.010    -0.052    -0.000
   7 0 1 0 1 1 1 1  22  11   0   0   0   0   0     4.870    51.046    21.443     0.000     0.000     0.000     0.000   0   0   0   0   0   0   0     0.000     0.011     0.011    -0.000    -0.010    -0.010    -0.000
   7 0 0 1 1 1 1 1  12   0   0   0   0   0   0    49.571    21.443    21.443     0.000     0.000     0.000     0.000   0   0   0   0   0   0   0     0.000     0.011    -0.014     0.012     0.000    -0.010    -0.000
   7 0 1 0 1 1 1 1  22   0   0   0   0   0   0     4.870    21.443    21.443     0.000     0.000     0.000     0.000   0   0   0   0   0   0   0     0.000    -0.064    -0.014     0.012     0.000     0.058     0.000
   7 0 1 0 1 1 1 1  22   0   0   0   0   0   0     4.870    21.443    21.443     0.000     0.000     0.000     0.000   0   0   0   0   0   0   0     0.000     0.059    -0.014     0.012     0.000    -0.052    -0.000
   7 0 1 0 1 1 1 1  28   0   0   0   0   0   0     5.478    21.443    21.440     0.000     0.000     0.000     0.000   0   0   0   0   0   0   0     0.000     0.011    -0.014     0.012     0.000    -0.010    -0.000
   7 0 1 0 1 1 1 1  22   0   0   0   0   0   0     4.870    21.443    21.443     0.000     0.000     0.000     0.000   0   0   0   0   0   0   0     0.000    -0.014    -0.014     0.012     0.000     0.012     0.000
   7 0 1 0 1 1 1 1  28   0   0   0   0   0   0     5.478    21.443    21.440     0.000     0.000     0.000     0.000   0   0   0   0   0   0   0     0.000    -0.064    -0.014     0.012     0.000     0.058     0.000
   7 0 0 1 1 1 1 1  12   0   0   0   0   0   0    49.571    21.443    21.440     0.000     0.000     0.000     0.000   0   0   0   0   0   0   0     0.000    -0.064     0.058    -0.052    -0.000     0.058     0.000
   7 0 0 1 1 1 1 1  12  11   0   0   0   0   0    49.571    51.046    21.440     0.000     0.000     0.000     0.000   0   0   0   0   0   0   0     0.000    -0.064     0.010    -0.000    -0.010     0.058     0.000
   7 0 1 0 1 1 1 1  28  11  11   0   0   0   0     5.478    51.046    51.088     0.000     0.000     0.000     0.000   0   0   0   0   0   0   0     0.000    -0.013     0.010    -0.000    -0.010     0.000     0.012
   7 0 0 1 1 1 1 1  12   0  11   0   0   0   0    49.571    21.443    51.088     0.000     0.000     0.000     0.000   0   0   0   0   0   0   0     0.000    -0.013    -0.061     0.056     0.000     0.000     0.012
   7 0 1 0 1 1 1 1  28   0   0   0   0   0   0     5.478    21.443    21.440     0.000     0.000     0.000     0.000   0   0   0   0   0   0   0     0.000     0.055    -0.061     0.056     0.000    -0.049    -0.000
   7 0 1 0 1 1 1 1  22   0   0   0   0   0   0     4.870    21.443    21.443     0.000     0.000     0.000     0.000   0   0   0   0   0   0   0     0.000     0.010    -0.061     0.056     0.000    -0.009    -0.000
   7 0 0 1 1 1 1 1  12   0   0   0   0   0   0    49.571    21.443    21.443     0.000     0.000     0.000     0.000   0   0   0   0   0   0   0     0.000     0.010    -0.013     0.012     0.000    -0.009    -0.000
   7 0 1 0 1 1 1 1  22   0   0   0   0   0   0     4.870    21.443    21.443     0.000     0.000     0.000     0.000   0   0   0   0   0   0   0     0.000    -0.060    -0.013     0.012     0.000     0.055     0.000
   7 0 1 0 1 1 1 1  22   0   0   0   0   0   0     4.870    21.443    21.443     0.000     0.000     0.000     0.000   0   0   0   0   0   0   0     0.000     0.055    -0.013     0.012     0.000    -0.049    -0.000
   7 0 1 0 1 1 1 1  28   0  11   0   0   0   0     5.478    21.443    51.088     0.000     0.000     0.000     0.000   0   0   0   0   0   0   0     0.000     0.010    -0.013     0.012     0.000    -0.000    -0.009
   7 0 1 0 1 1 1 1  22   0  11   0   0   0   0     4.870    21.443    51.046     0.000     0.000     0.000     0.000   0   0   0   0   0   0   0     0.000    -0.013    -0.013     0.012     0.000     0.000     0.011
   7 0 1 0 1 1 1 1  28   0   0   0   0   0   0     5.478    21.443    21.440     0.000     0.000     0.000     0.000   0   0   0   0   0   0   0     0.000    -0.059    -0.013     0.012     0.000     0.055     0.000
   7 0 0 1 1 1 1 1  12   0   0   0   0   0   0    49.571    21.443    21.440     0.000     0.000     0.000     0.000   0   0   0   0   0   0   0     0.000    -0.059     0.054    -0.049    -0.000     0.055     0.000
   7 0 0 1 1 1 1 1  12   0   0   0   0   0   0    49.571    21.443    21.440     0.000     0.000     0.000     0.000   0   0   0   0   0   0   0     0.000    -0.059     0.010    -0.009    -0.000     0.055     0.000
   7 0 1 0 1 1 1 1  28   0  11   0   0   0   0     5.478    21.443    51.088     0.000     0.000     0.000     0.000   0   0   0   0   0   0   0     0.000    -0.012     0.010    -0.009    -0.000     0.000     0.011
   7 0 0 1 1 1 1 1  12   0  11   0   0   0   0    49.571    21.443    51.088     0.000     0.000     0.000     0.000   0   0   0   0   0   0   0     0.000    -0.012    -0.057     0.052     0.000     0.000     0.011
   7 0 1 0 1 1 1 1  28   0   0   0   0   0   0     5.478    21.443    21.440     0.000     0.000     0.000     0.000   0   0   0   0   0   0   0     0.000     0.051    -0.057     0.052     0.000    -0.046    -0.000
   7 0 1 0 1 1 1 1  22   0  11   0   0   0   0     4.870    21.443    51.046     0.000     0.000     0.000     0.000   0   0   0   0   0   0   0     0.000     0.009    -0.057     0.052     0.000    -0.000    -0.009
   7 0 0 1 1 1 1 1  12   0  11   0   0   0   0    49.571    21.443    51.046     0.000     0.000     0.000     0.000   0   0   0   0   0   0   0     0.000     0.009    -0.012     0.011     0.000    -0.000    -0.009
   7 0 1 0 1 1 1 1  22   0   0   0   0   0   0     4.870    21.443    21.443     0.000     0.000     0.000     0.000   0   0   0   0   0   0   0     0.000    -0.055    -0.012     0.011     0.000     0.051     0.000
   7 0 1 0 1 1 1 1  22   0  11   0   0   0   0     4.870    21.443    51.046     0.000     0.000     0.000     0.000   0   0   0   0   0   0   0     0.000     0.051    -0.012     0.011     0.000    -0.000    -0.046
   7 0 1 0 1 1 1 1  28   0   0   0   0   0   0     5.478    21.443    21.440     0.000     0.000     0.000     0.000   0   0   0   0   0   0   0     0.000     0.009    -0.012     0.011     0.000    -0.009    -0.000
   7 0 1 0 1 1 1 1  22   0   0   0   0   0   0     4.870    21.443    21.443     0.000     0.000     0.000     0.000   0   0   0   0   0   0   0     0.000    -0.012    -0.012     0.011     0.000     0.011     0.000
   7 0 1 0 1 1 1 1  28   0   0   0   0   0   0     5.478    21.443    21.440     0.000     0.000     0.000     0.000   0   0   0   0   0   0   0     0.000    -0.055    -0.012     0.011     0.000     0.051     0.000
   7 0 0 1 1 1 1 1  12   0   0   0   0   0   0    49.571    21.443    21.440     0.000     0.000     0.000     0.000   0   0   0   0   0   0   0     0.000    -0.055     0.050    -0.046    -0.000     0.051     0.000
   7 0 0 1 1 1 1 1  12   0   0   0   0   0   0    49.571    21.443    21.440     0.000     0.000     0.000     0.000   0   0   0   0   0   0   0     0.000    -0.055     0.009    -0.009    -0.000     0.051     0.000
   7 0 1 0 1 1 1 1  28   0  11   0   0   0   0     5.478    21.443    51.088     0.000     0.000     0.000     0.000   0   0   0   0   0   0   0     0.000    -0.011     0.009    -0.009    -0.000     0.000     0.010
   7 0 0 1 1 1 1 1  12   0  11   0   0   0   0    49.571    21.443    51.088     0.000     0.000     0.000     0.000   0   0   0   0   0   0   0     0.000    -0.011    -0.053     0.049     0.000     0.000     0.010
   7 0 1 0 1 1 1 1  28   0   0   0   0   0   0     5.478    21.443    21.440     0.000     0.000     0.000     0.000   0   0   0   0   0   0   0     0.000     0.047    -0.053     0.049     0.000    -0.044    -0.000
   7 0 1 0 1 1 1 1  22   0   0   0   0   0   0     4.870    21.443    21.443     0.000     0.000     0.000     0.000   0   0   0   0   0   0   0     0.000     0.009    -0.053     0.049     0.000    -0.008    -0.000
   7 0 0 1 1 1 1 1  12  11   0   0   0   0   0    49.571    51.046    21.443     0.000     0.000     0.000     0.000   0   0   0   0   0   0   0     0.000     0.009    -0.011     0.000     0.010    -0.008    -0.000
   7 0 1 0 1 1 1 1  22  11   0   0   0   0   0     4.870    51.046    21.443     0.000     0.000     0.000     0.000   0   0   0   0   0   0   0     0.000    -0.051    -0.011     0.000     0.010     0.048     0.000
   7 0 1 0 1 1 1 1  22  11   0   0   0   0   0     4.870    51.046    21.443     0.000     0.000     0.000     0.000   0   0   0   0   0   0   0     0.000     0.047    -0.011     0.000     0.010    -0.044    -0.000
   7 0 1 0 1 1 1 1  28  11   0   0   0   0   0     5.478    51.046    21.440     0.000     0.000     0.000     0.000   0   0   0   0   0   0   0     0.000     0.009    -0.011     0.000     0.010    -0.008    -0.000
   7 0 1 0 1 1 1 1  22  11   0   0   0   0   0     4.870    51.046    21.443     0.000     0.000     0.000     0.000   0   0   0   0   0   0   0     0.000    -0.011    -0.011     0.000     0.010     0.010     0.000
   7 0 1 0 1 1 1 1  28  11   0   0   0   0   0     5.478    51.046    21.440     0.000     0.000     0.000     0.000   0   0   0   0   0   0   0     0.000    -0.051    -0.011     0.000     0.010     0.048     0.000
   7 0 0 1 1 1 1 1  12  11   0   0   0   0   0    49.571    51.046    21.440     0.000     0.000     0.000     0.000   0   0   0   0   0   0   0     0.000    -0.051     0.047    -0.000    -0.043     0.048     0.000
   7 0 0 1 1 1 1 1  12  11   0   0   0   0   0    49.571    51.046    21.440     0.000     0.000     0.000     0.000   0   0   0   0   0   0   0     0.000    -0.051     0.008    -0.000    -0.008     0.048     0.000
   7 0 1 0 1 1 1 1  28  11   0   0   0   0   0     5.478    51.046    21.440     0.000     0.000     0.000     0.000   0   0   0   0   0   0   0     0.000    -0.011     0.008    -0.000    -0.008     0.010     0.000
   7 0 0 1 1 1 1 1  12   0   0   0   0   0   0    49.571    21.443    21.440     0.000     0.000     0.000     0.000   0   0   0   0   0   0   0     0.000    -0.011    -0.049     0.046     0.000     0.010     0.000
   7 0 1 0 1 1 1 1  28   0   0   0   0   0   0     5.478    21.443    21.440     0.000     0.000     0.000     0.000   0   0   0   0   0   0   0     0.000     0.044    -0.049     0.046     0.000    -0.041    -0.000
   7 0 1 0 1 1 1 1  22   0   0   0   0   0   0     4.870    21.443    21.443     0.000     0.000     0.000     0.000   0   0   0   0   0   0   0     0.000     0.008    -0.049     0.046     0.000    -0.008    -0.000
   7 0 1 0 1 1 1 1  30   0  11   0   0   0   0     5.460    21.443    51.046     0.000     0.000     0.000     0.000   0   0   0   0   0   0   0     0.000    -0.010    -0.049     0.046     0.000     0.000     0.010
   7 0 1 0 1 1 1 1  22   0   0   0   0   0   0     4.870    21.443    21.443     0.000     0.000     0.000     0.000   0   0   0   0   0   0   0     0.000    -0.048    -0.049     0.046     0.000     0.045     0.000
   7 0 1 0 1 1 1 1  22   0   0   0   0   0   0     4.870    21.443    21.443     0.000     0.000     0.000     0.000   0   0   0   0   0   0   0     0.000     0.044    -0.049     0.046     0.000    -0.041    -0.000
   7 0 1 0 1 1 1 1  28   0   0   0   0   0   0     5.478    21.443    21.440     0.000     0.000     0.000     0.000   0   0   0   0   0   0   0     0.000     0.008    -0.049     0.046     0.000    -0.008    -0.000
   7 0 1 0 1 1 1 1  22   0   0   0   0   0   0     4.870    21.443    21.443     0.000     0.000     0.000     0.000   0   0   0   0   0   0   0     0.000    -0.010    -0.049     0.046     0.000     0.009     0.000
   7 0 1 0 1 1 1 1  28   0   0   0   0   0   0     5.478    21.443    21.440     0.000     0.000     0.000     0.000   0   0   0   0   0   0   0     0.000    -0.048    -0.049     0.046     0.000     0.045     0.000
   7 0 0 1 1 1 1 1  12   0   0   0   0   0   0    49.571    21.443    21.440     0.000     0.000     0.000     0.000   0   0   0   0   0   0   0     0.000    -0.048     0.043    -0.041    -0.000     0.045     0.000
   7 0 0 1 1 1 1 1  12   0   0   0   0   0   0    49.571    21.443    21.440     0.000     0.000     0.000     0.000   0   0   0   0   0   0   0     0.000    -0.048     0.008    -0.007    -0.000     0.045     0.000
   7 0 1 0 1 1 1 1  28   0   0   0   0   0   0     5.478    21.443    21.440     0.000     0.000     0.000     0.000   0   0   0   0   0   0   0     0.000    -0.010     0.008    -0.007    -0.000     0.009     0.000
   7 0 1 0 1 1 1 1  30   0  11   0   0   0   0     5.460    21.443    51.046     0.000     0.000     0.000     0.000   0   0   0   0   0   0   0     0.000    -0.046     0.008    -0.007    -0.000     0.000     0.043
   7 0 1 0 1 1 1 1  28   0   0   0   0   0   0     5.478    21.443    21.440     0.000     0.000     0.000     0.000   0   0   0   0   0   0   0     0.000     0.041     0.008    -0.007    -0.000    -0.038    -0.000
   7 0 1 0 1 1 1 1  22   0  11   0   0   0   0     4.870    21.443    51.046     0.000     0.000     0.000     0.000   0   0   0   0   0   0   0     0.000     0.008     0.008    -0.007    -0.000    -0.000    -0.007
   7 0 0 1 1 1 1 1  12   0  11   0   0   0   0    49.571    21.443    51.046     0.000     0.000     0.000     0.000   0   0   0   0   0   0   0     0.000     0.008    -0.010     0.009     0.000    -0.000    -0.007
   7 0 1 0 1 1 1 1  22   0  11   0   0   0   0     4.870    21.443    51.046     0.000     0.000     0.000     0.000   0   0   0   0   0   0   0     0.000    -0.044    -0.010     0.009     0.000     0.000     0.042
   7 0 1 0 1 1 1 1  22   0   0   0   0   0   0     4.870    21.443    21.443     0.000     0.000     0.000     0.000   0   0   0   0   0   0   0     0.000     0.041    -0.010     0.009     0.000    -0.038    -0.000
   7 0 1 0 1 1 1 1  28   0   0   0   0   0   0     5.478    21.443    21.440     0.000     0.000     0.000     0.000   0   0   0   0   0   0   0     0.000     0.007    -0.010     0.009     0.000    -0.007    -0.000
   7 0 1 0 1 1 1 1  22   0  11   0   0   0   0     4.870    21.443    51.046     0.000     0.000     0.000     0.000   0   0   0   0   0   0   0     0.000    -0.009    -0.010     0.009     0.000     0.000     0.009
   7 0 1 0 1 1 1 1  28   0   0   0   0   0   0     5.478    21.443    21.440     0.000     0.000     0.000     0.000   0   0   0   0   0   0   0     0.000    -0.044    -0.010     0.009     0.000     0.042     0.000
   7 0 0 1 1 1 1 1  12   0   0   0   0   0   0    49.571    21.443    21.440     0.000     0.000     0.000     0.000   0   0   0   0   0   0   0     0.000    -0.044     0.040    -0.038    -0.000     0.042     0.000
   7 0 0 1 1 1 1 1  12   0   0   0   0   0   0    49.571    21.443    21.440     0.000     0.000     0.000     0.000   0   0   0   0   0   0   0     0.000    -0.044     0.007    -0.007    -0.000     0.042     0.000
   7 0 1 0 1 1 1 1  28   0  11   0   0   0   0     5.478    21.443    51.088     0.000     0.000     0.000     0.000   0   0   0   0   0   0   0     0.000    -0.009     0.007    -0.007    -0.000     0.000     0.009
   7 0 0 1 1 1 1 1  12   0  11   0   0   0   0    49.571    21.443    51.088     0.000     0.000     0.000     0.000   0   0   0   0   0   0   0     0.000    -0.009    -0.042     0.041     0.000     0.000     0.009
   7 0 1 0 1 1 1 1  28   0   0   0   0   0   0     5.478    21.443    21.440     0.000     0.000     0.000     0.000   0   0   0   0   0   0   0     0.000     0.038    -0.042     0.041     0.000    -0.036    -0.000
   7 0 1 0 1 1 1 1  22   0   0   0   0   0   0     4.870    21.443    21.443     0.000     0.000     0.000     0.000   0   0   0   0   0   0   0     0.000     0.007    -0.042     0.041     0.000    -0.007    -0.000
   7 0 1 0 1 1 1 1  30   0   0   0   0   0   0     5.460    21.443    21.443     0.000     0.000     0.000     0.000   0   0   0   0   0   0   0     0.000    -0.009    -0.042     0.041     0.000     0.008     0.000
   7 0 1 0 1 1 1 1  22   0   0   0   0   0   0     4.870    21.443    21.443     0.000     0.000     0.000     0.000   0   0   0   0   0   0   0     0.000    -0.041    -0.042     0.041     0.000     0.040     0.000
   7 0 1 0 1 1 1 1  22   0   0   0   0   0   0     4.870    21.443    21.443     0.000     0.000     0.000     0.000   0   0   0   0   0   0   0     0.000     0.038    -0.042     0.041     0.000    -0.036    -0.000
   7 0 1 0 1 1 1 1  28   0   0   0   0   0   0     5.478    21.443    21.440     0.000     0.000     0.000     0.000   0   0   0   0   0   0   0     0.000     0.007    -0.042     0.041     0.000    -0.007    -0.000
   7 0 1 0 1 1 1 1  22   0   0   0   0   0   0     4.870    21.443    21.443     0.000     0.000     0.000     0.000   0   0   0   0   0   0   0     0.000    -0.009    -0.042     0.041     0.000     0.008     0.000
   7 0 1 0 1 1 1 1  28   0   0   0   0   0   0     5.478    21.443    21.440     0.000     0.000     0.000     0.000   0   0   0   0   0   0   0     0.000    -0.041    -0.042     0.041     0.000     0.040     0.000
   7 0 1 0 1 1 1 1  30   0   0   0   0   0   0     5.460    21.443    21.443     0.000     0.000     0.000     0.000   0   0   0   0   0   0   0     0.000     0.037    -0.042     0.041     0.000    -0.036    -0.000
   7 0 0 1 1 1 1 1  12   0   0   0   0   0   0    49.571    21.443    21.443     0.000     0.000     0.000     0.000   0   0   0   0   0   0   0     0.000     0.037     0.007    -0.007    -0.000    -0.036    -0.000
   7 0 1 0 1 1 1 1  28   0   0   0   0   0   0     5.478    21.443    21.440     0.000     0.000     0.000     0.000   0   0   0   0   0   0   0     0.000    -0.008     0.007    -0.007    -0.000     0.008     0.000
   7 0 0 1 1 1 1 1  12   0   0   0   0   0   0    49.571    21.443    21.440     0.000     0.000     0.000     0.000   0   0   0   0   0   0   0     0.000    -0.008    -0.040     0.038     0.000     0.008     0.000
   7 0 1 0 1 1 1 1  28   0   0   0   0   0   0     5.478    21.443    21.440     0.000     0.000     0.000     0.000   0   0   0   0   0   0   0     0.000     0.035    -0.040     0.038     0.000    -0.034    -0.000
   7 0 1 0 1 1 1 1  22   0   0   0   0   0   0     4.870    21.443    21.443     0.000     0.000     0.000     0.000   0   0   0   0   0   0   0     0.000     0.007    -0.040     0.038     0.000    -0.006    -0.000
   7 0 0 1 1 1 1 1  12   0   0   0   0   0   0    49.571    21.443    21.443     0.000     0.000     0.000     0.000   0   0   0   0   0   0   0     0.000     0.007    -0.008     0.008     0.000    -0.006    -0.000
   7 0 1 0 1 1 1 1  22   0   0   0   0   0   0     4.870    21.443    21.443     0.000     0.000     0.000     0.000   0   0   0   0   0   0   0     0.000    -0.038    -0.008     0.008     0.000     0.037     0.000
   7 0 1 0 1 1 1 1  22   0   0   0   0   0   0     4.870    21.443    21.443     0.000     0.000     0.000     0.000   0   0   0   0   0   0   0     0.000     0.035    -0.008     0.008     0.000    -0.034    -0.000
   7 0 1 0 1 1 1 1  28   0   0   0   0   0   0     5.478    21.443    21.440     0.000     0.000     0.000     0.000   0   0   0   0   0   0   0     0.000     0.006    -0.008     0.008     0.000    -0.006    -0.000
   7 0 1 0 1 1 1 1  22   0   0   0   0   0   0     4.870    21.443    21.443     0.000     0.000     0.000     0.000   0   0   0   0   0   0   0     0.000    -0.008    -0.008     0.008     0.000     0.008     0.000
   7 0 1 0 1 1 1 1  28   0   0   0   0   0   0     5.478    21.443    21.440     0.000     0.000     0.000     0.000   0   0   0   0   0   0   0     0.000    -0.038    -0.008     0.008     0.000     0.037     0.000
   7 0 0 1 1 1 1 1  12   0   0   0   0   0   0    49.571    21.443    21.440     0.000     0.000     0.000     0.000   0   0   0   0   0   0   0     0.000    -0.038     0.035    -0.033    -0.000     0.037     0.000
   7 0 0 1 1 1 1 1  12   0   0   0   0   0   0    49.571    21.443    21.440     0.000     0.000     0.000     0.000   0   0   0   0   0   0   0     0.000    -0.038     0.006    -0.006    -0.000     0.037     0.000
   7 0 1 0 1 1 1 1  28   0   0   0   0   0   0     5.478    21.443    21.440     0.000     0.000     0.000     0.000   0   0   0   0   0   0   0     0.000    -0.008     0.006    -0.006    -0.000     0.008     0.000
   7 0 0 1 1 1 1 1  12   0   0   0   0   0   0    49.571    21.443    21.440     0.000     0.000     0.000     0.000   0   0   0   0   0   0   0     0.000    -0.008    -0.037     0.036     0.000     0.008     0.000
   7 0 1 0 1 1 1 1  28   0   0   0   0   0   0     5.478    21.443    21.440     0.000     0.000     0.000     0.000   0   0   0   0   0   0   0     0.000     0.033    -0.037     0.036     0.000    -0.032    -0.000
   7 0 1 0 1 1 1 1  22   0   0   0   0   0   0     4.870    21.443    21.443     0.000     0.000     0.000     0.000   0   0   0   0   0   0   0     0.000     0.006    -0.037     0.036     0.000    -0.006    -0.000
   7 0 0 1 1 1 1 1  12   0   0   0   0   0   0    49.571    21.443    21.443     0.000     0.000     0.000     0.000   0   0   0   0   0   0   0     0.000     0.006    -0.008     0.007     0.000    -0.006    -0.000
   7 0 1 0 1 1 1 1  22   0   0   0   0   0   0     4.870    21.443    21.443     0.000     0.000     0.000     0.000   0   0   0   0   0   0   0     0.000    -0.036    -0.008     0.007     0.000     0.035     0.000
   7 0 1 0 1 1 1 1  22   0   0   0   0   0   0     4.870    21.443    21.443     0.000     0.000     0.000     0.000   0   0   0   0   0   0   0     0.000     0.033    -0.008     0.007     0.000    -0.031    -0.000
   7 0 1 0 1 1 1 1  28   0   0   0   0   0   0     5.478    21.443    21.440     0.000     0.000     0.000     0.000   0   0   0   0   0   0   0     0.000     0.006    -0.008     0.007     0.000    -0.006    -0.000
   7 0 1 0 1 1 1 1  22   0   0   0   0   0   0     4.870    21.443    21.443     0.000     0.000     0.000     0.000   0   0   0   0   0   0   0     0.000    -0.008    -0.008     0.007     0.000     0.007     0.000
   7 0 1 0 1 1 1 1  28   0   0   0   0   0   0     5.478    21.443    21.440     0.000     0.000     0.000     0.000   0   0   0   0   0   0   0     0.000    -0.036    -0.008     0.007     0.000     0.035     0.000
   7 0 0 1 1 1 1 1  12   0   0   0   0   0   0    49.571    21.443    21.440     0.000     0.000     0.000     0.000   0   0   0   0   0   0   0     0.000    -0.036     0.032    -0.031    -0.000     0.035     0.000
   7 0 0 1 1 1 1 1  12   0   0   0   0   0   0    49.571    21.443    21.440     0.000     0.000     0.000     0.000   0   0   0   0   0   0   0     0.000    -0.036     0.006    -0.006    -0.000     0.035     0.000
   7 0 1 0 1 1 1 1  28   0   0   0   0   0   0     5.478    21.443    21.440     0.000     0.000     0.000     0.000   0   0   0   0   0   0   0     0.000    -0.007     0.006    -0.006    -0.000     0.007     0.000
   7 0 0 1 1 1 1 1  12   0   0   0   0   0   0    49.571    21.443    21.440     0.000     0.000     0.000     0.000   0   0   0   0   0   0   0     0.000    -0.007    -0.034     0.033     0.000     0.007     0.000
   7 0 1 0 1 1 1 1  28   0  11   0   0   0   0     5.478    21.443    51.088     0.000     0.000     0.000     0.000   0   0   0   0   0   0   0     0.000     0.031    -0.034     0.033     0.000    -0.000    -0.030
   7 0 1 0 1 1 1 1  22   0   0   0   0   0   0     4.870    21.443    21.443     0.000     0.000     0.000     0.000   0   0   0   0   0   0   0     0.000     0.006    -0.034     0.033     0.000    -0.006    -0.000
   7 0 1 0 1 1 1 1  30   0  11   0   0   0   0     5.460    21.443    51.046     0.000     0.000     0.000     0.000   0   0   0   0   0   0   0     0.000    -0.007    -0.034     0.033     0.000     0.000     0.007
   7 0 1 0 1 1 1 1  22   0   0   0   0   0   0     4.870    21.443    21.443     0.000     0.000     0.000     0.000   0   0   0   0   0   0   0     0.000    -0.033    -0.034     0.033     0.000     0.032     0.000
   7 0 1 0 1 1 1 1  22   0   0   0   0   0   0     4.870    21.443    21.443     0.000     0.000     0.000     0.000   0   0   0   0   0   0   0     0.000     0.030    -0.034     0.033     0.000    -0.029    -0.000
   7 0 1 0 1 1 1 1  28   0   0   0   0   0   0     5.478    21.443    21.440     0.000     0.000     0.000     0.000   0   0   0   0   0   0   0     0.000     0.006    -0.034     0.033     0.000    -0.005    -0.000
   7 0 1 0 1 1 1 1  22   0   0   0   0   0   0     4.870    21.443    21.443     0.000     0.000     0.000     0.000   0   0   0   0   0   0   0     0.000    -0.007    -0.034     0.033     0.000     0.007     0.000
   7 0 1 0 1 1 1 1  28   0   0   0   0   0   0     5.478    21.443    21.440     0.000     0.000     0.000     0.000   0   0   0   0   0   0   0     0.000    -0.033    -0.034     0.033     0.000     0.032     0.000
   7 0 0 1 1 1 1 1  12  11   0   0   0   0   0    49.571    51.046    21.440     0.000     0.000     0.000     0.000   0   0   0   0   0   0   0     0.000    -0.033     0.030    -0.000    -0.029     0.032     0.000
   7 0 0 1 1 1 1 1  12   0   0   0   0   0   0    49.571    21.443    21.440     0.000     0.000     0.000     0.000   0   0   0   0   0   0   0     0.000    -0.033     0.005    -0.005    -0.000     0.032     0.000
   7 0 1 0 1 1 1 1  28   0   0   0   0   0   0     5.478    21.443    21.440     0.000     0.000     0.000     0.000   0   0   0   0   0   0   0     0.000    -0.007     0.005    -0.005    -0.000     0.007     0.000
   7 0 0 1 1 1 1 1  12   0   0   0   0   0   0    49.571    21.443    21.440     0.000     0.000     0.000     0.000   0   0   0   0   0   0   0     0.000    -0.007    -0.032     0.031     0.000     0.007     0.000
   7 0 1 0 1 1 1 1  28   0  11   0   0   0   0     5.478    21.443    51.088     0.000     0.000     0.000     0.000   0   0   0   0   0   0   0     0.000     0.028    -0.032     0.031     0.000    -0.000    -0.028
   7 0 1 0 1 1 1 1  22   0  11   0   0   0   0     4.870    21.443    50.738     0.000     0.000     0.000     0.000   0   0   0   0   0   0   0     0.000     0.005    -0.032     0.031     0.000     0.001    -0.004
   7 0 0 1 1 1 1 1  12   0  11   0   0   0   0    49.571    21.443    50.738     0.000     0.000     0.000     0.000   0   0   0   0   0   0   0     0.000     0.005    -0.007     0.006     0.000     0.001    -0.004
   7 0 1 0 1 1 1 1  22   0   0   0   0   0   0     4.870    21.443    21.443     0.000     0.000     0.000     0.000   0   0   0   0   0   0   0     0.000    -0.031    -0.007     0.006     0.000     0.030     0.000
   7 0 1 0 1 1 1 1  22   0   0   0   0   0   0     4.870    21.443    21.443     0.000     0.000     0.000     0.000   0   0   0   0   0   0   0     0.000     0.028    -0.007     0.006     0.000    -0.028    -0.000
   7 0 1 0 1 1 1 1   0   0   0   0   0   0   0    21.339    21.443    21.343     0.000     0.000     0.000     0.000   0   0   0   0   0   0   0     0.000    -0.005    -0.007     0.006     0.000     0.011    -0.001
   7 0 1 0 1 1 1 1  22   0   0   0   0   0   0     4.870    21.443    21.443     0.000     0.000     0.000     0.000   0   0   0   0   0   0   0     0.000    -0.007    -0.007     0.006     0.000     0.006     0.000
   7 0 1 0 1 1 1 1  28   0   0   0   0   0   0     5.478    21.443    21.440     0.000     0.000     0.000     0.000   0   0   0   0   0   0   0     0.000    -0.031    -0.007     0.006     0.000     0.030     0.000
   7 0 0 1 1 1 1 1  12   0   0   0   0   0   0    49.571    21.443    21.440     0.000     0.000     0.000     0.000   0   0   0   0   0   0   0     0.000    -0.031     0.028    -0.027    -0.000     0.030     0.000
   7 0 1 0 1 1 1 1   0   0   0   0   0   0   0    21.339    21.443    21.343     0.000     0.000     0.000     0.000   0   0   0   0   0   0   0     0.000    -0.005     0.028    -0.027    -0.000     0.011    -0.001
   7 0 1 0 1 1 1 1  28   0   0   0   0   0   0     5.478    21.443    21.440     0.000     0.000     0.000     0.000   0   0   0   0   0   0   0     0.000    -0.006     0.028    -0.027    -0.000     0.006     0.000
   7 0 0 1 1 1 1 1  12   0   0   0   0   0   0    49.571    21.443    21.440     0.000     0.000     0.000     0.000   0   0   0   0   0   0   0     0.000    -0.006    -0.030     0.029     0.000     0.006     0.000
   7 0 1 0 1 1 1 1  28   0   0   0   0   0   0     5.478    21.443    21.440     0.000     0.000     0.000     0.000   0   0   0   0   0   0   0     0.000     0.027    -0.030     0.029     0.000    -0.026    -0.000
   7 0 0 1 1 1 1 1  15   2   0   0   0   0   0    48.093    23.063    21.440     0.000     0.000     0.000     0.000   0   0   0   0   0   0   0     0.000     0.027    -0.005     0.010    -0.000    -0.026    -0.000
   7 0 0 1 1 1 1 1  12   0   0   0   0   0   0    49.571    21.443    21.440     0.000     0.000     0.000     0.000   0   0   0   0   0   0   0     0.000     0.027    -0.006     0.006     0.000    -0.026    -0.000
   7 0 1 0 1 1 1 1  22   0   0   0   0   0   0     4.870    21.443    21.443     0.000     0.000     0.000     0.000   0   0   0   0   0   0   0     0.000    -0.029    -0.006     0.006     0.000     0.028     0.000
   7 0 1 0 1 1 1 1  22   0  11   0   0   0   0     4.870    21.443    51.046     0.000     0.000     0.000     0.000   0   0   0   0   0   0   0     0.000     0.026    -0.006     0.006     0.000    -0.000    -0.026
   7 0 1 0 1 1 1 1   0   0   0   0   0   0   0    21.339    21.443    21.343     0.000     0.000     0.000     0.000   0   0   0   0   0   0   0     0.000    -0.004    -0.006     0.006     0.000     0.010    -0.000
   7 0 1 0 1 1 1 1  22   0   0   0   0   0   0     4.870    21.443    21.443     0.000     0.000     0.000     0.000   0   0   0   0   0   0   0     0.000    -0.006    -0.006     0.006     0.000     0.006     0.000
   7 0 1 0 1 1 1 1  28   0   0   0   0   0   0     5.478    21.443    21.440     0.000     0.000     0.000     0.000   0   0   0   0   0   0   0     0.000    -0.029    -0.006     0.006     0.000     0.028     0.000
   7 0 0 1 1 1 1 1  12   0   0   0   0   0   0    49.571    21.443    21.440     0.000     0.000     0.000     0.000   0   0   0   0   0   0   0     0.000    -0.029     0.026    -0.026    -0.000     0.028     0.000
   7 0 1 0 1 1 1 1   5   0   2   0   0   0   0    23.073    21.443    23.063     0.000     0.000     0.000     0.000   0   0   0   0   0   0   0     0.000    -0.004     0.026    -0.026    -0.000     0.009    -0.000
   7 0 1 0 1 1 1 1  28   0   0   0   0   0   0     5.478    21.443    21.440     0.000     0.000     0.000     0.000   0   0   0   0   0   0   0     0.000    -0.006     0.026    -0.026    -0.000     0.006     0.000
   7 0 0 1 1 1 1 1  12   0   0   0   0   0   0    49.571    21.443    21.440     0.000     0.000     0.000     0.000   0   0   0   0   0   0   0     0.000    -0.006    -0.028     0.027     0.000     0.006     0.000
   7 0 1 0 1 1 1 1  28   0   0   0   0   0   0     5.478    21.443    21.440     0.000     0.000     0.000     0.000   0   0   0   0   0   0   0     0.000     0.025    -0.028     0.027     0.000    -0.024    -0.000
   7 0 1 0 1 1 1 1   0   0   0   0   0   0   0    21.339    21.443    21.343     0.000     0.000     0.000     0.000   0   0   0   0   0   0   0     0.000    -0.004    -0.028     0.027     0.000     0.009    -0.000
   7 0 0 1 1 1 1 1  12   0   0   0   0   0   0    49.571    21.443    21.343     0.000     0.000     0.000     0.000   0   0   0   0   0   0   0     0.000    -0.004    -0.006     0.006     0.000     0.009    -0.000
   7 0 1 0 1 1 1 1  22   0   0   0   0   0   0     4.870    21.443    21.443     0.000     0.000     0.000     0.000   0   0   0   0   0   0   0     0.000    -0.027    -0.006     0.006     0.000     0.026     0.000
   7 0 1 0 1 1 1 1  22   0   0   0   0   0   0     4.870    21.443    21.443     0.000     0.000     0.000     0.000   0   0   0   0   0   0   0     0.000     0.025    -0.006     0.006     0.000    -0.024    -0.000
   7 0 1 0 1 1 1 1   5   0   2   0   0   0   0    23.073    21.443    23.063     0.000     0.000     0.000     0.000   0   0   0   0   0   0   0     0.000    -0.004    -0.006     0.006     0.000     0.008    -0.000
   7 0 1 0 1 1 1 1  22   0   0   0   0   0   0     4.870    21.443    21.443     0.000     0.000     0.000     0.000   0   0   0   0   0   0   0     0.000    -0.006    -0.006     0.006     0.000     0.006     0.000
   7 0 1 0 1 1 1 1  28   0   0   0   0   0   0     5.478    21.443    21.440     0.000     0.000     0.000     0.000   0   0   0   0   0   0   0     0.000    -0.027    -0.006     0.006     0.000     0.026     0.000
   7 0 0 1 1 1 1 1  12   0   0   0   0   0   0    49.571    21.443    21.440     0.000     0.000     0.000     0.000   0   0   0   0   0   0   0     0.000    -0.027     0.024    -0.024    -0.000     0.026     0.000
   7 0 1 0 1 1 1 1   0   0  11   0   0   0   0    21.339    21.443    51.362     0.000     0.000     0.000     0.000   0   0   0   0   0   0   0     0.000    -0.003     0.024    -0.024    -0.000    -0.000     0.008
   7 0 1 0 1 1 1 1  28   0  11   0   0   0   0     5.478    21.443    51.088     0.000     0.000     0.000     0.000   0   0   0   0   0   0   0     0.000    -0.006     0.024    -0.024    -0.000     0.000     0.005
   7 0 0 1 1 1 1 1  12   0  11   0   0   0   0    49.571    21.443    51.088     0.000     0.000     0.000     0.000   0   0   0   0   0   0   0     0.000    -0.006    -0.026     0.025     0.000     0.000     0.005
   7 0 1 0 1 1 1 1  28   0   0   0   0   0   0     5.478    21.443    21.440     0.000     0.000     0.000     0.000   0   0   0   0   0   0   0     0.000     0.023    -0.026     0.025     0.000    -0.023    -0.000
   7 0 1 0 1 1 1 1   5   0  12   0   0   0   0    23.073    21.443    49.571     0.000     0.000     0.000     0.000   0   0   0   0   0   0   0     0.000    -0.003    -0.026     0.025     0.000    -0.000     0.008
   7 0 0 1 1 1 1 1  12  11  12   0   0   0   0    49.571    51.046    49.571     0.000     0.000     0.000     0.000   0   0   0   0   0   0   0     0.000    -0.003    -0.005     0.000     0.005    -0.000     0.008
   7 0 1 0 1 1 1 1  22  11   0   0   0   0   0     4.870    51.046    21.443     0.000     0.000     0.000     0.000   0   0   0   0   0   0   0     0.000    -0.025    -0.005     0.000     0.005     0.025     0.000
   7 0 1 0 1 1 1 1  22  11   0   0   0   0   0     4.870    51.046    21.443     0.000     0.000     0.000     0.000   0   0   0   0   0   0   0     0.000     0.023    -0.005     0.000     0.005    -0.022    -0.000
   7 0 1 0 1 1 1 1   0  11   0   0   0   0   0    21.339    51.046    21.343     0.000     0.000     0.000     0.000   0   0   0   0   0   0   0     0.000    -0.003    -0.005     0.000     0.005     0.007    -0.000
   7 0 1 0 1 1 1 1  22  11   0   0   0   0   0     4.870    51.046    21.443     0.000     0.000     0.000     0.000   0   0   0   0   0   0   0     0.000    -0.005    -0.005     0.000     0.005     0.005     0.000
   7 0 1 0 1 1 1 1  28  11   0   0   0   0   0     5.478    51.046    21.440     0.000     0.000     0.000     0.000   0   0   0   0   0   0   0     0.000    -0.025    -0.005     0.000     0.005     0.025     0.000
   7 0 1 0 1 1 1 1  30  11  11   0   0   0   0     5.460    51.046    51.046     0.000     0.000     0.000     0.000   0   0   0   0   0   0   0     0.000     0.023    -0.005     0.000     0.005    -0.000    -0.022
   7 0 1 0 1 1 1 1   5  11   2   0   0   0   0    23.073    51.046    23.063     0.000     0.000     0.000     0.000   0   0   0   0   0   0   0     0.000    -0.003    -0.005     0.000     0.005     0.007    -0.000
   7 0 1 0 1 1 1 1  28  11  11   0   0   0   0     5.478    51.046    51.088     0.000     0.000     0.000     0.000   0   0   0   0   0   0   0     0.000    -0.005    -0.005     0.000     0.005     0.000     0.005
   7 0 0 1 1 1 1 1  12   0  11   0   0   0   0    49.571    21.443    51.088     0.000     0.000     0.000     0.000   0   0   0   0   0   0   0     0.000    -0.005    -0.024     0.024     0.000     0.000     0.005
   7 0 1 0 1 1 1 1  28   0  11   0   0   0   0     5.478    21.443    51.088     0.000     0.000     0.000     0.000   0   0   0   0   0   0   0     0.000     0.021    -0.024     0.024     0.000    -0.000    -0.021
   7 0 0 1 1 1 1 1  11   0  11   0   0   0   0    51.404    21.343    51.088     0.000     0.000     0.000     0.000   0   0   0   0   0   0   0     0.000     0.021    -0.003     0.006    -0.000    -0.000    -0.021
   7 0 0 1 1 1 1 1  12   0  11   0   0   0   0    49.571    21.443    51.088     0.000     0.000     0.000     0.000   0   0   0   0   0   0   0     0.000     0.021    -0.005     0.005     0.000    -0.000    -0.021
   7 0 1 0 1 1 1 1  22   0   0   0   0   0   0     4.870    21.443    21.443     0.000     0.000     0.000     0.000   0   0   0   0   0   0   0     0.000    -0.023    -0.005     0.005     0.000     0.023     0.000
   7 0 1 0 1 1 1 1  22   0   0   0   0   0   0     4.870    21.443    21.443     0.000     0.000     0.000     0.000   0   0   0   0   0   0   0     0.000     0.021    -0.005     0.005     0.000    -0.021    -0.000
   7 0 1 0 1 1 1 1   5   0   2   0   0   0   0    23.073    21.443    23.063     0.000     0.000     0.000     0.000   0   0   0   0   0   0   0     0.000    -0.003    -0.005     0.005     0.000     0.006    -0.000
   7 0 1 0 1 1 1 1  22   0   0   0   0   0   0     4.870    21.443    21.443     0.000     0.000     0.000     0.000   0   0   0   0   0   0   0     0.000    -0.005    -0.005     0.005     0.000     0.005     0.000
   7 0 1 0 1 1 1 1  28   0   0   0   0   0   0     5.478    21.443    21.440     0.000     0.000     0.000     0.000   0   0   0   0   0   0   0     0.000    -0.023    -0.005     0.005     0.000     0.023     0.000
   7 0 0 1 1 1 1 1  12   0   0   0   0   0   0    49.571    21.443    21.440     0.000     0.000     0.000     0.000   0   0   0   0   0   0   0     0.000    -0.023     0.021    -0.021    -0.000     0.023     0.000
   7 0 0 1 1 1 1 1  12   0   0   0   0   0   0    49.571    21.544    21.440     0.000     0.000     0.000     0.000   0   0   0   0   0   0   0     0.000    -0.023     0.003    -0.002     0.001     0.023     0.000
   7 0 1 0 1 1 1 1  28   0   0   0   0   0   0     5.478    21.544    21.440     0.000     0.000     0.000     0.000   0   0   0   0   0   0   0     0.000    -0.005     0.003    -0.002     0.001     0.005     0.000
   7 0 1 0 1 1 1 1  30   0   0   0   0   0   0     5.460    21.544    21.443     0.000     0.000     0.000     0.000   0   0   0   0   0   0   0     0.000    -0.022     0.003    -0.002     0.001     0.022     0.000
