  232
   1 1   0     0.000   0     4.925
   1 1   0     0.000   0     5.543
   1 1   0     0.000   0     5.812
   1 1   0     0.000   0     6.148
   7 0 1 0 0 0 1 1   5   0   6   0   0   0   0    21.996     0.000    20.096     0.000     0.000     0.000     0.000   0   0   0   0   0   0   0     0.000     0.663     0.000     0.000     0.000     0.058    -0.045
   7 0 1 0 0 0 1 1   0   0   2   0   0   0   0    20.927     0.000    21.878     0.000     0.000     0.000     0.000   0   0   0   0   0   0   0     0.000    -0.100     0.000     0.000     0.000     0.188     0.047
   7 0 0 0 1 1 1 1   1   0   2   0   0   0   0    21.971    21.182    23.106     0.000     0.000     0.000     0.000   0   0   0   0   0   0   0     0.000    -0.100     0.000    -0.038    -0.110     0.045     0.016
   7 0 1 0 1 1 1 1  10   0   0   0   0   0   0    15.337    21.182    21.317     0.000     0.000     0.000     0.000   0   0   0   0   0   0   0     0.000    -0.450     0.000    -0.038    -0.110     0.117    -0.045
   7 0 0 1 1 1 1 1  12   6   0   0   0   0   0    53.671    20.096    21.317     0.000     0.000     0.000     0.000   0   0   0   0   0   0   0     0.000    -0.450     0.630     0.055    -0.041     0.117    -0.045
   7 0 1 0 1 1 1 1   0   6   2   0   0   0   0    20.927    20.096    21.878     0.000     0.000     0.000     0.000   0   0   0   0   0   0   0     0.000    -0.091     0.630     0.055    -0.041     0.179     0.042
   7 0 0 0 1 1 1 1   1   0   2   0   0   0   0    21.971    21.182    23.106     0.000     0.000     0.000     0.000   0   0   0   0   0   0   0     0.000    -0.091     0.630    -0.035    -0.104     0.041     0.015
   7 0 1 0 1 1 1 1   5   0   4   0   0   0   0    21.996    21.182    23.447     0.000     0.000     0.000     0.000   0   0   0   0   0   0   0     0.000    -0.527     0.630    -0.035    -0.104     0.106    -0.050
   7 0 1 0 1 1 1 1   5   0   6   0   0   0   0    21.996    21.182    20.096     0.000     0.000     0.000     0.000   0   0   0   0   0   0   0     0.000     0.598     0.630    -0.035    -0.104     0.051    -0.037
   7 0 1 0 1 1 1 1   0   0   2   0   0   0   0    20.927    21.182    21.878     0.000     0.000     0.000     0.000   0   0   0   0   0   0   0     0.000    -0.083     0.630    -0.035    -0.104     0.170     0.038
   7 0 0 0 1 1 1 1   1   0   2   0   0   0   0    21.971    21.182    23.106     0.000     0.000     0.000     0.000   0   0   0   0   0   0   0     0.000    -0.083     0.630    -0.031    -0.099     0.037     0.013
   7 0 1 0 1 1 1 1   5   0   4   0   0   0   0    21.996    21.182    23.543     0.000     0.000     0.000     0.000   0   0   0   0   0   0   0     0.000    -0.501     0.630    -0.031    -0.099     0.083    -0.065
   7 0 1 0 1 1 1 1   5   0   6   0   0   0   0    21.996    21.182    20.096     0.000     0.000     0.000     0.000   0   0   0   0   0   0   0     0.000     0.568     0.630    -0.031    -0.099     0.048    -0.033
   7 0 1 0 1 1 1 1   0   0   2   0   0   0   0    20.927    21.182    21.878     0.000     0.000     0.000     0.000   0   0   0   0   0   0   0     0.000    -0.075     0.630    -0.031    -0.099     0.161     0.035
   7 0 0 0 1 1 1 1   1   0   2   0   0   0   0    21.971    21.182    23.106     0.000     0.000     0.000     0.000   0   0   0   0   0   0   0     0.000    -0.075     0.630    -0.028    -0.094     0.034     0.012
   7 0 1 0 1 1 1 1   5   0   2   0   0   0   0    21.996    21.182    22.570     0.000     0.000     0.000     0.000   0   0   0   0   0   0   0     0.000    -0.476     0.630    -0.028    -0.094     0.092    -0.039
   7 0 0 1 1 1 1 1  12   6   2   0   0   0   0    53.671    20.096    22.570     0.000     0.000     0.000     0.000   0   0   0   0   0   0   0     0.000    -0.476     0.540     0.044    -0.030     0.092    -0.039
   7 0 1 0 1 1 1 1   0   6   2   0   0   0   0    20.927    20.096    21.878     0.000     0.000     0.000     0.000   0   0   0   0   0   0   0     0.000    -0.068     0.540     0.044    -0.030     0.153     0.031
   7 0 0 0 1 1 1 1   1   0  31   0   0   0   0    21.971    21.182     5.503     0.000     0.000     0.000     0.000   0   0   0   0   0   0   0     0.000    -0.068     0.540    -0.026    -0.089     0.020     0.045
   7 0 1 0 1 1 1 1  10   0   1   0   0   0   0    15.337    21.182    22.070     0.000     0.000     0.000     0.000   0   0   0   0   0   0   0     0.000    -0.365     0.540    -0.026    -0.089     0.087    -0.024
   7 0 1 0 1 1 1 1   5   0   6   0   0   0   0    21.996    21.182    20.096     0.000     0.000     0.000     0.000   0   0   0   0   0   0   0     0.000     0.513     0.540    -0.026    -0.089     0.041    -0.027
   7 0 0 0 1 1 1 1  24   2  11   0   0   0   0     5.528    21.878    51.090     0.000     0.000     0.000     0.000   0   0   0   0   0   0   0     0.000     0.513     0.540     0.146     0.030    -0.006    -0.062
   7 0 0 0 1 1 1 1   1   0  31   0   0   0   0    21.971    21.182     5.503     0.000     0.000     0.000     0.000   0   0   0   0   0   0   0     0.000     0.513     0.540    -0.023    -0.085     0.018     0.042
   7 0 1 0 1 1 1 1   5   0   4   0   0   0   0    21.996    21.182    23.543     0.000     0.000     0.000     0.000   0   0   0   0   0   0   0     0.000    -0.434     0.540    -0.023    -0.085     0.064    -0.051
   7 0 1 0 1 1 1 1   5   0   6   0   0   0   0    21.996    21.182    20.096     0.000     0.000     0.000     0.000   0   0   0   0   0   0   0     0.000     0.487     0.540    -0.023    -0.085     0.039    -0.025
   7 0 0 0 1 1 1 1  24   2   0   0   0   0   0     5.528    21.878    20.993     0.000     0.000     0.000     0.000   0   0   0   0   0   0   0     0.000     0.487     0.540     0.138     0.027    -0.056    -0.005
   7 0 0 0 1 1 1 1   1   0   0   0   0   0   0    21.971    21.182    21.409     0.000     0.000     0.000     0.000   0   0   0   0   0   0   0     0.000     0.487     0.540    -0.021    -0.081     0.031     0.013
   7 0 1 0 1 1 1 1   5   0  23   0   0   0   0    21.996    21.182     5.469     0.000     0.000     0.000     0.000   0   0   0   0   0   0   0     0.000    -0.412     0.540    -0.021    -0.081    -0.071     0.047
   7 0 1 0 1 1 1 1   5   0  17   0   0   0   0    21.996    21.182    58.627     0.000     0.000     0.000     0.000   0   0   0   0   0   0   0     0.000     0.463     0.540    -0.021    -0.081    -0.027     0.011
   7 0 0 0 1 1 1 1   0  14   0   0   0   0   0    21.247    44.699    21.268     0.000     0.000     0.000     0.000   0   0   0   0   0   0   0     0.000     0.463     0.540    -0.006    -0.051     0.131     0.026
   7 0 0 0 1 1 1 1  11  26   0   0   0   0   0    51.743     5.868    21.182     0.000     0.000     0.000     0.000   0   0   0   0   0   0   0     0.000     0.463     0.540     0.001     0.024    -0.025    -0.077
   7 0 1 0 1 1 1 1   5  26   2   0   0   0   0    21.996     5.868    22.064     0.000     0.000     0.000     0.000   0   0   0   0   0   0   0     0.000    -0.391     0.540     0.001     0.024     0.072    -0.024
   7 0 1 0 1 1 1 1   5  26   6   0   0   0   0    21.996     5.868    20.096     0.000     0.000     0.000     0.000   0   0   0   0   0   0   0     0.000     0.440     0.540     0.001     0.024     0.035    -0.020
   7 0 0 0 1 1 1 1   0   0   0   0   0   0   0    21.247    20.927    21.268     0.000     0.000     0.000     0.000   0   0   0   0   0   0   0     0.000     0.440     0.540    -0.046    -0.005     0.125     0.024
   7 0 0 0 1 1 1 1  11  26   0   0   0   0   0    51.743     5.868    21.182     0.000     0.000     0.000     0.000   0   0   0   0   0   0   0     0.000     0.440     0.540     0.001     0.022    -0.023    -0.073
   7 0 1 0 1 1 1 1   5  26   4   0   0   0   0    21.996     5.868    23.543     0.000     0.000     0.000     0.000   0   0   0   0   0   0   0     0.000    -0.372     0.540     0.001     0.022     0.050    -0.041
   7 0 0 1 1 1 1 1  12   6   4   0   0   0   0    53.671    20.096    23.543     0.000     0.000     0.000     0.000   0   0   0   0   0   0   0     0.000    -0.372     0.418     0.033    -0.018     0.050    -0.041
   7 0 0 0 1 1 1 1   0   0   0   0   0   0   0    21.247    20.927    21.268     0.000     0.000     0.000     0.000   0   0   0   0   0   0   0     0.000    -0.372     0.418    -0.042    -0.005     0.119     0.022
   7 0 0 0 1 1 1 1   1   0   1   0   0   0   0    21.971    21.182    22.070     0.000     0.000     0.000     0.000   0   0   0   0   0   0   0     0.000    -0.372     0.418    -0.016    -0.069     0.036     0.012
   7 0 1 0 1 1 1 1   5   0  23   0   0   0   0    21.996    21.182     5.469     0.000     0.000     0.000     0.000   0   0   0   0   0   0   0     0.000    -0.353     0.418    -0.016    -0.069    -0.059     0.037
   7 0 1 0 1 1 1 1   5   0  17   0   0   0   0    21.996    21.182    58.627     0.000     0.000     0.000     0.000   0   0   0   0   0   0   0     0.000     0.397     0.418    -0.016    -0.069    -0.020     0.011
   7 0 0 0 1 1 1 1   0   0   0   0   0   0   0    21.247    20.927    21.268     0.000     0.000     0.000     0.000   0   0   0   0   0   0   0     0.000     0.397     0.418    -0.038    -0.005     0.113     0.019
   7 0 0 0 1 1 1 1  11  26   0   0   0   0   0    51.743     5.868    21.182     0.000     0.000     0.000     0.000   0   0   0   0   0   0   0     0.000     0.397     0.418     0.001     0.018    -0.020    -0.066
   7 0 1 0 1 1 1 1   5  26   0   0   0   0   0    21.996     5.868    20.927     0.000     0.000     0.000     0.000   0   0   0   0   0   0   0     0.000    -0.336     0.418     0.001     0.018     0.060    -0.020
   7 0 1 0 1 1 1 1   5  26   6   0   0   0   0    21.996     5.868    20.096     0.000     0.000     0.000     0.000   0   0   0   0   0   0   0     0.000     0.377     0.418     0.001     0.018     0.030    -0.015
   7 0 0 0 1 1 1 1  25  14   0   0   0   0   0     5.862    44.699    21.270     0.000     0.000     0.000     0.000   0   0   0   0   0   0   0     0.000     0.377     0.418    -0.004    -0.034     0.107     0.019
   7 0 0 0 1 1 1 1  11  31   0   0   0   0   0    51.743     5.503    21.182     0.000     0.000     0.000     0.000   0   0   0   0   0   0   0     0.000     0.377     0.418     0.006     0.029    -0.018    -0.062
   7 0 0 1 1 1 1 1  12  23   0   0   0   0   0    53.671     5.469    21.182     0.000     0.000     0.000     0.000   0   0   0   0   0   0   0     0.000     0.377    -0.319    -0.052     0.031    -0.018    -0.062
   7 0 1 0 1 1 1 1   5  23  17   0   0   0   0    21.996     5.469    58.627     0.000     0.000     0.000     0.000   0   0   0   0   0   0   0     0.000     0.358    -0.319    -0.052     0.031    -0.017     0.010
   7 0 0 0 1 1 1 1  25  14   0   0   0   0   0     5.862    44.699    21.270     0.000     0.000     0.000     0.000   0   0   0   0   0   0   0     0.000     0.358    -0.319    -0.004    -0.031     0.102     0.017
   7 0 0 0 1 1 1 1   1   0   1   0   0   0   0    21.971    21.182    22.070     0.000     0.000     0.000     0.000   0   0   0   0   0   0   0     0.000     0.358    -0.319    -0.013    -0.059     0.031     0.009
   7 0 1 0 1 1 1 1   5   0   0   0   0   0   0    21.996    21.182    20.927     0.000     0.000     0.000     0.000   0   0   0   0   0   0   0     0.000    -0.303    -0.319    -0.013    -0.059     0.052    -0.018
   7 0 1 0 1 1 1 1   5   0   6   0   0   0   0    21.996    21.182    20.096     0.000     0.000     0.000     0.000   0   0   0   0   0   0   0     0.000     0.340    -0.319    -0.013    -0.059     0.027    -0.013
   7 0 0 0 1 1 1 1  25  14   6   0   0   0   0     5.889    46.090    20.318     0.000     0.000     0.000     0.000   0   0   0   0   0   0   0     0.000     0.340    -0.319     0.005    -0.028     0.090     0.021
   7 0 0 0 1 1 1 1  10   0   6   0   0   0   0    15.400    21.182    20.096     0.000     0.000     0.000     0.000   0   0   0   0   0   0   0     0.000     0.340    -0.319    -0.016    -0.056     0.028     0.005
   7 0 1 0 1 1 1 1   5   0  23   0   0   0   0    21.996    21.182     5.469     0.000     0.000     0.000     0.000   0   0   0   0   0   0   0     0.000    -0.288    -0.319    -0.016    -0.056    -0.045     0.027
   7 0 1 0 1 1 1 1   5   0  17   0   0   0   0    21.996    21.182    56.429     0.000     0.000     0.000     0.000   0   0   0   0   0   0   0     0.000     0.323    -0.319    -0.016    -0.056    -0.030    -0.003
   7 0 0 0 1 1 1 1  25   0   6   0   0   0   0     5.889    20.927    20.318     0.000     0.000     0.000     0.000   0   0   0   0   0   0   0     0.000     0.323    -0.319    -0.026     0.004     0.084     0.019
   7 0 0 0 1 1 1 1   1   0   1   0   0   0   0    21.971    21.182    22.070     0.000     0.000     0.000     0.000   0   0   0   0   0   0   0     0.000     0.323    -0.319    -0.011    -0.053     0.027     0.008
   7 0 1 0 1 1 1 1   5   0  24   0   0   0   0    21.996    21.182     5.717     0.000     0.000     0.000     0.000   0   0   0   0   0   0   0     0.000    -0.273    -0.319    -0.011    -0.053    -0.015     0.047
   7 0 1 0 1 1 1 1   5   0   6   0   0   0   0    21.996    21.182    20.433     0.000     0.000     0.000     0.000   0   0   0   0   0   0   0     0.000     0.307    -0.319    -0.011    -0.053     0.003    -0.018
   7 0 0 0 1 1 1 1  25   0   6   0   0   0   0     5.889    20.927    20.318     0.000     0.000     0.000     0.000   0   0   0   0   0   0   0     0.000     0.307    -0.319    -0.023     0.004     0.078     0.018
   7 0 0 0 1 1 1 1  10   0  29   0   0   0   0    15.400    21.182     5.808     0.000     0.000     0.000     0.000   0   0   0   0   0   0   0     0.000     0.307    -0.319    -0.014    -0.051     0.002     0.016
   7 0 1 0 1 1 1 1  10   0   0   0   0   0   0    15.337    21.182    20.673     0.000     0.000     0.000     0.000   0   0   0   0   0   0   0     0.000    -0.211    -0.319    -0.014    -0.051     0.055    -0.005
   7 0 1 0 1 1 1 1   5   0   6   0   0   0   0    21.996    21.182    20.096     0.000     0.000     0.000     0.000   0   0   0   0   0   0   0     0.000     0.292    -0.319    -0.014    -0.051     0.026    -0.010
   7 0 0 0 1 1 1 1  25  24   6   0   0   0   0     5.889     5.528    20.318     0.000     0.000     0.000     0.000   0   0   0   0   0   0   0     0.000     0.292    -0.319     0.004    -0.020     0.073     0.016
   7 0 0 0 1 1 1 1  10   0   6   0   0   0   0    15.400    21.182    20.096     0.000     0.000     0.000     0.000   0   0   0   0   0   0   0     0.000     0.292    -0.319    -0.012    -0.048     0.024     0.004
   7 0 0 1 1 1 1 1  12   4   6   0   0   0   0    53.671    23.543    20.096     0.000     0.000     0.000     0.000   0   0   0   0   0   0   0     0.000     0.292    -0.249     0.027    -0.025     0.024     0.004
   7 0 1 0 1 1 1 1   5   4  17   0   0   0   0    21.996    23.543    56.429     0.000     0.000     0.000     0.000   0   0   0   0   0   0   0     0.000     0.277    -0.249     0.027    -0.025    -0.025    -0.001
   7 0 0 1 1 1 1 1  12   0  17   0   0   0   0    53.671    21.317    56.429     0.000     0.000     0.000     0.000   0   0   0   0   0   0   0     0.000     0.277     0.080    -0.015     0.012    -0.025    -0.001
   7 0 0 0 1 1 1 1   1   0   1   0   0   0   0    21.971    21.182    22.070     0.000     0.000     0.000     0.000   0   0   0   0   0   0   0     0.000     0.277     0.080    -0.009    -0.046     0.022     0.006
   7 0 1 0 1 1 1 1   5   0  14   0   0   0   0    21.996    21.182    46.653     0.000     0.000     0.000     0.000   0   0   0   0   0   0   0     0.000    -0.237     0.080    -0.009    -0.046    -0.008     0.047
   7 0 1 0 1 1 1 1   5   0   6   0   0   0   0    21.996    21.182    20.096     0.000     0.000     0.000     0.000   0   0   0   0   0   0   0     0.000     0.263     0.080    -0.009    -0.046     0.024    -0.008
   7 0 1 0 1 1 1 1   5   0   0   0   0   0   0    21.996    21.182    21.317     0.000     0.000     0.000     0.000   0   0   0   0   0   0   0     0.000     0.076     0.080    -0.009    -0.046    -0.014     0.011
   7 0 0 0 1 1 1 1   2   5  31   0   0   0   0    21.902    21.996     5.503     0.000     0.000     0.000     0.000   0   0   0   0   0   0   0     0.000     0.076     0.080    -0.044    -0.010     0.003     0.018
   7 0 1 0 1 1 1 1   5   5  23   0   0   0   0    21.996    21.996     5.469     0.000     0.000     0.000     0.000   0   0   0   0   0   0   0     0.000    -0.225     0.080    -0.044    -0.010    -0.034     0.019
   7 0 1 0 1 1 1 1   5   5  26   0   0   0   0    21.996    21.996     5.868     0.000     0.000     0.000     0.000   0   0   0   0   0   0   0     0.000     0.250     0.080    -0.044    -0.010    -0.012     0.005
   7 0 1 0 1 1 1 1   5   5   0   0   0   0   0    21.996    21.996    20.927     0.000     0.000     0.000     0.000   0   0   0   0   0   0   0     0.000     0.073     0.080    -0.044    -0.010    -0.016     0.007
   7 0 0 0 1 1 1 1  10   0  26   0   0   0   0    15.400    21.182     5.868     0.000     0.000     0.000     0.000   0   0   0   0   0   0   0     0.000     0.073     0.080    -0.010    -0.041    -0.001     0.010
   7 0 1 0 1 1 1 1   5   0   0   0   0   0   0    21.996    21.182    20.673     0.000     0.000     0.000     0.000   0   0   0   0   0   0   0     0.000    -0.214     0.080    -0.010    -0.041     0.041    -0.007
   7 0 1 0 1 1 1 1   5   0   8   0   0   0   0    21.996    21.182    17.730     0.000     0.000     0.000     0.000   0   0   0   0   0   0   0     0.000     0.238     0.080    -0.010    -0.041     0.009    -0.010
   7 0 1 0 1 1 1 1   5   0   0   0   0   0   0    21.996    21.182    21.409     0.000     0.000     0.000     0.000   0   0   0   0   0   0   0     0.000     0.069     0.080    -0.010    -0.041    -0.010     0.013
   7 0 1 0 1 1 1 1   5   0   0   0   0   0   0    21.996    21.182    21.175     0.000     0.000     0.000     0.000   0   0   0   0   0   0   0     0.000    -0.039     0.080    -0.010    -0.041    -0.007     0.007
   7 0 1 0 1 1 1 1   5   0  23   0   0   0   0    21.996    21.182     5.469     0.000     0.000     0.000     0.000   0   0   0   0   0   0   0     0.000    -0.203     0.080    -0.010    -0.041    -0.031     0.016
   7 0 1 0 1 1 1 1   5   0  32   0   0   0   0    21.996    21.182     4.276     0.000     0.000     0.000     0.000   0   0   0   0   0   0   0     0.000     0.226     0.080    -0.010    -0.041    -0.031    -0.002
   7 0 1 0 1 1 1 1   5   0   0   0   0   0   0    21.996    21.182    20.927     0.000     0.000     0.000     0.000   0   0   0   0   0   0   0     0.000     0.065     0.080    -0.010    -0.041    -0.014     0.006
   7 0 1 0 1 1 1 1   5   0   0   0   0   0   0    21.996    21.182    21.175     0.000     0.000     0.000     0.000   0   0   0   0   0   0   0     0.000    -0.037     0.080    -0.010    -0.041    -0.006     0.006
   7 0 0 1 1 1 1 1  12   2   0   0   0   0   0    53.671    22.325    21.175     0.000     0.000     0.000     0.000   0   0   0   0   0   0   0     0.000    -0.037    -0.193     0.025    -0.013    -0.006     0.006
   7 0 1 0 1 1 1 1   5   2  17   0   0   0   0    21.996    22.325    56.429     0.000     0.000     0.000     0.000   0   0   0   0   0   0   0     0.000     0.214    -0.193     0.025    -0.013    -0.020     0.000
   7 0 1 0 1 1 1 1   5   2   0   0   0   0   0    21.996    22.325    21.409     0.000     0.000     0.000     0.000   0   0   0   0   0   0   0     0.000     0.062    -0.193     0.025    -0.013    -0.008     0.011
   7 0 1 0 1 1 1 1   5   2  31   0   0   0   0    21.996    22.325     5.383     0.000     0.000     0.000     0.000   0   0   0   0   0   0   0     0.000    -0.035    -0.193     0.025    -0.013    -0.007     0.005
   7 0 1 0 1 1 1 1  10   2   0   0   0   0   0    15.337    22.325    20.673     0.000     0.000     0.000     0.000   0   0   0   0   0   0   0     0.000    -0.149    -0.193     0.025    -0.013     0.034    -0.004
   7 0 1 0 1 1 1 1   5   2  16   0   0   0   0    21.996    22.325    55.173     0.000     0.000     0.000     0.000   0   0   0   0   0   0   0     0.000     0.204    -0.193     0.025    -0.013    -0.012     0.004
   7 0 1 0 1 1 1 1   5   2  24   0   0   0   0    21.996    22.325     5.528     0.000     0.000     0.000     0.000   0   0   0   0   0   0   0     0.000     0.059    -0.193     0.025    -0.013     0.006    -0.011
   7 0 1 0 1 1 1 1   5   2  26   0   0   0   0    21.996    22.325     5.868     0.000     0.000     0.000     0.000   0   0   0   0   0   0   0     0.000    -0.034    -0.193     0.025    -0.013    -0.004     0.007
   7 0 1 0 1 1 1 1   5   2  23   0   0   0   0    21.996    22.325     5.469     0.000     0.000     0.000     0.000   0   0   0   0   0   0   0     0.000    -0.176    -0.193     0.025    -0.013    -0.025     0.013
   7 0 1 0 1 1 1 1   5   2  32   0   0   0   0    21.996    22.325     4.276     0.000     0.000     0.000     0.000   0   0   0   0   0   0   0     0.000     0.194    -0.193     0.025    -0.013    -0.028    -0.001
   7 0 1 0 1 1 1 1   5   2   0   0   0   0   0    21.996    22.325    21.409     0.000     0.000     0.000     0.000   0   0   0   0   0   0   0     0.000     0.056    -0.193     0.025    -0.013    -0.007     0.009
   7 0 1 0 1 1 1 1   5   2   6   0   0   0   0    21.996    22.325    20.096     0.000     0.000     0.000     0.000   0   0   0   0   0   0   0     0.000    -0.032    -0.193     0.025    -0.013     0.017    -0.001
   7 0 1 0 1 1 1 1   5   2   0   0   0   0   0    21.996    22.325    20.673     0.000     0.000     0.000     0.000   0   0   0   0   0   0   0     0.000    -0.167    -0.193     0.025    -0.013     0.030    -0.006
   7 0 0 1 1 1 1 1  12  13   0   0   0   0   0    53.671    53.281    20.673     0.000     0.000     0.000     0.000   0   0   0   0   0   0   0     0.000    -0.167     0.184    -0.005     0.021     0.030    -0.006
   7 0 1 0 1 1 1 1   5  13   0   0   0   0   0    21.996    53.281    20.927     0.000     0.000     0.000     0.000   0   0   0   0   0   0   0     0.000     0.053     0.184    -0.005     0.021    -0.010     0.005
   7 0 0 1 1 1 1 1  12  31   0   0   0   0   0    53.671     5.383    20.927     0.000     0.000     0.000     0.000   0   0   0   0   0   0   0     0.000     0.053    -0.030    -0.006     0.004    -0.010     0.005
   7 0 1 0 1 1 1 1   5  31  23   0   0   0   0    21.996     5.383     5.469     0.000     0.000     0.000     0.000   0   0   0   0   0   0   0     0.000    -0.159    -0.030    -0.006     0.004    -0.022     0.011
   7 0 1 0 1 1 1 1   5  31  26   0   0   0   0    21.996     5.383     5.868     0.000     0.000     0.000     0.000   0   0   0   0   0   0   0     0.000     0.175    -0.030    -0.006     0.004    -0.008     0.006
   7 0 1 0 1 1 1 1   5  31   0   0   0   0   0    21.996     5.383    21.409     0.000     0.000     0.000     0.000   0   0   0   0   0   0   0     0.000     0.051    -0.030    -0.006     0.004    -0.006     0.008
   7 0 1 0 1 1 1 1   5  31   6   0   0   0   0    21.996     5.383    20.096     0.000     0.000     0.000     0.000   0   0   0   0   0   0   0     0.000    -0.029    -0.030    -0.006     0.004     0.016    -0.001
   7 0 1 0 1 1 1 1   5  31   0   0   0   0   0    21.996     5.383    20.673     0.000     0.000     0.000     0.000   0   0   0   0   0   0   0     0.000    -0.151    -0.030    -0.006     0.004     0.026    -0.005
   7 0 1 0 1 1 1 1   5  31  32   0   0   0   0    21.996     5.383     4.276     0.000     0.000     0.000     0.000   0   0   0   0   0   0   0     0.000     0.166    -0.030    -0.006     0.004    -0.025    -0.000
   7 0 1 0 1 1 1 1   5  31   0   0   0   0   0    21.996     5.383    21.175     0.000     0.000     0.000     0.000   0   0   0   0   0   0   0     0.000     0.048    -0.030    -0.006     0.004    -0.008     0.004
   7 0 1 0 1 1 1 1   5  31  29   0   0   0   0    21.996     5.383     5.808     0.000     0.000     0.000     0.000   0   0   0   0   0   0   0     0.000    -0.027    -0.030    -0.006     0.004    -0.002     0.008
   7 0 0 1 1 1 1 1  12   4  29   0   0   0   0    53.671    23.447     5.808     0.000     0.000     0.000     0.000   0   0   0   0   0   0   0     0.000    -0.027    -0.143     0.015    -0.010    -0.002     0.008
   7 0 1 0 1 1 1 1   5   4   5   0   0   0   0    21.996    23.447    22.273     0.000     0.000     0.000     0.000   0   0   0   0   0   0   0     0.000     0.158    -0.143     0.015    -0.010     0.008    -0.007
   7 0 1 0 1 1 1 1   5   4   0   0   0   0   0    21.996    23.447    21.409     0.000     0.000     0.000     0.000   0   0   0   0   0   0   0     0.000     0.046    -0.143     0.015    -0.010    -0.005     0.007
   7 0 0 1 1 1 1 1  12   6   0   0   0   0   0    53.671    20.096    21.409     0.000     0.000     0.000     0.000   0   0   0   0   0   0   0     0.000     0.046    -0.026     0.014    -0.001    -0.005     0.007
   7 0 1 0 1 1 1 1   5   6  23   0   0   0   0    21.996    20.096     5.469     0.000     0.000     0.000     0.000   0   0   0   0   0   0   0     0.000    -0.136    -0.026     0.014    -0.001    -0.019     0.009
   7 0 1 0 1 1 1 1   5   6  17   0   0   0   0    21.996    20.096    56.382     0.000     0.000     0.000     0.000   0   0   0   0   0   0   0     0.000     0.150    -0.026     0.014    -0.001    -0.018     0.001
   7 0 1 0 1 1 1 1   5   6  11   0   0   0   0    21.996    20.096    50.152     0.000     0.000     0.000     0.000   0   0   0   0   0   0   0     0.000     0.043    -0.026     0.014    -0.001     0.010    -0.003
   7 0 0 0 1 1 1 1  10   0   6   0   0   0   0    15.400    21.182    20.096     0.000     0.000     0.000     0.000   0   0   0   0   0   0   0     0.000     0.043    -0.026    -0.006    -0.025     0.013     0.001
   7 0 0 1 1 1 1 1  12   0   6   0   0   0   0    53.177    20.673    20.096     0.000     0.000     0.000     0.000   0   0   0   0   0   0   0     0.000     0.043    -0.105     0.022    -0.003     0.013     0.001
   7 0 1 0 1 1 1 1   5   0  32   0   0   0   0    21.996    20.673     4.276     0.000     0.000     0.000     0.000   0   0   0   0   0   0   0     0.000     0.142    -0.105     0.022    -0.003    -0.023     0.000
   7 0 1 0 1 1 1 1   5   0   0   0   0   0   0    21.996    20.673    20.927     0.000     0.000     0.000     0.000   0   0   0   0   0   0   0     0.000     0.041    -0.105     0.022    -0.003    -0.007     0.004
   7 0 0 1 1 1 1 1  12  31   0   0   0   0   0    53.671     5.380    20.927     0.000     0.000     0.000     0.000   0   0   0   0   0   0   0     0.000     0.041    -0.024    -0.005     0.003    -0.007     0.004
   7 0 0 1 1 1 1 1  12  24   0   0   0   0   0    53.671     5.717    20.927     0.000     0.000     0.000     0.000   0   0   0   0   0   0   0     0.000     0.041    -0.124    -0.006     0.016    -0.007     0.004
   7 0 1 0 1 1 1 1   5  24   6   0   0   0   0    21.996     5.717    20.096     0.000     0.000     0.000     0.000   0   0   0   0   0   0   0     0.000     0.135    -0.124    -0.006     0.016     0.019    -0.004
   7 0 1 0 1 1 1 1   5  24  25   0   0   0   0    21.996     5.717     5.906     0.000     0.000     0.000     0.000   0   0   0   0   0   0   0     0.000     0.039    -0.124    -0.006     0.016    -0.003     0.009
   7 0 1 0 1 1 1 1   5  24   6   0   0   0   0    21.996     5.717    20.096     0.000     0.000     0.000     0.000   0   0   0   0   0   0   0     0.000    -0.022    -0.124    -0.006     0.016     0.012    -0.001
   7 0 1 0 1 1 1 1   5  24  23   0   0   0   0    21.996     5.717     5.469     0.000     0.000     0.000     0.000   0   0   0   0   0   0   0     0.000    -0.118    -0.124    -0.006     0.016    -0.015     0.007
   7 0 1 0 1 1 1 1   5  24  32   0   0   0   0    21.996     5.717     4.276     0.000     0.000     0.000     0.000   0   0   0   0   0   0   0     0.000     0.128    -0.124    -0.006     0.016    -0.021     0.000
   7 0 1 0 1 1 1 1   5  24   0   0   0   0   0    21.996     5.717    20.927     0.000     0.000     0.000     0.000   0   0   0   0   0   0   0     0.000     0.037    -0.124    -0.006     0.016    -0.006     0.003
   7 0 0 0 1 1 1 1   5   5   6   0   0   0   0    22.085    21.996    20.096     0.000     0.000     0.000     0.000   0   0   0   0   0   0   0     0.000     0.037    -0.124    -0.021    -0.006     0.011     0.000
   7 0 1 0 1 1 1 1   5   5   0   0   0   0   0    21.996    21.996    20.673     0.000     0.000     0.000     0.000   0   0   0   0   0   0   0     0.000    -0.112    -0.124    -0.021    -0.006     0.018    -0.004
   7 0 1 0 1 1 1 1   5   5  17   0   0   0   0    21.996    21.996    56.382     0.000     0.000     0.000     0.000   0   0   0   0   0   0   0     0.000     0.122    -0.124    -0.021    -0.006    -0.016     0.001
   7 0 1 0 1 1 1 1   5   5  11   0   0   0   0    21.996    21.996    50.152     0.000     0.000     0.000     0.000   0   0   0   0   0   0   0     0.000     0.035    -0.124    -0.021    -0.006     0.008    -0.003
   7 0 1 0 1 1 1 1   5   5  26   0   0   0   0    21.996    21.996     5.847     0.000     0.000     0.000     0.000   0   0   0   0   0   0   0     0.000    -0.020    -0.124    -0.021    -0.006    -0.003     0.004
   7 0 1 0 1 1 1 1   5   5  23   0   0   0   0    21.996    21.996     5.469     0.000     0.000     0.000     0.000   0   0   0   0   0   0   0     0.000    -0.106    -0.124    -0.021    -0.006    -0.014     0.006
   7 0 1 0 1 1 1 1   5   5  17   0   0   0   0    21.996    21.996    58.627     0.000     0.000     0.000     0.000   0   0   0   0   0   0   0     0.000     0.116    -0.124    -0.021    -0.006    -0.005     0.009
   7 0 1 0 1 1 1 1   5   5   0   0   0   0   0    21.996    21.996    20.927     0.000     0.000     0.000     0.000   0   0   0   0   0   0   0     0.000     0.034    -0.124    -0.021    -0.006    -0.005     0.003
   7 0 0 0 1 1 1 1   5   5   6   0   0   0   0    22.085    21.996    20.096     0.000     0.000     0.000     0.000   0   0   0   0   0   0   0     0.000     0.034    -0.124    -0.019    -0.005     0.010     0.000
   7 0 1 0 1 1 1 1   5   5   0   0   0   0   0    21.996    21.996    20.556     0.000     0.000     0.000     0.000   0   0   0   0   0   0   0     0.000    -0.101    -0.124    -0.019    -0.005     0.017    -0.003
   7 0 1 0 1 1 1 1   5   5  10   0   0   0   0    21.996    21.996    15.337     0.000     0.000     0.000     0.000   0   0   0   0   0   0   0     0.000     0.110    -0.124    -0.019    -0.005    -0.024     0.000
   7 0 1 0 1 1 1 1   5   5  11   0   0   0   0    21.996    21.996    50.152     0.000     0.000     0.000     0.000   0   0   0   0   0   0   0     0.000     0.032    -0.124    -0.019    -0.005     0.007    -0.002
   7 0 0 0 1 1 1 1  10   0   6   0   0   0   0    15.400    21.182    20.096     0.000     0.000     0.000     0.000   0   0   0   0   0   0   0     0.000     0.032    -0.124    -0.004    -0.018     0.010     0.001
   7 0 1 0 1 1 1 1  10   0   0   0   0   0   0    15.337    21.182    20.556     0.000     0.000     0.000     0.000   0   0   0   0   0   0   0     0.000    -0.078    -0.124    -0.004    -0.018     0.015    -0.001
   7 0 1 0 1 1 1 1   5   0  16   0   0   0   0    21.996    21.182    55.173     0.000     0.000     0.000     0.000   0   0   0   0   0   0   0     0.000     0.105    -0.124    -0.004    -0.018    -0.007     0.004
   7 0 0 1 1 1 1 1  12   0  16   0   0   0   0    53.671    21.654    55.173     0.000     0.000     0.000     0.000   0   0   0   0   0   0   0     0.000     0.105     0.030    -0.001     0.014    -0.007     0.004
   7 0 1 0 1 1 1 1   5   0  31   0   0   0   0    21.996    21.654     5.377     0.000     0.000     0.000     0.000   0   0   0   0   0   0   0     0.000    -0.017     0.030    -0.001     0.014    -0.004     0.002
   7 0 1 0 1 1 1 1   5   0   4   0   0   0   0    21.996    21.654    23.543     0.000     0.000     0.000     0.000   0   0   0   0   0   0   0     0.000    -0.092     0.030    -0.001     0.014     0.007    -0.008
   7 0 1 0 1 1 1 1   5   0  10   0   0   0   0    21.996    21.654    15.337     0.000     0.000     0.000     0.000   0   0   0   0   0   0   0     0.000     0.099     0.030    -0.001     0.014    -0.023     0.000
   7 0 1 0 1 1 1 1   5   0   0   0   0   0   0    21.996    21.654    20.927     0.000     0.000     0.000     0.000   0   0   0   0   0   0   0     0.000     0.029     0.030    -0.001     0.014    -0.005     0.003
   7 0 0 1 1 1 1 1  12  31   0   0   0   0   0    53.671     5.503    20.927     0.000     0.000     0.000     0.000   0   0   0   0   0   0   0     0.000     0.029    -0.016    -0.001     0.008    -0.005     0.003
   7 0 1 0 1 1 1 1   5  31   0   0   0   0   0    21.996     5.503    20.738     0.000     0.000     0.000     0.000   0   0   0   0   0   0   0     0.000    -0.087    -0.016    -0.001     0.008     0.011    -0.003
   7 0 1 0 1 1 1 1   5  31  29   0   0   0   0    21.996     5.503     5.777     0.000     0.000     0.000     0.000   0   0   0   0   0   0   0     0.000     0.094    -0.016    -0.001     0.008    -0.008     0.003
   7 0 1 0 1 1 1 1   5  31   0   0   0   0   0    21.996     5.503    21.654     0.000     0.000     0.000     0.000   0   0   0   0   0   0   0     0.000     0.027    -0.016    -0.001     0.008    -0.001     0.013
   7 0 1 0 1 1 1 1   5  31  26   0   0   0   0    21.996     5.503     5.868     0.000     0.000     0.000     0.000   0   0   0   0   0   0   0     0.000    -0.016    -0.016    -0.001     0.008    -0.002     0.003
   7 0 1 0 1 1 1 1   5  31  23   0   0   0   0    21.996     5.503     5.469     0.000     0.000     0.000     0.000   0   0   0   0   0   0   0     0.000    -0.083    -0.016    -0.001     0.008    -0.010     0.005
   7 0 1 0 1 1 1 1   5  31   6   0   0   0   0    21.996     5.503    20.096     0.000     0.000     0.000     0.000   0   0   0   0   0   0   0     0.000     0.090    -0.016    -0.001     0.008     0.016    -0.002
   7 0 1 0 1 1 1 1   5  31   0   0   0   0   0    21.996     5.503    21.409     0.000     0.000     0.000     0.000   0   0   0   0   0   0   0     0.000     0.026    -0.016    -0.001     0.008    -0.003     0.004
   7 0 0 0 1 1 1 1   5   0   6   0   0   0   0    22.085    20.857    20.096     0.000     0.000     0.000     0.000   0   0   0   0   0   0   0     0.000     0.026    -0.016    -0.004    -0.015     0.008     0.000
   7 0 1 0 1 1 1 1   5   0   0   0   0   0   0    21.996    20.857    20.556     0.000     0.000     0.000     0.000   0   0   0   0   0   0   0     0.000    -0.079    -0.016    -0.004    -0.015     0.012    -0.002
   7 0 1 0 1 1 1 1   5   0  10   0   0   0   0    21.996    20.857    15.337     0.000     0.000     0.000     0.000   0   0   0   0   0   0   0     0.000     0.085    -0.016    -0.004    -0.015    -0.022     0.000
   7 0 1 0 1 1 1 1   5   0   0   0   0   0   0    21.996    20.857    21.654     0.000     0.000     0.000     0.000   0   0   0   0   0   0   0     0.000     0.025    -0.016    -0.004    -0.015    -0.001     0.013
   7 0 1 0 1 1 1 1   5   0   0   0   0   0   0    21.996    20.857    21.175     0.000     0.000     0.000     0.000   0   0   0   0   0   0   0     0.000    -0.014    -0.016    -0.004    -0.015    -0.002     0.002
   7 0 1 0 1 1 1 1   5   0  23   0   0   0   0    21.996    20.857     5.469     0.000     0.000     0.000     0.000   0   0   0   0   0   0   0     0.000    -0.075    -0.016    -0.004    -0.015    -0.009     0.004
   7 0 1 0 1 1 1 1   5   0  17   0   0   0   0    21.996    20.857    56.382     0.000     0.000     0.000     0.000   0   0   0   0   0   0   0     0.000     0.081    -0.016    -0.004    -0.015    -0.013     0.001
   7 0 1 0 1 1 1 1   5   0  22   0   0   0   0    21.996    20.857     5.335     0.000     0.000     0.000     0.000   0   0   0   0   0   0   0     0.000     0.023    -0.016    -0.004    -0.015     0.001    -0.006
   7 0 1 0 1 1 1 1   5   0   6   0   0   0   0    21.996    20.857    20.096     0.000     0.000     0.000     0.000   0   0   0   0   0   0   0     0.000    -0.013    -0.016    -0.004    -0.015     0.007    -0.000
   7 0 1 0 1 1 1 1  10   0   0   0   0   0   0    15.337    20.857    20.556     0.000     0.000     0.000     0.000   0   0   0   0   0   0   0     0.000    -0.058    -0.016    -0.004    -0.015     0.011    -0.001
   7 0 1 0 1 1 1 1   5   0  26   0   0   0   0    21.996    20.857     5.847     0.000     0.000     0.000     0.000   0   0   0   0   0   0   0     0.000     0.077    -0.016    -0.004    -0.015    -0.005     0.005
   7 0 1 0 1 1 1 1   5   0   0   0   0   0   0    21.996    20.857    21.654     0.000     0.000     0.000     0.000   0   0   0   0   0   0   0     0.000     0.022    -0.016    -0.004    -0.015    -0.001     0.012
   7 0 0 0 1 1 1 1   5   5   6   0   0   0   0    22.085    21.996    20.096     0.000     0.000     0.000     0.000   0   0   0   0   0   0   0     0.000     0.022    -0.016    -0.013    -0.004     0.007     0.000
   7 0 1 0 1 1 1 1   5   5  22   0   0   0   0    21.996    21.996     5.012     0.000     0.000     0.000     0.000   0   0   0   0   0   0   0     0.000    -0.068    -0.016    -0.013    -0.004    -0.004     0.006
   7 0 1 0 1 1 1 1   6   5  10   0   0   0   0    19.935    21.996    15.337     0.000     0.000     0.000     0.000   0   0   0   0   0   0   0     0.000     0.059    -0.016    -0.013    -0.004    -0.020    -0.000
   7 0 1 0 1 1 1 1   5   5  24   0   0   0   0    21.996    21.996     5.528     0.000     0.000     0.000     0.000   0   0   0   0   0   0   0     0.000     0.021    -0.016    -0.013    -0.004     0.002    -0.003
   7 0 0 0 1 1 1 1   2   0  13   0   0   0   0    21.902    20.997    53.281     0.000     0.000     0.000     0.000   0   0   0   0   0   0   0     0.000     0.021    -0.016    -0.003    -0.012     0.001     0.006
   7 0 1 0 1 1 1 1   5   0   0   0   0   0   0    21.996    20.997    20.556     0.000     0.000     0.000     0.000   0   0   0   0   0   0   0     0.000    -0.065    -0.016    -0.003    -0.012     0.009    -0.002
   7 0 0 1 1 1 1 1  12  16   0   0   0   0   0    53.671    55.173    20.556     0.000     0.000     0.000     0.000   0   0   0   0   0   0   0     0.000    -0.065     0.070    -0.006     0.004     0.009    -0.002
   7 0 1 0 1 1 1 1   5  16   0   0   0   0   0    21.996    55.173    21.654     0.000     0.000     0.000     0.000   0   0   0   0   0   0   0     0.000     0.020     0.070    -0.006     0.004    -0.001     0.011
   7 0 1 0 1 1 1 1   5  16  29   0   0   0   0    21.996    55.173     5.808     0.000     0.000     0.000     0.000   0   0   0   0   0   0   0     0.000    -0.011     0.070    -0.006     0.004    -0.001     0.003
   7 0 1 0 1 1 1 1   5  16  23   0   0   0   0    21.996    55.173     5.469     0.000     0.000     0.000     0.000   0   0   0   0   0   0   0     0.000    -0.062     0.070    -0.006     0.004    -0.007     0.003
   7 0 1 0 1 1 1 1   5  16  10   0   0   0   0    21.996    55.173    15.337     0.000     0.000     0.000     0.000   0   0   0   0   0   0   0     0.000     0.067     0.070    -0.006     0.004    -0.020     0.000
   7 0 0 0 1 1 1 1  25  17   6   0   0   0   0     5.889    56.429    20.318     0.000     0.000     0.000     0.000   0   0   0   0   0   0   0     0.000     0.067     0.070    -0.005     0.000     0.020     0.002
   7 0 0 0 1 1 1 1  10   0   6   0   0   0   0    15.385    21.182    20.096     0.000     0.000     0.000     0.000   0   0   0   0   0   0   0     0.000     0.067     0.070    -0.003    -0.011     0.006     0.000
   7 0 1 0 1 1 1 1   5   0   4   0   0   0   0    21.996    21.182    23.543     0.000     0.000     0.000     0.000   0   0   0   0   0   0   0     0.000    -0.059     0.070    -0.003    -0.011     0.004    -0.005
   7 0 1 0 1 1 1 1   5   0  10   0   0   0   0    21.996    21.182    15.337     0.000     0.000     0.000     0.000   0   0   0   0   0   0   0     0.000     0.063     0.070    -0.003    -0.011    -0.019     0.000
   7 0 1 0 1 1 1 1   5   0  22   0   0   0   0    21.996    21.182     5.335     0.000     0.000     0.000     0.000   0   0   0   0   0   0   0     0.000     0.018     0.070    -0.003    -0.011     0.001    -0.005
   7 0 1 0 1 1 1 1   5   0  31   0   0   0   0    21.996    21.182     5.377     0.000     0.000     0.000     0.000   0   0   0   0   0   0   0     0.000    -0.010     0.070    -0.003    -0.011    -0.003     0.001
   7 0 1 0 1 1 1 1   5   0   0   0   0   0   0    21.996    21.182    20.556     0.000     0.000     0.000     0.000   0   0   0   0   0   0   0     0.000    -0.056     0.070    -0.003    -0.011     0.008    -0.002
   7 0 1 0 1 1 1 1   5   0  17   0   0   0   0    21.996    21.182    56.382     0.000     0.000     0.000     0.000   0   0   0   0   0   0   0     0.000     0.060     0.070    -0.003    -0.011    -0.012     0.001
   7 0 0 0 1 1 1 1   6  24  22   0   0   0   0    20.227     5.521     5.330     0.000     0.000     0.000     0.000   0   0   0   0   0   0   0     0.000     0.060     0.070     0.018     0.000     0.000    -0.005
   7 0 1 0 1 1 1 1   5  24  31   0   0   0   0    21.996     5.521     5.501     0.000     0.000     0.000     0.000   0   0   0   0   0   0   0     0.000    -0.010     0.070     0.018     0.000    -0.001     0.003
   7 0 1 0 1 1 1 1  10  24   0   0   0   0   0    15.337     5.521    20.556     0.000     0.000     0.000     0.000   0   0   0   0   0   0   0     0.000    -0.043     0.070     0.018     0.000     0.007    -0.001
   7 0 1 0 1 1 1 1   6  24  10   0   0   0   0    19.935     5.521    15.337     0.000     0.000     0.000     0.000   0   0   0   0   0   0   0     0.000     0.047     0.070     0.018     0.000    -0.018    -0.000
   7 0 1 0 1 1 1 1   5  24  11   0   0   0   0    21.996     5.521    50.152     0.000     0.000     0.000     0.000   0   0   0   0   0   0   0     0.000     0.016     0.070     0.018     0.000     0.004    -0.001
   7 0 0 1 1 1 1 1  12  31  11   0   0   0   0    53.671     5.377    50.152     0.000     0.000     0.000     0.000   0   0   0   0   0   0   0     0.000     0.016    -0.009    -0.002     0.001     0.004    -0.001
   7 0 1 0 1 1 1 1   5  31  23   0   0   0   0    21.996     5.377     5.469     0.000     0.000     0.000     0.000   0   0   0   0   0   0   0     0.000    -0.051    -0.009    -0.002     0.001    -0.005     0.002
   7 0 1 0 1 1 1 1   5  31  16   0   0   0   0    21.996     5.377    55.173     0.000     0.000     0.000     0.000   0   0   0   0   0   0   0     0.000     0.055    -0.009    -0.002     0.001    -0.005     0.003
   7 0 0 0 1 1 1 1   6  24  22   0   0   0   0    20.227     5.521     5.330     0.000     0.000     0.000     0.000   0   0   0   0   0   0   0     0.000     0.055    -0.009     0.016     0.000     0.000    -0.005
   7 0 1 0 1 1 1 1   5  24   6   0   0   0   0    21.996     5.521    20.096     0.000     0.000     0.000     0.000   0   0   0   0   0   0   0     0.000    -0.009    -0.009     0.016     0.000     0.005    -0.000
   7 0 1 0 1 1 1 1   5  24   0   0   0   0   0    21.996     5.521    20.738     0.000     0.000     0.000     0.000   0   0   0   0   0   0   0     0.000    -0.048    -0.009     0.016     0.000     0.005    -0.002
   7 0 1 0 1 1 1 1   5  24  32   0   0   0   0    21.996     5.521     4.276     0.000     0.000     0.000     0.000   0   0   0   0   0   0   0     0.000     0.052    -0.009     0.016     0.000    -0.014     0.001
   7 0 1 0 1 1 1 1   5  24   0   0   0   0   0    21.996     5.521    21.261     0.000     0.000     0.000     0.000   0   0   0   0   0   0   0     0.000     0.015    -0.009     0.016     0.000    -0.002     0.002
   7 0 0 0 1 1 1 1   5   5   6   0   0   0   0    22.085    21.996    20.096     0.000     0.000     0.000     0.000   0   0   0   0   0   0   0     0.000     0.015    -0.009    -0.008    -0.002     0.005    -0.000
   7 0 1 0 1 1 1 1   5   5   4   0   0   0   0    21.996    21.996    23.611     0.000     0.000     0.000     0.000   0   0   0   0   0   0   0     0.000    -0.046    -0.009    -0.008    -0.002     0.002    -0.004
   7 0 1 0 1 1 1 1   5   5  17   0   0   0   0    21.996    21.996    56.382     0.000     0.000     0.000     0.000   0   0   0   0   0   0   0     0.000     0.049    -0.009    -0.008    -0.002    -0.010     0.001
   7 0 1 0 1 1 1 1   5   5   0   0   0   0   0    21.996    21.996    21.654     0.000     0.000     0.000     0.000   0   0   0   0   0   0   0     0.000     0.014    -0.009    -0.008    -0.002    -0.000     0.008
   7 0 0 1 1 1 1 1  12  26   0   0   0   0   0    53.671     5.847    21.654     0.000     0.000     0.000     0.000   0   0   0   0   0   0   0     0.000     0.014    -0.008    -0.001     0.002    -0.000     0.008
   7 0 1 0 1 1 1 1   5  26   0   0   0   0   0    21.996     5.847    20.556     0.000     0.000     0.000     0.000   0   0   0   0   0   0   0     0.000    -0.043    -0.008    -0.001     0.002     0.006    -0.001
   7 0 1 0 1 1 1 1   6  26  10   0   0   0   0    19.935     5.847    15.337     0.000     0.000     0.000     0.000   0   0   0   0   0   0   0     0.000     0.038    -0.008    -0.001     0.002    -0.016    -0.000
   7 0 1 0 1 1 1 1   5  26   0   0   0   0   0    21.996     5.847    21.559     0.000     0.000     0.000     0.000   0   0   0   0   0   0   0     0.000     0.013    -0.008    -0.001     0.002    -0.001     0.006
   7 0 1 0 1 1 1 1   5  26  31   0   0   0   0    21.996     5.847     5.503     0.000     0.000     0.000     0.000   0   0   0   0   0   0   0     0.000    -0.008    -0.008    -0.001     0.002    -0.000     0.004
   7 0 1 0 1 1 1 1  10  26  11   0   0   0   0    15.337     5.847    52.560     0.000     0.000     0.000     0.000   0   0   0   0   0   0   0     0.000    -0.034    -0.008    -0.001     0.002    -0.000     0.005
   7 0 0 1 1 1 1 1  12  10  11   0   0   0   0    53.671    15.337    52.560     0.000     0.000     0.000     0.000   0   0   0   0   0   0   0     0.000    -0.034     0.045    -0.016     0.000    -0.000     0.005
   7 0 0 0 1 1 1 1   6  24  22   0   0   0   0    20.227     5.521     5.330     0.000     0.000     0.000     0.000   0   0   0   0   0   0   0     0.000    -0.034     0.045     0.013     0.000     0.000    -0.004
   7 0 0 0 1 1 1 1   2   0   5   0   0   0   0    21.902    20.997    22.283     0.000     0.000     0.000     0.000   0   0   0   0   0   0   0     0.000    -0.034     0.045    -0.002    -0.007     0.004     0.000
   7 0 1 0 1 1 1 1   5   0  23   0   0   0   0    21.996    20.997     5.469     0.000     0.000     0.000     0.000   0   0   0   0   0   0   0     0.000    -0.040     0.045    -0.002    -0.007    -0.004     0.002
   7 0 1 0 1 1 1 1   5   0  16   0   0   0   0    21.996    20.997    55.173     0.000     0.000     0.000     0.000   0   0   0   0   0   0   0     0.000     0.043     0.045    -0.002    -0.007    -0.004     0.003
   7 0 1 0 1 1 1 1   5   0   0   0   0   0   0    21.996    20.997    21.175     0.000     0.000     0.000     0.000   0   0   0   0   0   0   0     0.000     0.012     0.045    -0.002    -0.007    -0.002     0.001
   7 0 0 0 1 1 1 1   5   0   6   0   0   0   0    22.085    20.857    20.096     0.000     0.000     0.000     0.000   0   0   0   0   0   0   0     0.000     0.012     0.045    -0.002    -0.007     0.004     0.000
   7 0 1 0 1 1 1 1   5   0   2   0   0   0   0    21.996    20.857    22.325     0.000     0.000     0.000     0.000   0   0   0   0   0   0   0     0.000    -0.038     0.045    -0.002    -0.007     0.003    -0.002
   7 0 1 0 1 1 1 1   5   0  10   0   0   0   0    21.996    20.857    15.337     0.000     0.000     0.000     0.000   0   0   0   0   0   0   0     0.000     0.041     0.045    -0.002    -0.007    -0.015     0.000
   7 0 0 0 1 1 1 1  25  22   6   0   0   0   0     5.889     5.335    20.318     0.000     0.000     0.000     0.000   0   0   0   0   0   0   0     0.000     0.041     0.045     0.000    -0.003     0.012     0.002
   7 0 0 0 1 1 1 1  10   0   6   0   0   0   0    15.385    21.182    20.096     0.000     0.000     0.000     0.000   0   0   0   0   0   0   0     0.000     0.041     0.045    -0.002    -0.007     0.004     0.000
   7 0 1 0 1 1 1 1   5   0   0   0   0   0   0    21.996    21.182    20.673     0.000     0.000     0.000     0.000   0   0   0   0   0   0   0     0.000    -0.036     0.045    -0.002    -0.007     0.004    -0.001
   7 0 1 0 1 1 1 1   5   0  23   0   0   0   0    21.996    21.182     5.845     0.000     0.000     0.000     0.000   0   0   0   0   0   0   0     0.000     0.039     0.045    -0.002    -0.007     0.001    -0.009
   7 0 1 0 1 1 1 1   5   0  22   0   0   0   0    21.996    21.182     5.335     0.000     0.000     0.000     0.000   0   0   0   0   0   0   0     0.000     0.011     0.045    -0.002    -0.007     0.001    -0.003
   7 0 0 0 1 1 1 1   2   0   5   0   0   0   0    21.902    20.997    22.283     0.000     0.000     0.000     0.000   0   0   0   0   0   0   0     0.000     0.011     0.045    -0.001    -0.006     0.003     0.000
   7 0 1 0 1 1 1 1   5   0  23   0   0   0   0    21.996    20.997     5.469     0.000     0.000     0.000     0.000   0   0   0   0   0   0   0     0.000    -0.034     0.045    -0.001    -0.006    -0.003     0.001
