  276
   1 1   0     0.000   0     4.943
   1 1   0     0.000   0     5.446
   1 1   0     0.000   0     5.724
   1 1   0     0.000   0     5.851
   7 0 1 0 0 0 1 1   0   0   3   0   0   0   0    20.769     0.000    22.354     0.000     0.000     0.000     0.000   0   0   0   0   0   0   0     0.000     0.650     0.000     0.000     0.000    -0.247    -0.013
   7 0 0 1 1 1 1 1  25   0   3   0   0   0   0     5.609    20.948    22.354     0.000     0.000     0.000     0.000   0   0   0   0   0   0   0     0.000     0.650     0.163    -0.015    -0.157    -0.247    -0.013
   7 0 1 0 1 1 1 1   9   0   0   0   0   0   0    17.739    20.948    21.198     0.000     0.000     0.000     0.000   0   0   0   0   0   0   0     0.000    -0.147     0.163    -0.015    -0.157     0.018     0.129
   7 0 0 0 1 1 1 1   9   2  10   0   0   0   0    17.739    21.817    15.617     0.000     0.000     0.000     0.000   0   0   0   0   0   0   0     0.000    -0.147     0.163    -0.107    -0.499     0.251     0.021
   7 0 1 0 1 1 1 1   0   2   0   0   0   0   0    20.769    21.817    21.198     0.000     0.000     0.000     0.000   0   0   0   0   0   0   0     0.000     0.618     0.163    -0.107    -0.499    -0.208     0.013
   7 0 0 1 1 1 1 1  25   3   0   0   0   0   0     5.609    22.354    21.198     0.000     0.000     0.000     0.000   0   0   0   0   0   0   0     0.000     0.618     0.150    -0.145    -0.014    -0.208     0.013
   7 0 1 0 1 1 1 1   9   3   0   0   0   0   0    17.739    22.354    21.198     0.000     0.000     0.000     0.000   0   0   0   0   0   0   0     0.000    -0.136     0.150    -0.145    -0.014     0.017     0.119
   7 0 0 0 1 1 1 1   9   2  10   0   0   0   0    17.739    21.817    15.617     0.000     0.000     0.000     0.000   0   0   0   0   0   0   0     0.000    -0.136     0.150    -0.100    -0.474     0.231     0.020
   7 0 1 0 1 1 1 1   0   2   3   0   0   0   0    20.769    21.817    22.354     0.000     0.000     0.000     0.000   0   0   0   0   0   0   0     0.000     0.587     0.150    -0.100    -0.474    -0.211    -0.008
   7 0 0 1 1 1 1 1  25   0   3   0   0   0   0     5.609    20.948    22.354     0.000     0.000     0.000     0.000   0   0   0   0   0   0   0     0.000     0.587     0.138    -0.014    -0.133    -0.211    -0.008
   7 0 1 0 1 1 1 1   9   0   3   0   0   0   0    17.739    20.948    22.287     0.000     0.000     0.000     0.000   0   0   0   0   0   0   0     0.000    -0.126     0.138    -0.014    -0.133    -0.021     0.091
   7 0 0 0 1 1 1 1   9   0   3   0   0   0   0    17.739    20.913    22.287     0.000     0.000     0.000     0.000   0   0   0   0   0   0   0     0.000    -0.126     0.138    -0.450    -0.093    -0.023     0.194
   7 0 0 1 1 1 1 1  11   3   3   0   0   0   0    51.367    22.354    22.287     0.000     0.000     0.000     0.000   0   0   0   0   0   0   0     0.000    -0.126     0.558    -0.194    -0.008    -0.023     0.194
   7 0 0 1 1 1 1 1  25   3   3   0   0   0   0     5.609    22.354    22.287     0.000     0.000     0.000     0.000   0   0   0   0   0   0   0     0.000    -0.126     0.127    -0.123    -0.013    -0.023     0.194
   7 0 1 0 1 1 1 1   9   3   6   0   0   0   0    17.739    22.354    20.209     0.000     0.000     0.000     0.000   0   0   0   0   0   0   0     0.000    -0.117     0.127    -0.123    -0.013     0.104     0.012
   7 0 0 0 1 1 1 1   9   0   3   0   0   0   0    17.739    20.913    22.354     0.000     0.000     0.000     0.000   0   0   0   0   0   0   0     0.000    -0.117     0.127    -0.428    -0.087     0.013     0.197
   7 0 1 0 1 1 1 1   0   0   0   0   0   0   0    20.769    20.913    21.198     0.000     0.000     0.000     0.000   0   0   0   0   0   0   0     0.000     0.530     0.127    -0.428    -0.087    -0.164     0.014
   7 0 0 1 1 1 1 1  25   0   0   0   0   0   0     5.609    20.948    21.198     0.000     0.000     0.000     0.000   0   0   0   0   0   0   0     0.000     0.530     0.117    -0.012    -0.113    -0.164     0.014
   7 0 1 0 1 1 1 1   9   0   3   0   0   0   0    17.739    20.948    22.287     0.000     0.000     0.000     0.000   0   0   0   0   0   0   0     0.000    -0.108     0.117    -0.012    -0.113    -0.021     0.078
   7 0 0 0 1 1 1 1   9   2   3   0   0   0   0    17.739    21.817    22.354     0.000     0.000     0.000     0.000   0   0   0   0   0   0   0     0.000    -0.108     0.117    -0.081    -0.406     0.012     0.181
   7 0 0 1 1 1 1 1  11   3   3   0   0   0   0    51.367    22.354    22.354     0.000     0.000     0.000     0.000   0   0   0   0   0   0   0     0.000    -0.108     0.503    -0.165    -0.005     0.012     0.181
   7 0 0 0 1 1 1 1  25   0   2   0   0   0   0     5.609    20.948    21.818     0.000     0.000     0.000     0.000   0   0   0   0   0   0   0     0.000    -0.108     0.503    -0.012    -0.104     0.049     0.131
   7 0 1 0 1 1 1 1   9   0   0   0   0   0   0    17.739    20.948    21.198     0.000     0.000     0.000     0.000   0   0   0   0   0   0   0     0.000    -0.100     0.503    -0.012    -0.104     0.008     0.090
   7 0 0 0 1 1 1 1   9   0   3   0   0   0   0    17.739    20.913    22.287     0.000     0.000     0.000     0.000   0   0   0   0   0   0   0     0.000    -0.100     0.503    -0.386    -0.076    -0.023     0.152
   7 0 1 0 1 1 1 1   0   0   0   0   0   0   0    20.769    20.913    21.198     0.000     0.000     0.000     0.000   0   0   0   0   0   0   0     0.000     0.478     0.503    -0.386    -0.076    -0.139     0.013
   7 0 0 0 1 1 1 1  25   3   2   0   0   0   0     5.609    22.354    21.818     0.000     0.000     0.000     0.000   0   0   0   0   0   0   0     0.000     0.478     0.503    -0.095    -0.011     0.046     0.122
   7 0 1 0 1 1 1 1   9   3   6   0   0   0   0    17.739    22.354    20.209     0.000     0.000     0.000     0.000   0   0   0   0   0   0   0     0.000    -0.092     0.503    -0.095    -0.011     0.083     0.007
   7 0 0 0 1 1 1 1   9   0   2   0   0   0   0    17.739    20.913    21.959     0.000     0.000     0.000     0.000   0   0   0   0   0   0   0     0.000    -0.092     0.503    -0.367    -0.071     0.173     0.025
   7 0 1 0 1 1 1 1   0   0   3   0   0   0   0    20.769    20.913    22.354     0.000     0.000     0.000     0.000   0   0   0   0   0   0   0     0.000     0.454     0.503    -0.367    -0.071    -0.141    -0.002
   7 0 0 0 1 1 1 1  25   0   2   0   0   0   0     5.609    20.948    21.818     0.000     0.000     0.000     0.000   0   0   0   0   0   0   0     0.000     0.454     0.503    -0.011    -0.088     0.042     0.114
   7 0 1 0 1 1 1 1   9   0   3   0   0   0   0    17.739    20.948    22.287     0.000     0.000     0.000     0.000   0   0   0   0   0   0   0     0.000    -0.085     0.503    -0.011    -0.088    -0.020     0.062
   7 0 0 0 1 1 1 1   9   0  11   0   0   0   0    17.739    20.913    49.080     0.000     0.000     0.000     0.000   0   0   0   0   0   0   0     0.000    -0.085     0.503    -0.348    -0.066     0.024     0.160
   7 0 1 0 1 1 1 1   0   0   3   0   0   0   0    20.769    20.913    22.354     0.000     0.000     0.000     0.000   0   0   0   0   0   0   0     0.000     0.432     0.503    -0.348    -0.066    -0.130    -0.002
   7 0 0 0 1 1 1 1  25   3  12   0   0   0   0     5.609    22.354    50.782     0.000     0.000     0.000     0.000   0   0   0   0   0   0   0     0.000     0.432     0.503    -0.081    -0.010     0.106     0.040
   7 0 0 0 1 1 1 1   4   3   0   0   0   0   0    22.379    22.395    21.188     0.000     0.000     0.000     0.000   0   0   0   0   0   0   0     0.000     0.432     0.503    -0.071     0.012     0.014     0.072
   7 0 1 0 1 1 1 1   0   3   3   0   0   0   0    20.769    22.395    22.287     0.000     0.000     0.000     0.000   0   0   0   0   0   0   0     0.000    -0.331     0.503    -0.071     0.012    -0.058     0.121
   7 0 1 0 1 1 1 1   0   3   5   0   0   0   0    20.769    22.395    22.068     0.000     0.000     0.000     0.000   0   0   0   0   0   0   0     0.000     0.410     0.503    -0.071     0.012     0.031    -0.100
   7 0 0 0 1 1 1 1  25   3  12   0   0   0   0     5.609    22.354    50.782     0.000     0.000     0.000     0.000   0   0   0   0   0   0   0     0.000     0.410     0.503    -0.074    -0.010     0.099     0.037
   7 0 0 0 1 1 1 1   9   0   6   0   0   0   0    17.739    20.913    20.209     0.000     0.000     0.000     0.000   0   0   0   0   0   0   0     0.000     0.410     0.503    -0.099    -0.032     0.067     0.005
   7 0 1 0 1 1 1 1   0   0   3   0   0   0   0    20.769    20.913    22.287     0.000     0.000     0.000     0.000   0   0   0   0   0   0   0     0.000    -0.314     0.503    -0.099    -0.032    -0.054     0.111
   7 0 1 0 1 1 1 1   0   0   3   0   0   0   0    20.769    20.913    22.354     0.000     0.000     0.000     0.000   0   0   0   0   0   0   0     0.000     0.389     0.503    -0.099    -0.032    -0.111     0.001
   7 0 0 0 1 1 1 1  25   3   2   0   0   0   0     5.609    22.354    21.818     0.000     0.000     0.000     0.000   0   0   0   0   0   0   0     0.000     0.389     0.503    -0.068    -0.009     0.035     0.093
   7 0 0 0 1 1 1 1   9   2   0   0   0   0   0    17.739    21.817    21.198     0.000     0.000     0.000     0.000   0   0   0   0   0   0   0     0.000     0.389     0.503    -0.030    -0.094     0.005     0.062
   7 0 1 0 1 1 1 1   0   2   3   0   0   0   0    20.769    21.817    22.287     0.000     0.000     0.000     0.000   0   0   0   0   0   0   0     0.000    -0.299     0.503    -0.030    -0.094    -0.050     0.102
   7 0 1 0 1 1 1 1   0   2   0   0   0   0   0    20.769    21.817    21.198     0.000     0.000     0.000     0.000   0   0   0   0   0   0   0     0.000     0.370     0.503    -0.030    -0.094    -0.094     0.013
   7 0 0 0 1 1 1 1  25   0   2   0   0   0   0     5.609    20.948    21.818     0.000     0.000     0.000     0.000   0   0   0   0   0   0   0     0.000     0.370     0.503    -0.009    -0.063     0.032     0.086
   7 0 0 0 1 1 1 1   9   2   2   0   0   0   0    17.739    21.817    21.852     0.000     0.000     0.000     0.000   0   0   0   0   0   0   0     0.000     0.370     0.503    -0.028    -0.089     0.066     0.010
   7 0 1 0 1 1 1 1   0   2  11   0   0   0   0    20.769    21.817    49.080     0.000     0.000     0.000     0.000   0   0   0   0   0   0   0     0.000    -0.284     0.503    -0.028    -0.089    -0.019     0.123
   7 0 0 1 1 1 1 1  11   5  11   0   0   0   0    51.367    22.068    49.080     0.000     0.000     0.000     0.000   0   0   0   0   0   0   0     0.000    -0.284     0.352     0.028    -0.078    -0.019     0.123
   7 0 0 0 1 1 1 1  25   1   2   0   0   0   0     5.609    21.900    21.818     0.000     0.000     0.000     0.000   0   0   0   0   0   0   0     0.000    -0.284     0.352    -0.017    -0.064     0.030     0.081
   7 0 0 0 1 1 1 1   9   0   3   0   0   0   0    17.739    20.913    22.287     0.000     0.000     0.000     0.000   0   0   0   0   0   0   0     0.000    -0.284     0.352    -0.085    -0.026    -0.017     0.044
   7 0 1 0 1 1 1 1   0   0   3   0   0   0   0    20.769    20.913    22.287     0.000     0.000     0.000     0.000   0   0   0   0   0   0   0     0.000    -0.270     0.352    -0.085    -0.026    -0.045     0.088
   7 0 0 1 1 1 1 1  11   3   3   0   0   0   0    51.367    22.354    22.287     0.000     0.000     0.000     0.000   0   0   0   0   0   0   0     0.000    -0.270     0.334    -0.089     0.004    -0.045     0.088
   7 0 0 0 1 1 1 1  25   3   0   0   0   0   0     5.609    22.287    20.982     0.000     0.000     0.000     0.000   0   0   0   0   0   0   0     0.000    -0.270     0.334    -0.059    -0.016     0.085     0.035
   7 0 0 0 1 1 1 1   4   0   2   0   0   0   0    22.379    20.769    21.885     0.000     0.000     0.000     0.000   0   0   0   0   0   0   0     0.000    -0.270     0.334    -0.081    -0.018     0.058     0.016
   7 0 1 0 1 1 1 1   0   0  11   0   0   0   0    20.769    20.769    49.080     0.000     0.000     0.000     0.000   0   0   0   0   0   0   0     0.000    -0.256     0.334    -0.081    -0.018    -0.018     0.107
   7 0 1 0 1 1 1 1   0   0   3   0   0   0   0    20.769    20.769    22.354     0.000     0.000     0.000     0.000   0   0   0   0   0   0   0     0.000     0.317     0.334    -0.081    -0.018    -0.082     0.004
   7 0 0 0 1 1 1 1  25   1   0   0   0   0   0     5.609    21.900    20.982     0.000     0.000     0.000     0.000   0   0   0   0   0   0   0     0.000     0.317     0.334    -0.015    -0.055     0.081     0.032
   7 0 0 0 1 1 1 1   9   0   2   0   0   0   0    17.739    20.913    21.852     0.000     0.000     0.000     0.000   0   0   0   0   0   0   0     0.000     0.317     0.334    -0.077    -0.023     0.055     0.007
   7 0 1 0 1 1 1 1   0   0   3   0   0   0   0    20.769    20.913    22.354     0.000     0.000     0.000     0.000   0   0   0   0   0   0   0     0.000    -0.243     0.334    -0.077    -0.023    -0.028     0.087
   7 0 1 0 1 1 1 1   0   0   5   0   0   0   0    20.769    20.913    22.068     0.000     0.000     0.000     0.000   0   0   0   0   0   0   0     0.000     0.301     0.334    -0.077    -0.023     0.025    -0.062
   7 0 0 0 1 1 1 1  25   3   6   0   0   0   0     5.609    22.287    20.303     0.000     0.000     0.000     0.000   0   0   0   0   0   0   0     0.000     0.301     0.334    -0.051    -0.014     0.030     0.077
   7 0 0 0 1 1 1 1   4  14   2   0   0   0   0    22.379    46.510    21.885     0.000     0.000     0.000     0.000   0   0   0   0   0   0   0     0.000     0.301     0.334     0.009    -0.048     0.051     0.014
   7 0 1 0 1 1 1 1   0  14  11   0   0   0   0    20.769    46.510    49.080     0.000     0.000     0.000     0.000   0   0   0   0   0   0   0     0.000    -0.231     0.334     0.009    -0.048    -0.016     0.092
   7 0 1 0 1 1 1 1   0  14  18   0   0   0   0    20.769    46.510    49.650     0.000     0.000     0.000     0.000   0   0   0   0   0   0   0     0.000     0.286     0.334     0.009    -0.048    -0.002    -0.079
   7 0 0 0 1 1 1 1  25   0   0   0   0   0   0     5.609    20.948    20.982     0.000     0.000     0.000     0.000   0   0   0   0   0   0   0     0.000     0.286     0.334    -0.005    -0.043     0.073     0.028
   7 0 0 0 1 1 1 1   9   0   3   0   0   0   0    17.739    20.913    22.287     0.000     0.000     0.000     0.000   0   0   0   0   0   0   0     0.000     0.286     0.334    -0.070    -0.018    -0.013     0.033
   7 0 1 0 1 1 1 1   0   0   3   0   0   0   0    20.769    20.913    22.287     0.000     0.000     0.000     0.000   0   0   0   0   0   0   0     0.000    -0.220     0.334    -0.070    -0.018    -0.037     0.066
   7 0 1 0 1 1 1 1   0   0   5   0   0   0   0    20.769    20.913    22.068     0.000     0.000     0.000     0.000   0   0   0   0   0   0   0     0.000     0.272     0.334    -0.070    -0.018     0.024    -0.053
   7 0 0 0 1 1 1 1  25   1   6   0   0   0   0     5.609    21.900    20.303     0.000     0.000     0.000     0.000   0   0   0   0   0   0   0     0.000     0.272     0.334    -0.011    -0.044     0.025     0.070
   7 0 0 0 1 1 1 1   9   0   2   0   0   0   0    17.739    20.913    21.852     0.000     0.000     0.000     0.000   0   0   0   0   0   0   0     0.000     0.272     0.334    -0.067    -0.017     0.045     0.005
   7 0 1 0 1 1 1 1   0   0  11   0   0   0   0    20.769    20.913    49.080     0.000     0.000     0.000     0.000   0   0   0   0   0   0   0     0.000    -0.209     0.334    -0.067    -0.017    -0.015     0.081
   7 0 1 0 1 1 1 1   0   0  18   0   0   0   0    20.769    20.913    49.650     0.000     0.000     0.000     0.000   0   0   0   0   0   0   0     0.000     0.258     0.334    -0.067    -0.017     0.000    -0.069
   7 0 0 0 1 1 1 1  25   3   6   0   0   0   0     5.609    22.287    20.303     0.000     0.000     0.000     0.000   0   0   0   0   0   0   0     0.000     0.258     0.334    -0.040    -0.010     0.024     0.066
   7 0 0 0 1 1 1 1   3   3  12   0   0   0   0    22.395    22.335    50.584     0.000     0.000     0.000     0.000   0   0   0   0   0   0   0     0.000     0.258     0.334    -0.012    -0.064     0.011     0.042
   7 0 1 0 1 1 1 1   0   3   3   0   0   0   0    20.769    22.335    22.287     0.000     0.000     0.000     0.000   0   0   0   0   0   0   0     0.000    -0.198     0.334    -0.012    -0.064    -0.033     0.057
   7 0 1 0 1 1 1 1   0   3   3   0   0   0   0    20.769    22.335    22.354     0.000     0.000     0.000     0.000   0   0   0   0   0   0   0     0.000     0.245     0.334    -0.012    -0.064    -0.057     0.006
   7 0 0 0 1 1 1 1  25   0   0   0   0   0   0     5.609    20.948    20.982     0.000     0.000     0.000     0.000   0   0   0   0   0   0   0     0.000     0.245     0.334    -0.004    -0.034     0.063     0.022
   7 0 0 0 1 1 1 1   4  11  11   0   0   0   0    22.379    51.359    49.080     0.000     0.000     0.000     0.000   0   0   0   0   0   0   0     0.000     0.245     0.334    -0.011    -0.060     0.011     0.039
   7 0 1 0 1 1 1 1   0  11  11   0   0   0   0    20.769    51.359    49.080     0.000     0.000     0.000     0.000   0   0   0   0   0   0   0     0.000    -0.188     0.334    -0.011    -0.060    -0.014     0.070
   7 0 1 0 1 1 1 1   0  11  18   0   0   0   0    20.769    51.359    49.650     0.000     0.000     0.000     0.000   0   0   0   0   0   0   0     0.000     0.233     0.334    -0.011    -0.060     0.001    -0.060
   7 0 0 0 1 1 1 1  25   1   0   0   0   0   0     5.609    21.900    20.982     0.000     0.000     0.000     0.000   0   0   0   0   0   0   0     0.000     0.233     0.334    -0.008    -0.035     0.060     0.020
   7 0 0 0 1 1 1 1   9   0   3   0   0   0   0    17.739    20.913    22.287     0.000     0.000     0.000     0.000   0   0   0   0   0   0   0     0.000     0.233     0.334    -0.057    -0.015    -0.011     0.026
   7 0 1 0 1 1 1 1   0   0   3   0   0   0   0    20.769    20.913    22.287     0.000     0.000     0.000     0.000   0   0   0   0   0   0   0     0.000    -0.179     0.334    -0.057    -0.015    -0.029     0.050
   7 0 1 0 1 1 1 1   0   0   5   0   0   0   0    20.769    20.913    22.068     0.000     0.000     0.000     0.000   0   0   0   0   0   0   0     0.000     0.222     0.334    -0.057    -0.015     0.022    -0.040
   7 0 0 0 1 1 1 1  25   1   6   0   0   0   0     5.609    21.900    20.303     0.000     0.000     0.000     0.000   0   0   0   0   0   0   0     0.000     0.222     0.334    -0.008    -0.032     0.019     0.057
   7 0 0 0 1 1 1 1   4   0   2   0   0   0   0    22.379    20.769    21.885     0.000     0.000     0.000     0.000   0   0   0   0   0   0   0     0.000     0.222     0.334    -0.055    -0.010     0.035     0.008
   7 0 1 0 1 1 1 1   0   0  11   0   0   0   0    20.769    20.769    49.080     0.000     0.000     0.000     0.000   0   0   0   0   0   0   0     0.000    -0.170     0.334    -0.055    -0.010    -0.013     0.061
   7 0 1 0 1 1 1 1   0   0  18   0   0   0   0    20.769    20.769    49.650     0.000     0.000     0.000     0.000   0   0   0   0   0   0   0     0.000     0.210     0.334    -0.055    -0.010     0.002    -0.052
   7 0 0 0 1 1 1 1  25   1   6   0   0   0   0     5.609    21.900    20.303     0.000     0.000     0.000     0.000   0   0   0   0   0   0   0     0.000     0.210     0.334    -0.007    -0.030     0.017     0.054
   7 0 0 0 1 1 1 1   3   0   2   0   0   0   0    22.395    20.913    21.852     0.000     0.000     0.000     0.000   0   0   0   0   0   0   0     0.000     0.210     0.334    -0.052    -0.010     0.033     0.008
   7 0 1 0 1 1 1 1   0   0  11   0   0   0   0    20.769    20.913    49.080     0.000     0.000     0.000     0.000   0   0   0   0   0   0   0     0.000    -0.161     0.334    -0.052    -0.010    -0.012     0.057
   7 0 1 0 1 1 1 1   0   0   5   0   0   0   0    20.769    20.913    22.068     0.000     0.000     0.000     0.000   0   0   0   0   0   0   0     0.000     0.200     0.334    -0.052    -0.010     0.020    -0.035
   7 0 0 0 1 1 1 1  25  12   0   0   0   0   0     5.609    47.214    20.982     0.000     0.000     0.000     0.000   0   0   0   0   0   0   0     0.000     0.200     0.334    -0.031    -0.010     0.051     0.016
   7 0 0 0 1 1 1 1   9   0   3   0   0   0   0    17.739    20.913    22.287     0.000     0.000     0.000     0.000   0   0   0   0   0   0   0     0.000     0.200     0.334    -0.049    -0.012    -0.010     0.021
   7 0 1 0 1 1 1 1   9   0  11   0   0   0   0    17.730    20.913    49.080     0.000     0.000     0.000     0.000   0   0   0   0   0   0   0     0.000    -0.122     0.334    -0.049    -0.012    -0.002     0.052
   7 0 1 0 1 1 1 1   0   0  18   0   0   0   0    20.769    20.913    49.650     0.000     0.000     0.000     0.000   0   0   0   0   0   0   0     0.000     0.190     0.334    -0.049    -0.012     0.003    -0.046
   7 0 0 0 1 1 1 1  25  14   6   0   0   0   0     5.609    47.816    20.303     0.000     0.000     0.000     0.000   0   0   0   0   0   0   0     0.000     0.190     0.334    -0.011    -0.033     0.015     0.049
   7 0 0 0 1 1 1 1   9   0   2   0   0   0   0    17.739    20.913    21.852     0.000     0.000     0.000     0.000   0   0   0   0   0   0   0     0.000     0.190     0.334    -0.047    -0.011     0.029     0.002
   7 0 0 1 1 1 1 1  11   3   2   0   0   0   0    51.367    22.287    21.852     0.000     0.000     0.000     0.000   0   0   0   0   0   0   0     0.000     0.190    -0.147    -0.022     0.038     0.029     0.002
   7 0 1 0 1 1 1 1   0   3   5   0   0   0   0    20.769    22.287    22.068     0.000     0.000     0.000     0.000   0   0   0   0   0   0   0     0.000     0.180    -0.147    -0.022     0.038     0.019    -0.030
   7 0 0 0 1 1 1 1  25  14   6   0   0   0   0     5.609    47.816    20.303     0.000     0.000     0.000     0.000   0   0   0   0   0   0   0     0.000     0.180    -0.147    -0.010    -0.031     0.014     0.046
   7 0 0 0 1 1 1 1   3   0  12   0   0   0   0    22.395    20.913    50.584     0.000     0.000     0.000     0.000   0   0   0   0   0   0   0     0.000     0.180    -0.147    -0.044    -0.008     0.006     0.027
   7 0 1 0 1 1 1 1   0   0   3   0   0   0   0    20.769    20.913    22.287     0.000     0.000     0.000     0.000   0   0   0   0   0   0   0     0.000    -0.140    -0.147    -0.044    -0.008    -0.020     0.035
   7 0 0 1 1 1 1 1  11  18   3   0   0   0   0    51.367    49.650    22.287     0.000     0.000     0.000     0.000   0   0   0   0   0   0   0     0.000    -0.140     0.171     0.004    -0.040    -0.020     0.035
   7 0 0 0 1 1 1 1  25   3   0   0   0   0   0     5.609    22.142    20.982     0.000     0.000     0.000     0.000   0   0   0   0   0   0   0     0.000    -0.140     0.171    -0.030    -0.009     0.044     0.013
   7 0 0 0 1 1 1 1   4   0   2   0   0   0   0    22.379    20.769    21.885     0.000     0.000     0.000     0.000   0   0   0   0   0   0   0     0.000    -0.140     0.171    -0.042    -0.008     0.025     0.006
   7 0 1 0 1 1 1 1   0   0  11   0   0   0   0    20.769    20.769    49.080     0.000     0.000     0.000     0.000   0   0   0   0   0   0   0     0.000    -0.133     0.171    -0.042    -0.008    -0.009     0.043
   7 0 1 0 1 1 1 1   0   0   0   0   0   0   0    20.769    20.769    21.198     0.000     0.000     0.000     0.000   0   0   0   0   0   0   0     0.000     0.163     0.171    -0.042    -0.008    -0.029     0.011
   7 0 0 0 1 1 1 1  25   3  12   0   0   0   0     5.609    22.142    50.782     0.000     0.000     0.000     0.000   0   0   0   0   0   0   0     0.000     0.163     0.171    -0.028    -0.009     0.036     0.008
   7 0 0 0 1 1 1 1   9   0   3   0   0   0   0    17.739    20.913    22.287     0.000     0.000     0.000     0.000   0   0   0   0   0   0   0     0.000     0.163     0.171    -0.040    -0.010    -0.009     0.016
   7 0 0 1 1 1 1 1  11  11   3   0   0   0   0    51.367    49.080    22.287     0.000     0.000     0.000     0.000   0   0   0   0   0   0   0     0.000     0.163    -0.126    -0.009     0.040    -0.009     0.016
   7 0 1 0 1 1 1 1   0  11  18   0   0   0   0    20.769    49.080    49.650     0.000     0.000     0.000     0.000   0   0   0   0   0   0   0     0.000     0.155    -0.126    -0.009     0.040     0.004    -0.035
   7 0 0 0 1 1 1 1  25   3   0   0   0   0   0     5.609    22.142    20.982     0.000     0.000     0.000     0.000   0   0   0   0   0   0   0     0.000     0.155    -0.126    -0.027    -0.008     0.040     0.010
   7 0 0 0 1 1 1 1  14   2   0   0   0   0   0    46.510    21.852    20.913     0.000     0.000     0.000     0.000   0   0   0   0   0   0   0     0.000     0.155    -0.126     0.023     0.005    -0.038    -0.007
   7 0 0 1 1 1 1 1  11   3   0   0   0   0   0    51.367    22.287    20.913     0.000     0.000     0.000     0.000   0   0   0   0   0   0   0     0.000     0.155    -0.120    -0.017     0.028    -0.038    -0.007
   7 0 1 0 1 1 1 1   0   3   5   0   0   0   0    20.769    22.287    22.068     0.000     0.000     0.000     0.000   0   0   0   0   0   0   0     0.000     0.147    -0.120    -0.017     0.028     0.016    -0.022
   7 0 0 0 1 1 1 1  25   3   0   0   0   0   0     5.609    22.142    20.982     0.000     0.000     0.000     0.000   0   0   0   0   0   0   0     0.000     0.147    -0.120    -0.026    -0.007     0.038     0.010
   7 0 0 0 1 1 1 1   4  11   2   0   0   0   0    22.379    51.359    21.885     0.000     0.000     0.000     0.000   0   0   0   0   0   0   0     0.000     0.147    -0.120    -0.007    -0.036     0.021     0.005
   7 0 1 0 1 1 1 1   0  11  11   0   0   0   0    20.769    51.359    50.234     0.000     0.000     0.000     0.000   0   0   0   0   0   0   0     0.000    -0.114    -0.120    -0.007    -0.036    -0.005     0.041
   7 0 1 0 1 1 1 1   0  11  18   0   0   0   0    20.769    51.359    49.650     0.000     0.000     0.000     0.000   0   0   0   0   0   0   0     0.000     0.140    -0.120    -0.007    -0.036     0.004    -0.031
   7 0 0 0 1 1 1 1  25  14   0   0   0   0   0     5.609    47.816    20.982     0.000     0.000     0.000     0.000   0   0   0   0   0   0   0     0.000     0.140    -0.120    -0.007    -0.024     0.036     0.009
   7 0 0 0 1 1 1 1   9   0   3   0   0   0   0    17.739    20.913    22.287     0.000     0.000     0.000     0.000   0   0   0   0   0   0   0     0.000     0.140    -0.120    -0.034    -0.008    -0.007     0.013
   7 0 1 0 1 1 1 1   0   0   3   0   0   0   0    20.769    20.913    22.265     0.000     0.000     0.000     0.000   0   0   0   0   0   0   0     0.000    -0.108    -0.120    -0.034    -0.008    -0.022     0.022
   7 0 1 0 1 1 1 1   0   0   5   0   0   0   0    20.769    20.913    22.068     0.000     0.000     0.000     0.000   0   0   0   0   0   0   0     0.000     0.133    -0.120    -0.034    -0.008     0.015    -0.019
   7 0 0 0 1 1 1 1  25   1   0   0   0   0   0     5.609    21.900    20.982     0.000     0.000     0.000     0.000   0   0   0   0   0   0   0     0.000     0.133    -0.120    -0.002    -0.018     0.034     0.008
   7 0 0 0 1 1 1 1   9   0   2   0   0   0   0    17.739    20.913    21.852     0.000     0.000     0.000     0.000   0   0   0   0   0   0   0     0.000     0.133    -0.120    -0.033    -0.007     0.019     0.001
   7 0 1 0 1 1 1 1   0   0  11   0   0   0   0    20.769    20.913    50.234     0.000     0.000     0.000     0.000   0   0   0   0   0   0   0     0.000    -0.103    -0.120    -0.033    -0.007    -0.005     0.037
   7 0 0 1 1 1 1 1  11  18  11   0   0   0   0    51.367    49.650    50.234     0.000     0.000     0.000     0.000   0   0   0   0   0   0   0     0.000    -0.103     0.126     0.004    -0.027    -0.005     0.037
   7 0 0 0 1 1 1 1  32   1   0   0   0   0   0     4.262    21.869    20.986     0.000     0.000     0.000     0.000   0   0   0   0   0   0   0     0.000    -0.103     0.126     0.002    -0.015     0.032     0.009
   7 0 0 0 1 1 1 1   4   0  11   0   0   0   0    22.379    20.769    49.080     0.000     0.000     0.000     0.000   0   0   0   0   0   0   0     0.000    -0.103     0.126    -0.031    -0.006     0.004     0.018
   7 0 0 1 1 1 1 1  11   3  11   0   0   0   0    51.367    22.265    49.080     0.000     0.000     0.000     0.000   0   0   0   0   0   0   0     0.000    -0.103    -0.098    -0.021     0.019     0.004     0.018
   7 0 0 1 1 1 1 1  11  18  11   0   0   0   0    51.367    49.650    49.080     0.000     0.000     0.000     0.000   0   0   0   0   0   0   0     0.000    -0.103     0.120     0.004    -0.025     0.004     0.018
   7 0 0 0 1 1 1 1  32   3   0   0   0   0   0     4.262    22.142    20.986     0.000     0.000     0.000     0.000   0   0   0   0   0   0   0     0.000    -0.103     0.120    -0.022    -0.003     0.031     0.008
   7 0 0 0 1 1 1 1   3  18   2   0   0   0   0    22.395    49.878    21.852     0.000     0.000     0.000     0.000   0   0   0   0   0   0   0     0.000    -0.103     0.120    -0.022     0.000     0.016     0.004
   7 0 1 0 1 1 1 1   0  18  11   0   0   0   0    20.769    49.878    50.234     0.000     0.000     0.000     0.000   0   0   0   0   0   0   0     0.000    -0.093     0.120    -0.022     0.000    -0.005     0.033
   7 0 1 0 1 1 1 1   0  18  12   0   0   0   0    20.769    49.878    50.584     0.000     0.000     0.000     0.000   0   0   0   0   0   0   0     0.000     0.114     0.120    -0.022     0.000    -0.016     0.013
   7 0 0 0 1 1 1 1  14   0   0   0   0   0   0    46.836    20.769    21.093     0.000     0.000     0.000     0.000   0   0   0   0   0   0   0     0.000     0.114     0.120     0.029     0.006    -0.020    -0.006
   7 0 0 0 1 1 1 1   9   2   3   0   0   0   0    17.739    21.817    22.287     0.000     0.000     0.000     0.000   0   0   0   0   0   0   0     0.000     0.114     0.120    -0.006    -0.028    -0.006     0.010
   7 0 1 0 1 1 1 1   0   2   3   0   0   0   0    20.769    21.817    22.354     0.000     0.000     0.000     0.000   0   0   0   0   0   0   0     0.000    -0.088     0.120    -0.006    -0.028    -0.010     0.023
   7 0 1 0 1 1 1 1   0   2  11   0   0   0   0    20.769    21.817    51.113     0.000     0.000     0.000     0.000   0   0   0   0   0   0   0     0.000     0.108     0.120    -0.006    -0.028    -0.013     0.019
   7 0 1 0 1 1 1 1  18   2   3   0   0   0   0    48.132    21.817    22.354     0.000     0.000     0.000     0.000   0   0   0   0   0   0   0     0.000     0.023     0.120    -0.006    -0.028    -0.012     0.003
   7 0 1 0 1 1 1 1   0   2   3   0   0   0   0    20.769    21.817    22.287     0.000     0.000     0.000     0.000   0   0   0   0   0   0   0     0.000    -0.027     0.120    -0.006    -0.028    -0.007     0.010
   7 0 1 0 1 1 1 1   0   2  11   0   0   0   0    20.769    21.817    50.234     0.000     0.000     0.000     0.000   0   0   0   0   0   0   0     0.000    -0.084     0.120    -0.006    -0.028    -0.005     0.030
   7 0 1 0 1 1 1 1   0   2  18   0   0   0   0    20.769    21.817    49.650     0.000     0.000     0.000     0.000   0   0   0   0   0   0   0     0.000     0.103     0.120    -0.006    -0.028     0.004    -0.021
   7 0 1 0 1 1 1 1  18   2   3   0   0   0   0    48.132    21.817    22.142     0.000     0.000     0.000     0.000   0   0   0   0   0   0   0     0.000     0.022     0.120    -0.006    -0.028    -0.019    -0.001
   7 0 1 0 1 1 1 1   0   2   1   0   0   0   0    20.769    21.817    21.904     0.000     0.000     0.000     0.000   0   0   0   0   0   0   0     0.000    -0.026     0.120    -0.006    -0.028     0.010    -0.005
   7 0 1 0 1 1 1 1   9   2  11   0   0   0   0    17.730    21.817    50.234     0.000     0.000     0.000     0.000   0   0   0   0   0   0   0     0.000    -0.063     0.120    -0.006    -0.028     0.000     0.028
   7 0 1 0 1 1 1 1   0   2  11   0   0   0   0    20.769    21.817    51.113     0.000     0.000     0.000     0.000   0   0   0   0   0   0   0     0.000     0.098     0.120    -0.006    -0.028    -0.011     0.018
   7 0 0 0 1 1 1 1  25   3   0   0   0   0   0     5.609    22.142    20.982     0.000     0.000     0.000     0.000   0   0   0   0   0   0   0     0.000     0.098     0.120    -0.018    -0.003     0.026     0.005
   7 0 1 0 1 1 1 1   0   3   5   0   0   0   0    20.769    22.142    22.068     0.000     0.000     0.000     0.000   0   0   0   0   0   0   0     0.000    -0.024     0.120    -0.018    -0.003     0.013    -0.002
   7 0 1 0 1 1 1 1   0   3   3   0   0   0   0    20.769    22.142    22.265     0.000     0.000     0.000     0.000   0   0   0   0   0   0   0     0.000    -0.076     0.120    -0.018    -0.003    -0.016     0.014
   7 0 1 0 1 1 1 1   0   3  18   0   0   0   0    20.769    22.142    49.650     0.000     0.000     0.000     0.000   0   0   0   0   0   0   0     0.000     0.093     0.120    -0.018    -0.003     0.004    -0.018
   7 0 0 0 1 1 1 1   3   0  11   0   0   0   0    22.335    21.093    51.367     0.000     0.000     0.000     0.000   0   0   0   0   0   0   0     0.000     0.093     0.120    -0.017    -0.004     0.004     0.024
   7 0 1 0 1 1 1 1   0   0   5   0   0   0   0    20.769    21.093    21.983     0.000     0.000     0.000     0.000   0   0   0   0   0   0   0     0.000    -0.023     0.120    -0.017    -0.004     0.016    -0.001
   7 0 1 0 1 1 1 1   0   0  11   0   0   0   0    20.769    21.093    50.234     0.000     0.000     0.000     0.000   0   0   0   0   0   0   0     0.000    -0.073     0.120    -0.017    -0.004    -0.004     0.025
   7 0 1 0 1 1 1 1   0   0  11   0   0   0   0    20.769    21.093    51.113     0.000     0.000     0.000     0.000   0   0   0   0   0   0   0     0.000     0.088     0.120    -0.017    -0.004    -0.010     0.016
   7 0 1 0 1 1 1 1  18   0  14   0   0   0   0    48.132    21.093    47.816     0.000     0.000     0.000     0.000   0   0   0   0   0   0   0     0.000     0.018     0.120    -0.017    -0.004    -0.001    -0.016
   7 0 0 0 1 1 1 1   3   0   2   0   0   0   0    22.395    20.913    21.773     0.000     0.000     0.000     0.000   0   0   0   0   0   0   0     0.000     0.018     0.120    -0.022    -0.004     0.015     0.003
   7 0 1 0 1 1 1 1   0   0   3   0   0   0   0    20.769    20.913    22.265     0.000     0.000     0.000     0.000   0   0   0   0   0   0   0     0.000    -0.069     0.120    -0.022    -0.004    -0.014     0.013
   7 0 0 1 1 1 1 1  11  18   3   0   0   0   0    51.367    49.650    22.265     0.000     0.000     0.000     0.000   0   0   0   0   0   0   0     0.000    -0.069     0.084     0.004    -0.016    -0.014     0.013
   7 0 1 0 1 1 1 1   0  18  14   0   0   0   0    20.769    49.650    46.758     0.000     0.000     0.000     0.000   0   0   0   0   0   0   0     0.000     0.022     0.084     0.004    -0.016     0.004    -0.009
   7 0 1 0 1 1 1 1   0  18   3   0   0   0   0    20.769    49.650    22.287     0.000     0.000     0.000     0.000   0   0   0   0   0   0   0     0.000    -0.021     0.084     0.004    -0.016    -0.005     0.007
   7 0 1 0 1 1 1 1   0  18  11   0   0   0   0    20.769    49.650    50.234     0.000     0.000     0.000     0.000   0   0   0   0   0   0   0     0.000    -0.065     0.084     0.004    -0.016    -0.004     0.022
   7 0 1 0 1 1 1 1   0  18  11   0   0   0   0    20.769    49.650    51.113     0.000     0.000     0.000     0.000   0   0   0   0   0   0   0     0.000     0.079     0.084     0.004    -0.016    -0.008     0.015
   7 0 1 0 1 1 1 1   0  18   3   0   0   0   0    20.769    49.650    22.142     0.000     0.000     0.000     0.000   0   0   0   0   0   0   0     0.000     0.021     0.084     0.004    -0.016    -0.015     0.000
   7 0 1 0 1 1 1 1   0  18   5   0   0   0   0    20.769    49.650    21.983     0.000     0.000     0.000     0.000   0   0   0   0   0   0   0     0.000    -0.020     0.084     0.004    -0.016     0.014    -0.001
   7 0 1 0 1 1 1 1   0  18  11   0   0   0   0    20.769    49.650    49.080     0.000     0.000     0.000     0.000   0   0   0   0   0   0   0     0.000    -0.062     0.084     0.004    -0.016    -0.005     0.018
   7 0 1 0 1 1 1 1   0  18  18   0   0   0   0    20.769    49.650    49.650     0.000     0.000     0.000     0.000   0   0   0   0   0   0   0     0.000     0.075     0.084     0.004    -0.016     0.004    -0.014
   7 0 0 0 1 1 1 1  32   3   6   0   0   0   0     4.262    22.142    20.303     0.000     0.000     0.000     0.000   0   0   0   0   0   0   0     0.000     0.075     0.084    -0.014    -0.001     0.004     0.020
   7 0 0 0 1 1 1 1   4   0   1   0   0   0   0    22.379    20.769    21.869     0.000     0.000     0.000     0.000   0   0   0   0   0   0   0     0.000     0.075     0.084    -0.019    -0.003     0.013     0.002
   7 0 1 0 1 1 1 1   0   0   3   0   0   0   0    20.769    20.769    22.265     0.000     0.000     0.000     0.000   0   0   0   0   0   0   0     0.000    -0.059     0.084    -0.019    -0.003    -0.013     0.011
   7 0 1 0 1 1 1 1   0   0  11   0   0   0   0    20.769    20.769    51.113     0.000     0.000     0.000     0.000   0   0   0   0   0   0   0     0.000     0.072     0.084    -0.019    -0.003    -0.007     0.014
   7 0 0 0 1 1 1 1   3   0   0   0   0   0   0    22.335    21.093    20.769     0.000     0.000     0.000     0.000   0   0   0   0   0   0   0     0.000     0.072     0.084    -0.013    -0.003     0.019     0.003
   7 0 0 0 1 1 1 1   3  18   2   0   0   0   0    22.395    49.878    21.773     0.000     0.000     0.000     0.000   0   0   0   0   0   0   0     0.000     0.072     0.084    -0.013     0.000     0.013     0.002
   7 0 0 1 1 1 1 1  11  11   2   0   0   0   0    51.367    50.234    21.773     0.000     0.000     0.000     0.000   0   0   0   0   0   0   0     0.000     0.072    -0.056    -0.004     0.019     0.013     0.002
   7 0 1 0 1 1 1 1   0  11   0   0   0   0   0    20.769    50.234    21.198     0.000     0.000     0.000     0.000   0   0   0   0   0   0   0     0.000     0.068    -0.056    -0.004     0.019    -0.009     0.008
   7 0 1 0 1 1 1 1   0  11  12   0   0   0   0    20.769    50.234    47.214     0.000     0.000     0.000     0.000   0   0   0   0   0   0   0     0.000     0.018    -0.056    -0.004     0.019    -0.010     0.001
   7 0 0 1 1 1 1 1  11   5  12   0   0   0   0    51.367    21.983    47.214     0.000     0.000     0.000     0.000   0   0   0   0   0   0   0     0.000     0.018    -0.017     0.012    -0.001    -0.010     0.001
   7 0 1 0 1 1 1 1   0   5   3   0   0   0   0    20.769    21.983    22.265     0.000     0.000     0.000     0.000   0   0   0   0   0   0   0     0.000    -0.053    -0.017     0.012    -0.001    -0.012     0.009
   7 0 0 1 1 1 1 1  11  18   3   0   0   0   0    51.113    49.650    22.265     0.000     0.000     0.000     0.000   0   0   0   0   0   0   0     0.000    -0.053     0.052    -0.000    -0.012    -0.012     0.009
   7 0 0 0 1 1 1 1  32   3   0   0   0   0   0     4.262    22.142    20.986     0.000     0.000     0.000     0.000   0   0   0   0   0   0   0     0.000    -0.053     0.052    -0.012    -0.001     0.017     0.003
   7 0 0 1 1 1 1 1  11   3   0   0   0   0   0    51.367    22.287    20.986     0.000     0.000     0.000     0.000   0   0   0   0   0   0   0     0.000    -0.053    -0.016    -0.004     0.006     0.017     0.003
   7 0 1 0 1 1 1 1   0   3  11   0   0   0   0    20.769    22.287    50.234     0.000     0.000     0.000     0.000   0   0   0   0   0   0   0     0.000    -0.051    -0.016    -0.004     0.006    -0.003     0.017
   7 0 1 0 1 1 1 1   0   3  18   0   0   0   0    20.769    22.287    49.650     0.000     0.000     0.000     0.000   0   0   0   0   0   0   0     0.000     0.062    -0.016    -0.004     0.006     0.003    -0.011
   7 0 0 0 1 1 1 1  25  14   6   0   0   0   0     5.609    47.816    20.303     0.000     0.000     0.000     0.000   0   0   0   0   0   0   0     0.000     0.062    -0.016    -0.002    -0.012     0.003     0.016
   7 0 1 0 1 1 1 1   0  14   5   0   0   0   0    20.769    47.816    21.983     0.000     0.000     0.000     0.000   0   0   0   0   0   0   0     0.000    -0.016    -0.016    -0.002    -0.012     0.011    -0.001
   7 0 1 0 1 1 1 1   0  14   3   0   0   0   0    20.769    47.816    22.287     0.000     0.000     0.000     0.000   0   0   0   0   0   0   0     0.000    -0.048    -0.016    -0.002    -0.012    -0.008     0.010
   7 0 1 0 1 1 1 1   0  14  18   0   0   0   0    20.769    47.816    49.650     0.000     0.000     0.000     0.000   0   0   0   0   0   0   0     0.000     0.059    -0.016    -0.002    -0.012     0.003    -0.010
   7 0 1 0 1 1 1 1   0  14   3   0   0   0   0    20.769    47.816    22.142     0.000     0.000     0.000     0.000   0   0   0   0   0   0   0     0.000     0.015    -0.016    -0.002    -0.012    -0.011     0.000
   7 0 1 0 1 1 1 1   0  14   5   0   0   0   0    20.769    47.816    21.983     0.000     0.000     0.000     0.000   0   0   0   0   0   0   0     0.000    -0.015    -0.016    -0.002    -0.012     0.010    -0.001
   7 0 1 0 1 1 1 1   0  14  11   0   0   0   0    20.769    47.816    50.234     0.000     0.000     0.000     0.000   0   0   0   0   0   0   0     0.000    -0.046    -0.016    -0.002    -0.012    -0.003     0.015
   7 0 1 0 1 1 1 1   0  14  11   0   0   0   0    20.769    47.816    51.113     0.000     0.000     0.000     0.000   0   0   0   0   0   0   0     0.000     0.056    -0.016    -0.002    -0.012    -0.005     0.010
   7 0 0 0 1 1 1 1   3   0  11   0   0   0   0    22.335    21.093    51.367     0.000     0.000     0.000     0.000   0   0   0   0   0   0   0     0.000     0.056    -0.016    -0.010    -0.002     0.003     0.015
   7 0 1 0 1 1 1 1   0   0   1   0   0   0   0    20.769    21.093    21.904     0.000     0.000     0.000     0.000   0   0   0   0   0   0   0     0.000    -0.014    -0.016    -0.010    -0.002     0.006    -0.003
   7 0 1 0 1 1 1 1   0   0   3   0   0   0   0    20.769    21.093    22.265     0.000     0.000     0.000     0.000   0   0   0   0   0   0   0     0.000    -0.043    -0.016    -0.010    -0.002    -0.010     0.007
   7 0 1 0 1 1 1 1   0   0   5   0   0   0   0    20.769    21.093    22.068     0.000     0.000     0.000     0.000   0   0   0   0   0   0   0     0.000     0.053    -0.016    -0.010    -0.002     0.007    -0.006
   7 0 1 0 1 1 1 1  18   0   3   0   0   0   0    48.132    21.093    22.142     0.000     0.000     0.000     0.000   0   0   0   0   0   0   0     0.000     0.011    -0.016    -0.010    -0.002    -0.010    -0.000
   7 0 0 0 1 1 1 1   3  18   2   0   0   0   0    22.395    49.878    21.773     0.000     0.000     0.000     0.000   0   0   0   0   0   0   0     0.000     0.011    -0.016    -0.010     0.000     0.010     0.002
   7 0 0 1 1 1 1 1  11  11   2   0   0   0   0    51.367    50.234    21.773     0.000     0.000     0.000     0.000   0   0   0   0   0   0   0     0.000     0.011    -0.041    -0.003     0.014     0.010     0.002
   7 0 1 0 1 1 1 1   0  11  18   0   0   0   0    20.769    50.234    49.650     0.000     0.000     0.000     0.000   0   0   0   0   0   0   0     0.000     0.051    -0.041    -0.003     0.014     0.003    -0.009
   7 0 1 0 1 1 1 1   0  11   3   0   0   0   0    20.769    50.234    22.287     0.000     0.000     0.000     0.000   0   0   0   0   0   0   0     0.000     0.013    -0.041    -0.003     0.014    -0.006     0.001
   7 0 1 0 1 1 1 1   0  11   5   0   0   0   0    20.769    50.234    21.983     0.000     0.000     0.000     0.000   0   0   0   0   0   0   0     0.000    -0.013    -0.041    -0.003     0.014     0.009    -0.000
   7 0 1 0 1 1 1 1   0  11   3   0   0   0   0    20.769    50.234    22.265     0.000     0.000     0.000     0.000   0   0   0   0   0   0   0     0.000    -0.039    -0.041    -0.003     0.014    -0.009     0.007
   7 0 1 0 1 1 1 1   0  11  11   0   0   0   0    20.769    50.234    51.113     0.000     0.000     0.000     0.000   0   0   0   0   0   0   0     0.000     0.048    -0.041    -0.003     0.014    -0.004     0.009
   7 0 0 1 1 1 1 1  11   3  11   0   0   0   0    51.367    22.142    51.113     0.000     0.000     0.000     0.000   0   0   0   0   0   0   0     0.000     0.048     0.013    -0.009     0.000    -0.004     0.009
   7 0 1 0 1 1 1 1   0   3   5   0   0   0   0    20.769    22.142    21.983     0.000     0.000     0.000     0.000   0   0   0   0   0   0   0     0.000    -0.012     0.013    -0.009     0.000     0.009    -0.000
   7 0 1 0 1 1 1 1   0   3  11   0   0   0   0    20.769    22.142    50.234     0.000     0.000     0.000     0.000   0   0   0   0   0   0   0     0.000    -0.037     0.013    -0.009     0.000    -0.003     0.012
   7 0 1 0 1 1 1 1   0   3  18   0   0   0   0    20.769    22.142    49.650     0.000     0.000     0.000     0.000   0   0   0   0   0   0   0     0.000     0.046     0.013    -0.009     0.000     0.003    -0.008
   7 0 0 0 1 1 1 1   3   0   0   0   0   0   0    22.335    21.093    20.769     0.000     0.000     0.000     0.000   0   0   0   0   0   0   0     0.000     0.046     0.013    -0.009    -0.002     0.012     0.002
   7 0 1 0 1 1 1 1   0   0   5   0   0   0   0    20.769    21.093    21.983     0.000     0.000     0.000     0.000   0   0   0   0   0   0   0     0.000    -0.012     0.013    -0.009    -0.002     0.008    -0.000
   7 0 1 0 1 1 1 1   0   0  11   0   0   0   0    20.769    21.093    50.234     0.000     0.000     0.000     0.000   0   0   0   0   0   0   0     0.000    -0.035     0.013    -0.009    -0.002    -0.003     0.012
   7 0 1 0 1 1 1 1   0   0  27   0   0   0   0    20.769    21.093     5.138     0.000     0.000     0.000     0.000   0   0   0   0   0   0   0     0.000     0.043     0.013    -0.009    -0.002     0.009    -0.004
   7 0 1 0 1 1 1 1   0   0   3   0   0   0   0    20.769    21.093    22.142     0.000     0.000     0.000     0.000   0   0   0   0   0   0   0     0.000     0.012     0.013    -0.009    -0.002    -0.008     0.000
   7 0 0 0 1 1 1 1   3  18   2   0   0   0   0    22.395    49.878    21.773     0.000     0.000     0.000     0.000   0   0   0   0   0   0   0     0.000     0.012     0.013    -0.008     0.000     0.008     0.002
   7 0 0 0 1 1 1 1   9   2  11   0   0   0   0    17.739    21.817    50.234     0.000     0.000     0.000     0.000   0   0   0   0   0   0   0     0.000     0.012     0.013    -0.008    -0.034     0.001     0.011
   7 0 1 0 1 1 1 1   0   2   3   0   0   0   0    20.769    21.817    22.354     0.000     0.000     0.000     0.000   0   0   0   0   0   0   0     0.000     0.041     0.013    -0.008    -0.034    -0.006     0.004
   7 0 0 0 1 1 1 1  25   3   0   0   0   0   0     5.609    22.142    20.982     0.000     0.000     0.000     0.000   0   0   0   0   0   0   0     0.000     0.041     0.013    -0.008    -0.001     0.011     0.002
   7 0 1 0 1 1 1 1   0   3   5   0   0   0   0    20.769    22.142    22.068     0.000     0.000     0.000     0.000   0   0   0   0   0   0   0     0.000    -0.011     0.013    -0.008    -0.001     0.006    -0.001
   7 0 0 0 1 1 1 1   9   0  11   0   0   0   0    17.739    20.913    50.234     0.000     0.000     0.000     0.000   0   0   0   0   0   0   0     0.000    -0.011     0.013    -0.032    -0.008     0.001     0.010
   7 0 1 0 1 1 1 1   0   0  11   0   0   0   0    20.769    20.913    51.113     0.000     0.000     0.000     0.000   0   0   0   0   0   0   0     0.000     0.039     0.013    -0.032    -0.008    -0.003     0.008
   7 0 0 0 1 1 1 1   3   0   0   0   0   0   0    22.335    21.093    20.769     0.000     0.000     0.000     0.000   0   0   0   0   0   0   0     0.000     0.039     0.013    -0.007    -0.002     0.010     0.002
   7 0 1 0 1 1 1 1   0   0   5   0   0   0   0    20.769    21.093    21.983     0.000     0.000     0.000     0.000   0   0   0   0   0   0   0     0.000    -0.010     0.013    -0.007    -0.002     0.007    -0.000
   7 0 0 1 1 1 1 1  11   3   5   0   0   0   0    51.367    22.265    21.983     0.000     0.000     0.000     0.000   0   0   0   0   0   0   0     0.000    -0.010    -0.030    -0.007     0.005     0.007    -0.000
   7 0 1 0 1 1 1 1   0   3  18   0   0   0   0    20.769    22.265    49.650     0.000     0.000     0.000     0.000   0   0   0   0   0   0   0     0.000     0.037    -0.030    -0.007     0.005     0.003    -0.006
   7 0 0 0 1 1 1 1  32   3   0   0   0   0   0     4.262    22.142    20.986     0.000     0.000     0.000     0.000   0   0   0   0   0   0   0     0.000     0.037    -0.030    -0.007    -0.001     0.010     0.002
   7 0 0 1 1 1 1 1  11   3   0   0   0   0   0    51.367    22.287    20.986     0.000     0.000     0.000     0.000   0   0   0   0   0   0   0     0.000     0.037    -0.010    -0.002     0.004     0.010     0.002
   7 0 1 0 1 1 1 1   0   3  11   0   0   0   0    20.769    22.287    49.080     0.000     0.000     0.000     0.000   0   0   0   0   0   0   0     0.000    -0.029    -0.010    -0.002     0.004    -0.003     0.008
   7 0 0 1 1 1 1 1  11  12  11   0   0   0   0    51.113    47.214    49.080     0.000     0.000     0.000     0.000   0   0   0   0   0   0   0     0.000    -0.029     0.029    -0.007    -0.000    -0.003     0.008
   7 0 0 0 1 1 1 1   3   0   0   0   0   0   0    22.335    21.093    20.769     0.000     0.000     0.000     0.000   0   0   0   0   0   0   0     0.000    -0.029     0.029    -0.007    -0.002     0.009     0.002
   7 0 1 0 1 1 1 1   0   0   5   0   0   0   0    20.769    21.093    21.983     0.000     0.000     0.000     0.000   0   0   0   0   0   0   0     0.000    -0.009     0.029    -0.007    -0.002     0.007    -0.000
   7 0 1 0 1 1 1 1   0   0   3   0   0   0   0    20.769    21.093    22.265     0.000     0.000     0.000     0.000   0   0   0   0   0   0   0     0.000    -0.027     0.029    -0.007    -0.002    -0.006     0.004
   7 0 1 0 1 1 1 1   0   0  12   0   0   0   0    20.769    21.093    47.214     0.000     0.000     0.000     0.000   0   0   0   0   0   0   0     0.000     0.034     0.029    -0.007    -0.002    -0.007     0.001
   7 0 1 0 1 1 1 1   0   0   3   0   0   0   0    20.769    21.093    22.142     0.000     0.000     0.000     0.000   0   0   0   0   0   0   0     0.000     0.009     0.029    -0.007    -0.002    -0.006     0.000
   7 0 1 0 1 1 1 1   0   0   5   0   0   0   0    20.769    21.093    21.983     0.000     0.000     0.000     0.000   0   0   0   0   0   0   0     0.000    -0.009     0.029    -0.007    -0.002     0.006    -0.000
   7 0 1 0 1 1 1 1   0   0  11   0   0   0   0    20.769    21.093    50.234     0.000     0.000     0.000     0.000   0   0   0   0   0   0   0     0.000    -0.026     0.029    -0.007    -0.002    -0.002     0.008
   7 0 1 0 1 1 1 1   0   0  11   0   0   0   0    20.769    21.093    51.113     0.000     0.000     0.000     0.000   0   0   0   0   0   0   0     0.000     0.032     0.029    -0.007    -0.002    -0.003     0.006
   7 0 0 0 1 1 1 1  25   3   0   0   0   0   0     5.609    22.142    20.982     0.000     0.000     0.000     0.000   0   0   0   0   0   0   0     0.000     0.032     0.029    -0.006    -0.001     0.008     0.002
   7 0 0 0 1 1 1 1   9  14   2   0   0   0   0    17.739    47.816    21.773     0.000     0.000     0.000     0.000   0   0   0   0   0   0   0     0.000     0.032     0.029    -0.007    -0.000     0.006     0.000
   7 0 1 0 1 1 1 1   0  14  11   0   0   0   0    20.769    47.816    50.234     0.000     0.000     0.000     0.000   0   0   0   0   0   0   0     0.000    -0.025     0.029    -0.007    -0.000    -0.002     0.008
   7 0 1 0 1 1 1 1   0  14  12   0   0   0   0    20.769    47.816    47.214     0.000     0.000     0.000     0.000   0   0   0   0   0   0   0     0.000     0.031     0.029    -0.007    -0.000    -0.006     0.001
   7 0 0 0 1 1 1 1   3   0   0   0   0   0   0    22.335    21.093    20.769     0.000     0.000     0.000     0.000   0   0   0   0   0   0   0     0.000     0.031     0.029    -0.006    -0.001     0.008     0.001
   7 0 1 0 1 1 1 1   0   0   3   0   0   0   0    20.769    21.093    22.287     0.000     0.000     0.000     0.000   0   0   0   0   0   0   0     0.000    -0.008     0.029    -0.006    -0.001    -0.002     0.003
   7 0 0 0 1 1 1 1   9   0  11   0   0   0   0    17.739    20.913    50.234     0.000     0.000     0.000     0.000   0   0   0   0   0   0   0     0.000    -0.008     0.029    -0.023    -0.006     0.001     0.007
   7 0 1 0 1 1 1 1   0   0  11   0   0   0   0    20.769    20.913    51.113     0.000     0.000     0.000     0.000   0   0   0   0   0   0   0     0.000     0.029     0.029    -0.023    -0.006    -0.002     0.006
   7 0 0 0 1 1 1 1  32   3   0   0   0   0   0     4.262    22.142    20.986     0.000     0.000     0.000     0.000   0   0   0   0   0   0   0     0.000     0.029     0.029    -0.005    -0.001     0.008     0.002
   7 0 1 0 1 1 1 1   0   3   5   0   0   0   0    20.769    22.142    21.983     0.000     0.000     0.000     0.000   0   0   0   0   0   0   0     0.000    -0.007     0.029    -0.005    -0.001     0.006    -0.000
   7 0 1 0 1 1 1 1   9   3  11   0   0   0   0    17.730    22.142    50.234     0.000     0.000     0.000     0.000   0   0   0   0   0   0   0     0.000    -0.018     0.029    -0.005    -0.001    -0.000     0.007
   7 0 1 0 1 1 1 1   0   3  12   0   0   0   0    20.769    22.142    47.214     0.000     0.000     0.000     0.000   0   0   0   0   0   0   0     0.000     0.028     0.029    -0.005    -0.001    -0.005     0.001
   7 0 0 0 1 1 1 1   3   0   0   0   0   0   0    22.335    21.093    20.769     0.000     0.000     0.000     0.000   0   0   0   0   0   0   0     0.000     0.028     0.029    -0.005    -0.001     0.007     0.001
   7 0 1 0 1 1 1 1   0   0   5   0   0   0   0    20.769    21.093    21.983     0.000     0.000     0.000     0.000   0   0   0   0   0   0   0     0.000    -0.007     0.029    -0.005    -0.001     0.005    -0.000
   7 0 1 0 1 1 1 1   0   0   3   0   0   0   0    20.769    21.093    22.287     0.000     0.000     0.000     0.000   0   0   0   0   0   0   0     0.000    -0.021     0.029    -0.005    -0.001    -0.004     0.004
   7 0 1 0 1 1 1 1   0   0  11   0   0   0   0    20.769    21.093    51.113     0.000     0.000     0.000     0.000   0   0   0   0   0   0   0     0.000     0.026     0.029    -0.005    -0.001    -0.002     0.005
   7 0 1 0 1 1 1 1   0   0  12   0   0   0   0    20.769    21.093    47.214     0.000     0.000     0.000     0.000   0   0   0   0   0   0   0     0.000     0.007     0.029    -0.005    -0.001    -0.004     0.000
   7 0 0 0 1 1 1 1   3  18   2   0   0   0   0    22.395    49.878    21.773     0.000     0.000     0.000     0.000   0   0   0   0   0   0   0     0.000     0.007     0.029    -0.005     0.000     0.005     0.001
   7 0 1 0 1 1 1 1   0  18   3   0   0   0   0    20.769    49.878    22.265     0.000     0.000     0.000     0.000   0   0   0   0   0   0   0     0.000    -0.020     0.029    -0.005     0.000    -0.004     0.003
   7 0 1 0 1 1 1 1   0  18  12   0   0   0   0    20.769    49.878    47.214     0.000     0.000     0.000     0.000   0   0   0   0   0   0   0     0.000     0.025     0.029    -0.005     0.000    -0.005     0.001
   7 0 0 0 1 1 1 1  32   3   0   0   0   0   0     4.262    22.142    20.986     0.000     0.000     0.000     0.000   0   0   0   0   0   0   0     0.000     0.025     0.029    -0.005    -0.001     0.007     0.001
   7 0 1 0 1 1 1 1   0   3   1   0   0   0   0    20.769    22.142    21.904     0.000     0.000     0.000     0.000   0   0   0   0   0   0   0     0.000    -0.006     0.029    -0.005    -0.001     0.003    -0.001
   7 0 1 0 1 1 1 1   0   3  11   0   0   0   0    20.769    22.142    50.234     0.000     0.000     0.000     0.000   0   0   0   0   0   0   0     0.000    -0.019     0.029    -0.005    -0.001    -0.001     0.006
   7 0 0 1 1 1 1 1  11   3  11   0   0   0   0    51.113    22.142    50.234     0.000     0.000     0.000     0.000   0   0   0   0   0   0   0     0.000    -0.019     0.019    -0.006    -0.000    -0.001     0.006
   7 0 0 0 1 1 1 1   3  14   0   0   0   0   0    22.335    47.816    20.769     0.000     0.000     0.000     0.000   0   0   0   0   0   0   0     0.000    -0.019     0.019    -0.001    -0.004     0.006     0.001
   7 0 1 0 1 1 1 1   0  14   5   0   0   0   0    20.769    47.816    21.983     0.000     0.000     0.000     0.000   0   0   0   0   0   0   0     0.000    -0.006     0.019    -0.001    -0.004     0.005    -0.000
   7 0 1 0 1 1 1 1   0  14   3   0   0   0   0    20.769    47.816    22.354     0.000     0.000     0.000     0.000   0   0   0   0   0   0   0     0.000    -0.018     0.019    -0.001    -0.004    -0.002     0.004
   7 0 1 0 1 1 1 1   0  14   3   0   0   0   0    20.769    47.816    22.142     0.000     0.000     0.000     0.000   0   0   0   0   0   0   0     0.000     0.023     0.019    -0.001    -0.004    -0.006     0.001
   7 0 1 0 1 1 1 1   0  14   3   0   0   0   0    20.769    47.816    22.142     0.000     0.000     0.000     0.000   0   0   0   0   0   0   0     0.000     0.006     0.019    -0.001    -0.004    -0.004     0.000
   7 0 1 0 1 1 1 1   0  14   5   0   0   0   0    20.769    47.816    21.983     0.000     0.000     0.000     0.000   0   0   0   0   0   0   0     0.000    -0.006     0.019    -0.001    -0.004     0.004    -0.000
   7 0 1 0 1 1 1 1   0  14  11   0   0   0   0    20.769    47.816    50.234     0.000     0.000     0.000     0.000   0   0   0   0   0   0   0     0.000    -0.017     0.019    -0.001    -0.004    -0.001     0.005
   7 0 1 0 1 1 1 1   0  14   3   0   0   0   0    20.769    47.816    22.354     0.000     0.000     0.000     0.000   0   0   0   0   0   0   0     0.000     0.022     0.019    -0.001    -0.004    -0.003     0.002
   7 0 0 0 1 1 1 1  32   3   6   0   0   0   0     4.262    22.142    20.303     0.000     0.000     0.000     0.000   0   0   0   0   0   0   0     0.000     0.022     0.019    -0.004    -0.000     0.001     0.006
   7 0 0 0 1 1 1 1   4  13   1   0   0   0   0    22.379    49.983    21.869     0.000     0.000     0.000     0.000   0   0   0   0   0   0   0     0.000     0.022     0.019    -0.000    -0.005     0.004     0.001
   7 0 1 0 1 1 1 1   0  13   3   0   0   0   0    20.769    49.983    22.265     0.000     0.000     0.000     0.000   0   0   0   0   0   0   0     0.000    -0.017     0.019    -0.000    -0.005    -0.004     0.003
