  240
   1 1   0     0.000   0     4.968
   1 1   0     0.000   0     5.592
   1 1   0     0.000   0     5.887
   1 1   0     0.000   0     6.132
   7 0 1 0 0 0 1 1   2   0  16   0   0   0   0    21.721     0.000    57.444     0.000     0.000     0.000     0.000   0   0   0   0   0   0   0     0.000     0.518     0.000     0.000     0.000    -0.114     0.011
   7 0 0 0 1 1 1 1  27  11   0   0   0   0   0     5.291    49.597    21.059     0.000     0.000     0.000     0.000   0   0   0   0   0   0   0     0.000     0.518     0.000     0.080     0.016    -0.075    -0.016
   7 0 1 0 1 1 1 1  24  11   0   0   0   0   0     5.329    49.597    21.322     0.000     0.000     0.000     0.000   0   0   0   0   0   0   0     0.000    -0.227     0.000     0.080     0.016     0.035    -0.022
   7 0 1 0 1 1 1 1  24  11  23   0   0   0   0     5.329    49.597     5.691     0.000     0.000     0.000     0.000   0   0   0   0   0   0   0     0.000    -0.573     0.000     0.080     0.016     0.010     0.130
   7 0 1 0 1 1 1 1   2  11   6   0   0   0   0    21.721    49.597    20.384     0.000     0.000     0.000     0.000   0   0   0   0   0   0   0     0.000     0.492     0.000     0.080     0.016     0.002    -0.122
   7 0 0 0 1 1 1 1  27   0   0   0   0   0   0     5.291    21.209    21.059     0.000     0.000     0.000     0.000   0   0   0   0   0   0   0     0.000     0.492     0.000     0.102     0.020    -0.070    -0.015
   7 0 1 0 1 1 1 1  24   0  23   0   0   0   0     5.329    21.209     5.656     0.000     0.000     0.000     0.000   0   0   0   0   0   0   0     0.000    -0.212     0.000     0.102     0.020    -0.016     0.033
   7 0 1 0 1 1 1 1  24   0  23   0   0   0   0     5.329    21.209     5.697     0.000     0.000     0.000     0.000   0   0   0   0   0   0   0     0.000    -0.535     0.000     0.102     0.020     0.012     0.123
   7 0 1 0 1 1 1 1   2   0   6   0   0   0   0    21.721    21.209    20.187     0.000     0.000     0.000     0.000   0   0   0   0   0   0   0     0.000     0.467     0.000     0.102     0.020     0.010    -0.095
   7 0 0 0 1 1 1 1  28   0  24   0   0   0   0     5.438    21.402     5.382     0.000     0.000     0.000     0.000   0   0   0   0   0   0   0     0.000     0.467     0.000     0.096     0.030    -0.052    -0.001
   7 0 1 0 1 1 1 1  24   0  19   0   0   0   0     5.329    21.402    66.213     0.000     0.000     0.000     0.000   0   0   0   0   0   0   0     0.000    -0.198     0.000     0.096     0.030     0.000     0.039
   7 0 1 0 1 1 1 1  24   0  29   0   0   0   0     5.329    21.402     5.787     0.000     0.000     0.000     0.000   0   0   0   0   0   0   0     0.000    -0.499     0.000     0.096     0.030     0.001     0.100
   7 0 1 0 1 1 1 1   2   0   6   0   0   0   0    21.721    21.402    20.384     0.000     0.000     0.000     0.000   0   0   0   0   0   0   0     0.000     0.444     0.000     0.096     0.030     0.002    -0.103
   7 0 0 0 1 1 1 1  28   0   0   0   0   0   0     5.438    21.402    21.059     0.000     0.000     0.000     0.000   0   0   0   0   0   0   0     0.000     0.444     0.000     0.092     0.028    -0.063    -0.003
   7 0 1 0 1 1 1 1  24   0   0   0   0   0   0     5.329    21.402    21.322     0.000     0.000     0.000     0.000   0   0   0   0   0   0   0     0.000    -0.185     0.000     0.092     0.028     0.027    -0.019
   7 0 1 0 1 1 1 1  24   0  23   0   0   0   0     5.329    21.402     5.712     0.000     0.000     0.000     0.000   0   0   0   0   0   0   0     0.000    -0.466     0.000     0.092     0.028     0.011     0.107
   7 0 0 1 1 1 1 1  14  15  23   0   0   0   0    46.616    53.270     5.712     0.000     0.000     0.000     0.000   0   0   0   0   0   0   0     0.000    -0.466     0.422    -0.067     0.019     0.011     0.107
   7 0 0 0 1 1 1 1  27   0   0   0   0   0   0     5.291    21.209    20.763     0.000     0.000     0.000     0.000   0   0   0   0   0   0   0     0.000    -0.466     0.422     0.087     0.017    -0.072    -0.013
   7 0 1 0 1 1 1 1  24   0  23   0   0   0   0     5.329    21.209     5.661     0.000     0.000     0.000     0.000   0   0   0   0   0   0   0     0.000    -0.172     0.422     0.087     0.017    -0.010     0.027
   7 0 1 0 1 1 1 1  24   0  28   0   0   0   0     5.329    21.209     5.561     0.000     0.000     0.000     0.000   0   0   0   0   0   0   0     0.000    -0.435     0.422     0.087     0.017    -0.018     0.071
   7 0 1 0 1 1 1 1   2   0  17   0   0   0   0    21.721    21.209    58.072     0.000     0.000     0.000     0.000   0   0   0   0   0   0   0     0.000     0.400     0.422     0.087     0.017    -0.088     0.003
   7 0 0 0 1 1 1 1  28   0   0   0   0   0   0     5.438    21.402    21.223     0.000     0.000     0.000     0.000   0   0   0   0   0   0   0     0.000     0.400     0.422     0.083     0.025    -0.028     0.007
   7 0 1 0 1 1 1 1  24   0   4   0   0   0   0     5.329    21.402    23.367     0.000     0.000     0.000     0.000   0   0   0   0   0   0   0     0.000    -0.161     0.422     0.083     0.025     0.024    -0.012
   7 0 1 0 1 1 1 1  24   0  23   0   0   0   0     5.329    21.402     5.736     0.000     0.000     0.000     0.000   0   0   0   0   0   0   0     0.000    -0.406     0.422     0.083     0.025     0.012     0.101
   7 0 1 0 1 1 1 1   2   0   6   0   0   0   0    21.721    21.402    20.187     0.000     0.000     0.000     0.000   0   0   0   0   0   0   0     0.000     0.380     0.422     0.083     0.025     0.009    -0.069
   7 0 0 0 1 1 1 1  28  12   0   0   0   0   0     5.438    49.917    20.763     0.000     0.000     0.000     0.000   0   0   0   0   0   0   0     0.000     0.380     0.422     0.023     0.079    -0.067    -0.003
   7 0 1 0 1 1 1 1  24  12  19   0   0   0   0     5.329    49.917    66.217     0.000     0.000     0.000     0.000   0   0   0   0   0   0   0     0.000    -0.150     0.422     0.023     0.079    -0.001     0.030
   7 0 1 0 1 1 1 1   2  12  29   0   0   0   0    21.721    49.917     5.763     0.000     0.000     0.000     0.000   0   0   0   0   0   0   0     0.000    -0.483     0.422     0.023     0.079    -0.031     0.060
   7 0 1 0 1 1 1 1   2  12  15   0   0   0   0    21.721    49.917    53.337     0.000     0.000     0.000     0.000   0   0   0   0   0   0   0     0.000     0.361     0.422     0.023     0.079    -0.050     0.019
   7 0 0 0 1 1 1 1  27   0   0   0   0   0   0     5.291    21.209    20.763     0.000     0.000     0.000     0.000   0   0   0   0   0   0   0     0.000     0.361     0.422     0.075     0.015    -0.064    -0.010
   7 0 1 0 1 1 1 1  24   0  23   0   0   0   0     5.329    21.209     5.672     0.000     0.000     0.000     0.000   0   0   0   0   0   0   0     0.000    -0.140     0.422     0.075     0.015    -0.007     0.023
   7 0 1 0 1 1 1 1   2   0  24   0   0   0   0    21.721    21.209     5.382     0.000     0.000     0.000     0.000   0   0   0   0   0   0   0     0.000    -0.459     0.422     0.075     0.015    -0.049     0.046
   7 0 1 0 1 1 1 1   2   0   6   0   0   0   0    21.721    21.209    20.384     0.000     0.000     0.000     0.000   0   0   0   0   0   0   0     0.000     0.343     0.422     0.075     0.015     0.003    -0.070
   7 0 0 0 1 1 1 1  28  12   0   0   0   0   0     5.438    49.917    20.763     0.000     0.000     0.000     0.000   0   0   0   0   0   0   0     0.000     0.343     0.422     0.021     0.071    -0.060    -0.002
   7 0 1 0 1 1 1 1  24  12  22   0   0   0   0     5.329    49.917     5.044     0.000     0.000     0.000     0.000   0   0   0   0   0   0   0     0.000    -0.131     0.422     0.021     0.071    -0.020     0.017
   7 0 1 0 1 1 1 1   2  12   4   0   0   0   0    21.721    49.917    23.429     0.000     0.000     0.000     0.000   0   0   0   0   0   0   0     0.000    -0.436     0.422     0.021     0.071     0.039    -0.064
   7 0 1 0 1 1 1 1   2  12  15   0   0   0   0    21.721    49.917    53.818     0.000     0.000     0.000     0.000   0   0   0   0   0   0   0     0.000     0.326     0.422     0.021     0.071    -0.033     0.036
   7 0 0 0 1 1 1 1  27   0   0   0   0   0   0     5.291    21.209    20.763     0.000     0.000     0.000     0.000   0   0   0   0   0   0   0     0.000     0.326     0.422     0.067     0.013    -0.057    -0.009
   7 0 1 0 1 1 1 1  24   0  19   0   0   0   0     5.329    21.209    66.217     0.000     0.000     0.000     0.000   0   0   0   0   0   0   0     0.000    -0.122     0.422     0.067     0.013    -0.002     0.024
   7 0 1 0 1 1 1 1   2   0  23   0   0   0   0    21.721    21.209     5.697     0.000     0.000     0.000     0.000   0   0   0   0   0   0   0     0.000    -0.414     0.422     0.067     0.013    -0.009     0.067
   7 0 1 0 1 1 1 1   2   0   6   0   0   0   0    21.721    21.209    20.384     0.000     0.000     0.000     0.000   0   0   0   0   0   0   0     0.000     0.310     0.422     0.067     0.013     0.004    -0.061
   7 0 0 0 1 1 1 1  28  12  24   0   0   0   0     5.438    49.917     5.382     0.000     0.000     0.000     0.000   0   0   0   0   0   0   0     0.000     0.310     0.422     0.019     0.064    -0.036     0.001
   7 0 1 0 1 1 1 1  24  12  22   0   0   0   0     5.329    49.917     5.044     0.000     0.000     0.000     0.000   0   0   0   0   0   0   0     0.000    -0.114     0.422     0.019     0.064    -0.018     0.014
   7 0 1 0 1 1 1 1   2  12  23   0   0   0   0    21.721    49.917     5.437     0.000     0.000     0.000     0.000   0   0   0   0   0   0   0     0.000    -0.393     0.422     0.019     0.064    -0.069     0.031
   7 0 1 0 1 1 1 1   2  12  15   0   0   0   0    21.721    49.917    53.685     0.000     0.000     0.000     0.000   0   0   0   0   0   0   0     0.000     0.294     0.422     0.019     0.064    -0.030     0.029
   7 0 0 0 1 1 1 1  28   0   0   0   0   0   0     5.438    21.402    21.059     0.000     0.000     0.000     0.000   0   0   0   0   0   0   0     0.000     0.294     0.422     0.061     0.017    -0.044    -0.001
   7 0 1 0 1 1 1 1  24   0  23   0   0   0   0     5.329    21.402     5.672     0.000     0.000     0.000     0.000   0   0   0   0   0   0   0     0.000    -0.106     0.422     0.061     0.017    -0.007     0.017
   7 0 1 0 1 1 1 1   2   0  23   0   0   0   0    21.721    21.402     5.736     0.000     0.000     0.000     0.000   0   0   0   0   0   0   0     0.000    -0.374     0.422     0.061     0.017    -0.004     0.071
   7 0 1 0 1 1 1 1   2   0   6   0   0   0   0    21.721    21.402    20.384     0.000     0.000     0.000     0.000   0   0   0   0   0   0   0     0.000     0.280     0.422     0.061     0.017     0.004    -0.053
   7 0 0 0 1 1 1 1  27   0   0   0   0   0   0     5.291    21.209    20.763     0.000     0.000     0.000     0.000   0   0   0   0   0   0   0     0.000     0.280     0.422     0.058     0.011    -0.051    -0.007
   7 0 1 0 1 1 1 1  24   0   4   0   0   0   0     5.329    21.209    23.367     0.000     0.000     0.000     0.000   0   0   0   0   0   0   0     0.000    -0.099     0.422     0.058     0.011     0.014    -0.011
   7 0 1 0 1 1 1 1   2   0  29   0   0   0   0    21.721    21.209     5.787     0.000     0.000     0.000     0.000   0   0   0   0   0   0   0     0.000    -0.355     0.422     0.058     0.011    -0.015     0.047
   7 0 0 1 1 1 1 1  14  15  29   0   0   0   0    46.616    54.106     5.787     0.000     0.000     0.000     0.000   0   0   0   0   0   0   0     0.000    -0.355     0.266    -0.023     0.033    -0.015     0.047
   7 0 0 0 1 1 1 1  28   0   1   0   0   0   0     5.438    21.402    21.853     0.000     0.000     0.000     0.000   0   0   0   0   0   0   0     0.000    -0.355     0.266     0.055     0.015    -0.040    -0.001
   7 0 1 0 1 1 1 1  24   0  19   0   0   0   0     5.329    21.402    66.213     0.000     0.000     0.000     0.000   0   0   0   0   0   0   0     0.000    -0.093     0.266     0.055     0.015    -0.004     0.017
   7 0 1 0 1 1 1 1  24   0   0   0   0   0   0     5.329    21.402    21.203     0.000     0.000     0.000     0.000   0   0   0   0   0   0   0     0.000    -0.274     0.266     0.055     0.015     0.070     0.005
   7 0 1 0 1 1 1 1   2   0  15   0   0   0   0    21.721    21.402    53.209     0.000     0.000     0.000     0.000   0   0   0   0   0   0   0     0.000     0.252     0.266     0.055     0.015    -0.035     0.011
   7 0 0 0 1 1 1 1  27   0   0   0   0   0   0     5.291    21.209    20.763     0.000     0.000     0.000     0.000   0   0   0   0   0   0   0     0.000     0.252     0.266     0.052     0.010    -0.046    -0.006
   7 0 1 0 1 1 1 1  24   0  23   0   0   0   0     5.329    21.209     5.672     0.000     0.000     0.000     0.000   0   0   0   0   0   0   0     0.000    -0.086     0.266     0.052     0.010    -0.007     0.013
   7 0 1 0 1 1 1 1   2   0  23   0   0   0   0    21.721    21.209     5.668     0.000     0.000     0.000     0.000   0   0   0   0   0   0   0     0.000    -0.324     0.266     0.052     0.010    -0.023     0.033
   7 0 1 0 1 1 1 1   2   0   0   0   0   0   0    21.721    21.209    21.203     0.000     0.000     0.000     0.000   0   0   0   0   0   0   0     0.000     0.240     0.266     0.052     0.010    -0.047     0.004
   7 0 0 0 1 1 1 1  28   0   0   0   0   0   0     5.438    21.402    21.059     0.000     0.000     0.000     0.000   0   0   0   0   0   0   0     0.000     0.240     0.266     0.050     0.014    -0.036    -0.000
   7 0 1 0 1 1 1 1  24   0   6   0   0   0   0     5.329    21.402    19.237     0.000     0.000     0.000     0.000   0   0   0   0   0   0   0     0.000    -0.081     0.266     0.050     0.014     0.033     0.002
   7 0 1 0 1 1 1 1   2   0  24   0   0   0   0    21.721    21.402     5.373     0.000     0.000     0.000     0.000   0   0   0   0   0   0   0     0.000    -0.307     0.266     0.050     0.014    -0.046     0.023
   7 0 1 0 1 1 1 1   2   0  15   0   0   0   0    21.721    21.402    54.514     0.000     0.000     0.000     0.000   0   0   0   0   0   0   0     0.000     0.228     0.266     0.050     0.014    -0.018     0.033
   7 0 0 0 1 1 1 1  27   0   0   0   0   0   0     5.291    21.209    20.763     0.000     0.000     0.000     0.000   0   0   0   0   0   0   0     0.000     0.228     0.266     0.047     0.009    -0.042    -0.006
   7 0 1 0 1 1 1 1   2   0  22   0   0   0   0    21.721    21.209     5.044     0.000     0.000     0.000     0.000   0   0   0   0   0   0   0     0.000    -0.095     0.266     0.047     0.009    -0.019     0.009
   7 0 0 1 1 1 1 1  14  23  22   0   0   0   0    46.616     5.736     5.044     0.000     0.000     0.000     0.000   0   0   0   0   0   0   0     0.000    -0.095    -0.292    -0.005     0.051    -0.019     0.009
   7 0 1 0 1 1 1 1   2  23  11   0   0   0   0    21.721     5.736    56.342     0.000     0.000     0.000     0.000   0   0   0   0   0   0   0     0.000     0.216    -0.292    -0.005     0.051    -0.002    -0.079
   7 0 0 0 1 1 1 1  28  12  25   0   0   0   0     5.438    49.917     5.744     0.000     0.000     0.000     0.000   0   0   0   0   0   0   0     0.000     0.216    -0.292     0.012     0.045    -0.021     0.002
   7 0 1 0 1 1 1 1   2  12  23   0   0   0   0    21.721    49.917     5.603     0.000     0.000     0.000     0.000   0   0   0   0   0   0   0     0.000    -0.091    -0.292     0.012     0.045    -0.017     0.008
   7 0 1 0 1 1 1 1   2  12   4   0   0   0   0    21.721    49.917    23.429     0.000     0.000     0.000     0.000   0   0   0   0   0   0   0     0.000    -0.277    -0.292     0.012     0.045     0.020    -0.043
   7 0 1 0 1 1 1 1   2  12  15   0   0   0   0    21.721    49.917    53.337     0.000     0.000     0.000     0.000   0   0   0   0   0   0   0     0.000     0.206    -0.292     0.012     0.045    -0.024     0.014
   7 0 0 0 1 1 1 1  28   0   0   0   0   0   0     5.438    21.402    20.763     0.000     0.000     0.000     0.000   0   0   0   0   0   0   0     0.000     0.206    -0.292     0.042     0.011    -0.039    -0.001
   7 0 1 0 1 1 1 1   2   0  22   0   0   0   0    21.721    21.402     5.044     0.000     0.000     0.000     0.000   0   0   0   0   0   0   0     0.000    -0.086    -0.292     0.042     0.011    -0.016     0.007
   7 0 1 0 1 1 1 1   2   0   6   0   0   0   0    21.721    21.402    20.907     0.000     0.000     0.000     0.000   0   0   0   0   0   0   0     0.000    -0.264    -0.292     0.042     0.011    -0.003     0.054
   7 0 1 0 1 1 1 1   2   0  11   0   0   0   0    21.721    21.402    56.342     0.000     0.000     0.000     0.000   0   0   0   0   0   0   0     0.000     0.195    -0.292     0.042     0.011    -0.001    -0.073
   7 0 0 0 1 1 1 1  27   0   0   0   0   0   0     5.334    21.198    20.763     0.000     0.000     0.000     0.000   0   0   0   0   0   0   0     0.000     0.195    -0.292     0.040     0.006    -0.037    -0.006
   7 0 0 1 1 1 1 1  14   6   0   0   0   0   0    46.616    19.237    20.763     0.000     0.000     0.000     0.000   0   0   0   0   0   0   0     0.000     0.195    -0.082     0.029    -0.001    -0.037    -0.006
   7 0 1 0 1 1 1 1  24   6   0   0   0   0   0     5.329    19.237    21.203     0.000     0.000     0.000     0.000   0   0   0   0   0   0   0     0.000    -0.203    -0.082     0.029    -0.001     0.049     0.002
   7 0 1 0 1 1 1 1   2   6  15   0   0   0   0    21.721    19.237    54.514     0.000     0.000     0.000     0.000   0   0   0   0   0   0   0     0.000     0.186    -0.082     0.029    -0.001    -0.014     0.030
   7 0 0 0 1 1 1 1  28   0   0   0   0   0   0     5.438    21.402    21.059     0.000     0.000     0.000     0.000   0   0   0   0   0   0   0     0.000     0.186    -0.082     0.038     0.010    -0.029    -0.000
   7 0 0 1 1 1 1 1  14  23   0   0   0   0   0    46.616     5.650    21.059     0.000     0.000     0.000     0.000   0   0   0   0   0   0   0     0.000     0.186    -0.078    -0.013     0.007    -0.029    -0.000
   7 0 1 0 1 1 1 1   2  23  24   0   0   0   0    21.721     5.650     5.382     0.000     0.000     0.000     0.000   0   0   0   0   0   0   0     0.000    -0.240    -0.078    -0.013     0.007    -0.028     0.018
   7 0 1 0 1 1 1 1   2  23   0   0   0   0   0    21.721     5.650    20.763     0.000     0.000     0.000     0.000   0   0   0   0   0   0   0     0.000     0.176    -0.078    -0.013     0.007    -0.069    -0.000
   7 0 0 0 1 1 1 1   1   0  14   0   0   0   0    21.856    20.887    46.616     0.000     0.000     0.000     0.000   0   0   0   0   0   0   0     0.000     0.176    -0.078    -0.034    -0.009     0.003     0.036
   7 0 1 0 1 1 1 1   2   0   6   0   0   0   0    21.721    20.887    19.237     0.000     0.000     0.000     0.000   0   0   0   0   0   0   0     0.000    -0.074    -0.078    -0.034    -0.009     0.027    -0.001
   7 0 1 0 1 1 1 1   2   0   6   0   0   0   0    21.721    20.887    20.907     0.000     0.000     0.000     0.000   0   0   0   0   0   0   0     0.000    -0.228    -0.078    -0.034    -0.009    -0.003     0.044
   7 0 1 0 1 1 1 1   2   0   0   0   0   0   0    21.721    20.887    21.203     0.000     0.000     0.000     0.000   0   0   0   0   0   0   0     0.000     0.167    -0.078    -0.034    -0.009    -0.035     0.005
   7 0 0 0 1 1 1 1  27   6   4   0   0   0   0     5.291    19.348    23.429     0.000     0.000     0.000     0.000   0   0   0   0   0   0   0     0.000     0.167    -0.078     0.026     0.004    -0.004    -0.032
   7 0 0 1 1 1 1 1  14  22   4   0   0   0   0    46.616     5.427    23.429     0.000     0.000     0.000     0.000   0   0   0   0   0   0   0     0.000     0.167    -0.070    -0.007     0.009    -0.004    -0.032
   7 0 1 0 1 1 1 1   2  22   4   0   0   0   0    21.721     5.427    23.429     0.000     0.000     0.000     0.000   0   0   0   0   0   0   0     0.000    -0.217    -0.070    -0.007     0.009     0.014    -0.034
   7 0 1 0 1 1 1 1   2  22   0   0   0   0   0    21.721     5.427    20.763     0.000     0.000     0.000     0.000   0   0   0   0   0   0   0     0.000     0.159    -0.070    -0.007     0.009    -0.064     0.000
   7 0 0 0 1 1 1 1  28  12  25   0   0   0   0     5.438    49.917     5.744     0.000     0.000     0.000     0.000   0   0   0   0   0   0   0     0.000     0.159    -0.070     0.009     0.033    -0.016     0.002
   7 0 1 0 1 1 1 1   2  12  23   0   0   0   0    21.721    49.917     5.672     0.000     0.000     0.000     0.000   0   0   0   0   0   0   0     0.000    -0.067    -0.070     0.009     0.033    -0.008     0.008
   7 0 1 0 1 1 1 1   2  12  17   0   0   0   0    21.721    49.917    55.017     0.000     0.000     0.000     0.000   0   0   0   0   0   0   0     0.000    -0.206    -0.070     0.009     0.033     0.049    -0.001
   7 0 0 1 1 1 1 1  14  15  17   0   0   0   0    46.616    53.818    55.017     0.000     0.000     0.000     0.000   0   0   0   0   0   0   0     0.000    -0.206     0.151    -0.013     0.022     0.049    -0.001
   7 0 0 0 1 1 1 1  28   0   0   0   0   0   0     5.438    21.402    20.763     0.000     0.000     0.000     0.000   0   0   0   0   0   0   0     0.000    -0.206     0.151     0.032     0.008    -0.029    -0.000
   7 0 1 0 1 1 1 1   2   0   6   0   0   0   0    21.721    21.402    19.237     0.000     0.000     0.000     0.000   0   0   0   0   0   0   0     0.000    -0.063     0.151     0.032     0.008     0.024    -0.001
   7 0 1 0 1 1 1 1   2   0  23   0   0   0   0    21.721    21.402     5.677     0.000     0.000     0.000     0.000   0   0   0   0   0   0   0     0.000    -0.196     0.151     0.032     0.008    -0.012     0.021
   7 0 1 0 1 1 1 1   2   0   0   0   0   0   0    21.721    21.402    20.763     0.000     0.000     0.000     0.000   0   0   0   0   0   0   0     0.000     0.144     0.151     0.032     0.008    -0.060     0.000
   7 0 0 0 1 1 1 1  18  11   0   0   0   0   0    48.505    50.861    21.212     0.000     0.000     0.000     0.000   0   0   0   0   0   0   0     0.000     0.144     0.151     0.000    -0.019     0.030     0.008
   7 0 1 0 1 1 1 1  24  11   6   0   0   0   0     5.329    50.861    19.237     0.000     0.000     0.000     0.000   0   0   0   0   0   0   0     0.000    -0.049     0.151     0.000    -0.019     0.022     0.000
   7 0 1 0 1 1 1 1   2  11  23   0   0   0   0    21.721    50.861     5.393     0.000     0.000     0.000     0.000   0   0   0   0   0   0   0     0.000    -0.186     0.151     0.000    -0.019    -0.044     0.010
   7 0 0 0 1 1 1 1  14  11   0   0   0   0   0    46.302    55.889    21.215     0.000     0.000     0.000     0.000   0   0   0   0   0   0   0     0.000    -0.186     0.151    -0.004    -0.057     0.136     0.036
   7 0 0 0 1 1 1 1  28   0   0   0   0   0   0     5.438    21.402    20.763     0.000     0.000     0.000     0.000   0   0   0   0   0   0   0     0.000    -0.186     0.151     0.029     0.008    -0.027    -0.000
   7 0 0 1 1 1 1 1  14  22   0   0   0   0   0    46.616     5.044    20.763     0.000     0.000     0.000     0.000   0   0   0   0   0   0   0     0.000    -0.186    -0.058    -0.012     0.005    -0.027    -0.000
   7 0 1 0 1 1 1 1   2  22  17   0   0   0   0    21.721     5.044    55.017     0.000     0.000     0.000     0.000   0   0   0   0   0   0   0     0.000    -0.177    -0.058    -0.012     0.005     0.043    -0.002
   7 0 0 0 1 1 1 1  14   0   0   0   0   0   0    46.302    20.763    21.215     0.000     0.000     0.000     0.000   0   0   0   0   0   0   0     0.000    -0.177    -0.058    -0.054    -0.003     0.130     0.034
   7 0 0 0 1 1 1 1  27   8   0   0   0   0   0     5.334    16.915    20.763     0.000     0.000     0.000     0.000   0   0   0   0   0   0   0     0.000    -0.177    -0.058     0.021     0.003    -0.026    -0.004
   7 0 1 0 1 1 1 1   2   8   6   0   0   0   0    21.721    16.915    19.237     0.000     0.000     0.000     0.000   0   0   0   0   0   0   0     0.000    -0.055    -0.058     0.021     0.003     0.020    -0.001
   7 0 1 0 1 1 1 1  24   8   0   0   0   0   0     5.329    16.915    21.184     0.000     0.000     0.000     0.000   0   0   0   0   0   0   0     0.000    -0.137    -0.058     0.021     0.003     0.039     0.001
   7 0 1 0 1 1 1 1   2   8  17   0   0   0   0    21.721    16.915    58.072     0.000     0.000     0.000     0.000   0   0   0   0   0   0   0     0.000     0.123    -0.058     0.021     0.003    -0.025     0.005
   7 0 0 0 1 1 1 1  28  12  25   0   0   0   0     5.438    49.917     5.744     0.000     0.000     0.000     0.000   0   0   0   0   0   0   0     0.000     0.123    -0.058     0.007     0.026    -0.013     0.002
   7 0 1 0 1 1 1 1   2  12  23   0   0   0   0    21.721    49.917     5.672     0.000     0.000     0.000     0.000   0   0   0   0   0   0   0     0.000    -0.052    -0.058     0.007     0.026    -0.006     0.006
   7 0 1 0 1 1 1 1   2  12  31   0   0   0   0    21.721    49.917     5.495     0.000     0.000     0.000     0.000   0   0   0   0   0   0   0     0.000    -0.161    -0.058     0.007     0.026    -0.006     0.023
   7 0 0 0 1 1 1 1  14   0   0   0   0   0   0    46.302    20.763    21.215     0.000     0.000     0.000     0.000   0   0   0   0   0   0   0     0.000    -0.161    -0.058    -0.050    -0.003     0.117     0.031
   7 0 0 0 1 1 1 1  27   0   0   0   0   0   0     5.346    21.192    20.763     0.000     0.000     0.000     0.000   0   0   0   0   0   0   0     0.000    -0.161    -0.058     0.025     0.003    -0.024    -0.005
   7 0 1 0 1 1 1 1   2   0  22   0   0   0   0    21.721    21.192     5.427     0.000     0.000     0.000     0.000   0   0   0   0   0   0   0     0.000    -0.049    -0.058     0.025     0.003    -0.005     0.007
   7 0 1 0 1 1 1 1   2   0  23   0   0   0   0    21.721    21.192     5.437     0.000     0.000     0.000     0.000   0   0   0   0   0   0   0     0.000    -0.153    -0.058     0.025     0.003    -0.030     0.008
   7 0 0 0 1 1 1 1  14   0   5   0   0   0   0    46.302    20.763    21.952     0.000     0.000     0.000     0.000   0   0   0   0   0   0   0     0.000    -0.153    -0.058    -0.048    -0.003     0.029     0.111
   7 0 0 0 1 1 1 1  28   0   0   0   0   0   0     5.467    21.340    21.059     0.000     0.000     0.000     0.000   0   0   0   0   0   0   0     0.000    -0.153    -0.058     0.024     0.007    -0.019    -0.000
   7 0 1 0 1 1 1 1   2   0   6   0   0   0   0    21.721    21.340    19.237     0.000     0.000     0.000     0.000   0   0   0   0   0   0   0     0.000    -0.047    -0.058     0.024     0.007     0.018    -0.001
   7 0 1 0 1 1 1 1   2   0  29   0   0   0   0    21.721    21.340     5.787     0.000     0.000     0.000     0.000   0   0   0   0   0   0   0     0.000    -0.145    -0.058     0.024     0.007    -0.009     0.016
   7 0 1 0 1 1 1 1   2   0  15   0   0   0   0    21.721    21.340    54.514     0.000     0.000     0.000     0.000   0   0   0   0   0   0   0     0.000     0.106    -0.058     0.024     0.007    -0.008     0.021
   7 0 0 0 1 1 1 1  18  11  20   0   0   0   0    48.505    50.861    62.734     0.000     0.000     0.000     0.000   0   0   0   0   0   0   0     0.000     0.106    -0.058     0.000    -0.014     0.018     0.002
   7 0 0 0 1 1 1 1  24   2   6   0   0   0   0     5.359    22.080    19.237     0.000     0.000     0.000     0.000   0   0   0   0   0   0   0     0.000     0.106    -0.058    -0.045    -0.012     0.017     0.001
   7 0 1 0 1 1 1 1   2   2  23   0   0   0   0    21.721    22.080     5.393     0.000     0.000     0.000     0.000   0   0   0   0   0   0   0     0.000    -0.138    -0.058    -0.045    -0.012    -0.033     0.007
   7 0 1 0 1 1 1 1   2   2  11   0   0   0   0    21.721    22.080    56.342     0.000     0.000     0.000     0.000   0   0   0   0   0   0   0     0.000     0.100    -0.058    -0.045    -0.012     0.001    -0.045
   7 0 0 0 1 1 1 1   1   0   2   0   0   0   0    21.856    20.887    21.722     0.000     0.000     0.000     0.000   0   0   0   0   0   0   0     0.000     0.100    -0.058    -0.021    -0.005     0.021     0.002
   7 0 1 0 1 1 1 1   2   0  22   0   0   0   0    21.721    20.887     5.044     0.000     0.000     0.000     0.000   0   0   0   0   0   0   0     0.000    -0.042    -0.058    -0.021    -0.005    -0.010     0.004
   7 0 1 0 1 1 1 1   2   0  17   0   0   0   0    21.721    20.887    55.017     0.000     0.000     0.000     0.000   0   0   0   0   0   0   0     0.000    -0.131    -0.058    -0.021    -0.005     0.032    -0.002
   7 0 0 0 1 1 1 1  14   0   0   0   0   0   0    46.302    20.763    21.215     0.000     0.000     0.000     0.000   0   0   0   0   0   0   0     0.000    -0.131    -0.058    -0.043    -0.002     0.095     0.026
   7 0 0 0 1 1 1 1  28  12  24   0   0   0   0     5.467    49.917     5.376     0.000     0.000     0.000     0.000   0   0   0   0   0   0   0     0.000    -0.131    -0.058     0.006     0.020    -0.014     0.000
   7 0 1 0 1 1 1 1   4  12  23   0   0   0   0    22.826    49.917     5.673     0.000     0.000     0.000     0.000   0   0   0   0   0   0   0     0.000    -0.033    -0.058     0.006     0.020    -0.005     0.007
   7 0 1 0 1 1 1 1   2  12  23   0   0   0   0    21.721    49.917     5.393     0.000     0.000     0.000     0.000   0   0   0   0   0   0   0     0.000    -0.125    -0.058     0.006     0.020    -0.031     0.006
   7 0 0 0 1 1 1 1  14   0   0   0   0   0   0    46.302    20.763    21.215     0.000     0.000     0.000     0.000   0   0   0   0   0   0   0     0.000    -0.125    -0.058    -0.041    -0.002     0.090     0.024
   7 0 0 0 1 1 1 1  18  11   5   0   0   0   0    48.505    50.861    21.938     0.000     0.000     0.000     0.000   0   0   0   0   0   0   0     0.000    -0.125    -0.058     0.000    -0.013     0.002     0.015
   7 0 1 0 1 1 1 1  24  11   6   0   0   0   0     5.329    50.861    19.237     0.000     0.000     0.000     0.000   0   0   0   0   0   0   0     0.000    -0.031    -0.058     0.000    -0.013     0.015    -0.000
   7 0 0 1 1 1 1 1  14  17   6   0   0   0   0    46.616    55.017    19.237     0.000     0.000     0.000     0.000   0   0   0   0   0   0   0     0.000    -0.031    -0.118     0.030    -0.002     0.015    -0.000
   7 0 1 0 1 1 1 1   2  17  15   0   0   0   0    21.721    55.017    53.252     0.000     0.000     0.000     0.000   0   0   0   0   0   0   0     0.000     0.086    -0.118     0.030    -0.002    -0.013     0.008
   7 0 0 0 1 1 1 1  28   0  23   0   0   0   0     5.510    21.289     5.672     0.000     0.000     0.000     0.000   0   0   0   0   0   0   0     0.000     0.086    -0.118     0.019     0.005    -0.010     0.001
   7 0 1 0 1 1 1 1   2   0   4   0   0   0   0    21.721    21.289    23.367     0.000     0.000     0.000     0.000   0   0   0   0   0   0   0     0.000    -0.037    -0.118     0.019     0.005     0.004    -0.006
   7 0 1 0 1 1 1 1  24   0   0   0   0   0   0     5.329    21.289    21.184     0.000     0.000     0.000     0.000   0   0   0   0   0   0   0     0.000    -0.092    -0.118     0.019     0.005     0.027    -0.000
   7 0 0 0 1 1 1 1  14  11   0   0   0   0   0    46.302    55.889    21.215     0.000     0.000     0.000     0.000   0   0   0   0   0   0   0     0.000    -0.092    -0.118    -0.001    -0.038     0.082     0.022
   7 0 0 0 1 1 1 1  27   0   0   0   0   0   0     5.348    21.192    20.763     0.000     0.000     0.000     0.000   0   0   0   0   0   0   0     0.000    -0.092    -0.118     0.018     0.002    -0.018    -0.004
   7 0 1 0 1 1 1 1   4   0  23   0   0   0   0    22.826    21.192     5.673     0.000     0.000     0.000     0.000   0   0   0   0   0   0   0     0.000    -0.029    -0.118     0.018     0.002    -0.004     0.006
   7 0 0 1 1 1 1 1  14  23  23   0   0   0   0    46.616     5.672     5.673     0.000     0.000     0.000     0.000   0   0   0   0   0   0   0     0.000    -0.029    -0.108    -0.010     0.010    -0.004     0.006
   7 0 0 0 1 1 1 1  14   0   5   0   0   0   0    46.302    20.763    21.952     0.000     0.000     0.000     0.000   0   0   0   0   0   0   0     0.000    -0.029    -0.108    -0.036    -0.001     0.020     0.078
   7 0 1 0 1 1 1 1   0   0  28   0   0   0   0    20.763    20.763     5.438     0.000     0.000     0.000     0.000   0   0   0   0   0   0   0     0.000    -0.017    -0.108    -0.036    -0.001     0.012    -0.000
   7 0 1 0 1 1 1 1   2   0   6   0   0   0   0    21.721    20.763    19.237     0.000     0.000     0.000     0.000   0   0   0   0   0   0   0     0.000    -0.034    -0.108    -0.036    -0.001     0.014    -0.001
   7 0 1 0 1 1 1 1   2   0  23   0   0   0   0    21.721    20.763     5.818     0.000     0.000     0.000     0.000   0   0   0   0   0   0   0     0.000    -0.102    -0.108    -0.036    -0.001    -0.002     0.022
   7 0 0 1 1 1 1 1  14   0  23   0   0   0   0    46.616    21.203     5.818     0.000     0.000     0.000     0.000   0   0   0   0   0   0   0     0.000    -0.102     0.074    -0.018     0.004    -0.002     0.022
   7 0 0 0 1 1 1 1  18  20   5   0   0   0   0    48.505    62.261    21.938     0.000     0.000     0.000     0.000   0   0   0   0   0   0   0     0.000    -0.102     0.074     0.000    -0.010     0.002     0.013
   7 0 1 0 1 1 1 1   2  20   4   0   0   0   0    21.721    62.261    23.367     0.000     0.000     0.000     0.000   0   0   0   0   0   0   0     0.000    -0.032     0.074     0.000    -0.010     0.003    -0.006
   7 0 1 0 1 1 1 1   2  20  24   0   0   0   0    21.721    62.261     5.376     0.000     0.000     0.000     0.000   0   0   0   0   0   0   0     0.000    -0.097     0.074     0.000    -0.010    -0.016     0.006
   7 0 0 0 1 1 1 1  14  11   5   0   0   0   0    46.302    55.889    21.952     0.000     0.000     0.000     0.000   0   0   0   0   0   0   0     0.000    -0.097     0.074    -0.001    -0.033     0.019     0.070
   7 0 0 0 1 1 1 1  27  14   0   0   0   0   0     5.348    46.616    20.763     0.000     0.000     0.000     0.000   0   0   0   0   0   0   0     0.000    -0.097     0.074     0.002     0.016    -0.016    -0.003
   7 0 0 1 1 1 1 1  14   6   0   0   0   0   0    46.616    19.237    20.763     0.000     0.000     0.000     0.000   0   0   0   0   0   0   0     0.000    -0.097    -0.031     0.012    -0.001    -0.016    -0.003
   7 0 1 0 1 1 1 1   2   6  31   0   0   0   0    21.721    19.237     5.495     0.000     0.000     0.000     0.000   0   0   0   0   0   0   0     0.000    -0.092    -0.031     0.012    -0.001    -0.005     0.013
   7 0 0 0 1 1 1 1  14  11   0   0   0   0   0    46.302    55.889    21.215     0.000     0.000     0.000     0.000   0   0   0   0   0   0   0     0.000    -0.092    -0.031    -0.001    -0.032     0.067     0.018
   7 0 1 0 1 1 1 1   0  11  11   0   0   0   0    20.763    55.889    48.731     0.000     0.000     0.000     0.000   0   0   0   0   0   0   0     0.000    -0.015    -0.031    -0.001    -0.032     0.012     0.000
   7 0 0 0 1 1 1 1  24  14   6   0   0   0   0     5.359    45.996    19.237     0.000     0.000     0.000     0.000   0   0   0   0   0   0   0     0.000    -0.015    -0.031    -0.008    -0.029     0.012     0.000
   7 0 1 0 1 1 1 1   2  14  23   0   0   0   0    21.721    45.996     5.393     0.000     0.000     0.000     0.000   0   0   0   0   0   0   0     0.000    -0.088    -0.031    -0.008    -0.029    -0.023     0.004
   7 0 1 0 1 1 1 1   2  14  15   0   0   0   0    21.721    45.996    53.399     0.000     0.000     0.000     0.000   0   0   0   0   0   0   0     0.000     0.063    -0.031    -0.008    -0.029    -0.008     0.008
   7 0 0 0 1 1 1 1  28   0  19   0   0   0   0     5.510    21.289    66.213     0.000     0.000     0.000     0.000   0   0   0   0   0   0   0     0.000     0.063    -0.031     0.014     0.004    -0.006     0.002
   7 0 1 0 1 1 1 1   4   0  23   0   0   0   0    22.826    21.289     5.672     0.000     0.000     0.000     0.000   0   0   0   0   0   0   0     0.000    -0.023    -0.031     0.014     0.004    -0.004     0.004
   7 0 1 0 1 1 1 1   2   0  17   0   0   0   0    21.721    21.289    55.017     0.000     0.000     0.000     0.000   0   0   0   0   0   0   0     0.000    -0.083    -0.031     0.014     0.004     0.021    -0.002
   7 0 0 0 1 1 1 1  14   0   0   0   0   0   0    46.302    20.763    21.215     0.000     0.000     0.000     0.000   0   0   0   0   0   0   0     0.000    -0.083    -0.031    -0.030    -0.001     0.060     0.016
   7 0 0 1 1 1 1 1  11   2   0   0   0   0   0    56.342    21.721    21.215     0.000     0.000     0.000     0.000   0   0   0   0   0   0   0     0.000    -0.083    -0.014     0.013     0.000     0.060     0.016
   7 0 0 0 1 1 1 1  24   2   6   0   0   0   0     5.359    22.080    19.237     0.000     0.000     0.000     0.000   0   0   0   0   0   0   0     0.000    -0.083    -0.014    -0.026    -0.007     0.011     0.000
   7 0 0 0 1 1 1 1  24  14   0   0   0   0   0     5.359    45.996    21.184     0.000     0.000     0.000     0.000   0   0   0   0   0   0   0     0.000    -0.083    -0.014    -0.022    -0.079     0.020     0.001
   7 0 1 0 1 1 1 1   2  14  23   0   0   0   0    21.721    45.996     5.393     0.000     0.000     0.000     0.000   0   0   0   0   0   0   0     0.000     0.057    -0.014    -0.022    -0.079    -0.023     0.001
   7 0 1 0 1 1 1 1   0  14   2   0   0   0   0    20.763    45.996    21.721     0.000     0.000     0.000     0.000   0   0   0   0   0   0   0     0.000    -0.013    -0.014    -0.022    -0.079     0.013     0.000
   7 0 0 1 1 1 1 1  14  22   2   0   0   0   0    46.616     5.044    21.721     0.000     0.000     0.000     0.000   0   0   0   0   0   0   0     0.000    -0.013    -0.025    -0.006     0.002     0.013     0.000
   7 0 0 0 1 1 1 1  24  14   0   0   0   0   0     5.359    45.996    21.184     0.000     0.000     0.000     0.000   0   0   0   0   0   0   0     0.000    -0.013    -0.025    -0.020    -0.075     0.018     0.001
   7 0 0 0 1 1 1 1  14   0   5   0   0   0   0    46.302    20.763    21.952     0.000     0.000     0.000     0.000   0   0   0   0   0   0   0     0.000    -0.013    -0.025    -0.027    -0.001     0.015     0.054
   7 0 0 0 1 1 1 1  18  12   6   0   0   0   0    48.505    51.445    19.441     0.000     0.000     0.000     0.000   0   0   0   0   0   0   0     0.000    -0.013    -0.025     0.000    -0.010     0.010     0.001
   7 0 1 0 1 1 1 1   4  12   4   0   0   0   0    22.826    51.445    23.367     0.000     0.000     0.000     0.000   0   0   0   0   0   0   0     0.000    -0.020    -0.025     0.000    -0.010     0.003    -0.004
   7 0 1 0 1 1 1 1   2  12  23   0   0   0   0    21.721    51.445     5.603     0.000     0.000     0.000     0.000   0   0   0   0   0   0   0     0.000    -0.072    -0.025     0.000    -0.010    -0.013     0.004
   7 0 0 0 1 1 1 1  14   0   5   0   0   0   0    46.302    20.763    21.952     0.000     0.000     0.000     0.000   0   0   0   0   0   0   0     0.000    -0.072    -0.025    -0.026    -0.001     0.014     0.051
   7 0 0 0 1 1 1 1  28  13  23   0   0   0   0     5.510    51.510     5.672     0.000     0.000     0.000     0.000   0   0   0   0   0   0   0     0.000    -0.072    -0.025     0.004     0.012    -0.007     0.001
   7 0 1 0 1 1 1 1   2  13   6   0   0   0   0    21.721    51.510    19.237     0.000     0.000     0.000     0.000   0   0   0   0   0   0   0     0.000    -0.023    -0.025     0.004     0.012     0.009    -0.001
   7 0 1 0 1 1 1 1   2  13  24   0   0   0   0    21.721    51.510     5.412     0.000     0.000     0.000     0.000   0   0   0   0   0   0   0     0.000    -0.068    -0.025     0.004     0.012    -0.007     0.006
   7 0 1 0 1 1 1 1   2  13   0   0   0   0   0    21.721    51.510    21.203     0.000     0.000     0.000     0.000   0   0   0   0   0   0   0     0.000     0.049    -0.025     0.004     0.012    -0.013     0.003
   7 0 1 0 1 1 1 1   0  13  28   0   0   0   0    21.059    51.510     5.467     0.000     0.000     0.000     0.000   0   0   0   0   0   0   0     0.000    -0.010    -0.025     0.004     0.012     0.007    -0.000
   7 0 0 0 1 1 1 1  24   2   6   0   0   0   0     5.359    22.080    19.237     0.000     0.000     0.000     0.000   0   0   0   0   0   0   0     0.000    -0.010    -0.025    -0.022    -0.006     0.009     0.000
   7 0 0 0 1 1 1 1  24  14   0   0   0   0   0     5.359    45.996    21.184     0.000     0.000     0.000     0.000   0   0   0   0   0   0   0     0.000    -0.010    -0.025    -0.017    -0.065     0.016     0.000
   7 0 0 0 1 1 1 1  14   0   0   0   0   0   0    46.302    20.763    21.215     0.000     0.000     0.000     0.000   0   0   0   0   0   0   0     0.000    -0.010    -0.025    -0.024    -0.001     0.046     0.013
   7 0 0 0 1 1 1 1  27   0   0   0   0   0   0     5.348    21.192    20.763     0.000     0.000     0.000     0.000   0   0   0   0   0   0   0     0.000    -0.010    -0.025     0.011     0.001    -0.011    -0.002
   7 0 1 0 1 1 1 1   2   0  23   0   0   0   0    21.721    21.192     5.673     0.000     0.000     0.000     0.000   0   0   0   0   0   0   0     0.000    -0.021    -0.025     0.011     0.001    -0.003     0.003
   7 0 1 0 1 1 1 1  24   0   0   0   0   0   0     5.329    21.192    21.184     0.000     0.000     0.000     0.000   0   0   0   0   0   0   0     0.000    -0.050    -0.025     0.011     0.001     0.015    -0.001
   7 0 0 0 1 1 1 1  18   0  14   0   0   0   0    48.618    20.763    46.616     0.000     0.000     0.000     0.000   0   0   0   0   0   0   0     0.000    -0.050    -0.025    -0.023    -0.002     0.012     0.044
   7 0 1 0 1 1 1 1   0   0  18   0   0   0   0    20.763    20.763    48.505     0.000     0.000     0.000     0.000   0   0   0   0   0   0   0     0.000    -0.011    -0.025    -0.023    -0.002    -0.001     0.005
   7 0 1 0 1 1 1 1   4   0  23   0   0   0   0    22.826    20.763     5.673     0.000     0.000     0.000     0.000   0   0   0   0   0   0   0     0.000    -0.016    -0.025    -0.023    -0.002    -0.003     0.003
   7 0 0 1 1 1 1 1  14  23  23   0   0   0   0    46.616     5.668     5.673     0.000     0.000     0.000     0.000   0   0   0   0   0   0   0     0.000    -0.016    -0.059    -0.006     0.005    -0.003     0.003
   7 0 1 0 1 1 1 1   2  23   3   0   0   0   0    21.721     5.668    23.742     0.000     0.000     0.000     0.000   0   0   0   0   0   0   0     0.000     0.042    -0.059    -0.006     0.005     0.004    -0.009
   7 0 0 0 1 1 1 1  28   0  23   0   0   0   0     5.510    21.289     5.672     0.000     0.000     0.000     0.000   0   0   0   0   0   0   0     0.000     0.042    -0.059     0.010     0.003    -0.006     0.001
   7 0 0 0 1 1 1 1  24  14  21   0   0   0   0     5.359    45.996    68.799     0.000     0.000     0.000     0.000   0   0   0   0   0   0   0     0.000     0.042    -0.059    -0.005    -0.019     0.000     0.008
   7 0 1 0 1 1 1 1   2  14  24   0   0   0   0    21.721    45.996     5.478     0.000     0.000     0.000     0.000   0   0   0   0   0   0   0     0.000    -0.056    -0.059    -0.005    -0.019    -0.003     0.007
   7 0 0 0 1 1 1 1  14   0   5   0   0   0   0    46.302    20.763    21.952     0.000     0.000     0.000     0.000   0   0   0   0   0   0   0     0.000    -0.056    -0.059    -0.021    -0.000     0.011     0.040
   7 0 0 0 1 1 1 1  27   0  22   0   0   0   0     5.348    21.192     5.044     0.000     0.000     0.000     0.000   0   0   0   0   0   0   0     0.000    -0.056    -0.059     0.009     0.001    -0.008    -0.002
   7 0 0 0 1 1 1 1  24   2   4   0   0   0   0     5.359    22.080    22.836     0.000     0.000     0.000     0.000   0   0   0   0   0   0   0     0.000    -0.056    -0.059    -0.018    -0.005    -0.004     0.002
   7 0 1 0 1 1 1 1   2   2  24   0   0   0   0    21.721    22.080     5.382     0.000     0.000     0.000     0.000   0   0   0   0   0   0   0     0.000    -0.053    -0.059    -0.018    -0.005    -0.008     0.003
   7 0 0 0 1 1 1 1  18   0  14   0   0   0   0    48.618    20.763    46.616     0.000     0.000     0.000     0.000   0   0   0   0   0   0   0     0.000    -0.053    -0.059    -0.020    -0.001     0.011     0.038
   7 0 1 0 1 1 1 1   0   0   2   0   0   0   0    21.059    20.763    21.721     0.000     0.000     0.000     0.000   0   0   0   0   0   0   0     0.000    -0.008    -0.059    -0.020    -0.001     0.009     0.000
   7 0 0 1 1 1 1 1  14   4   2   0   0   0   0    46.616    23.367    21.721     0.000     0.000     0.000     0.000   0   0   0   0   0   0   0     0.000    -0.008    -0.017     0.002    -0.004     0.009     0.000
   7 0 1 0 1 1 1 1   2   4   4   0   0   0   0    21.721    23.367    22.826     0.000     0.000     0.000     0.000   0   0   0   0   0   0   0     0.000    -0.050    -0.017     0.002    -0.004     0.018    -0.001
   7 0 1 0 1 1 1 1   2   4  15   0   0   0   0    21.721    23.367    53.685     0.000     0.000     0.000     0.000   0   0   0   0   0   0   0     0.000     0.036    -0.017     0.002    -0.004    -0.004     0.007
   7 0 0 0 1 1 1 1   8   1  25   0   0   0   0    16.940    21.858     5.841     0.000     0.000     0.000     0.000   0   0   0   0   0   0   0     0.000     0.036    -0.017    -0.001     0.006    -0.006     0.001
   7 0 1 0 1 1 1 1   4   1   4   0   0   0   0    22.826    21.858    23.367     0.000     0.000     0.000     0.000   0   0   0   0   0   0   0     0.000    -0.013    -0.017    -0.001     0.006     0.002    -0.003
   7 0 0 0 1 1 1 1  24   2   0   0   0   0   0     5.359    22.080    21.059     0.000     0.000     0.000     0.000   0   0   0   0   0   0   0     0.000    -0.013    -0.017    -0.048    -0.013     0.017     0.001
   7 0 1 0 1 1 1 1   2   2  23   0   0   0   0    21.721    22.080     5.393     0.000     0.000     0.000     0.000   0   0   0   0   0   0   0     0.000     0.034    -0.017    -0.048    -0.013    -0.015     0.001
   7 0 1 0 1 1 1 1   0   2  23   0   0   0   0    20.763    22.080     5.633     0.000     0.000     0.000     0.000   0   0   0   0   0   0   0     0.000    -0.009    -0.017    -0.048    -0.013     0.005    -0.000
   7 0 1 0 1 1 1 1   2   2   6   0   0   0   0    21.721    22.080    19.237     0.000     0.000     0.000     0.000   0   0   0   0   0   0   0     0.000    -0.015    -0.017    -0.048    -0.013     0.007    -0.001
   7 0 0 0 1 1 1 1  24  14   0   0   0   0   0     5.359    45.996    21.059     0.000     0.000     0.000     0.000   0   0   0   0   0   0   0     0.000    -0.015    -0.017    -0.012    -0.046     0.017     0.001
   7 0 0 0 1 1 1 1  18   0  14   0   0   0   0    48.618    20.763    46.616     0.000     0.000     0.000     0.000   0   0   0   0   0   0   0     0.000    -0.015    -0.017    -0.018    -0.001     0.009     0.032
   7 0 0 0 1 1 1 1   8   1  25   0   0   0   0    16.940    21.858     5.841     0.000     0.000     0.000     0.000   0   0   0   0   0   0   0     0.000    -0.015    -0.017    -0.001     0.006    -0.005     0.001
   7 0 0 0 1 1 1 1  24  14   4   0   0   0   0     5.359    45.996    22.836     0.000     0.000     0.000     0.000   0   0   0   0   0   0   0     0.000    -0.015    -0.017    -0.004    -0.015    -0.003     0.002
   7 0 0 0 1 1 1 1  24   2  23   0   0   0   0     5.359    22.080     5.886     0.000     0.000     0.000     0.000   0   0   0   0   0   0   0     0.000    -0.015    -0.017    -0.043    -0.012     0.000     0.013
   7 0 0 0 1 1 1 1  14   0   0   0   0   0   0    46.302    21.203    21.215     0.000     0.000     0.000     0.000   0   0   0   0   0   0   0     0.000    -0.015    -0.017    -0.009     0.001     0.031     0.008
   7 0 0 0 1 1 1 1  11  18   2   0   0   0   0    51.171    48.618    21.996     0.000     0.000     0.000     0.000   0   0   0   0   0   0   0     0.000    -0.015    -0.017     0.000     0.007    -0.001    -0.007
   7 0 1 0 1 1 1 1   2  18  22   0   0   0   0    21.721    48.618     5.044     0.000     0.000     0.000     0.000   0   0   0   0   0   0   0     0.000    -0.014    -0.017     0.000     0.007    -0.004     0.001
   7 0 1 0 1 1 1 1   2  18   6   0   0   0   0    21.721    48.618    20.907     0.000     0.000     0.000     0.000   0   0   0   0   0   0   0     0.000    -0.041    -0.017     0.000     0.007    -0.002     0.008
   7 0 1 0 1 1 1 1   2  18  23   0   0   0   0    21.721    48.618     5.393     0.000     0.000     0.000     0.000   0   0   0   0   0   0   0     0.000     0.029    -0.017     0.000     0.007    -0.014     0.001
   7 0 1 0 1 1 1 1   0  18   2   0   0   0   0    20.763    48.618    21.721     0.000     0.000     0.000     0.000   0   0   0   0   0   0   0     0.000    -0.008    -0.017     0.000     0.007     0.007     0.000
   7 0 0 0 1 1 1 1   4   1  23   0   0   0   0    22.830    21.870     5.675     0.000     0.000     0.000     0.000   0   0   0   0   0   0   0     0.000    -0.008    -0.017    -0.013    -0.004    -0.002     0.003
   7 0 0 0 1 1 1 1  24  14   0   0   0   0   0     5.359    45.996    21.059     0.000     0.000     0.000     0.000   0   0   0   0   0   0   0     0.000    -0.008    -0.017    -0.011    -0.039     0.015     0.001
   7 0 0 0 1 1 1 1  18   0  14   0   0   0   0    48.618    20.763    46.616     0.000     0.000     0.000     0.000   0   0   0   0   0   0   0     0.000    -0.008    -0.017    -0.016    -0.001     0.008     0.028
   7 0 0 0 1 1 1 1  11  18   2   0   0   0   0    51.171    48.618    21.996     0.000     0.000     0.000     0.000   0   0   0   0   0   0   0     0.000    -0.008    -0.017    -0.000     0.006    -0.001    -0.007
   7 0 1 0 1 1 1 1   2  18   6   0   0   0   0    21.721    48.618    19.237     0.000     0.000     0.000     0.000   0   0   0   0   0   0   0     0.000    -0.013    -0.017    -0.000     0.006     0.006    -0.001
   7 0 0 0 1 1 1 1  24  14   0   0   0   0   0     5.359    45.996    21.059     0.000     0.000     0.000     0.000   0   0   0   0   0   0   0     0.000    -0.013    -0.017    -0.010    -0.037     0.014     0.000
   7 0 0 0 1 1 1 1  18  11   0   0   0   0   0    48.505    55.889    21.212     0.000     0.000     0.000     0.000   0   0   0   0   0   0   0     0.000    -0.013    -0.017    -0.001    -0.015     0.026     0.007
   7 0 0 0 1 1 1 1   1   0   8   0   0   0   0    21.856    20.887    16.940     0.000     0.000     0.000     0.000   0   0   0   0   0   0   0     0.000    -0.013    -0.017    -0.007    -0.002     0.004    -0.001
   7 0 0 0 1 1 1 1   4  14  22   0   0   0   0    22.830    46.261     5.074     0.000     0.000     0.000     0.000   0   0   0   0   0   0   0     0.000    -0.013    -0.017    -0.003    -0.012    -0.003     0.002
   7 0 1 0 1 1 1 1   2  14  23   0   0   0   0    21.721    46.261     5.603     0.000     0.000     0.000     0.000   0   0   0   0   0   0   0     0.000    -0.035    -0.017    -0.003    -0.012    -0.007     0.002
