  192
   1 1   0     0.000   0     4.801
   1 1   0     0.000   0     5.496
   1 1   0     0.000   0     5.807
   1 1   0     0.000   0     6.101
   7 0 0 0 1 1 1 1  24  12  17   0   0   0   0     5.236    45.315    58.932     0.000     0.000     0.000     0.000   0   0   0   0   0   0   0     0.000     0.000     0.000     0.288    -0.216     0.023     0.150
   7 0 0 0 1 1 1 1  25  12  25   0   0   0   0     5.412    45.315     5.781     0.000     0.000     0.000     0.000   0   0   0   0   0   0   0     0.000     0.000     0.000    -0.046    -0.348    -0.014     0.103
   7 0 0 0 1 1 1 1  24   3  26   0   0   0   0     5.236    21.936     5.994     0.000     0.000     0.000     0.000   0   0   0   0   0   0   0     0.000     0.000     0.000    -0.382    -0.204     0.031     0.158
   7 0 0 0 1 1 1 1  30  18  29   0   0   0   0     5.140    50.171     5.900     0.000     0.000     0.000     0.000   0   0   0   0   0   0   0     0.000     0.000     0.000    -0.381    -0.699     0.001     0.274
   7 0 0 0 1 1 1 1  24  12  17   0   0   0   0     5.236    45.315    59.272     0.000     0.000     0.000     0.000   0   0   0   0   0   0   0     0.000     0.000     0.000     0.274    -0.195     0.022     0.140
   7 0 0 0 1 1 1 1  24  14  25   0   0   0   0     5.236    44.269     5.829     0.000     0.000     0.000     0.000   0   0   0   0   0   0   0     0.000     0.000     0.000    -0.099    -0.314     0.028     0.099
   7 0 0 0 1 1 1 1  25  14  12   0   0   0   0     5.614    47.947    47.088     0.000     0.000     0.000     0.000   0   0   0   0   0   0   0     0.000     0.000     0.000    -0.139    -0.329     0.142     0.034
   7 0 0 0 1 1 1 1  31  30  23   0   0   0   0     5.383     4.676     5.640     0.000     0.000     0.000     0.000   0   0   0   0   0   0   0     0.000     0.000     0.000    -0.632    -0.348    -0.027     0.229
   7 0 0 0 1 1 1 1  25  12  17   0   0   0   0     5.614    45.315    58.539     0.000     0.000     0.000     0.000   0   0   0   0   0   0   0     0.000     0.000     0.000     0.260    -0.167     0.020     0.121
   7 0 0 0 1 1 1 1  25   3  25   0   0   0   0     5.528    22.113     5.815     0.000     0.000     0.000     0.000   0   0   0   0   0   0   0     0.000     0.000     0.000    -0.287    -0.100     0.016     0.086
   7 0 0 0 1 1 1 1  24  14  26   0   0   0   0     5.265    48.382     5.890     0.000     0.000     0.000     0.000   0   0   0   0   0   0   0     0.000     0.000     0.000    -0.161    -0.313    -0.020     0.104
   7 0 0 0 1 1 1 1  11   3  23   0   0   0   0    46.613    21.814     5.687     0.000     0.000     0.000     0.000   0   0   0   0   0   0   0     0.000     0.000     0.000    -0.582    -0.360    -0.022     0.211
   7 0 0 0 1 1 1 1  24  12  17   0   0   0   0     5.204    45.315    59.409     0.000     0.000     0.000     0.000   0   0   0   0   0   0   0     0.000     0.000     0.000     0.247    -0.180     0.015     0.119
   7 0 0 0 1 1 1 1  25   1  25   0   0   0   0     5.528    22.024     5.843     0.000     0.000     0.000     0.000   0   0   0   0   0   0   0     0.000     0.000     0.000    -0.262    -0.098     0.026     0.083
   7 0 0 0 1 1 1 1  25   6  23   0   0   0   0     5.614    19.589     5.560     0.000     0.000     0.000     0.000   0   0   0   0   0   0   0     0.000     0.000     0.000    -0.283    -0.140     0.004     0.104
   7 0 0 0 1 1 1 1  29  22  17   0   0   0   0     5.656     5.515    56.040     0.000     0.000     0.000     0.000   0   0   0   0   0   0   0     0.000     0.000     0.000    -0.314    -0.526     0.204    -0.002
   7 0 0 0 1 1 1 1  24  12   5   0   0   0   0     5.265    45.315    22.621     0.000     0.000     0.000     0.000   0   0   0   0   0   0   0     0.000     0.000     0.000     0.235    -0.143     0.139     0.023
   7 0 0 0 1 1 1 1  24  14  25   0   0   0   0     5.236    47.947     5.786     0.000     0.000     0.000     0.000   0   0   0   0   0   0   0     0.000     0.000     0.000    -0.081    -0.235     0.006     0.069
   7 0 0 0 1 1 1 1  24   5  12   0   0   0   0     5.317    22.336    46.404     0.000     0.000     0.000     0.000   0   0   0   0   0   0   0     0.000     0.000     0.000    -0.242    -0.092     0.112     0.029
   7 0 0 0 1 1 1 1  11  22  24   0   0   0   0    46.613     5.515     5.439     0.000     0.000     0.000     0.000   0   0   0   0   0   0   0     0.000     0.000     0.000    -0.300    -0.476    -0.027     0.168
   7 0 0 0 1 1 1 1   2  12  17   0   0   0   0    21.721    45.315    58.539     0.000     0.000     0.000     0.000   0   0   0   0   0   0   0     0.000     0.000     0.000     0.223    -0.156     0.009     0.092
   7 0 0 0 1 1 1 1  24   1  25   0   0   0   0     5.236    22.024     5.848     0.000     0.000     0.000     0.000   0   0   0   0   0   0   0     0.000     0.000     0.000    -0.215    -0.079     0.023     0.070
   7 0 0 0 1 1 1 1  24   3  22   0   0   0   0     5.265    21.814     5.069     0.000     0.000     0.000     0.000   0   0   0   0   0   0   0     0.000     0.000     0.000    -0.238    -0.125     0.001     0.086
   7 0 0 0 1 1 1 1  29  18  29   0   0   0   0     5.656    50.171     5.900     0.000     0.000     0.000     0.000   0   0   0   0   0   0   0     0.000     0.000     0.000    -0.240    -0.424    -0.003     0.167
   7 0 0 0 1 1 1 1   2  12  15   0   0   0   0    21.721    45.315    53.425     0.000     0.000     0.000     0.000   0   0   0   0   0   0   0     0.000     0.000     0.000     0.212    -0.141     0.016     0.132
   7 0 0 0 1 1 1 1   2  12  25   0   0   0   0    21.758    45.315     5.722     0.000     0.000     0.000     0.000   0   0   0   0   0   0   0     0.000     0.000     0.000     0.007    -0.196    -0.033     0.054
   7 0 0 0 1 1 1 1  24  14   6   0   0   0   0     5.317    48.707    21.096     0.000     0.000     0.000     0.000   0   0   0   0   0   0   0     0.000     0.000     0.000    -0.102    -0.216     0.023     0.092
   7 0 0 0 1 1 1 1   2  19  23   0   0   0   0    21.758    66.284     5.560     0.000     0.000     0.000     0.000   0   0   0   0   0   0   0     0.000     0.000     0.000    -0.333    -0.623    -0.023     0.138
   7 0 0 0 1 1 1 1  24  14  19   0   0   0   0     5.317    49.136    57.947     0.000     0.000     0.000     0.000   0   0   0   0   0   0   0     0.000     0.000     0.000    -0.100     0.201     0.010     0.073
   7 0 0 0 1 1 1 1  24   3  25   0   0   0   0     5.236    21.814     5.848     0.000     0.000     0.000     0.000   0   0   0   0   0   0   0     0.000     0.000     0.000    -0.189    -0.087     0.017     0.058
   7 0 0 0 1 1 1 1  24   2   6   0   0   0   0     5.331    22.011    21.150     0.000     0.000     0.000     0.000   0   0   0   0   0   0   0     0.000     0.000     0.000    -0.181    -0.063     0.025     0.084
   7 0 0 0 1 1 1 1   9  19   0   0   0   0   0    17.929    66.284    21.230     0.000     0.000     0.000     0.000   0   0   0   0   0   0   0     0.000     0.000     0.000    -0.296    -0.592     0.137    -0.004
   7 0 0 0 1 1 1 1   2  12  15   0   0   0   0    21.721    45.315    53.425     0.000     0.000     0.000     0.000   0   0   0   0   0   0   0     0.000     0.000     0.000     0.191    -0.118     0.013     0.113
   7 0 0 0 1 1 1 1  24  14  25   0   0   0   0     5.229    48.707     5.722     0.000     0.000     0.000     0.000   0   0   0   0   0   0   0     0.000     0.000     0.000    -0.083    -0.171    -0.019     0.044
   7 0 0 0 1 1 1 1  24   3  26   0   0   0   0     5.236    21.814     5.890     0.000     0.000     0.000     0.000   0   0   0   0   0   0   0     0.000     0.000     0.000    -0.178    -0.095    -0.023     0.059
   7 0 0 0 1 1 1 1  32  12  23   0   0   0   0     3.992    45.315     5.560     0.000     0.000     0.000     0.000   0   0   0   0   0   0   0     0.000     0.000     0.000    -0.563    -0.272    -0.020     0.113
   7 0 0 0 1 1 1 1  24  12   5   0   0   0   0     5.317    45.315    22.621     0.000     0.000     0.000     0.000   0   0   0   0   0   0   0     0.000     0.000     0.000     0.181    -0.083     0.092     0.016
   7 0 0 0 1 1 1 1  14  25  12   0   0   0   0    47.143     5.722    45.315     0.000     0.000     0.000     0.000   0   0   0   0   0   0   0     0.000     0.000     0.000    -0.025     0.040     0.024    -0.147
   7 0 0 0 1 1 1 1  24   2   6   0   0   0   0     5.331    22.011    20.984     0.000     0.000     0.000     0.000   0   0   0   0   0   0   0     0.000     0.000     0.000    -0.148    -0.052     0.016     0.067
   7 0 0 0 1 1 1 1  14  23  14   0   0   0   0    47.143     5.802    49.136     0.000     0.000     0.000     0.000   0   0   0   0   0   0   0     0.000     0.000     0.000    -0.006     0.112    -0.246    -0.534
   7 0 0 0 1 1 1 1   2  12  17   0   0   0   0    21.721    45.315    58.539     0.000     0.000     0.000     0.000   0   0   0   0   0   0   0     0.000     0.000     0.000     0.172    -0.098     0.005     0.061
   7 0 0 0 1 1 1 1  25   3  11   0   0   0   0     5.614    21.814    50.109     0.000     0.000     0.000     0.000   0   0   0   0   0   0   0     0.000     0.000     0.000    -0.141    -0.060     0.069     0.024
   7 0 0 0 1 1 1 1  24   4  12   0   0   0   0     5.348    22.137    45.874     0.000     0.000     0.000     0.000   0   0   0   0   0   0   0     0.000     0.000     0.000    -0.145    -0.057     0.066     0.021
   7 0 0 0 1 1 1 1  29  12  12   0   0   0   0     5.656    45.315    48.247     0.000     0.000     0.000     0.000   0   0   0   0   0   0   0     0.000     0.000     0.000    -0.508    -0.218     0.106     0.000
   7 0 0 0 1 1 1 1  24  12   2   0   0   0   0     5.317    45.315    22.346     0.000     0.000     0.000     0.000   0   0   0   0   0   0   0     0.000     0.000     0.000     0.164    -0.068     0.089     0.014
   7 0 0 0 1 1 1 1   2  14  25   0   0   0   0    21.758    49.136     5.768     0.000     0.000     0.000     0.000   0   0   0   0   0   0   0     0.000     0.000     0.000    -0.122     0.030    -0.014     0.034
   7 0 0 0 1 1 1 1  24   4  26   0   0   0   0     5.236    22.055     5.890     0.000     0.000     0.000     0.000   0   0   0   0   0   0   0     0.000     0.000     0.000    -0.139    -0.076    -0.019     0.045
   7 0 0 0 1 1 1 1   2  12  24   0   0   0   0    21.721    45.315     5.400     0.000     0.000     0.000     0.000   0   0   0   0   0   0   0     0.000     0.000     0.000    -0.482    -0.205    -0.022     0.082
   7 0 0 0 1 1 1 1   4  12  17   0   0   0   0    22.137    45.315    59.555     0.000     0.000     0.000     0.000   0   0   0   0   0   0   0     0.000     0.000     0.000     0.156    -0.097     0.005     0.062
   7 0 0 0 1 1 1 1  25  14  25   0   0   0   0     5.614    48.707     5.961     0.000     0.000     0.000     0.000   0   0   0   0   0   0   0     0.000     0.000     0.000    -0.048    -0.117     0.020     0.060
   7 0 0 0 1 1 1 1  26  14   6   0   0   0   0     5.829    46.114    21.251     0.000     0.000     0.000     0.000   0   0   0   0   0   0   0     0.000     0.000     0.000    -0.035    -0.110     0.019     0.056
   7 0 0 0 1 1 1 1  24  14  23   0   0   0   0     5.265    48.707     5.932     0.000     0.000     0.000     0.000   0   0   0   0   0   0   0     0.000     0.000     0.000    -0.094    -0.232     0.009     0.090
   7 0 0 0 1 1 1 1   3  12  17   0   0   0   0    21.814    45.315    58.539     0.000     0.000     0.000     0.000   0   0   0   0   0   0   0     0.000     0.000     0.000     0.148    -0.090     0.002     0.047
   7 0 0 0 1 1 1 1  14  25  14   0   0   0   0    47.143     5.798    49.136     0.000     0.000     0.000     0.000   0   0   0   0   0   0   0     0.000     0.000     0.000    -0.009     0.029    -0.100     0.034
   7 0 0 0 1 1 1 1  24  14  23   0   0   0   0     5.236    49.136     5.640     0.000     0.000     0.000     0.000   0   0   0   0   0   0   0     0.000     0.000     0.000    -0.082    -0.211    -0.006     0.041
   7 0 0 0 1 1 1 1   2  12  24   0   0   0   0    21.721    45.315     5.413     0.000     0.000     0.000     0.000   0   0   0   0   0   0   0     0.000     0.000     0.000    -0.447    -0.166    -0.018     0.068
   7 0 0 0 1 1 1 1  24  12   2   0   0   0   0     5.331    45.315    22.346     0.000     0.000     0.000     0.000   0   0   0   0   0   0   0     0.000     0.000     0.000     0.140    -0.050     0.071     0.011
   7 0 0 0 1 1 1 1  25   3  25   0   0   0   0     5.614    21.814     5.961     0.000     0.000     0.000     0.000   0   0   0   0   0   0   0     0.000     0.000     0.000    -0.096    -0.039     0.016     0.051
   7 0 0 0 1 1 1 1  26   3  12   0   0   0   0     5.829    21.814    45.761     0.000     0.000     0.000     0.000   0   0   0   0   0   0   0     0.000     0.000     0.000    -0.101    -0.037     0.046     0.015
   7 0 0 0 1 1 1 1  24  14  10   0   0   0   0     5.265    49.136    16.059     0.000     0.000     0.000     0.000   0   0   0   0   0   0   0     0.000     0.000     0.000    -0.130    -0.424     0.008     0.077
   7 0 0 0 1 1 1 1   3  12  15   0   0   0   0    21.814    45.315    53.425     0.000     0.000     0.000     0.000   0   0   0   0   0   0   0     0.000     0.000     0.000     0.133    -0.077     0.006     0.064
   7 0 0 0 1 1 1 1  25   2  11   0   0   0   0     5.660    21.705    50.109     0.000     0.000     0.000     0.000   0   0   0   0   0   0   0     0.000     0.000     0.000    -0.084    -0.030     0.046     0.015
   7 0 0 0 1 1 1 1  24  12  26   0   0   0   0     5.229    45.315     5.871     0.000     0.000     0.000     0.000   0   0   0   0   0   0   0     0.000     0.000     0.000    -0.196    -0.069    -0.017     0.030
   7 0 0 0 1 1 1 1   2  12  23   0   0   0   0    21.721    45.315     5.924     0.000     0.000     0.000     0.000   0   0   0   0   0   0   0     0.000     0.000     0.000    -0.403    -0.137    -0.001     0.067
   7 0 0 0 1 1 1 1   2  12  17   0   0   0   0    21.642    45.315    58.539     0.000     0.000     0.000     0.000   0   0   0   0   0   0   0     0.000     0.000     0.000     0.127    -0.066     0.002     0.037
   7 0 0 0 1 1 1 1   2  12  25   0   0   0   0    21.721    45.315     5.848     0.000     0.000     0.000     0.000   0   0   0   0   0   0   0     0.000     0.000     0.000     0.042    -0.077    -0.001     0.026
   7 0 0 0 1 1 1 1  24  12  26   0   0   0   0     5.220    45.315     5.871     0.000     0.000     0.000     0.000   0   0   0   0   0   0   0     0.000     0.000     0.000    -0.186    -0.064    -0.016     0.027
   7 0 0 0 1 1 1 1  24  12  23   0   0   0   0     5.220    45.315     5.481     0.000     0.000     0.000     0.000   0   0   0   0   0   0   0     0.000     0.000     0.000    -0.383    -0.116    -0.012     0.051
   7 0 0 0 1 1 1 1  24  12   5   0   0   0   0     5.331    45.315    23.052     0.000     0.000     0.000     0.000   0   0   0   0   0   0   0     0.000     0.000     0.000     0.120    -0.039     0.032     0.001
   7 0 0 0 1 1 1 1  25   3   0   0   0   0   0     5.660    21.814    21.582     0.000     0.000     0.000     0.000   0   0   0   0   0   0   0     0.000     0.000     0.000    -0.072    -0.028     0.012     0.042
   7 0 0 0 1 1 1 1  24  14   6   0   0   0   0     5.354    49.014    21.251     0.000     0.000     0.000     0.000   0   0   0   0   0   0   0     0.000     0.000     0.000    -0.030    -0.087     0.011     0.037
   7 0 0 0 1 1 1 1   2  12  24   0   0   0   0    21.705    45.315     5.400     0.000     0.000     0.000     0.000   0   0   0   0   0   0   0     0.000     0.000     0.000    -0.364    -0.122    -0.017     0.046
   7 0 0 0 1 1 1 1   3  12  13   0   0   0   0    21.814    45.315    54.902     0.000     0.000     0.000     0.000   0   0   0   0   0   0   0     0.000     0.000     0.000     0.114    -0.059     0.004     0.054
   7 0 0 0 1 1 1 1  25  14  25   0   0   0   0     5.660    48.707     5.977     0.000     0.000     0.000     0.000   0   0   0   0   0   0   0     0.000     0.000     0.000    -0.025    -0.065     0.011     0.036
   7 0 0 0 1 1 1 1  24  12  22   0   0   0   0     5.220    45.315     5.093     0.000     0.000     0.000     0.000   0   0   0   0   0   0   0     0.000     0.000     0.000    -0.172    -0.052    -0.006     0.026
   7 0 0 0 1 1 1 1  24  12  23   0   0   0   0     5.265    45.315     5.957     0.000     0.000     0.000     0.000   0   0   0   0   0   0   0     0.000     0.000     0.000    -0.346    -0.089     0.004     0.053
   7 0 0 0 1 1 1 1   2  12   5   0   0   0   0    21.721    45.315    23.070     0.000     0.000     0.000     0.000   0   0   0   0   0   0   0     0.000     0.000     0.000     0.109    -0.045     0.026    -0.001
   7 0 0 0 1 1 1 1  24  12  25   0   0   0   0     5.236    45.315     5.848     0.000     0.000     0.000     0.000   0   0   0   0   0   0   0     0.000     0.000     0.000     0.047    -0.050     0.001     0.020
   7 0 0 0 1 1 1 1  24  12  26   0   0   0   0     5.212    45.315     5.890     0.000     0.000     0.000     0.000   0   0   0   0   0   0   0     0.000     0.000     0.000    -0.164    -0.048    -0.013     0.021
   7 0 0 0 1 1 1 1   2  12  12   0   0   0   0    21.705    45.315    46.597     0.000     0.000     0.000     0.000   0   0   0   0   0   0   0     0.000     0.000     0.000    -0.328    -0.102     0.048    -0.002
   7 0 0 0 1 1 1 1  24  12  14   0   0   0   0     5.331    45.315    40.561     0.000     0.000     0.000     0.000   0   0   0   0   0   0   0     0.000     0.000     0.000     0.103    -0.030     0.003     0.030
   7 0 0 0 1 1 1 1   2  14  26   0   0   0   0    21.721    49.136     5.871     0.000     0.000     0.000     0.000   0   0   0   0   0   0   0     0.000     0.000     0.000    -0.054     0.044    -0.006     0.016
   7 0 0 0 1 1 1 1  25  12  23   0   0   0   0     5.660    45.315     5.709     0.000     0.000     0.000     0.000   0   0   0   0   0   0   0     0.000     0.000     0.000    -0.156    -0.038    -0.003     0.023
   7 0 0 0 1 1 1 1   2  12  24   0   0   0   0    21.642    45.315     5.382     0.000     0.000     0.000     0.000   0   0   0   0   0   0   0     0.000     0.000     0.000    -0.312    -0.094    -0.017     0.033
   7 0 0 0 1 1 1 1   3  12  13   0   0   0   0    21.814    45.315    54.902     0.000     0.000     0.000     0.000   0   0   0   0   0   0   0     0.000     0.000     0.000     0.098    -0.046     0.003     0.044
   7 0 0 0 1 1 1 1   2  14  25   0   0   0   0    21.721    49.136     5.848     0.000     0.000     0.000     0.000   0   0   0   0   0   0   0     0.000     0.000     0.000    -0.048     0.042    -0.001     0.016
   7 0 0 0 1 1 1 1  24  12  23   0   0   0   0     5.204    45.315     5.640     0.000     0.000     0.000     0.000   0   0   0   0   0   0   0     0.000     0.000     0.000    -0.148    -0.041    -0.006     0.020
   7 0 0 0 1 1 1 1   3  12  24   0   0   0   0    21.814    45.315     5.377     0.000     0.000     0.000     0.000   0   0   0   0   0   0   0     0.000     0.000     0.000    -0.296    -0.088    -0.016     0.030
   7 0 0 0 1 1 1 1   3  12  13   0   0   0   0    21.814    45.315    54.902     0.000     0.000     0.000     0.000   0   0   0   0   0   0   0     0.000     0.000     0.000     0.093    -0.042     0.003     0.040
   7 0 0 0 1 1 1 1  25  12   0   0   0   0   0     5.660    45.315    21.582     0.000     0.000     0.000     0.000   0   0   0   0   0   0   0     0.000     0.000     0.000     0.040    -0.035     0.007     0.030
   7 0 0 0 1 1 1 1  26  12  23   0   0   0   0     5.871    45.315     5.709     0.000     0.000     0.000     0.000   0   0   0   0   0   0   0     0.000     0.000     0.000    -0.140    -0.023     0.001     0.021
   7 0 0 0 1 1 1 1  24  12  23   0   0   0   0     5.317    45.315     5.992     0.000     0.000     0.000     0.000   0   0   0   0   0   0   0     0.000     0.000     0.000    -0.281    -0.058     0.006     0.040
   7 0 0 0 1 1 1 1  19   3   1   0   0   0   0    66.284    21.814    21.950     0.000     0.000     0.000     0.000   0   0   0   0   0   0   0     0.000     0.000     0.000    -0.038     0.003     0.031     0.081
   7 0 0 0 1 1 1 1   2  14  25   0   0   0   0    21.705    49.136     5.750     0.000     0.000     0.000     0.000   0   0   0   0   0   0   0     0.000     0.000     0.000    -0.044     0.038    -0.009     0.011
   7 0 0 0 1 1 1 1  14  26  12   0   0   0   0    47.947     5.871    45.315     0.000     0.000     0.000     0.000   0   0   0   0   0   0   0     0.000     0.000     0.000    -0.009     0.014    -0.133    -0.036
   7 0 0 0 1 1 1 1   2  12  24   0   0   0   0    21.487    45.315     5.360     0.000     0.000     0.000     0.000   0   0   0   0   0   0   0     0.000     0.000     0.000    -0.267    -0.085    -0.023     0.022
   7 0 0 0 1 1 1 1  24  12  18   0   0   0   0     5.331    45.315    42.543     0.000     0.000     0.000     0.000   0   0   0   0   0   0   0     0.000     0.000     0.000     0.084    -0.021    -0.002     0.018
   7 0 0 0 1 1 1 1   3  14  25   0   0   0   0    21.910    49.136     5.942     0.000     0.000     0.000     0.000   0   0   0   0   0   0   0     0.000     0.000     0.000    -0.042     0.036     0.003     0.024
   7 0 0 0 1 1 1 1   2  12  24   0   0   0   0    21.705    45.315     5.400     0.000     0.000     0.000     0.000   0   0   0   0   0   0   0     0.000     0.000     0.000    -0.127    -0.035    -0.007     0.014
   7 0 0 0 1 1 1 1  14  23  12   0   0   0   0    49.014     5.979    45.315     0.000     0.000     0.000     0.000   0   0   0   0   0   0   0     0.000     0.000     0.000    -0.005     0.033    -0.254    -0.077
   7 0 0 0 1 1 1 1  19   4  26   0   0   0   0    66.284    22.071     5.895     0.000     0.000     0.000     0.000   0   0   0   0   0   0   0     0.000     0.000     0.000    -0.035     0.003     0.073     0.027
   7 0 0 0 1 1 1 1  25   4   0   0   0   0   0     5.722    22.055    21.582     0.000     0.000     0.000     0.000   0   0   0   0   0   0   0     0.000     0.000     0.000    -0.038    -0.011     0.006     0.024
   7 0 0 0 1 1 1 1  24  12   6   0   0   0   0     5.204    45.315    21.251     0.000     0.000     0.000     0.000   0   0   0   0   0   0   0     0.000     0.000     0.000    -0.120    -0.028     0.000     0.019
   7 0 0 0 1 1 1 1  29  12   6   0   0   0   0     5.709    45.315    21.251     0.000     0.000     0.000     0.000   0   0   0   0   0   0   0     0.000     0.000     0.000    -0.241    -0.053     0.002     0.032
   7 0 0 0 1 1 1 1  19   3  26   0   0   0   0    66.284    21.814     5.895     0.000     0.000     0.000     0.000   0   0   0   0   0   0   0     0.000     0.000     0.000    -0.029     0.003     0.068     0.025
   7 0 0 0 1 1 1 1   4  14  11   0   0   0   0    22.621    49.136    50.260     0.000     0.000     0.000     0.000   0   0   0   0   0   0   0     0.000     0.000     0.000    -0.027     0.036     0.016     0.003
   7 0 0 0 1 1 1 1   4  12  25   0   0   0   0    22.055    45.315     5.831     0.000     0.000     0.000     0.000   0   0   0   0   0   0   0     0.000     0.000     0.000    -0.114    -0.033    -0.007     0.012
   7 0 0 0 1 1 1 1   2  12  24   0   0   0   0    21.487    45.315     5.360     0.000     0.000     0.000     0.000   0   0   0   0   0   0   0     0.000     0.000     0.000    -0.229    -0.065    -0.018     0.017
   7 0 0 0 1 1 1 1  19   4   0   0   0   0   0    66.284    22.055    21.197     0.000     0.000     0.000     0.000   0   0   0   0   0   0   0     0.000     0.000     0.000    -0.030     0.002     0.073     0.025
   7 0 0 0 1 1 1 1   3  12  26   0   0   0   0    21.814    45.315     5.895     0.000     0.000     0.000     0.000   0   0   0   0   0   0   0     0.000     0.000     0.000     0.034    -0.034    -0.005     0.009
   7 0 0 0 1 1 1 1  25  12  23   0   0   0   0     5.781    45.315     5.709     0.000     0.000     0.000     0.000   0   0   0   0   0   0   0     0.000     0.000     0.000    -0.109    -0.016    -0.001     0.015
   7 0 0 0 1 1 1 1   4  12  17   0   0   0   0    22.074    45.315    53.954     0.000     0.000     0.000     0.000   0   0   0   0   0   0   0     0.000     0.000     0.000    -0.218    -0.053     0.025    -0.003
   7 0 0 0 1 1 1 1  12  14  26   0   0   0   0    48.843    49.136     5.825     0.000     0.000     0.000     0.000   0   0   0   0   0   0   0     0.000     0.000     0.000    -0.008     0.070    -0.005     0.017
   7 0 0 0 1 1 1 1  25  12   0   0   0   0   0     5.660    45.315    21.582     0.000     0.000     0.000     0.000   0   0   0   0   0   0   0     0.000     0.000     0.000     0.033    -0.020     0.004     0.019
   7 0 0 0 1 1 1 1   2  12  25   0   0   0   0    21.480    45.315     5.843     0.000     0.000     0.000     0.000   0   0   0   0   0   0   0     0.000     0.000     0.000    -0.103    -0.031    -0.006     0.010
   7 0 0 0 1 1 1 1   2  12  23   0   0   0   0    21.487    45.315     5.640     0.000     0.000     0.000     0.000   0   0   0   0   0   0   0     0.000     0.000     0.000    -0.207    -0.054    -0.009     0.018
   7 0 0 0 1 1 1 1  26  12   6   0   0   0   0     5.815    45.315    21.116     0.000     0.000     0.000     0.000   0   0   0   0   0   0   0     0.000     0.000     0.000     0.066    -0.015     0.013    -0.003
   7 0 0 0 1 1 1 1   4  12  25   0   0   0   0    22.071    45.315     5.843     0.000     0.000     0.000     0.000   0   0   0   0   0   0   0     0.000     0.000     0.000     0.031    -0.031    -0.003     0.008
   7 0 0 0 1 1 1 1   4  12  23   0   0   0   0    22.055    45.315     5.709     0.000     0.000     0.000     0.000   0   0   0   0   0   0   0     0.000     0.000     0.000    -0.098    -0.026    -0.005     0.010
   7 0 0 0 1 1 1 1  25  12   6   0   0   0   0     5.614    45.315    21.251     0.000     0.000     0.000     0.000   0   0   0   0   0   0   0     0.000     0.000     0.000    -0.197    -0.034     0.003     0.023
   7 0 0 0 1 1 1 1  19   4   0   0   0   0   0    66.284    22.055    21.197     0.000     0.000     0.000     0.000   0   0   0   0   0   0   0     0.000     0.000     0.000    -0.025     0.002     0.063     0.020
   7 0 0 0 1 1 1 1   3  14   0   0   0   0   0    21.814    49.136    21.557     0.000     0.000     0.000     0.000   0   0   0   0   0   0   0     0.000     0.000     0.000    -0.026     0.029     0.001     0.016
   7 0 0 0 1 1 1 1  31  12  23   0   0   0   0     5.465    45.315     5.709     0.000     0.000     0.000     0.000   0   0   0   0   0   0   0     0.000     0.000     0.000    -0.093    -0.017    -0.002     0.011
   7 0 0 0 1 1 1 1   2  12  24   0   0   0   0    21.480    45.315     5.360     0.000     0.000     0.000     0.000   0   0   0   0   0   0   0     0.000     0.000     0.000    -0.187    -0.047    -0.013     0.012
   7 0 0 0 1 1 1 1  19   3   1   0   0   0   0    66.284    21.814    22.005     0.000     0.000     0.000     0.000   0   0   0   0   0   0   0     0.000     0.000     0.000    -0.020     0.002     0.018     0.060
   7 0 0 0 1 1 1 1  25   4   0   0   0   0   0     5.722    22.055    21.602     0.000     0.000     0.000     0.000   0   0   0   0   0   0   0     0.000     0.000     0.000    -0.023    -0.006     0.003     0.016
   7 0 0 0 1 1 1 1   2  12  25   0   0   0   0    21.480    45.315     5.844     0.000     0.000     0.000     0.000   0   0   0   0   0   0   0     0.000     0.000     0.000    -0.088    -0.024    -0.005     0.008
   7 0 0 0 1 1 1 1   2  12   6   0   0   0   0    21.480    45.315    21.251     0.000     0.000     0.000     0.000   0   0   0   0   0   0   0     0.000     0.000     0.000    -0.177    -0.043    -0.003     0.020
   7 0 0 0 1 1 1 1  12  30  26   0   0   0   0    48.843     4.455     5.828     0.000     0.000     0.000     0.000   0   0   0   0   0   0   0     0.000     0.000     0.000     0.057    -0.006    -0.004     0.013
   7 0 0 0 1 1 1 1   4  12  25   0   0   0   0    22.055    45.315     5.864     0.000     0.000     0.000     0.000   0   0   0   0   0   0   0     0.000     0.000     0.000     0.029    -0.025    -0.002     0.007
   7 0 0 0 1 1 1 1   2  12  23   0   0   0   0    21.480    45.315     5.709     0.000     0.000     0.000     0.000   0   0   0   0   0   0   0     0.000     0.000     0.000    -0.084    -0.022    -0.004     0.008
   7 0 0 1 1 1 1 1  14  24  23   0   0   0   0    49.136     5.317     5.709     0.000     0.000     0.000     0.000   0   0   0   0   0   0   0     0.000     0.000    -0.169    -0.025     0.009    -0.004     0.008
   7 0 0 0 1 1 1 1  19   4   1   0   0   0   0    66.284    22.055    21.950     0.000     0.000     0.000     0.000   0   0   0   0   0   0   0     0.000     0.000    -0.169    -0.020     0.001     0.013     0.047
   7 0 0 0 1 1 1 1  25  14  25   0   0   0   0     5.722    49.136     6.005     0.000     0.000     0.000     0.000   0   0   0   0   0   0   0     0.000     0.000    -0.169    -0.012     0.028     0.003     0.017
   7 0 0 0 1 1 1 1  31  12  22   0   0   0   0     5.465    45.315     5.090     0.000     0.000     0.000     0.000   0   0   0   0   0   0   0     0.000     0.000    -0.169    -0.080    -0.013    -0.002     0.008
   7 0 0 1 1 1 1 1  14  24  22   0   0   0   0    49.136     5.317     5.090     0.000     0.000     0.000     0.000   0   0   0   0   0   0   0     0.000     0.000    -0.160    -0.023     0.008    -0.002     0.008
   7 0 0 0 1 1 1 1  12  14  26   0   0   0   0    46.636    49.136     5.829     0.000     0.000     0.000     0.000   0   0   0   0   0   0   0     0.000     0.000    -0.160    -0.006     0.051    -0.004     0.011
   7 0 0 0 1 1 1 1   4  12  25   0   0   0   0    22.055    45.315     5.996     0.000     0.000     0.000     0.000   0   0   0   0   0   0   0     0.000     0.000    -0.160     0.026    -0.021     0.001     0.012
   7 0 0 0 1 1 1 1  14  25  12   0   0   0   0    49.069     5.845    45.315     0.000     0.000     0.000     0.000   0   0   0   0   0   0   0     0.000     0.000    -0.160    -0.004     0.007    -0.076    -0.018
   7 0 0 1 1 1 1 1  14  29  12   0   0   0   0    49.136     5.713    45.315     0.000     0.000     0.000     0.000   0   0   0   0   0   0   0     0.000     0.000    -0.152    -0.024     0.006    -0.076    -0.018
   7 0 0 0 1 1 1 1  26  12  11   0   0   0   0     5.821    45.315    50.741     0.000     0.000     0.000     0.000   0   0   0   0   0   0   0     0.000     0.000    -0.152     0.049    -0.010     0.000     0.013
   7 0 0 0 1 1 1 1  25  12  25   0   0   0   0     5.660    45.315     6.005     0.000     0.000     0.000     0.000   0   0   0   0   0   0   0     0.000     0.000    -0.152     0.025    -0.011     0.002     0.014
   7 0 0 0 1 1 1 1   2  12  31   0   0   0   0    21.480    45.315     5.479     0.000     0.000     0.000     0.000   0   0   0   0   0   0   0     0.000     0.000    -0.152    -0.072    -0.017    -0.005     0.005
   7 0 0 1 1 1 1 1  14  24  31   0   0   0   0    49.136     5.317     5.479     0.000     0.000     0.000     0.000   0   0   0   0   0   0   0     0.000     0.000    -0.144    -0.019     0.006    -0.005     0.005
   7 0 0 1 1 1 1 1  14   4  31   0   0   0   0    49.136    22.055     5.479     0.000     0.000     0.000     0.000   0   0   0   0   0   0   0     0.000     0.000     0.046    -0.017     0.002    -0.005     0.005
   7 0 0 0 1 1 1 1   4  12  25   0   0   0   0    22.055    45.315     5.864     0.000     0.000     0.000     0.000   0   0   0   0   0   0   0     0.000     0.000     0.046     0.024    -0.018    -0.001     0.005
   7 0 0 1 1 1 1 1  14  25  25   0   0   0   0    49.136     5.781     5.864     0.000     0.000     0.000     0.000   0   0   0   0   0   0   0     0.000     0.000    -0.068    -0.008     0.005    -0.001     0.005
   7 0 0 1 1 1 1 1  14  29  25   0   0   0   0    49.136     5.720     5.864     0.000     0.000     0.000     0.000   0   0   0   0   0   0   0     0.000     0.000    -0.137    -0.019     0.005    -0.001     0.005
   7 0 0 1 1 1 1 1  14  24  25   0   0   0   0    49.136     5.331     5.864     0.000     0.000     0.000     0.000   0   0   0   0   0   0   0     0.000     0.000     0.044    -0.009     0.003    -0.001     0.005
   7 0 0 0 1 1 1 1   2  12  26   0   0   0   0    21.480    45.315     5.895     0.000     0.000     0.000     0.000   0   0   0   0   0   0   0     0.000     0.000     0.044     0.022    -0.018    -0.003     0.004
   7 0 0 1 1 1 1 1  14  31  26   0   0   0   0    49.136     5.479     5.895     0.000     0.000     0.000     0.000   0   0   0   0   0   0   0     0.000     0.000    -0.065    -0.007     0.004    -0.003     0.004
   7 0 0 1 1 1 1 1  14  23  26   0   0   0   0    49.136     5.717     5.895     0.000     0.000     0.000     0.000   0   0   0   0   0   0   0     0.000     0.000    -0.130    -0.009     0.010    -0.003     0.004
   7 0 0 0 1 1 1 1  12  14   4   0   0   0   0    48.843    49.136    23.370     0.000     0.000     0.000     0.000   0   0   0   0   0   0   0     0.000     0.000    -0.130    -0.004     0.042     0.015     0.002
   7 0 0 0 1 1 1 1   4  12  11   0   0   0   0    22.621    45.315    50.227     0.000     0.000     0.000     0.000   0   0   0   0   0   0   0     0.000     0.000    -0.130     0.021    -0.010     0.008     0.001
   7 0 0 1 1 1 1 1  14  25  11   0   0   0   0    49.136     5.845    50.227     0.000     0.000     0.000     0.000   0   0   0   0   0   0   0     0.000     0.000    -0.062    -0.005     0.005     0.008     0.001
   7 0 0 1 1 1 1 1  14   3  11   0   0   0   0    49.136    21.910    50.227     0.000     0.000     0.000     0.000   0   0   0   0   0   0   0     0.000     0.000    -0.124    -0.022     0.003     0.008     0.001
   7 0 0 1 1 1 1 1  14   2  11   0   0   0   0    49.136    21.480    50.227     0.000     0.000     0.000     0.000   0   0   0   0   0   0   0     0.000     0.000     0.040    -0.015     0.001     0.008     0.001
   7 0 0 0 1 1 1 1   2  12  25   0   0   0   0    21.480    45.315     6.005     0.000     0.000     0.000     0.000   0   0   0   0   0   0   0     0.000     0.000     0.040     0.020    -0.016     0.001     0.011
   7 0 0 1 1 1 1 1  14  29  25   0   0   0   0    49.136     5.820     6.005     0.000     0.000     0.000     0.000   0   0   0   0   0   0   0     0.000     0.000    -0.059    -0.006     0.004     0.001     0.011
   7 0 0 1 1 1 1 1  14   6  25   0   0   0   0    49.136    21.251     6.005     0.000     0.000     0.000     0.000   0   0   0   0   0   0   0     0.000     0.000    -0.118    -0.005     0.013     0.001     0.011
   7 0 0 0 1 1 1 1  12  14  26   0   0   0   0    46.636    49.136     5.835     0.000     0.000     0.000     0.000   0   0   0   0   0   0   0     0.000     0.000    -0.118    -0.004     0.038    -0.003     0.008
   7 0 0 0 1 1 1 1  18  11  12   0   0   0   0    49.756    50.762    45.315     0.000     0.000     0.000     0.000   0   0   0   0   0   0   0     0.000     0.000    -0.118     0.004    -0.002     0.019    -0.009
   7 0 1 0 1 1 1 1  30  11  25   0   0   0   0     4.455    50.762     5.815     0.000     0.000     0.000     0.000   0   0   0   0   0   0   0     0.000    -0.056    -0.118     0.004    -0.002    -0.006     0.004
   7 0 0 1 1 1 1 1  14  24  25   0   0   0   0    49.136     5.351     5.815     0.000     0.000     0.000     0.000   0   0   0   0   0   0   0     0.000    -0.056    -0.112    -0.012     0.005    -0.006     0.004
   7 0 0 1 1 1 1 1  14  26  25   0   0   0   0    49.136     5.825     5.815     0.000     0.000     0.000     0.000   0   0   0   0   0   0   0     0.000    -0.056     0.036    -0.007     0.003    -0.006     0.004
   7 0 0 0 1 1 1 1   2  12  25   0   0   0   0    21.480    45.315     6.005     0.000     0.000     0.000     0.000   0   0   0   0   0   0   0     0.000    -0.056     0.036     0.018    -0.013     0.000     0.010
   7 0 0 1 1 1 1 1  14  31  25   0   0   0   0    49.136     5.478     6.005     0.000     0.000     0.000     0.000   0   0   0   0   0   0   0     0.000    -0.056    -0.053    -0.006     0.003     0.000     0.010
   7 0 0 1 1 1 1 1  14   2  25   0   0   0   0    49.136    21.480     6.005     0.000     0.000     0.000     0.000   0   0   0   0   0   0   0     0.000    -0.056    -0.106    -0.024     0.002     0.000     0.010
   7 0 0 0 1 1 1 1  12  14  26   0   0   0   0    45.874    49.136     5.835     0.000     0.000     0.000     0.000   0   0   0   0   0   0   0     0.000    -0.056    -0.106    -0.005     0.034    -0.002     0.006
   7 0 0 0 1 1 1 1  25  12  11   0   0   0   0     5.722    45.315    50.276     0.000     0.000     0.000     0.000   0   0   0   0   0   0   0     0.000    -0.056    -0.106     0.017    -0.005     0.005     0.000
   7 0 0 0 1 1 1 1   2  12   5   0   0   0   0    21.474    45.315    22.005     0.000     0.000     0.000     0.000   0   0   0   0   0   0   0     0.000    -0.056    -0.106    -0.050    -0.013     0.019    -0.000
   7 0 1 0 1 1 1 1  30  12  23   0   0   0   0     4.455    45.315     5.975     0.000     0.000     0.000     0.000   0   0   0   0   0   0   0     0.000    -0.101    -0.106    -0.050    -0.013    -0.005     0.010
   7 0 0 1 1 1 1 1  14  14  23   0   0   0   0    49.136    49.069     5.975     0.000     0.000     0.000     0.000   0   0   0   0   0   0   0     0.000    -0.101     0.032     0.001    -0.012    -0.005     0.010
   7 0 0 0 1 1 1 1   2  12  25   0   0   0   0    21.480    45.315     6.005     0.000     0.000     0.000     0.000   0   0   0   0   0   0   0     0.000    -0.101     0.032     0.017    -0.012     0.000     0.009
   7 0 0 1 1 1 1 1  14  25  25   0   0   0   0    49.136     5.845     6.005     0.000     0.000     0.000     0.000   0   0   0   0   0   0   0     0.000    -0.101    -0.048    -0.004     0.004     0.000     0.009
   7 0 0 1 1 1 1 1  14   2  25   0   0   0   0    49.136    21.480     6.005     0.000     0.000     0.000     0.000   0   0   0   0   0   0   0     0.000    -0.101    -0.096    -0.021     0.002     0.000     0.009
   7 0 0 1 1 1 1 1  16  14  25   0   0   0   0    61.950    49.136     6.005     0.000     0.000     0.000     0.000   0   0   0   0   0   0   0     0.000    -0.101     0.017    -0.001     0.031     0.000     0.009
   7 0 0 0 1 1 1 1  26  12  23   0   0   0   0     5.767    45.315     5.409     0.000     0.000     0.000     0.000   0   0   0   0   0   0   0     0.000    -0.101     0.017     0.016    -0.007     0.007     0.001
   7 0 0 0 1 1 1 1   3  12   5   0   0   0   0    21.620    45.315    21.985     0.000     0.000     0.000     0.000   0   0   0   0   0   0   0     0.000    -0.101     0.017    -0.045    -0.011     0.019     0.000
   7 0 0 1 1 1 1 1  14   6   5   0   0   0   0    49.136    21.273    21.985     0.000     0.000     0.000     0.000   0   0   0   0   0   0   0     0.000    -0.101    -0.091    -0.004     0.011     0.019     0.000
   7 0 0 0 1 1 1 1  12  14  23   0   0   0   0    48.843    49.136     5.640     0.000     0.000     0.000     0.000   0   0   0   0   0   0   0     0.000    -0.101    -0.091    -0.003     0.029     0.001     0.012
   7 0 0 0 1 1 1 1   4  12  11   0   0   0   0    22.055    45.315    50.762     0.000     0.000     0.000     0.000   0   0   0   0   0   0   0     0.000    -0.101    -0.091     0.015    -0.009     0.002    -0.002
   7 0 0 1 1 1 1 1  14   6  11   0   0   0   0    49.136    21.283    50.762     0.000     0.000     0.000     0.000   0   0   0   0   0   0   0     0.000    -0.101    -0.043    -0.002     0.007     0.002    -0.002
   7 0 0 1 1 1 1 1  14  29  11   0   0   0   0    49.136     5.723    50.762     0.000     0.000     0.000     0.000   0   0   0   0   0   0   0     0.000    -0.101    -0.087    -0.011     0.003     0.002    -0.002
   7 0 0 1 1 1 1 1  14   2  11   0   0   0   0    49.136    21.480    50.762     0.000     0.000     0.000     0.000   0   0   0   0   0   0   0     0.000    -0.101     0.028    -0.011     0.001     0.002    -0.002
   7 0 1 0 1 1 1 1   4   2  14   0   0   0   0    21.999    21.480    40.284     0.000     0.000     0.000     0.000   0   0   0   0   0   0   0     0.000    -0.018     0.028    -0.011     0.001     0.002    -0.002
   7 0 0 0 1 1 1 1   3  12   5   0   0   0   0    21.604    45.315    22.005     0.000     0.000     0.000     0.000   0   0   0   0   0   0   0     0.000    -0.018     0.028    -0.041    -0.012     0.016    -0.000
   7 0 0 1 1 1 1 1  14  23   5   0   0   0   0    49.136     6.001    22.005     0.000     0.000     0.000     0.000   0   0   0   0   0   0   0     0.000    -0.018    -0.082    -0.002     0.013     0.016    -0.000
