  220
   1 1   0     0.000   0     5.588
   1 1   0     0.000   0     5.701
   1 1   0     0.000   0     5.388
   1 1   0     0.000   0     5.516
   7 0 1 1 0 0 0 0   1   0   0   0   0   0   0    19.473     0.000     0.000     0.000     0.000     0.000     0.000   0   0   0   0   0   0   0     0.000     0.029    -0.039     0.000     0.000     0.000     0.000
   7 0 1 1 0 0 0 0   0   0   0   0   0   0   0    16.718     0.000     0.000     0.000     0.000     0.000     0.000   0   0   0   0   0   0   0     0.000    -0.244     0.098     0.000     0.000     0.000     0.000
   7 0 1 1 0 0 0 0   1   0   0   0   0   0   0    19.473     0.000     0.000     0.000     0.000     0.000     0.000   0   0   0   0   0   0   0     0.000    -0.130     0.174     0.000     0.000     0.000     0.000
   7 0 1 0 0 0 1 1   0   0   4   0   0   0   0    16.718     0.000    21.704     0.000     0.000     0.000     0.000   0   0   0   0   0   0   0     0.000     0.056     0.174     0.000     0.000    -0.006    -0.025
   7 0 1 0 0 0 1 1   0   0   0   0   0   0   0    16.718     0.000    17.040     0.000     0.000     0.000     0.000   0   0   0   0   0   0   0     0.000    -0.051     0.174     0.000     0.000     0.027    -0.004
   7 0 1 1 0 0 1 1   0   0   0   0   0   0   0    16.718     0.000    17.040     0.000     0.000     0.000     0.000   0   0   0   0   0   0   0     0.000    -0.232     0.090     0.000     0.000     0.027    -0.004
   7 0 1 1 0 0 1 1   1   0   0   0   0   0   0    19.473     0.000    17.040     0.000     0.000     0.000     0.000   0   0   0   0   0   0   0     0.000    -0.121     0.162     0.000     0.000     0.027    -0.004
   7 0 1 0 0 0 1 1   0   0   0   0   0   0   0    16.718     0.000    17.040     0.000     0.000     0.000     0.000   0   0   0   0   0   0   0     0.000     0.053     0.162     0.000     0.000    -0.023    -0.006
   7 0 1 0 0 0 1 1   0   0   0   0   0   0   0    16.718     0.000    17.040     0.000     0.000     0.000     0.000   0   0   0   0   0   0   0     0.000    -0.048     0.162     0.000     0.000     0.025    -0.004
   7 0 1 1 0 0 1 1   0   0   0   0   0   0   0    16.718     0.000    17.040     0.000     0.000     0.000     0.000   0   0   0   0   0   0   0     0.000    -0.220     0.083     0.000     0.000     0.025    -0.004
   7 0 1 1 0 0 1 1   1   0   0   0   0   0   0    19.473     0.000    17.040     0.000     0.000     0.000     0.000   0   0   0   0   0   0   0     0.000    -0.112     0.152     0.000     0.000     0.025    -0.004
   7 0 1 0 0 0 1 1   0   0   0   0   0   0   0    16.718     0.000    17.040     0.000     0.000     0.000     0.000   0   0   0   0   0   0   0     0.000     0.050     0.152     0.000     0.000    -0.021    -0.006
   7 0 1 0 0 0 1 1   0   0   4   0   0   0   0    16.718     0.000    21.704     0.000     0.000     0.000     0.000   0   0   0   0   0   0   0     0.000    -0.046     0.152     0.000     0.000    -0.004     0.023
   7 0 1 1 0 0 1 1   0   0   4   0   0   0   0    16.718     0.000    21.704     0.000     0.000     0.000     0.000   0   0   0   0   0   0   0     0.000    -0.209     0.076     0.000     0.000    -0.004     0.023
   7 0 1 0 0 0 1 1   0   0   0   0   0   0   0    16.718     0.000    17.040     0.000     0.000     0.000     0.000   0   0   0   0   0   0   0     0.000     0.195     0.076     0.000     0.000    -0.103     0.017
   7 0 1 1 0 0 1 1   0   0   0   0   0   0   0    16.718     0.000    17.040     0.000     0.000     0.000     0.000   0   0   0   0   0   0   0     0.000     0.048    -0.018     0.000     0.000    -0.103     0.017
   7 0 1 0 0 0 1 1   0   0   0   0   0   0   0    16.718     0.000    17.040     0.000     0.000     0.000     0.000   0   0   0   0   0   0   0     0.000    -0.044    -0.018     0.000     0.000     0.022    -0.003
   7 0 1 1 0 0 1 1   0   0   0   0   0   0   0    16.718     0.000    17.040     0.000     0.000     0.000     0.000   0   0   0   0   0   0   0     0.000    -0.199     0.070     0.000     0.000     0.022    -0.003
   7 0 1 0 0 0 1 1   0   0   0   0   0   0   0    16.718     0.000    17.040     0.000     0.000     0.000     0.000   0   0   0   0   0   0   0     0.000     0.185     0.070     0.000     0.000    -0.096     0.016
   7 0 1 0 0 0 1 1   0   0   4   0   0   0   0    16.718     0.000    21.704     0.000     0.000     0.000     0.000   0   0   0   0   0   0   0     0.000     0.045     0.070     0.000     0.000    -0.005    -0.018
   7 0 1 0 0 0 1 1   0   0   0   0   0   0   0    16.718     0.000    17.040     0.000     0.000     0.000     0.000   0   0   0   0   0   0   0     0.000    -0.041     0.070     0.000     0.000     0.020    -0.003
   7 0 1 1 0 0 1 1   0   0   0   0   0   0   0    16.718     0.000    17.040     0.000     0.000     0.000     0.000   0   0   0   0   0   0   0     0.000    -0.189     0.064     0.000     0.000     0.020    -0.003
   7 0 1 0 0 0 1 1   0   0   0   0   0   0   0    16.718     0.000    17.040     0.000     0.000     0.000     0.000   0   0   0   0   0   0   0     0.000     0.176     0.064     0.000     0.000    -0.088     0.015
   7 0 1 0 0 0 1 1   0   0   0   0   0   0   0    16.718     0.000    17.040     0.000     0.000     0.000     0.000   0   0   0   0   0   0   0     0.000     0.043     0.064     0.000     0.000    -0.017    -0.004
   7 0 1 0 0 0 1 1   0   0   0   0   0   0   0    16.718     0.000    17.040     0.000     0.000     0.000     0.000   0   0   0   0   0   0   0     0.000    -0.039     0.064     0.000     0.000     0.018    -0.003
   7 0 1 1 0 0 1 1   0   0   0   0   0   0   0    16.718     0.000    17.040     0.000     0.000     0.000     0.000   0   0   0   0   0   0   0     0.000    -0.180     0.059     0.000     0.000     0.018    -0.003
   7 0 1 0 0 0 1 1   0   0   0   0   0   0   0    16.718     0.000    17.040     0.000     0.000     0.000     0.000   0   0   0   0   0   0   0     0.000     0.167     0.059     0.000     0.000    -0.082     0.015
   7 0 1 0 0 0 1 1   0   0   4   0   0   0   0    16.718     0.000    21.704     0.000     0.000     0.000     0.000   0   0   0   0   0   0   0     0.000     0.041     0.059     0.000     0.000    -0.004    -0.016
   7 0 1 0 0 0 1 1   0   0   0   0   0   0   0    16.718     0.000    17.040     0.000     0.000     0.000     0.000   0   0   0   0   0   0   0     0.000    -0.037     0.059     0.000     0.000     0.017    -0.003
   7 0 1 1 0 0 1 1   0   0   0   0   0   0   0    16.718     0.000    17.040     0.000     0.000     0.000     0.000   0   0   0   0   0   0   0     0.000    -0.171     0.054     0.000     0.000     0.017    -0.003
   7 0 1 0 0 0 1 1   0   0   0   0   0   0   0    16.718     0.000    17.040     0.000     0.000     0.000     0.000   0   0   0   0   0   0   0     0.000     0.159     0.054     0.000     0.000    -0.076     0.014
   7 0 1 0 0 0 1 1   0   0   0   0   0   0   0    16.718     0.000    17.040     0.000     0.000     0.000     0.000   0   0   0   0   0   0   0     0.000     0.039     0.054     0.000     0.000    -0.014    -0.004
   7 0 1 0 0 0 1 1   0   0   4   0   0   0   0    16.718     0.000    21.704     0.000     0.000     0.000     0.000   0   0   0   0   0   0   0     0.000    -0.036     0.054     0.000     0.000    -0.003     0.016
   7 0 1 1 0 0 1 1   0   0   4   0   0   0   0    16.718     0.000    21.704     0.000     0.000     0.000     0.000   0   0   0   0   0   0   0     0.000    -0.162     0.050     0.000     0.000    -0.003     0.016
   7 0 1 0 0 0 1 1   0   0   0   0   0   0   0    16.718     0.000    17.040     0.000     0.000     0.000     0.000   0   0   0   0   0   0   0     0.000     0.151     0.050     0.000     0.000    -0.070     0.013
   7 0 1 1 0 0 1 1   0   0   0   0   0   0   0    16.718     0.000    17.040     0.000     0.000     0.000     0.000   0   0   0   0   0   0   0     0.000     0.037    -0.012     0.000     0.000    -0.070     0.013
   7 0 1 0 0 0 1 1   0   0   0   0   0   0   0    16.718     0.000    17.040     0.000     0.000     0.000     0.000   0   0   0   0   0   0   0     0.000    -0.034    -0.012     0.000     0.000     0.015    -0.003
   7 0 1 1 0 0 1 1   0   0   0   0   0   0   0    16.718     0.000    17.040     0.000     0.000     0.000     0.000   0   0   0   0   0   0   0     0.000    -0.154     0.046     0.000     0.000     0.015    -0.003
   7 0 1 0 0 0 1 1   0   0   4   0   0   0   0    16.718     0.000    21.704     0.000     0.000     0.000     0.000   0   0   0   0   0   0   0     0.000     0.143     0.046     0.000     0.000     0.013    -0.065
   7 0 1 0 0 0 1 1   0   0   4   0   0   0   0    16.718     0.000    21.704     0.000     0.000     0.000     0.000   0   0   0   0   0   0   0     0.000     0.035     0.046     0.000     0.000    -0.003    -0.012
   7 0 1 0 0 0 1 1   0   0   0   0   0   0   0    16.718     0.000    17.040     0.000     0.000     0.000     0.000   0   0   0   0   0   0   0     0.000    -0.032     0.046     0.000     0.000     0.013    -0.002
   7 0 1 1 0 0 1 1   0   0   0   0   0   0   0    16.718     0.000    17.040     0.000     0.000     0.000     0.000   0   0   0   0   0   0   0     0.000    -0.146     0.042     0.000     0.000     0.013    -0.002
   7 0 1 0 0 0 1 1   0   0   0   0   0   0   0    16.718     0.000    17.040     0.000     0.000     0.000     0.000   0   0   0   0   0   0   0     0.000     0.136     0.042     0.000     0.000    -0.060     0.012
   7 0 1 0 0 0 1 1   0   0   0   0   0   0   0    16.718     0.000    17.040     0.000     0.000     0.000     0.000   0   0   0   0   0   0   0     0.000     0.033     0.042     0.000     0.000    -0.011    -0.003
   7 0 1 0 0 0 1 1   0   0   0   0   0   0   0    16.718     0.000    17.040     0.000     0.000     0.000     0.000   0   0   0   0   0   0   0     0.000    -0.030     0.042     0.000     0.000     0.012    -0.002
   7 0 1 1 0 0 1 1   0   0   0   0   0   0   0    16.718     0.000    17.040     0.000     0.000     0.000     0.000   0   0   0   0   0   0   0     0.000    -0.139     0.039     0.000     0.000     0.012    -0.002
   7 0 1 0 0 0 1 1   0   0   0   0   0   0   0    16.718     0.000    17.040     0.000     0.000     0.000     0.000   0   0   0   0   0   0   0     0.000     0.129     0.039     0.000     0.000    -0.055     0.011
   7 0 1 0 0 0 1 1   0   0   4   0   0   0   0    16.718     0.000    21.704     0.000     0.000     0.000     0.000   0   0   0   0   0   0   0     0.000     0.032     0.039     0.000     0.000    -0.003    -0.011
   7 0 1 0 0 0 1 1   0   0   4   0   0   0   0    16.718     0.000    21.704     0.000     0.000     0.000     0.000   0   0   0   0   0   0   0     0.000    -0.029     0.039     0.000     0.000    -0.002     0.012
   7 0 1 1 0 0 1 1   0   0   4   0   0   0   0    16.718     0.000    21.704     0.000     0.000     0.000     0.000   0   0   0   0   0   0   0     0.000    -0.132     0.036     0.000     0.000    -0.002     0.012
   7 0 1 0 0 0 1 1   0   0   0   0   0   0   0    16.718     0.000    17.040     0.000     0.000     0.000     0.000   0   0   0   0   0   0   0     0.000     0.123     0.036     0.000     0.000    -0.051     0.011
   7 0 1 0 0 0 1 1   0   0   0   0   0   0   0    16.718     0.000    17.040     0.000     0.000     0.000     0.000   0   0   0   0   0   0   0     0.000     0.030     0.036     0.000     0.000    -0.010    -0.003
   7 0 1 0 0 0 1 1   0   0   0   0   0   0   0    16.718     0.000    17.040     0.000     0.000     0.000     0.000   0   0   0   0   0   0   0     0.000    -0.028     0.036     0.000     0.000     0.011    -0.002
   7 0 1 1 0 0 1 1   0   0   0   0   0   0   0    16.718     0.000    17.040     0.000     0.000     0.000     0.000   0   0   0   0   0   0   0     0.000    -0.125     0.033     0.000     0.000     0.011    -0.002
   7 0 1 0 0 0 1 1   0   0   4   0   0   0   0    16.718     0.000    21.704     0.000     0.000     0.000     0.000   0   0   0   0   0   0   0     0.000     0.117     0.033     0.000     0.000     0.010    -0.047
   7 0 1 1 0 0 1 1   0   0   4   0   0   0   0    16.718     0.000    21.704     0.000     0.000     0.000     0.000   0   0   0   0   0   0   0     0.000     0.029    -0.008     0.000     0.000     0.010    -0.047
   7 0 1 0 0 0 1 1   0   0   0   0   0   0   0    16.718     0.000    17.040     0.000     0.000     0.000     0.000   0   0   0   0   0   0   0     0.000    -0.026    -0.008     0.000     0.000     0.010    -0.002
   7 0 1 1 0 0 1 1   0   0   0   0   0   0   0    16.718     0.000    17.040     0.000     0.000     0.000     0.000   0   0   0   0   0   0   0     0.000    -0.119     0.030     0.000     0.000     0.010    -0.002
   7 0 1 0 0 0 1 1   0   0   0   0   0   0   0    16.718     0.000    17.040     0.000     0.000     0.000     0.000   0   0   0   0   0   0   0     0.000     0.111     0.030     0.000     0.000    -0.044     0.010
   7 0 1 0 0 0 1 1   0   0   4   0   0   0   0    16.718     0.000    21.704     0.000     0.000     0.000     0.000   0   0   0   0   0   0   0     0.000     0.027     0.030     0.000     0.000    -0.002    -0.008
   7 0 1 0 0 0 1 1   0   0   0   0   0   0   0    16.718     0.000    17.040     0.000     0.000     0.000     0.000   0   0   0   0   0   0   0     0.000    -0.025     0.030     0.000     0.000     0.009    -0.002
   7 0 1 1 0 0 1 1   0   0   0   0   0   0   0    16.718     0.000    17.040     0.000     0.000     0.000     0.000   0   0   0   0   0   0   0     0.000    -0.113     0.028     0.000     0.000     0.009    -0.002
   7 0 1 0 0 0 1 1   0   0   4   0   0   0   0    16.718     0.000    21.704     0.000     0.000     0.000     0.000   0   0   0   0   0   0   0     0.000     0.105     0.028     0.000     0.000     0.009    -0.041
   7 0 1 0 0 0 1 1   0   0   4   0   0   0   0    16.718     0.000    21.704     0.000     0.000     0.000     0.000   0   0   0   0   0   0   0     0.000     0.026     0.028     0.000     0.000    -0.002    -0.008
   7 0 1 0 0 0 1 1   0   0   4   0   0   0   0    16.718     0.000    21.704     0.000     0.000     0.000     0.000   0   0   0   0   0   0   0     0.000    -0.024     0.028     0.000     0.000    -0.002     0.008
   7 0 1 1 0 0 1 1   0   0   4   0   0   0   0    16.718     0.000    21.704     0.000     0.000     0.000     0.000   0   0   0   0   0   0   0     0.000    -0.107     0.026     0.000     0.000    -0.002     0.008
   7 0 1 0 0 0 1 1   0   0   0   0   0   0   0    16.718     0.000    17.040     0.000     0.000     0.000     0.000   0   0   0   0   0   0   0     0.000     0.100     0.026     0.000     0.000    -0.037     0.009
   7 0 1 0 0 0 1 1   0   0   4   0   0   0   0    16.718     0.000    21.704     0.000     0.000     0.000     0.000   0   0   0   0   0   0   0     0.000     0.024     0.026     0.000     0.000    -0.002    -0.007
   7 0 1 0 0 0 1 1   0   0   0   0   0   0   0    16.718     0.000    17.040     0.000     0.000     0.000     0.000   0   0   0   0   0   0   0     0.000    -0.022     0.026     0.000     0.000     0.008    -0.002
   7 0 1 1 0 0 1 1   0   0   0   0   0   0   0    16.718     0.000    17.040     0.000     0.000     0.000     0.000   0   0   0   0   0   0   0     0.000    -0.102     0.024     0.000     0.000     0.008    -0.002
   7 0 1 0 0 0 1 1   0   0   0   0   0   0   0    16.718     0.000    17.040     0.000     0.000     0.000     0.000   0   0   0   0   0   0   0     0.000     0.095     0.024     0.000     0.000    -0.035     0.008
   7 0 1 0 0 0 1 1   0   0   4   0   0   0   0    16.718     0.000    21.704     0.000     0.000     0.000     0.000   0   0   0   0   0   0   0     0.000     0.023     0.024     0.000     0.000    -0.002    -0.007
   7 0 1 0 0 0 1 1   0   0   4   0   0   0   0    16.718     0.000    21.704     0.000     0.000     0.000     0.000   0   0   0   0   0   0   0     0.000    -0.021     0.024     0.000     0.000    -0.002     0.007
   7 0 1 1 0 0 1 1   0   0   4   0   0   0   0    16.718     0.000    21.704     0.000     0.000     0.000     0.000   0   0   0   0   0   0   0     0.000    -0.097     0.022     0.000     0.000    -0.002     0.007
   7 0 1 0 0 0 1 1   0   0   0   0   0   0   0    16.718     0.000    17.040     0.000     0.000     0.000     0.000   0   0   0   0   0   0   0     0.000     0.090     0.022     0.000     0.000    -0.032     0.008
   7 0 1 1 0 0 1 1   0   0   0   0   0   0   0    16.718     0.000    17.040     0.000     0.000     0.000     0.000   0   0   0   0   0   0   0     0.000     0.022    -0.006     0.000     0.000    -0.032     0.008
   7 0 1 0 0 0 1 1   0   0   0   0   0   0   0    16.718     0.000    17.040     0.000     0.000     0.000     0.000   0   0   0   0   0   0   0     0.000    -0.020    -0.006     0.000     0.000     0.007    -0.002
   7 0 1 1 0 0 1 1   0   0   0   0   0   0   0    16.718     0.000    17.040     0.000     0.000     0.000     0.000   0   0   0   0   0   0   0     0.000    -0.092     0.020     0.000     0.000     0.007    -0.002
   7 0 1 0 0 0 1 1   0   0   0   0   0   0   0    16.718     0.000    17.040     0.000     0.000     0.000     0.000   0   0   0   0   0   0   0     0.000     0.086     0.020     0.000     0.000    -0.030     0.008
   7 0 1 0 0 0 1 1   0   0   4   0   0   0   0    16.718     0.000    21.704     0.000     0.000     0.000     0.000   0   0   0   0   0   0   0     0.000     0.021     0.020     0.000     0.000    -0.001    -0.006
   7 0 1 0 0 0 1 1   0   0   0   0   0   0   0    16.718     0.000    17.040     0.000     0.000     0.000     0.000   0   0   0   0   0   0   0     0.000    -0.019     0.020     0.000     0.000     0.006    -0.001
   7 0 1 1 0 0 1 1   0   0   0   0   0   0   0    16.718     0.000    17.040     0.000     0.000     0.000     0.000   0   0   0   0   0   0   0     0.000    -0.088     0.018     0.000     0.000     0.006    -0.001
   7 0 1 0 0 0 1 1   0   0   0   0   0   0   0    16.718     0.000    17.040     0.000     0.000     0.000     0.000   0   0   0   0   0   0   0     0.000     0.082     0.018     0.000     0.000    -0.027     0.007
   7 0 1 0 0 0 1 1   0   0   0   0   0   0   0    16.718     0.000    17.040     0.000     0.000     0.000     0.000   0   0   0   0   0   0   0     0.000     0.020     0.018     0.000     0.000    -0.005    -0.001
   7 0 1 0 0 0 1 1   0   0   0   0   0   0   0    16.718     0.000    17.040     0.000     0.000     0.000     0.000   0   0   0   0   0   0   0     0.000    -0.018     0.018     0.000     0.000     0.006    -0.001
   7 0 1 1 0 0 1 1   0   0   0   0   0   0   0    16.718     0.000    17.040     0.000     0.000     0.000     0.000   0   0   0   0   0   0   0     0.000    -0.083     0.017     0.000     0.000     0.006    -0.001
   7 0 1 0 0 0 1 1   0   0   0   0   0   0   0    16.718     0.000    17.040     0.000     0.000     0.000     0.000   0   0   0   0   0   0   0     0.000     0.077     0.017     0.000     0.000    -0.025     0.007
   7 0 1 0 0 0 1 1   0   0   4   0   0   0   0    16.718     0.000    21.704     0.000     0.000     0.000     0.000   0   0   0   0   0   0   0     0.000     0.019     0.017     0.000     0.000    -0.001    -0.005
   7 0 1 0 0 0 1 1   0   0   0   0   0   0   0    16.718     0.000    17.040     0.000     0.000     0.000     0.000   0   0   0   0   0   0   0     0.000    -0.017     0.017     0.000     0.000     0.005    -0.001
   7 0 1 0 0 0 1 1   0   0   0   0   0   0   0    16.718     0.000    17.040     0.000     0.000     0.000     0.000   0   0   0   0   0   0   0     0.000    -0.079     0.017     0.000     0.000     0.017     0.005
   7 0 1 0 0 0 1 1   0   0   4   0   0   0   0    16.718     0.000    21.704     0.000     0.000     0.000     0.000   0   0   0   0   0   0   0     0.000     0.074     0.017     0.000     0.000     0.006    -0.023
   7 0 1 0 0 0 1 1   0   0   0   0   0   0   0    16.718     0.000    17.040     0.000     0.000     0.000     0.000   0   0   0   0   0   0   0     0.000     0.018     0.017     0.000     0.000    -0.005    -0.001
   7 0 1 0 0 0 1 1   0   0   0   0   0   0   0    16.718     0.000    17.040     0.000     0.000     0.000     0.000   0   0   0   0   0   0   0     0.000    -0.016     0.017     0.000     0.000     0.005    -0.001
   7 0 1 0 0 0 1 1   0   0   0   0   0   0   0    16.718     0.000    17.040     0.000     0.000     0.000     0.000   0   0   0   0   0   0   0     0.000    -0.075     0.017     0.000     0.000     0.016     0.004
   7 0 1 0 0 0 1 1   0   0   0   0   0   0   0    16.718     0.000    17.040     0.000     0.000     0.000     0.000   0   0   0   0   0   0   0     0.000     0.070     0.017     0.000     0.000    -0.022     0.006
   7 0 1 1 0 0 1 1   0   0   0   0   0   0   0    16.718     0.000    17.040     0.000     0.000     0.000     0.000   0   0   0   0   0   0   0     0.000     0.017    -0.004     0.000     0.000    -0.022     0.006
   7 0 1 0 0 0 1 1   0   0   0   0   0   0   0    16.718     0.000    17.040     0.000     0.000     0.000     0.000   0   0   0   0   0   0   0     0.000    -0.016    -0.004     0.000     0.000     0.005    -0.001
   7 0 1 0 0 0 1 1   0   0   0   0   0   0   0    16.718     0.000    17.040     0.000     0.000     0.000     0.000   0   0   0   0   0   0   0     0.000    -0.071    -0.004     0.000     0.000     0.015     0.004
   7 0 1 0 0 0 1 1   0   0   0   0   0   0   0    16.718     0.000    17.040     0.000     0.000     0.000     0.000   0   0   0   0   0   0   0     0.000     0.066    -0.004     0.000     0.000    -0.020     0.006
   7 0 1 0 0 0 1 1   0   0   4   0   0   0   0    16.718     0.000    21.704     0.000     0.000     0.000     0.000   0   0   0   0   0   0   0     0.000     0.016    -0.004     0.000     0.000    -0.001    -0.004
   7 0 1 0 0 0 1 1   0   0   0   0   0   0   0    16.718     0.000    17.040     0.000     0.000     0.000     0.000   0   0   0   0   0   0   0     0.000    -0.015    -0.004     0.000     0.000     0.004    -0.001
   7 0 1 1 0 0 1 1   0   0   0   0   0   0   0    16.718     0.000    17.040     0.000     0.000     0.000     0.000   0   0   0   0   0   0   0     0.000    -0.068     0.012     0.000     0.000     0.004    -0.001
   7 0 1 0 0 0 1 1   0   0   0   0   0   0   0    16.718     0.000    17.040     0.000     0.000     0.000     0.000   0   0   0   0   0   0   0     0.000     0.063     0.012     0.000     0.000    -0.019     0.006
   7 0 1 0 0 0 1 1   0   0   0   0   0   0   0    16.718     0.000    17.040     0.000     0.000     0.000     0.000   0   0   0   0   0   0   0     0.000     0.015     0.012     0.000     0.000    -0.004    -0.001
   7 0 1 0 0 0 1 1   0   0   0   0   0   0   0    16.718     0.000    17.040     0.000     0.000     0.000     0.000   0   0   0   0   0   0   0     0.000    -0.014     0.012     0.000     0.000     0.004    -0.001
   7 0 1 0 0 0 1 1   0   0   0   0   0   0   0    16.718     0.000    17.040     0.000     0.000     0.000     0.000   0   0   0   0   0   0   0     0.000    -0.064     0.012     0.000     0.000     0.013     0.003
   7 0 1 0 0 0 1 1   0   0   0   0   0   0   0    16.718     0.000    17.040     0.000     0.000     0.000     0.000   0   0   0   0   0   0   0     0.000     0.060     0.012     0.000     0.000    -0.017     0.005
   7 0 1 0 0 0 1 1   0   0   0   0   0   0   0    16.718     0.000    17.040     0.000     0.000     0.000     0.000   0   0   0   0   0   0   0     0.000     0.015     0.012     0.000     0.000    -0.003    -0.001
   7 0 1 0 0 0 1 1   0   0   0   0   0   0   0    16.718     0.000    17.040     0.000     0.000     0.000     0.000   0   0   0   0   0   0   0     0.000    -0.013     0.012     0.000     0.000     0.004    -0.001
   7 0 1 0 0 0 1 1   0   0   4   0   0   0   0    16.718     0.000    21.704     0.000     0.000     0.000     0.000   0   0   0   0   0   0   0     0.000    -0.061     0.012     0.000     0.000     0.003     0.012
   7 0 1 0 0 0 1 1   0   0   4   0   0   0   0    16.718     0.000    21.704     0.000     0.000     0.000     0.000   0   0   0   0   0   0   0     0.000     0.057     0.012     0.000     0.000     0.005    -0.016
   7 0 1 0 0 0 1 1   0   0   0   0   0   0   0    16.718     0.000    17.040     0.000     0.000     0.000     0.000   0   0   0   0   0   0   0     0.000     0.014     0.012     0.000     0.000    -0.003    -0.001
   7 0 1 0 0 0 1 1   0   0   0   0   0   0   0    16.718     0.000    17.040     0.000     0.000     0.000     0.000   0   0   0   0   0   0   0     0.000    -0.013     0.012     0.000     0.000     0.003    -0.001
   7 0 1 0 0 0 1 1   0   0   4   0   0   0   0    16.718     0.000    21.704     0.000     0.000     0.000     0.000   0   0   0   0   0   0   0     0.000    -0.058     0.012     0.000     0.000     0.003     0.011
   7 0 1 0 0 0 1 1   0   0   0   0   0   0   0    16.718     0.000    17.040     0.000     0.000     0.000     0.000   0   0   0   0   0   0   0     0.000     0.054     0.012     0.000     0.000    -0.015     0.005
   7 0 1 1 0 0 1 1   0   0   0   0   0   0   0    16.718     0.000    17.040     0.000     0.000     0.000     0.000   0   0   0   0   0   0   0     0.000     0.013    -0.003     0.000     0.000    -0.015     0.005
   7 0 1 0 0 0 1 1   0   0   0   0   0   0   0    16.718     0.000    17.040     0.000     0.000     0.000     0.000   0   0   0   0   0   0   0     0.000    -0.012    -0.003     0.000     0.000     0.003    -0.001
   7 0 1 0 0 0 1 1   0   0   4   0   0   0   0    16.718     0.000    21.704     0.000     0.000     0.000     0.000   0   0   0   0   0   0   0     0.000    -0.055    -0.003     0.000     0.000     0.003     0.010
   7 0 1 0 0 0 1 1   0   0   0   0   0   0   0    16.718     0.000    17.040     0.000     0.000     0.000     0.000   0   0   0   0   0   0   0     0.000     0.051    -0.003     0.000     0.000    -0.014     0.005
   7 0 1 0 0 0 1 1   0   0   0   0   0   0   0    16.718     0.000    17.040     0.000     0.000     0.000     0.000   0   0   0   0   0   0   0     0.000     0.013    -0.003     0.000     0.000    -0.003    -0.001
   7 0 1 0 0 0 1 1   0   0   0   0   0   0   0    16.718     0.000    17.040     0.000     0.000     0.000     0.000   0   0   0   0   0   0   0     0.000    -0.012    -0.003     0.000     0.000     0.003    -0.001
   7 0 1 1 0 0 1 1   0   0   0   0   0   0   0    16.718     0.000    17.040     0.000     0.000     0.000     0.000   0   0   0   0   0   0   0     0.000    -0.052     0.009     0.000     0.000     0.003    -0.001
   7 0 1 0 0 0 1 1   0   0   0   0   0   0   0    16.718     0.000    17.040     0.000     0.000     0.000     0.000   0   0   0   0   0   0   0     0.000     0.049     0.009     0.000     0.000    -0.013     0.004
   7 0 1 0 0 0 1 1   0   0   4   0   0   0   0    16.718     0.000    21.704     0.000     0.000     0.000     0.000   0   0   0   0   0   0   0     0.000     0.012     0.009     0.000     0.000    -0.001    -0.002
   7 0 1 0 0 0 1 1   0   0   0   0   0   0   0    16.718     0.000    17.040     0.000     0.000     0.000     0.000   0   0   0   0   0   0   0     0.000    -0.011     0.009     0.000     0.000     0.003    -0.001
   7 0 1 0 0 0 1 1   0   0   0   0   0   0   0    16.718     0.000    17.040     0.000     0.000     0.000     0.000   0   0   0   0   0   0   0     0.000    -0.050     0.009     0.000     0.000     0.009     0.002
   7 0 1 0 0 0 1 1   0   0   0   0   0   0   0    16.718     0.000    17.040     0.000     0.000     0.000     0.000   0   0   0   0   0   0   0     0.000     0.046     0.009     0.000     0.000    -0.012     0.004
   7 0 1 0 0 0 1 1   0   0   4   0   0   0   0    16.718     0.000    21.704     0.000     0.000     0.000     0.000   0   0   0   0   0   0   0     0.000     0.011     0.009     0.000     0.000    -0.001    -0.002
   7 0 1 0 0 0 1 1   0   0   0   0   0   0   0    16.718     0.000    17.040     0.000     0.000     0.000     0.000   0   0   0   0   0   0   0     0.000    -0.010     0.009     0.000     0.000     0.002    -0.001
   7 0 1 0 0 0 1 1   0   0   4   0   0   0   0    16.718     0.000    21.704     0.000     0.000     0.000     0.000   0   0   0   0   0   0   0     0.000    -0.047     0.009     0.000     0.000     0.002     0.008
   7 0 1 0 0 0 1 1   0   0   0   0   0   0   0    16.718     0.000    17.040     0.000     0.000     0.000     0.000   0   0   0   0   0   0   0     0.000     0.044     0.009     0.000     0.000    -0.011     0.004
   7 0 1 0 0 0 1 1   0   0   4   0   0   0   0    16.718     0.000    21.704     0.000     0.000     0.000     0.000   0   0   0   0   0   0   0     0.000     0.011     0.009     0.000     0.000    -0.001    -0.002
   7 0 1 0 0 0 1 1   0   0   0   0   0   0   0    16.718     0.000    17.040     0.000     0.000     0.000     0.000   0   0   0   0   0   0   0     0.000    -0.010     0.009     0.000     0.000     0.002    -0.001
   7 0 1 0 0 0 1 1   0   0   4   0   0   0   0    16.718     0.000    21.704     0.000     0.000     0.000     0.000   0   0   0   0   0   0   0     0.000    -0.045     0.009     0.000     0.000     0.002     0.007
   7 0 1 0 0 0 1 1   0   0   0   0   0   0   0    16.718     0.000    17.040     0.000     0.000     0.000     0.000   0   0   0   0   0   0   0     0.000     0.042     0.009     0.000     0.000    -0.010     0.004
   7 0 1 1 0 0 1 1   0   0   0   0   0   0   0    16.718     0.000    17.040     0.000     0.000     0.000     0.000   0   0   0   0   0   0   0     0.000     0.010    -0.002     0.000     0.000    -0.010     0.004
   7 0 1 0 0 0 1 1   0   0   0   0   0   0   0    16.718     0.000    17.040     0.000     0.000     0.000     0.000   0   0   0   0   0   0   0     0.000    -0.009    -0.002     0.000     0.000     0.002    -0.001
   7 0 1 0 0 0 1 1   0   0   0   0   0   0   0    16.718     0.000    17.040     0.000     0.000     0.000     0.000   0   0   0   0   0   0   0     0.000    -0.043    -0.002     0.000     0.000     0.007     0.002
   7 0 1 0 0 0 1 1   0   0   0   0   0   0   0    16.718     0.000    17.040     0.000     0.000     0.000     0.000   0   0   0   0   0   0   0     0.000     0.040    -0.002     0.000     0.000    -0.009     0.003
   7 0 1 0 0 0 1 1   0   0   4   0   0   0   0    16.718     0.000    21.704     0.000     0.000     0.000     0.000   0   0   0   0   0   0   0     0.000     0.010    -0.002     0.000     0.000    -0.000    -0.002
   7 0 1 0 0 0 1 1   0   0   0   0   0   0   0    16.718     0.000    17.040     0.000     0.000     0.000     0.000   0   0   0   0   0   0   0     0.000    -0.009    -0.002     0.000     0.000     0.002    -0.001
   7 0 1 1 0 0 1 1   0   0   0   0   0   0   0    16.718     0.000    17.040     0.000     0.000     0.000     0.000   0   0   0   0   0   0   0     0.000    -0.041     0.006     0.000     0.000     0.002    -0.001
   7 0 1 0 0 0 1 1   0   0   0   0   0   0   0    16.718     0.000    17.040     0.000     0.000     0.000     0.000   0   0   0   0   0   0   0     0.000     0.038     0.006     0.000     0.000    -0.009     0.003
   7 0 1 0 0 0 1 1   0   0   0   0   0   0   0    16.718     0.000    17.040     0.000     0.000     0.000     0.000   0   0   0   0   0   0   0     0.000     0.009     0.006     0.000     0.000    -0.002    -0.000
   7 0 1 0 0 0 1 1   0   0   0   0   0   0   0    16.718     0.000    17.040     0.000     0.000     0.000     0.000   0   0   0   0   0   0   0     0.000    -0.008     0.006     0.000     0.000     0.002    -0.001
   7 0 1 0 0 0 1 1   0   0   4   0   0   0   0    16.718     0.000    21.704     0.000     0.000     0.000     0.000   0   0   0   0   0   0   0     0.000    -0.039     0.006     0.000     0.000     0.002     0.006
   7 0 1 0 0 0 1 1   0   0   0   0   0   0   0    16.718     0.000    17.040     0.000     0.000     0.000     0.000   0   0   0   0   0   0   0     0.000     0.036     0.006     0.000     0.000    -0.008     0.003
   7 0 1 0 0 0 1 1   0   0   0   0   0   0   0    16.718     0.000    17.040     0.000     0.000     0.000     0.000   0   0   0   0   0   0   0     0.000     0.009     0.006     0.000     0.000    -0.002    -0.000
   7 0 1 0 0 0 1 1   0   0   0   0   0   0   0    16.718     0.000    17.040     0.000     0.000     0.000     0.000   0   0   0   0   0   0   0     0.000    -0.008     0.006     0.000     0.000     0.002    -0.001
   7 0 1 0 0 0 1 1   0   0   4   0   0   0   0    16.718     0.000    21.704     0.000     0.000     0.000     0.000   0   0   0   0   0   0   0     0.000    -0.037     0.006     0.000     0.000     0.001     0.005
   7 0 1 0 0 0 1 1   0   0   0   0   0   0   0    16.718     0.000    17.040     0.000     0.000     0.000     0.000   0   0   0   0   0   0   0     0.000     0.034     0.006     0.000     0.000    -0.007     0.003
   7 0 1 0 0 0 1 1   0   0   4   0   0   0   0    16.718     0.000    21.704     0.000     0.000     0.000     0.000   0   0   0   0   0   0   0     0.000     0.008     0.006     0.000     0.000    -0.000    -0.001
   7 0 1 0 0 0 1 1   0   0   0   0   0   0   0    16.718     0.000    17.040     0.000     0.000     0.000     0.000   0   0   0   0   0   0   0     0.000    -0.008     0.006     0.000     0.000     0.002    -0.001
   7 0 1 0 0 0 1 1   0   0   0   0   0   0   0    16.718     0.000    17.040     0.000     0.000     0.000     0.000   0   0   0   0   0   0   0     0.000    -0.035     0.006     0.000     0.000     0.005     0.001
   7 0 1 0 0 0 1 1   0   0   0   0   0   0   0    16.718     0.000    17.040     0.000     0.000     0.000     0.000   0   0   0   0   0   0   0     0.000     0.032     0.006     0.000     0.000    -0.007     0.003
   7 0 1 1 0 0 1 1   0   0   0   0   0   0   0    16.718     0.000    17.040     0.000     0.000     0.000     0.000   0   0   0   0   0   0   0     0.000     0.008    -0.001     0.000     0.000    -0.007     0.003
   7 0 1 0 0 0 1 1   0   0   0   0   0   0   0    16.718     0.000    17.040     0.000     0.000     0.000     0.000   0   0   0   0   0   0   0     0.000    -0.007    -0.001     0.000     0.000     0.001    -0.001
   7 0 1 0 0 0 1 1   0   0   4   0   0   0   0    16.718     0.000    21.704     0.000     0.000     0.000     0.000   0   0   0   0   0   0   0     0.000    -0.033    -0.001     0.000     0.000     0.001     0.005
   7 0 1 0 0 0 1 1   0   0   0   0   0   0   0    16.718     0.000    17.040     0.000     0.000     0.000     0.000   0   0   0   0   0   0   0     0.000     0.031    -0.001     0.000     0.000    -0.006     0.003
   7 0 1 0 0 0 1 1   0   0   4   0   0   0   0    16.718     0.000    21.704     0.000     0.000     0.000     0.000   0   0   0   0   0   0   0     0.000     0.008    -0.001     0.000     0.000    -0.000    -0.001
   7 0 1 0 0 0 1 1   0   0   0   0   0   0   0    16.718     0.000    17.040     0.000     0.000     0.000     0.000   0   0   0   0   0   0   0     0.000    -0.007    -0.001     0.000     0.000     0.001    -0.001
   7 0 1 1 0 0 1 1   0   0   0   0   0   0   0    16.718     0.000    17.040     0.000     0.000     0.000     0.000   0   0   0   0   0   0   0     0.000    -0.031     0.004     0.000     0.000     0.001    -0.001
   7 0 1 0 0 0 1 1   0   0   0   0   0   0   0    16.718     0.000    17.040     0.000     0.000     0.000     0.000   0   0   0   0   0   0   0     0.000     0.029     0.004     0.000     0.000    -0.006     0.003
   7 0 1 0 0 0 1 1   0   0   0   0   0   0   0    16.718     0.000    17.040     0.000     0.000     0.000     0.000   0   0   0   0   0   0   0     0.000     0.007     0.004     0.000     0.000    -0.001    -0.000
   7 0 1 0 0 0 1 1   0   0   0   0   0   0   0    16.718     0.000    17.040     0.000     0.000     0.000     0.000   0   0   0   0   0   0   0     0.000    -0.007     0.004     0.000     0.000     0.001    -0.001
   7 0 1 0 0 0 1 1   0   0   4   0   0   0   0    16.718     0.000    21.704     0.000     0.000     0.000     0.000   0   0   0   0   0   0   0     0.000    -0.030     0.004     0.000     0.000     0.001     0.004
   7 0 1 0 0 0 1 1   0   0   0   0   0   0   0    16.718     0.000    17.040     0.000     0.000     0.000     0.000   0   0   0   0   0   0   0     0.000     0.028     0.004     0.000     0.000    -0.005     0.002
   7 0 1 0 0 0 1 1   0   0   0   0   0   0   0    16.718     0.000    17.040     0.000     0.000     0.000     0.000   0   0   0   0   0   0   0     0.000     0.007     0.004     0.000     0.000    -0.001    -0.000
   7 0 1 0 0 0 1 1   0   0   0   0   0   0   0    16.718     0.000    17.040     0.000     0.000     0.000     0.000   0   0   0   0   0   0   0     0.000    -0.006     0.004     0.000     0.000     0.001    -0.000
   7 0 1 0 0 0 1 1   0   0   4   0   0   0   0    16.718     0.000    21.704     0.000     0.000     0.000     0.000   0   0   0   0   0   0   0     0.000    -0.028     0.004     0.000     0.000     0.001     0.004
   7 0 1 0 0 0 1 1   0   0   0   0   0   0   0    16.718     0.000    17.040     0.000     0.000     0.000     0.000   0   0   0   0   0   0   0     0.000     0.026     0.004     0.000     0.000    -0.005     0.002
   7 0 1 0 0 0 1 1   0   0   0   0   0   0   0    16.718     0.000    17.040     0.000     0.000     0.000     0.000   0   0   0   0   0   0   0     0.000     0.006     0.004     0.000     0.000    -0.001    -0.000
   7 0 1 0 0 0 1 1   0   0   0   0   0   0   0    16.718     0.000    17.040     0.000     0.000     0.000     0.000   0   0   0   0   0   0   0     0.000    -0.006     0.004     0.000     0.000     0.001    -0.000
   7 0 1 0 0 0 1 1   0   0   4   0   0   0   0    16.718     0.000    21.704     0.000     0.000     0.000     0.000   0   0   0   0   0   0   0     0.000    -0.027     0.004     0.000     0.000     0.001     0.003
   7 0 1 0 0 0 1 1   0   0   0   0   0   0   0    16.718     0.000    17.040     0.000     0.000     0.000     0.000   0   0   0   0   0   0   0     0.000     0.025     0.004     0.000     0.000    -0.005     0.002
   7 0 1 1 0 0 1 1   0   0   0   0   0   0   0    16.718     0.000    17.040     0.000     0.000     0.000     0.000   0   0   0   0   0   0   0     0.000     0.006    -0.001     0.000     0.000    -0.005     0.002
   7 0 1 0 0 0 1 1   0   0   0   0   0   0   0    16.718     0.000    17.040     0.000     0.000     0.000     0.000   0   0   0   0   0   0   0     0.000    -0.006    -0.001     0.000     0.000     0.001    -0.000
   7 0 1 0 0 0 1 1   0   0   0   0   0   0   0    16.718     0.000    17.040     0.000     0.000     0.000     0.000   0   0   0   0   0   0   0     0.000    -0.026    -0.001     0.000     0.000     0.003     0.001
   7 0 1 0 0 0 1 1   0   0   0   0   0   0   0    16.718     0.000    17.040     0.000     0.000     0.000     0.000   0   0   0   0   0   0   0     0.000     0.024    -0.001     0.000     0.000    -0.004     0.002
   7 0 1 0 0 0 1 1   0   0   4   0   0   0   0    16.718     0.000    21.704     0.000     0.000     0.000     0.000   0   0   0   0   0   0   0     0.000     0.006    -0.001     0.000     0.000    -0.000    -0.001
   7 0 1 0 0 0 1 1   0   0   0   0   0   0   0    16.718     0.000    17.040     0.000     0.000     0.000     0.000   0   0   0   0   0   0   0     0.000    -0.005    -0.001     0.000     0.000     0.001    -0.000
   7 0 1 1 0 0 1 1   0   0   0   0   0   0   0    16.718     0.000    17.040     0.000     0.000     0.000     0.000   0   0   0   0   0   0   0     0.000    -0.024     0.003     0.000     0.000     0.001    -0.000
   7 0 1 0 0 0 1 1   0   0   0   0   0   0   0    16.718     0.000    17.040     0.000     0.000     0.000     0.000   0   0   0   0   0   0   0     0.000     0.023     0.003     0.000     0.000    -0.004     0.002
   7 0 1 0 0 0 1 1   0   0   0   0   0   0   0    16.718     0.000    17.040     0.000     0.000     0.000     0.000   0   0   0   0   0   0   0     0.000     0.006     0.003     0.000     0.000    -0.001    -0.000
   7 0 1 0 0 0 1 1   0   0   0   0   0   0   0    16.718     0.000    17.040     0.000     0.000     0.000     0.000   0   0   0   0   0   0   0     0.000    -0.005     0.003     0.000     0.000     0.001    -0.000
   7 0 1 0 0 0 1 1   0   0   4   0   0   0   0    16.718     0.000    21.704     0.000     0.000     0.000     0.000   0   0   0   0   0   0   0     0.000    -0.023     0.003     0.000     0.000     0.001     0.003
   7 0 1 0 0 0 1 1   0   0   0   0   0   0   0    16.718     0.000    17.040     0.000     0.000     0.000     0.000   0   0   0   0   0   0   0     0.000     0.021     0.003     0.000     0.000    -0.004     0.002
   7 0 1 0 0 0 1 1   0   0   4   0   0   0   0    16.718     0.000    21.704     0.000     0.000     0.000     0.000   0   0   0   0   0   0   0     0.000     0.005     0.003     0.000     0.000    -0.000    -0.001
   7 0 1 0 0 0 1 1   0   0   0   0   0   0   0    16.718     0.000    17.040     0.000     0.000     0.000     0.000   0   0   0   0   0   0   0     0.000    -0.005     0.003     0.000     0.000     0.001    -0.000
   7 0 1 0 0 0 1 1   0   0   0   0   0   0   0    16.718     0.000    17.040     0.000     0.000     0.000     0.000   0   0   0   0   0   0   0     0.000    -0.022     0.003     0.000     0.000     0.003     0.001
   7 0 1 0 0 0 1 1   0   0   0   0   0   0   0    16.718     0.000    17.040     0.000     0.000     0.000     0.000   0   0   0   0   0   0   0     0.000     0.020     0.003     0.000     0.000    -0.003     0.002
   7 0 1 1 0 0 1 1   0   0   0   0   0   0   0    16.718     0.000    17.040     0.000     0.000     0.000     0.000   0   0   0   0   0   0   0     0.000     0.005    -0.001     0.000     0.000    -0.003     0.002
   7 0 1 0 0 0 1 1   0   0   0   0   0   0   0    16.718     0.000    17.040     0.000     0.000     0.000     0.000   0   0   0   0   0   0   0     0.000    -0.005    -0.001     0.000     0.000     0.001    -0.000
   7 0 1 0 0 0 1 1   0   0   0   0   0   0   0    16.718     0.000    17.040     0.000     0.000     0.000     0.000   0   0   0   0   0   0   0     0.000    -0.021    -0.001     0.000     0.000     0.002     0.001
   7 0 1 0 0 0 1 1   0   0   0   0   0   0   0    16.718     0.000    17.040     0.000     0.000     0.000     0.000   0   0   0   0   0   0   0     0.000     0.019    -0.001     0.000     0.000    -0.003     0.002
   7 0 1 0 0 0 1 1   0   0   4   0   0   0   0    16.718     0.000    21.704     0.000     0.000     0.000     0.000   0   0   0   0   0   0   0     0.000     0.005    -0.001     0.000     0.000    -0.000    -0.001
   7 0 1 0 0 0 1 1   0   0   0   0   0   0   0    16.718     0.000    17.040     0.000     0.000     0.000     0.000   0   0   0   0   0   0   0     0.000    -0.004    -0.001     0.000     0.000     0.001    -0.000
   7 0 1 0 0 0 1 1   0   0   4   0   0   0   0    16.718     0.000    21.704     0.000     0.000     0.000     0.000   0   0   0   0   0   0   0     0.000    -0.020    -0.001     0.000     0.000     0.001     0.002
   7 0 1 0 0 0 1 1   0   0   0   0   0   0   0    16.718     0.000    17.040     0.000     0.000     0.000     0.000   0   0   0   0   0   0   0     0.000     0.018    -0.001     0.000     0.000    -0.003     0.002
   7 0 1 0 0 0 1 1   0   0   0   0   0   0   0    16.718     0.000    17.040     0.000     0.000     0.000     0.000   0   0   0   0   0   0   0     0.000     0.005    -0.001     0.000     0.000    -0.001    -0.000
   7 0 1 0 0 0 1 1   0   0   0   0   0   0   0    16.718     0.000    17.040     0.000     0.000     0.000     0.000   0   0   0   0   0   0   0     0.000    -0.004    -0.001     0.000     0.000     0.001    -0.000
   7 0 1 1 0 0 1 1   0   0   0   0   0   0   0    16.718     0.000    17.040     0.000     0.000     0.000     0.000   0   0   0   0   0   0   0     0.000    -0.019     0.002     0.000     0.000     0.001    -0.000
   7 0 1 0 0 0 1 1   0   0   0   0   0   0   0    16.718     0.000    17.040     0.000     0.000     0.000     0.000   0   0   0   0   0   0   0     0.000     0.018     0.002     0.000     0.000    -0.003     0.002
   7 0 1 0 0 0 1 1   0   0   4   0   0   0   0    16.718     0.000    21.704     0.000     0.000     0.000     0.000   0   0   0   0   0   0   0     0.000     0.004     0.002     0.000     0.000    -0.000    -0.001
   7 0 1 0 0 0 1 1   0   0   0   0   0   0   0    16.718     0.000    17.040     0.000     0.000     0.000     0.000   0   0   0   0   0   0   0     0.000    -0.004     0.002     0.000     0.000     0.001    -0.000
   7 0 1 0 0 0 1 1   0   0   4   0   0   0   0    16.718     0.000    21.704     0.000     0.000     0.000     0.000   0   0   0   0   0   0   0     0.000    -0.018     0.002     0.000     0.000     0.000     0.002
   7 0 1 0 0 0 1 1   0   0   0   0   0   0   0    16.718     0.000    17.040     0.000     0.000     0.000     0.000   0   0   0   0   0   0   0     0.000     0.017     0.002     0.000     0.000    -0.002     0.001
   7 0 1 0 0 0 1 1   0   0   4   0   0   0   0    16.718     0.000    21.704     0.000     0.000     0.000     0.000   0   0   0   0   0   0   0     0.000     0.004     0.002     0.000     0.000    -0.000    -0.000
   7 0 1 0 0 0 1 1   0   0   0   0   0   0   0    16.718     0.000    17.040     0.000     0.000     0.000     0.000   0   0   0   0   0   0   0     0.000    -0.004     0.002     0.000     0.000     0.001    -0.000
   7 0 1 0 0 0 1 1   0   0   4   0   0   0   0    16.718     0.000    21.704     0.000     0.000     0.000     0.000   0   0   0   0   0   0   0     0.000    -0.017     0.002     0.000     0.000     0.000     0.002
   7 0 1 0 0 0 1 1   0   0   0   0   0   0   0    16.718     0.000    17.040     0.000     0.000     0.000     0.000   0   0   0   0   0   0   0     0.000     0.016     0.002     0.000     0.000    -0.002     0.001
   7 0 1 0 0 0 1 1   0   0   4   0   0   0   0    16.718     0.000    21.704     0.000     0.000     0.000     0.000   0   0   0   0   0   0   0     0.000     0.004     0.002     0.000     0.000    -0.000    -0.000
   7 0 1 0 0 0 1 1   0   0   0   0   0   0   0    16.718     0.000    17.040     0.000     0.000     0.000     0.000   0   0   0   0   0   0   0     0.000    -0.004     0.002     0.000     0.000     0.000    -0.000
   7 0 1 0 0 0 1 1   0   0   4   0   0   0   0    16.718     0.000    21.704     0.000     0.000     0.000     0.000   0   0   0   0   0   0   0     0.000    -0.016     0.002     0.000     0.000     0.000     0.002
   7 0 1 0 0 0 1 1   0   0   0   0   0   0   0    16.718     0.000    17.040     0.000     0.000     0.000     0.000   0   0   0   0   0   0   0     0.000     0.015     0.002     0.000     0.000    -0.002     0.001
   7 0 1 1 0 0 1 1   0   0   0   0   0   0   0    16.718     0.000    17.040     0.000     0.000     0.000     0.000   0   0   0   0   0   0   0     0.000     0.004    -0.000     0.000     0.000    -0.002     0.001
