  232
   1 1   0     0.000   0     5.470
   1 1   0     0.000   0     5.725
   1 1   0     0.000   0     5.490
   1 1   0     0.000   0     5.552
   7 0 1 1 0 0 0 0   4   0   0   0   0   0   0    21.915     0.000     0.000     0.000     0.000     0.000     0.000   0   0   0   0   0   0   0     0.000    -0.049     0.073     0.000     0.000     0.000     0.000
   7 0 1 1 0 0 0 0   4   0   0   0   0   0   0    21.915     0.000     0.000     0.000     0.000     0.000     0.000   0   0   0   0   0   0   0     0.000    -0.035     0.052     0.000     0.000     0.000     0.000
   7 0 1 1 0 0 0 0   0   0   0   0   0   0   0    16.499     0.000     0.000     0.000     0.000     0.000     0.000   0   0   0   0   0   0   0     0.000     0.143    -0.095     0.000     0.000     0.000     0.000
   7 0 1 1 0 0 0 0   0   0   0   0   0   0   0    16.499     0.000     0.000     0.000     0.000     0.000     0.000   0   0   0   0   0   0   0     0.000     0.086    -0.057     0.000     0.000     0.000     0.000
   7 0 1 1 0 0 0 0   4   0   0   0   0   0   0    21.915     0.000     0.000     0.000     0.000     0.000     0.000   0   0   0   0   0   0   0     0.000    -0.046     0.070     0.000     0.000     0.000     0.000
   7 0 1 1 0 0 0 0   4   0   0   0   0   0   0    21.915     0.000     0.000     0.000     0.000     0.000     0.000   0   0   0   0   0   0   0     0.000    -0.033     0.050     0.000     0.000     0.000     0.000
   7 0 1 1 0 0 0 0   0   0   0   0   0   0   0    16.499     0.000     0.000     0.000     0.000     0.000     0.000   0   0   0   0   0   0   0     0.000     0.135    -0.089     0.000     0.000     0.000     0.000
   7 0 1 1 0 0 0 0   0   0   0   0   0   0   0    16.499     0.000     0.000     0.000     0.000     0.000     0.000   0   0   0   0   0   0   0     0.000     0.082    -0.054     0.000     0.000     0.000     0.000
   7 0 1 1 0 0 0 0   4   0   0   0   0   0   0    21.915     0.000     0.000     0.000     0.000     0.000     0.000   0   0   0   0   0   0   0     0.000    -0.042     0.066     0.000     0.000     0.000     0.000
   7 0 1 1 0 0 0 0   4   0   0   0   0   0   0    21.915     0.000     0.000     0.000     0.000     0.000     0.000   0   0   0   0   0   0   0     0.000    -0.030     0.047     0.000     0.000     0.000     0.000
   7 0 1 1 0 0 0 0   0   0   0   0   0   0   0    16.499     0.000     0.000     0.000     0.000     0.000     0.000   0   0   0   0   0   0   0     0.000     0.129    -0.083     0.000     0.000     0.000     0.000
   7 0 1 1 0 0 0 0   0   0   0   0   0   0   0    16.499     0.000     0.000     0.000     0.000     0.000     0.000   0   0   0   0   0   0   0     0.000     0.078    -0.050     0.000     0.000     0.000     0.000
   7 0 1 1 0 0 0 0   4   0   0   0   0   0   0    21.915     0.000     0.000     0.000     0.000     0.000     0.000   0   0   0   0   0   0   0     0.000    -0.040     0.063     0.000     0.000     0.000     0.000
   7 0 1 1 0 0 0 0   4   0   0   0   0   0   0    21.915     0.000     0.000     0.000     0.000     0.000     0.000   0   0   0   0   0   0   0     0.000    -0.028     0.045     0.000     0.000     0.000     0.000
   7 0 1 1 0 0 0 0   0   0   0   0   0   0   0    16.499     0.000     0.000     0.000     0.000     0.000     0.000   0   0   0   0   0   0   0     0.000     0.122    -0.077     0.000     0.000     0.000     0.000
   7 0 1 1 0 0 0 0  16   0   0   0   0   0   0    51.484     0.000     0.000     0.000     0.000     0.000     0.000   0   0   0   0   0   0   0     0.000    -0.047     0.074     0.000     0.000     0.000     0.000
   7 0 1 1 0 0 0 0   4   0   0   0   0   0   0    21.915     0.000     0.000     0.000     0.000     0.000     0.000   0   0   0   0   0   0   0     0.000    -0.037     0.060     0.000     0.000     0.000     0.000
   7 0 1 1 0 0 0 0   4   0   0   0   0   0   0    21.915     0.000     0.000     0.000     0.000     0.000     0.000   0   0   0   0   0   0   0     0.000    -0.026     0.043     0.000     0.000     0.000     0.000
   7 0 1 1 0 0 0 0   0   0   0   0   0   0   0    16.499     0.000     0.000     0.000     0.000     0.000     0.000   0   0   0   0   0   0   0     0.000     0.116    -0.072     0.000     0.000     0.000     0.000
   7 0 1 1 0 0 0 0   0   0   0   0   0   0   0    16.499     0.000     0.000     0.000     0.000     0.000     0.000   0   0   0   0   0   0   0     0.000     0.070    -0.044     0.000     0.000     0.000     0.000
   7 0 1 1 0 0 0 0   4   0   0   0   0   0   0    21.915     0.000     0.000     0.000     0.000     0.000     0.000   0   0   0   0   0   0   0     0.000    -0.035     0.057     0.000     0.000     0.000     0.000
   7 0 1 1 0 0 0 0   4   0   0   0   0   0   0    21.915     0.000     0.000     0.000     0.000     0.000     0.000   0   0   0   0   0   0   0     0.000    -0.025     0.040     0.000     0.000     0.000     0.000
   7 0 1 1 0 0 0 0   0   0   0   0   0   0   0    16.499     0.000     0.000     0.000     0.000     0.000     0.000   0   0   0   0   0   0   0     0.000     0.110    -0.067     0.000     0.000     0.000     0.000
   7 0 1 1 0 0 0 0   0   0   0   0   0   0   0    16.499     0.000     0.000     0.000     0.000     0.000     0.000   0   0   0   0   0   0   0     0.000     0.067    -0.041     0.000     0.000     0.000     0.000
   7 0 1 1 0 0 0 0   4   0   0   0   0   0   0    21.915     0.000     0.000     0.000     0.000     0.000     0.000   0   0   0   0   0   0   0     0.000    -0.032     0.054     0.000     0.000     0.000     0.000
   7 0 1 1 0 0 0 0   4   0   0   0   0   0   0    21.915     0.000     0.000     0.000     0.000     0.000     0.000   0   0   0   0   0   0   0     0.000    -0.023     0.038     0.000     0.000     0.000     0.000
   7 0 1 1 0 0 0 0   0   0   0   0   0   0   0    16.499     0.000     0.000     0.000     0.000     0.000     0.000   0   0   0   0   0   0   0     0.000     0.105    -0.063     0.000     0.000     0.000     0.000
   7 0 1 1 0 0 0 0   0   0   0   0   0   0   0    16.499     0.000     0.000     0.000     0.000     0.000     0.000   0   0   0   0   0   0   0     0.000     0.063    -0.038     0.000     0.000     0.000     0.000
   7 0 1 1 0 0 0 0   4   0   0   0   0   0   0    21.915     0.000     0.000     0.000     0.000     0.000     0.000   0   0   0   0   0   0   0     0.000    -0.030     0.051     0.000     0.000     0.000     0.000
   7 0 1 1 0 0 0 0   4   0   0   0   0   0   0    21.915     0.000     0.000     0.000     0.000     0.000     0.000   0   0   0   0   0   0   0     0.000    -0.022     0.037     0.000     0.000     0.000     0.000
   7 0 1 1 0 0 0 0   0   0   0   0   0   0   0    16.499     0.000     0.000     0.000     0.000     0.000     0.000   0   0   0   0   0   0   0     0.000     0.100    -0.059     0.000     0.000     0.000     0.000
   7 0 1 1 0 0 0 0   0   0   0   0   0   0   0    16.499     0.000     0.000     0.000     0.000     0.000     0.000   0   0   0   0   0   0   0     0.000     0.060    -0.035     0.000     0.000     0.000     0.000
   7 0 1 1 0 0 0 0   4   0   0   0   0   0   0    21.915     0.000     0.000     0.000     0.000     0.000     0.000   0   0   0   0   0   0   0     0.000    -0.028     0.049     0.000     0.000     0.000     0.000
   7 0 1 1 0 0 0 0   0   0   0   0   0   0   0    16.499     0.000     0.000     0.000     0.000     0.000     0.000   0   0   0   0   0   0   0     0.000    -0.032     0.024     0.000     0.000     0.000     0.000
   7 0 1 1 0 0 0 0   0   0   0   0   0   0   0    16.499     0.000     0.000     0.000     0.000     0.000     0.000   0   0   0   0   0   0   0     0.000     0.095    -0.055     0.000     0.000     0.000     0.000
   7 0 1 1 0 0 0 0  16   0   0   0   0   0   0    51.484     0.000     0.000     0.000     0.000     0.000     0.000   0   0   0   0   0   0   0     0.000    -0.033     0.057     0.000     0.000     0.000     0.000
   7 0 1 1 0 0 0 0   4   0   0   0   0   0   0    21.915     0.000     0.000     0.000     0.000     0.000     0.000   0   0   0   0   0   0   0     0.000    -0.026     0.046     0.000     0.000     0.000     0.000
   7 0 1 1 0 0 0 0   4   0   0   0   0   0   0    21.915     0.000     0.000     0.000     0.000     0.000     0.000   0   0   0   0   0   0   0     0.000    -0.020     0.034     0.000     0.000     0.000     0.000
   7 0 1 1 0 0 0 0   0   0   0   0   0   0   0    16.499     0.000     0.000     0.000     0.000     0.000     0.000   0   0   0   0   0   0   0     0.000     0.090    -0.051     0.000     0.000     0.000     0.000
   7 0 1 1 0 0 0 0   0   0   0   0   0   0   0    16.499     0.000     0.000     0.000     0.000     0.000     0.000   0   0   0   0   0   0   0     0.000     0.054    -0.031     0.000     0.000     0.000     0.000
   7 0 1 1 0 0 0 0   4   0   0   0   0   0   0    21.915     0.000     0.000     0.000     0.000     0.000     0.000   0   0   0   0   0   0   0     0.000    -0.024     0.044     0.000     0.000     0.000     0.000
   7 0 1 1 0 0 0 0   0   0   0   0   0   0   0    16.499     0.000     0.000     0.000     0.000     0.000     0.000   0   0   0   0   0   0   0     0.000    -0.029     0.022     0.000     0.000     0.000     0.000
   7 0 1 1 0 0 0 0   0   0   0   0   0   0   0    16.499     0.000     0.000     0.000     0.000     0.000     0.000   0   0   0   0   0   0   0     0.000     0.085    -0.048     0.000     0.000     0.000     0.000
   7 0 1 1 0 0 0 0   0   0   0   0   0   0   0    16.499     0.000     0.000     0.000     0.000     0.000     0.000   0   0   0   0   0   0   0     0.000     0.052    -0.029     0.000     0.000     0.000     0.000
   7 0 1 1 0 0 0 0   4   0   0   0   0   0   0    21.915     0.000     0.000     0.000     0.000     0.000     0.000   0   0   0   0   0   0   0     0.000    -0.023     0.042     0.000     0.000     0.000     0.000
   7 0 1 1 0 0 0 0   4   0   0   0   0   0   0    21.915     0.000     0.000     0.000     0.000     0.000     0.000   0   0   0   0   0   0   0     0.000    -0.018     0.031     0.000     0.000     0.000     0.000
   7 0 1 1 0 0 0 0   0   0   0   0   0   0   0    16.499     0.000     0.000     0.000     0.000     0.000     0.000   0   0   0   0   0   0   0     0.000     0.081    -0.044     0.000     0.000     0.000     0.000
   7 0 1 1 0 0 0 0   0   0   0   0   0   0   0    16.499     0.000     0.000     0.000     0.000     0.000     0.000   0   0   0   0   0   0   0     0.000     0.049    -0.027     0.000     0.000     0.000     0.000
   7 0 1 1 0 0 0 0  10   0   0   0   0   0   0    22.245     0.000     0.000     0.000     0.000     0.000     0.000   0   0   0   0   0   0   0     0.000     0.040    -0.021     0.000     0.000     0.000     0.000
   7 0 1 1 0 0 0 0   0   0   0   0   0   0   0    16.499     0.000     0.000     0.000     0.000     0.000     0.000   0   0   0   0   0   0   0     0.000    -0.027     0.020     0.000     0.000     0.000     0.000
   7 0 1 1 0 0 0 0   0   0   0   0   0   0   0    16.499     0.000     0.000     0.000     0.000     0.000     0.000   0   0   0   0   0   0   0     0.000     0.077    -0.042     0.000     0.000     0.000     0.000
   7 0 1 1 0 0 0 0   0   0   0   0   0   0   0    16.499     0.000     0.000     0.000     0.000     0.000     0.000   0   0   0   0   0   0   0     0.000     0.047    -0.025     0.000     0.000     0.000     0.000
   7 0 1 1 0 0 0 0   4   0   0   0   0   0   0    21.915     0.000     0.000     0.000     0.000     0.000     0.000   0   0   0   0   0   0   0     0.000    -0.020     0.038     0.000     0.000     0.000     0.000
   7 0 1 1 0 0 0 0   4   0   0   0   0   0   0    21.915     0.000     0.000     0.000     0.000     0.000     0.000   0   0   0   0   0   0   0     0.000    -0.017     0.028     0.000     0.000     0.000     0.000
   7 0 1 1 0 0 0 0   0   0   0   0   0   0   0    16.499     0.000     0.000     0.000     0.000     0.000     0.000   0   0   0   0   0   0   0     0.000     0.073    -0.039     0.000     0.000     0.000     0.000
   7 0 1 1 0 0 0 0   0   0   0   0   0   0   0    16.499     0.000     0.000     0.000     0.000     0.000     0.000   0   0   0   0   0   0   0     0.000     0.044    -0.023     0.000     0.000     0.000     0.000
   7 0 1 1 0 0 0 0   4   0   0   0   0   0   0    21.915     0.000     0.000     0.000     0.000     0.000     0.000   0   0   0   0   0   0   0     0.000    -0.019     0.036     0.000     0.000     0.000     0.000
   7 0 1 1 0 0 0 0   0   0   0   0   0   0   0    16.499     0.000     0.000     0.000     0.000     0.000     0.000   0   0   0   0   0   0   0     0.000    -0.024     0.018     0.000     0.000     0.000     0.000
   7 0 1 1 0 0 0 0   0   0   0   0   0   0   0    16.499     0.000     0.000     0.000     0.000     0.000     0.000   0   0   0   0   0   0   0     0.000     0.069    -0.036     0.000     0.000     0.000     0.000
   7 0 1 1 0 0 0 0   0   0   0   0   0   0   0    16.499     0.000     0.000     0.000     0.000     0.000     0.000   0   0   0   0   0   0   0     0.000     0.042    -0.022     0.000     0.000     0.000     0.000
   7 0 1 1 0 0 0 0   4   0   0   0   0   0   0    21.915     0.000     0.000     0.000     0.000     0.000     0.000   0   0   0   0   0   0   0     0.000    -0.017     0.034     0.000     0.000     0.000     0.000
   7 0 1 1 0 0 0 0   4   0   0   0   0   0   0    21.915     0.000     0.000     0.000     0.000     0.000     0.000   0   0   0   0   0   0   0     0.000    -0.016     0.026     0.000     0.000     0.000     0.000
   7 0 1 1 0 0 0 0   0   0   0   0   0   0   0    16.499     0.000     0.000     0.000     0.000     0.000     0.000   0   0   0   0   0   0   0     0.000     0.066    -0.034     0.000     0.000     0.000     0.000
   7 0 1 1 0 0 0 0   0   0   0   0   0   0   0    16.499     0.000     0.000     0.000     0.000     0.000     0.000   0   0   0   0   0   0   0     0.000     0.040    -0.020     0.000     0.000     0.000     0.000
   7 0 1 1 0 0 0 0   4   0   0   0   0   0   0    21.915     0.000     0.000     0.000     0.000     0.000     0.000   0   0   0   0   0   0   0     0.000    -0.016     0.032     0.000     0.000     0.000     0.000
   7 0 1 1 0 0 0 0  16   0   0   0   0   0   0    51.484     0.000     0.000     0.000     0.000     0.000     0.000   0   0   0   0   0   0   0     0.000     0.017    -0.022     0.000     0.000     0.000     0.000
   7 0 1 1 0 0 0 0   0   0   0   0   0   0   0    16.499     0.000     0.000     0.000     0.000     0.000     0.000   0   0   0   0   0   0   0     0.000     0.063    -0.032     0.000     0.000     0.000     0.000
   7 0 1 1 0 0 0 0   0   0   0   0   0   0   0    16.499     0.000     0.000     0.000     0.000     0.000     0.000   0   0   0   0   0   0   0     0.000     0.038    -0.019     0.000     0.000     0.000     0.000
   7 0 1 1 0 0 0 0   4   0   0   0   0   0   0    21.915     0.000     0.000     0.000     0.000     0.000     0.000   0   0   0   0   0   0   0     0.000    -0.015     0.031     0.000     0.000     0.000     0.000
   7 0 1 1 0 0 0 0   4   0   0   0   0   0   0    21.915     0.000     0.000     0.000     0.000     0.000     0.000   0   0   0   0   0   0   0     0.000    -0.014     0.024     0.000     0.000     0.000     0.000
   7 0 1 1 0 0 0 0   0   0   0   0   0   0   0    16.499     0.000     0.000     0.000     0.000     0.000     0.000   0   0   0   0   0   0   0     0.000     0.060    -0.029     0.000     0.000     0.000     0.000
   7 0 1 1 0 0 0 0   0   0   0   0   0   0   0    16.499     0.000     0.000     0.000     0.000     0.000     0.000   0   0   0   0   0   0   0     0.000     0.036    -0.018     0.000     0.000     0.000     0.000
   7 0 1 1 0 0 0 0   4   0   0   0   0   0   0    21.915     0.000     0.000     0.000     0.000     0.000     0.000   0   0   0   0   0   0   0     0.000    -0.014     0.029     0.000     0.000     0.000     0.000
   7 0 1 1 0 0 0 0   0   0   0   0   0   0   0    16.499     0.000     0.000     0.000     0.000     0.000     0.000   0   0   0   0   0   0   0     0.000    -0.021     0.015     0.000     0.000     0.000     0.000
   7 0 1 1 0 0 0 0   0   0   0   0   0   0   0    16.499     0.000     0.000     0.000     0.000     0.000     0.000   0   0   0   0   0   0   0     0.000     0.057    -0.027     0.000     0.000     0.000     0.000
   7 0 1 1 0 0 0 0   0   0   0   0   0   0   0    16.499     0.000     0.000     0.000     0.000     0.000     0.000   0   0   0   0   0   0   0     0.000     0.034    -0.017     0.000     0.000     0.000     0.000
   7 0 1 1 0 0 0 0   4   0   0   0   0   0   0    21.915     0.000     0.000     0.000     0.000     0.000     0.000   0   0   0   0   0   0   0     0.000    -0.013     0.028     0.000     0.000     0.000     0.000
   7 0 1 1 0 0 0 0   4   0   0   0   0   0   0    21.915     0.000     0.000     0.000     0.000     0.000     0.000   0   0   0   0   0   0   0     0.000    -0.013     0.022     0.000     0.000     0.000     0.000
   7 0 1 1 0 0 0 0   0   0   0   0   0   0   0    16.499     0.000     0.000     0.000     0.000     0.000     0.000   0   0   0   0   0   0   0     0.000     0.054    -0.026     0.000     0.000     0.000     0.000
   7 0 1 1 0 0 0 0   0   0   0   0   0   0   0    16.499     0.000     0.000     0.000     0.000     0.000     0.000   0   0   0   0   0   0   0     0.000     0.033    -0.015     0.000     0.000     0.000     0.000
   7 0 1 1 0 0 0 0   4   0   0   0   0   0   0    21.915     0.000     0.000     0.000     0.000     0.000     0.000   0   0   0   0   0   0   0     0.000    -0.012     0.026     0.000     0.000     0.000     0.000
   7 0 1 1 0 0 0 0   0   0   0   0   0   0   0    16.499     0.000     0.000     0.000     0.000     0.000     0.000   0   0   0   0   0   0   0     0.000    -0.019     0.014     0.000     0.000     0.000     0.000
   7 0 1 1 0 0 0 0   0   0   0   0   0   0   0    16.499     0.000     0.000     0.000     0.000     0.000     0.000   0   0   0   0   0   0   0     0.000     0.051    -0.024     0.000     0.000     0.000     0.000
   7 0 1 1 0 0 0 0   0   0   0   0   0   0   0    16.499     0.000     0.000     0.000     0.000     0.000     0.000   0   0   0   0   0   0   0     0.000     0.031    -0.014     0.000     0.000     0.000     0.000
   7 0 1 1 0 0 0 0   4   0   0   0   0   0   0    21.915     0.000     0.000     0.000     0.000     0.000     0.000   0   0   0   0   0   0   0     0.000    -0.011     0.025     0.000     0.000     0.000     0.000
   7 0 1 1 0 0 0 0   4   0   0   0   0   0   0    21.915     0.000     0.000     0.000     0.000     0.000     0.000   0   0   0   0   0   0   0     0.000    -0.012     0.020     0.000     0.000     0.000     0.000
   7 0 1 1 0 0 0 0   0   0   0   0   0   0   0    16.499     0.000     0.000     0.000     0.000     0.000     0.000   0   0   0   0   0   0   0     0.000     0.049    -0.022     0.000     0.000     0.000     0.000
   7 0 1 1 0 0 0 0   0   0   0   0   0   0   0    16.499     0.000     0.000     0.000     0.000     0.000     0.000   0   0   0   0   0   0   0     0.000     0.029    -0.013     0.000     0.000     0.000     0.000
   7 0 1 1 0 0 0 0   0   0   0   0   0   0   0    16.499     0.000     0.000     0.000     0.000     0.000     0.000   0   0   0   0   0   0   0     0.000    -0.018     0.017     0.000     0.000     0.000     0.000
   7 0 1 1 0 0 0 0   4   0   0   0   0   0   0    21.915     0.000     0.000     0.000     0.000     0.000     0.000   0   0   0   0   0   0   0     0.000    -0.011     0.019     0.000     0.000     0.000     0.000
   7 0 1 1 0 0 0 0   0   0   0   0   0   0   0    16.499     0.000     0.000     0.000     0.000     0.000     0.000   0   0   0   0   0   0   0     0.000     0.046    -0.021     0.000     0.000     0.000     0.000
   7 0 1 1 0 0 0 0   0   0   0   0   0   0   0    17.095     0.000     0.000     0.000     0.000     0.000     0.000   0   0   0   0   0   0   0     0.000     0.020    -0.021     0.000     0.000     0.000     0.000
   7 0 1 1 0 0 0 0   4   0   0   0   0   0   0    21.915     0.000     0.000     0.000     0.000     0.000     0.000   0   0   0   0   0   0   0     0.000    -0.011     0.023     0.000     0.000     0.000     0.000
   7 0 1 1 0 0 0 0   0   0   0   0   0   0   0    16.499     0.000     0.000     0.000     0.000     0.000     0.000   0   0   0   0   0   0   0     0.000    -0.017     0.013     0.000     0.000     0.000     0.000
   7 0 1 1 0 0 0 0   0   0   0   0   0   0   0    16.499     0.000     0.000     0.000     0.000     0.000     0.000   0   0   0   0   0   0   0     0.000     0.044    -0.019     0.000     0.000     0.000     0.000
   7 0 1 1 0 0 0 0   0   0   0   0   0   0   0    16.499     0.000     0.000     0.000     0.000     0.000     0.000   0   0   0   0   0   0   0     0.000     0.027    -0.013     0.000     0.000     0.000     0.000
   7 0 1 1 0 0 0 0   0   0   0   0   0   0   0    16.499     0.000     0.000     0.000     0.000     0.000     0.000   0   0   0   0   0   0   0     0.000    -0.016     0.015     0.000     0.000     0.000     0.000
   7 0 1 1 0 0 0 0   4   0   0   0   0   0   0    21.915     0.000     0.000     0.000     0.000     0.000     0.000   0   0   0   0   0   0   0     0.000    -0.010     0.017     0.000     0.000     0.000     0.000
   7 0 1 1 0 0 0 0   0   0   0   0   0   0   0    16.499     0.000     0.000     0.000     0.000     0.000     0.000   0   0   0   0   0   0   0     0.000     0.042    -0.018     0.000     0.000     0.000     0.000
   7 0 1 1 0 0 0 0   0   0   0   0   0   0   0    17.095     0.000     0.000     0.000     0.000     0.000     0.000   0   0   0   0   0   0   0     0.000     0.018    -0.020     0.000     0.000     0.000     0.000
   7 0 1 1 0 0 0 0   4   0   0   0   0   0   0    21.915     0.000     0.000     0.000     0.000     0.000     0.000   0   0   0   0   0   0   0     0.000    -0.010     0.021     0.000     0.000     0.000     0.000
   7 0 1 1 0 0 0 0   0   0   0   0   0   0   0    16.499     0.000     0.000     0.000     0.000     0.000     0.000   0   0   0   0   0   0   0     0.000    -0.015     0.012     0.000     0.000     0.000     0.000
   7 0 1 1 0 0 0 0  16   0   0   0   0   0   0    51.484     0.000     0.000     0.000     0.000     0.000     0.000   0   0   0   0   0   0   0     0.000    -0.017     0.040     0.000     0.000     0.000     0.000
   7 0 1 1 0 0 0 0   0   0   0   0   0   0   0    16.499     0.000     0.000     0.000     0.000     0.000     0.000   0   0   0   0   0   0   0     0.000     0.025    -0.012     0.000     0.000     0.000     0.000
   7 0 1 1 0 0 0 0   4   0   0   0   0   0   0    21.915     0.000     0.000     0.000     0.000     0.000     0.000   0   0   0   0   0   0   0     0.000    -0.009     0.020     0.000     0.000     0.000     0.000
   7 0 1 1 0 0 0 0   4   0   0   0   0   0   0    21.915     0.000     0.000     0.000     0.000     0.000     0.000   0   0   0   0   0   0   0     0.000    -0.010     0.016     0.000     0.000     0.000     0.000
   7 0 1 1 0 0 0 0   0   0   0   0   0   0   0    16.499     0.000     0.000     0.000     0.000     0.000     0.000   0   0   0   0   0   0   0     0.000     0.038    -0.016     0.000     0.000     0.000     0.000
   7 0 1 1 0 0 0 0   0   0   0   0   0   0   0    17.095     0.000     0.000     0.000     0.000     0.000     0.000   0   0   0   0   0   0   0     0.000     0.017    -0.018     0.000     0.000     0.000     0.000
   7 0 1 1 0 0 0 0   0   0   0   0   0   0   0    16.499     0.000     0.000     0.000     0.000     0.000     0.000   0   0   0   0   0   0   0     0.000    -0.015     0.014     0.000     0.000     0.000     0.000
   7 0 1 1 0 0 0 0   0   0   0   0   0   0   0    16.499     0.000     0.000     0.000     0.000     0.000     0.000   0   0   0   0   0   0   0     0.000    -0.014     0.011     0.000     0.000     0.000     0.000
   7 0 1 1 0 0 0 0   0   0   0   0   0   0   0    16.499     0.000     0.000     0.000     0.000     0.000     0.000   0   0   0   0   0   0   0     0.000     0.036    -0.015     0.000     0.000     0.000     0.000
   7 0 1 1 0 0 0 0   0   0   0   0   0   0   0    16.499     0.000     0.000     0.000     0.000     0.000     0.000   0   0   0   0   0   0   0     0.000     0.023    -0.011     0.000     0.000     0.000     0.000
   7 0 1 1 0 0 0 0   4   0   0   0   0   0   0    21.915     0.000     0.000     0.000     0.000     0.000     0.000   0   0   0   0   0   0   0     0.000    -0.009     0.018     0.000     0.000     0.000     0.000
   7 0 1 1 0 0 0 0   4   0   0   0   0   0   0    21.915     0.000     0.000     0.000     0.000     0.000     0.000   0   0   0   0   0   0   0     0.000    -0.009     0.015     0.000     0.000     0.000     0.000
   7 0 1 1 0 0 0 0   4   0   0   0   0   0   0    21.694     0.000     0.000     0.000     0.000     0.000     0.000   0   0   0   0   0   0   0     0.000    -0.024     0.025     0.000     0.000     0.000     0.000
   7 0 1 1 0 0 0 0   0   0   0   0   0   0   0    17.095     0.000     0.000     0.000     0.000     0.000     0.000   0   0   0   0   0   0   0     0.000     0.015    -0.017     0.000     0.000     0.000     0.000
   7 0 1 1 0 0 0 0   0   0   0   0   0   0   0    16.499     0.000     0.000     0.000     0.000     0.000     0.000   0   0   0   0   0   0   0     0.000    -0.013     0.012     0.000     0.000     0.000     0.000
   7 0 1 1 0 0 0 0   0   0   0   0   0   0   0    16.499     0.000     0.000     0.000     0.000     0.000     0.000   0   0   0   0   0   0   0     0.000    -0.013     0.010     0.000     0.000     0.000     0.000
   7 0 1 1 0 0 0 0   0   0   0   0   0   0   0    16.499     0.000     0.000     0.000     0.000     0.000     0.000   0   0   0   0   0   0   0     0.000     0.033    -0.014     0.000     0.000     0.000     0.000
   7 0 1 1 0 0 0 0   0   0   0   0   0   0   0    16.499     0.000     0.000     0.000     0.000     0.000     0.000   0   0   0   0   0   0   0     0.000     0.021    -0.010     0.000     0.000     0.000     0.000
   7 0 1 1 0 0 0 0   4   0   0   0   0   0   0    21.915     0.000     0.000     0.000     0.000     0.000     0.000   0   0   0   0   0   0   0     0.000    -0.008     0.017     0.000     0.000     0.000     0.000
   7 0 1 1 0 0 0 0  10   0   0   0   0   0   0    22.245     0.000     0.000     0.000     0.000     0.000     0.000   0   0   0   0   0   0   0     0.000     0.013    -0.008     0.000     0.000     0.000     0.000
   7 0 1 1 0 0 0 0   0   0   0   0   0   0   0    17.095     0.000     0.000     0.000     0.000     0.000     0.000   0   0   0   0   0   0   0     0.000     0.023    -0.022     0.000     0.000     0.000     0.000
   7 0 1 1 0 0 0 0   0   0   0   0   0   0   0    16.499     0.000     0.000     0.000     0.000     0.000     0.000   0   0   0   0   0   0   0     0.000     0.020    -0.009     0.000     0.000     0.000     0.000
   7 0 1 1 0 0 0 0   0   0   0   0   0   0   0    16.499     0.000     0.000     0.000     0.000     0.000     0.000   0   0   0   0   0   0   0     0.000    -0.012     0.011     0.000     0.000     0.000     0.000
   7 0 1 1 0 0 0 0   0   0   0   0   0   0   0    16.499     0.000     0.000     0.000     0.000     0.000     0.000   0   0   0   0   0   0   0     0.000    -0.012     0.009     0.000     0.000     0.000     0.000
   7 0 1 1 0 0 0 0   0   0   0   0   0   0   0    16.499     0.000     0.000     0.000     0.000     0.000     0.000   0   0   0   0   0   0   0     0.000     0.030    -0.013     0.000     0.000     0.000     0.000
   7 0 1 1 0 0 0 0   0   0   0   0   0   0   0    17.095     0.000     0.000     0.000     0.000     0.000     0.000   0   0   0   0   0   0   0     0.000     0.013    -0.015     0.000     0.000     0.000     0.000
   7 0 1 1 0 0 0 0   4   0   0   0   0   0   0    21.915     0.000     0.000     0.000     0.000     0.000     0.000   0   0   0   0   0   0   0     0.000    -0.007     0.015     0.000     0.000     0.000     0.000
   7 0 1 1 0 0 0 0   4   0   0   0   0   0   0    21.915     0.000     0.000     0.000     0.000     0.000     0.000   0   0   0   0   0   0   0     0.000    -0.008     0.012     0.000     0.000     0.000     0.000
   7 0 1 1 0 0 0 0   0   0   0   0   0   0   0    17.095     0.000     0.000     0.000     0.000     0.000     0.000   0   0   0   0   0   0   0     0.000     0.021    -0.020     0.000     0.000     0.000     0.000
   7 0 1 1 0 0 0 0   0   0   0   0   0   0   0    16.499     0.000     0.000     0.000     0.000     0.000     0.000   0   0   0   0   0   0   0     0.000     0.018    -0.009     0.000     0.000     0.000     0.000
   7 0 1 1 0 0 0 0   0   0   0   0   0   0   0    16.499     0.000     0.000     0.000     0.000     0.000     0.000   0   0   0   0   0   0   0     0.000    -0.011     0.010     0.000     0.000     0.000     0.000
   7 0 1 1 0 0 0 0   0   0   0   0   0   0   0    16.499     0.000     0.000     0.000     0.000     0.000     0.000   0   0   0   0   0   0   0     0.000    -0.011     0.008     0.000     0.000     0.000     0.000
   7 0 1 1 0 0 0 0   0   0   0   0   0   0   0    16.499     0.000     0.000     0.000     0.000     0.000     0.000   0   0   0   0   0   0   0     0.000     0.027    -0.012     0.000     0.000     0.000     0.000
   7 0 1 1 0 0 0 0   0   0   0   0   0   0   0    17.095     0.000     0.000     0.000     0.000     0.000     0.000   0   0   0   0   0   0   0     0.000     0.012    -0.014     0.000     0.000     0.000     0.000
   7 0 1 1 0 0 0 0   4   0   0   0   0   0   0    21.915     0.000     0.000     0.000     0.000     0.000     0.000   0   0   0   0   0   0   0     0.000    -0.007     0.014     0.000     0.000     0.000     0.000
   7 0 1 1 0 0 0 0   4   0   0   0   0   0   0    21.915     0.000     0.000     0.000     0.000     0.000     0.000   0   0   0   0   0   0   0     0.000    -0.007     0.011     0.000     0.000     0.000     0.000
   7 0 1 1 0 0 0 0   0   0   0   0   0   0   0    17.095     0.000     0.000     0.000     0.000     0.000     0.000   0   0   0   0   0   0   0     0.000     0.019    -0.019     0.000     0.000     0.000     0.000
   7 0 1 1 0 0 0 0   0   0   0   0   0   0   0    16.499     0.000     0.000     0.000     0.000     0.000     0.000   0   0   0   0   0   0   0     0.000     0.016    -0.008     0.000     0.000     0.000     0.000
   7 0 1 1 0 0 0 0   0   0   0   0   0   0   0    16.499     0.000     0.000     0.000     0.000     0.000     0.000   0   0   0   0   0   0   0     0.000    -0.010     0.009     0.000     0.000     0.000     0.000
   7 0 1 1 0 0 0 0   0   0   0   0   0   0   0    16.499     0.000     0.000     0.000     0.000     0.000     0.000   0   0   0   0   0   0   0     0.000    -0.010     0.007     0.000     0.000     0.000     0.000
   7 0 1 1 0 0 0 0   0   0   0   0   0   0   0    16.499     0.000     0.000     0.000     0.000     0.000     0.000   0   0   0   0   0   0   0     0.000     0.025    -0.011     0.000     0.000     0.000     0.000
   7 0 1 1 0 0 0 0   0   0   0   0   0   0   0    17.095     0.000     0.000     0.000     0.000     0.000     0.000   0   0   0   0   0   0   0     0.000     0.011    -0.012     0.000     0.000     0.000     0.000
   7 0 1 1 0 0 0 0   4   0   0   0   0   0   0    21.915     0.000     0.000     0.000     0.000     0.000     0.000   0   0   0   0   0   0   0     0.000    -0.006     0.013     0.000     0.000     0.000     0.000
   7 0 1 1 0 0 0 0   4   0   0   0   0   0   0    21.915     0.000     0.000     0.000     0.000     0.000     0.000   0   0   0   0   0   0   0     0.000    -0.006     0.010     0.000     0.000     0.000     0.000
   7 0 1 1 0 0 0 0  16   0   0   0   0   0   0    51.484     0.000     0.000     0.000     0.000     0.000     0.000   0   0   0   0   0   0   0     0.000    -0.010     0.024     0.000     0.000     0.000     0.000
   7 0 1 1 0 0 0 0   0   0   0   0   0   0   0    16.499     0.000     0.000     0.000     0.000     0.000     0.000   0   0   0   0   0   0   0     0.000     0.015    -0.008     0.000     0.000     0.000     0.000
   7 0 1 1 0 0 0 0   4   0   0   0   0   0   0    21.915     0.000     0.000     0.000     0.000     0.000     0.000   0   0   0   0   0   0   0     0.000    -0.006     0.012     0.000     0.000     0.000     0.000
   7 0 1 1 0 0 0 0   0   0   0   0   0   0   0    16.499     0.000     0.000     0.000     0.000     0.000     0.000   0   0   0   0   0   0   0     0.000    -0.009     0.007     0.000     0.000     0.000     0.000
   7 0 1 1 0 0 0 0   0   0   0   0   0   0   0    17.095     0.000     0.000     0.000     0.000     0.000     0.000   0   0   0   0   0   0   0     0.000     0.016    -0.017     0.000     0.000     0.000     0.000
   7 0 1 1 0 0 0 0   0   0   0   0   0   0   0    17.095     0.000     0.000     0.000     0.000     0.000     0.000   0   0   0   0   0   0   0     0.000     0.010    -0.011     0.000     0.000     0.000     0.000
   7 0 1 1 0 0 0 0   0   0   0   0   0   0   0    16.499     0.000     0.000     0.000     0.000     0.000     0.000   0   0   0   0   0   0   0     0.000    -0.009     0.008     0.000     0.000     0.000     0.000
   7 0 1 1 0 0 0 0   4   0   0   0   0   0   0    21.915     0.000     0.000     0.000     0.000     0.000     0.000   0   0   0   0   0   0   0     0.000    -0.006     0.009     0.000     0.000     0.000     0.000
   7 0 1 1 0 0 0 0   0   0   0   0   0   0   0    16.499     0.000     0.000     0.000     0.000     0.000     0.000   0   0   0   0   0   0   0     0.000     0.022    -0.010     0.000     0.000     0.000     0.000
   7 0 1 1 0 0 0 0   0   0   0   0   0   0   0    16.499     0.000     0.000     0.000     0.000     0.000     0.000   0   0   0   0   0   0   0     0.000     0.014    -0.007     0.000     0.000     0.000     0.000
   7 0 1 1 0 0 0 0   4   0   0   0   0   0   0    21.915     0.000     0.000     0.000     0.000     0.000     0.000   0   0   0   0   0   0   0     0.000    -0.006     0.011     0.000     0.000     0.000     0.000
   7 0 1 1 0 0 0 0   0   0   0   0   0   0   0    16.499     0.000     0.000     0.000     0.000     0.000     0.000   0   0   0   0   0   0   0     0.000    -0.009     0.006     0.000     0.000     0.000     0.000
   7 0 1 1 0 0 0 0   0   0   0   0   0   0   0    17.095     0.000     0.000     0.000     0.000     0.000     0.000   0   0   0   0   0   0   0     0.000     0.015    -0.015     0.000     0.000     0.000     0.000
   7 0 1 1 0 0 0 0   0   0   0   0   0   0   0    17.095     0.000     0.000     0.000     0.000     0.000     0.000   0   0   0   0   0   0   0     0.000     0.009    -0.011     0.000     0.000     0.000     0.000
   7 0 1 1 0 0 0 0   0   0   0   0   0   0   0    16.499     0.000     0.000     0.000     0.000     0.000     0.000   0   0   0   0   0   0   0     0.000    -0.009     0.008     0.000     0.000     0.000     0.000
   7 0 1 1 0 0 0 0   4   0   0   0   0   0   0    21.915     0.000     0.000     0.000     0.000     0.000     0.000   0   0   0   0   0   0   0     0.000    -0.005     0.009     0.000     0.000     0.000     0.000
   7 0 1 1 0 0 0 0   0   0   0   0   0   0   0    16.499     0.000     0.000     0.000     0.000     0.000     0.000   0   0   0   0   0   0   0     0.000     0.020    -0.009     0.000     0.000     0.000     0.000
   7 0 1 1 0 0 0 0   0   0   0   0   0   0   0    16.499     0.000     0.000     0.000     0.000     0.000     0.000   0   0   0   0   0   0   0     0.000     0.013    -0.006     0.000     0.000     0.000     0.000
   7 0 1 1 0 0 0 0   4   0   0   0   0   0   0    21.915     0.000     0.000     0.000     0.000     0.000     0.000   0   0   0   0   0   0   0     0.000    -0.005     0.010     0.000     0.000     0.000     0.000
   7 0 1 1 0 0 0 0   0   0   0   0   0   0   0    16.499     0.000     0.000     0.000     0.000     0.000     0.000   0   0   0   0   0   0   0     0.000    -0.008     0.006     0.000     0.000     0.000     0.000
   7 0 1 1 0 0 0 0   4   0   0   0   0   0   0    21.694     0.000     0.000     0.000     0.000     0.000     0.000   0   0   0   0   0   0   0     0.000    -0.014     0.014     0.000     0.000     0.000     0.000
   7 0 1 1 0 0 0 0   0   0   0   0   0   0   0    17.095     0.000     0.000     0.000     0.000     0.000     0.000   0   0   0   0   0   0   0     0.000     0.008    -0.010     0.000     0.000     0.000     0.000
   7 0 1 1 0 0 0 0   0   0   0   0   0   0   0    16.499     0.000     0.000     0.000     0.000     0.000     0.000   0   0   0   0   0   0   0     0.000    -0.008     0.007     0.000     0.000     0.000     0.000
   7 0 1 1 0 0 0 0   4   0   0   0   0   0   0    21.915     0.000     0.000     0.000     0.000     0.000     0.000   0   0   0   0   0   0   0     0.000    -0.005     0.008     0.000     0.000     0.000     0.000
   7 0 1 1 0 0 0 0   0   0   0   0   0   0   0    16.499     0.000     0.000     0.000     0.000     0.000     0.000   0   0   0   0   0   0   0     0.000     0.018    -0.008     0.000     0.000     0.000     0.000
   7 0 1 1 0 0 0 0  16   0   0   0   0   0   0    51.484     0.000     0.000     0.000     0.000     0.000     0.000   0   0   0   0   0   0   0     0.000    -0.006     0.012     0.000     0.000     0.000     0.000
   7 0 1 1 0 0 0 0   4   0   0   0   0   0   0    21.915     0.000     0.000     0.000     0.000     0.000     0.000   0   0   0   0   0   0   0     0.000    -0.005     0.009     0.000     0.000     0.000     0.000
   7 0 1 1 0 0 0 0   0   0   0   0   0   0   0    16.499     0.000     0.000     0.000     0.000     0.000     0.000   0   0   0   0   0   0   0     0.000    -0.007     0.005     0.000     0.000     0.000     0.000
   7 0 1 1 0 0 0 0   0   0   0   0   0   0   0    17.095     0.000     0.000     0.000     0.000     0.000     0.000   0   0   0   0   0   0   0     0.000     0.012    -0.013     0.000     0.000     0.000     0.000
   7 0 1 1 0 0 0 0   0   0   0   0   0   0   0    16.499     0.000     0.000     0.000     0.000     0.000     0.000   0   0   0   0   0   0   0     0.000     0.011    -0.006     0.000     0.000     0.000     0.000
   7 0 1 1 0 0 0 0   0   0   0   0   0   0   0    16.499     0.000     0.000     0.000     0.000     0.000     0.000   0   0   0   0   0   0   0     0.000    -0.007     0.006     0.000     0.000     0.000     0.000
   7 0 1 1 0 0 0 0   4   0   0   0   0   0   0    21.915     0.000     0.000     0.000     0.000     0.000     0.000   0   0   0   0   0   0   0     0.000    -0.005     0.007     0.000     0.000     0.000     0.000
   7 0 1 1 0 0 0 0   0   0   0   0   0   0   0    16.499     0.000     0.000     0.000     0.000     0.000     0.000   0   0   0   0   0   0   0     0.000     0.017    -0.008     0.000     0.000     0.000     0.000
   7 0 1 1 0 0 0 0   0   0   0   0   0   0   0    17.095     0.000     0.000     0.000     0.000     0.000     0.000   0   0   0   0   0   0   0     0.000     0.007    -0.009     0.000     0.000     0.000     0.000
   7 0 1 1 0 0 0 0   4   0   0   0   0   0   0    21.915     0.000     0.000     0.000     0.000     0.000     0.000   0   0   0   0   0   0   0     0.000    -0.004     0.009     0.000     0.000     0.000     0.000
   7 0 1 1 0 0 0 0   0   0   0   0   0   0   0    16.499     0.000     0.000     0.000     0.000     0.000     0.000   0   0   0   0   0   0   0     0.000    -0.007     0.005     0.000     0.000     0.000     0.000
   7 0 1 1 0 0 0 0   0   0   0   0   0   0   0    17.095     0.000     0.000     0.000     0.000     0.000     0.000   0   0   0   0   0   0   0     0.000     0.011    -0.012     0.000     0.000     0.000     0.000
   7 0 1 1 0 0 0 0  16   0   0   0   0   0   0    51.484     0.000     0.000     0.000     0.000     0.000     0.000   0   0   0   0   0   0   0     0.000    -0.005     0.010     0.000     0.000     0.000     0.000
   7 0 1 1 0 0 0 0   0   0   0   0   0   0   0    16.499     0.000     0.000     0.000     0.000     0.000     0.000   0   0   0   0   0   0   0     0.000    -0.007     0.006     0.000     0.000     0.000     0.000
   7 0 1 1 0 0 0 0   4   0   0   0   0   0   0    21.915     0.000     0.000     0.000     0.000     0.000     0.000   0   0   0   0   0   0   0     0.000    -0.004     0.007     0.000     0.000     0.000     0.000
   7 0 1 1 0 0 0 0   0   0   0   0   0   0   0    16.499     0.000     0.000     0.000     0.000     0.000     0.000   0   0   0   0   0   0   0     0.000     0.015    -0.007     0.000     0.000     0.000     0.000
   7 0 1 1 0 0 0 0   0   0   0   0   0   0   0    17.095     0.000     0.000     0.000     0.000     0.000     0.000   0   0   0   0   0   0   0     0.000     0.007    -0.008     0.000     0.000     0.000     0.000
   7 0 1 1 0 0 0 0   4   0   0   0   0   0   0    21.915     0.000     0.000     0.000     0.000     0.000     0.000   0   0   0   0   0   0   0     0.000    -0.004     0.008     0.000     0.000     0.000     0.000
   7 0 1 1 0 0 0 0   0   0   0   0   0   0   0    16.499     0.000     0.000     0.000     0.000     0.000     0.000   0   0   0   0   0   0   0     0.000    -0.006     0.004     0.000     0.000     0.000     0.000
   7 0 1 1 0 0 0 0   0   0   0   0   0   0   0    16.499     0.000     0.000     0.000     0.000     0.000     0.000   0   0   0   0   0   0   0     0.000     0.015    -0.007     0.000     0.000     0.000     0.000
   7 0 1 1 0 0 0 0  16   0   0   0   0   0   0    51.484     0.000     0.000     0.000     0.000     0.000     0.000   0   0   0   0   0   0   0     0.000    -0.005     0.009     0.000     0.000     0.000     0.000
   7 0 1 1 0 0 0 0   0   0   0   0   0   0   0    16.499     0.000     0.000     0.000     0.000     0.000     0.000   0   0   0   0   0   0   0     0.000    -0.006     0.005     0.000     0.000     0.000     0.000
   7 0 1 1 0 0 0 0   4   0   0   0   0   0   0    21.915     0.000     0.000     0.000     0.000     0.000     0.000   0   0   0   0   0   0   0     0.000    -0.004     0.006     0.000     0.000     0.000     0.000
   7 0 1 1 0 0 0 0   0   0   0   0   0   0   0    17.095     0.000     0.000     0.000     0.000     0.000     0.000   0   0   0   0   0   0   0     0.000     0.010    -0.011     0.000     0.000     0.000     0.000
   7 0 1 1 0 0 0 0   0   0   0   0   0   0   0    17.095     0.000     0.000     0.000     0.000     0.000     0.000   0   0   0   0   0   0   0     0.000     0.006    -0.007     0.000     0.000     0.000     0.000
   7 0 1 1 0 0 0 0   4   0   0   0   0   0   0    21.915     0.000     0.000     0.000     0.000     0.000     0.000   0   0   0   0   0   0   0     0.000    -0.004     0.007     0.000     0.000     0.000     0.000
   7 0 1 1 0 0 0 0   0   0   0   0   0   0   0    16.499     0.000     0.000     0.000     0.000     0.000     0.000   0   0   0   0   0   0   0     0.000    -0.006     0.004     0.000     0.000     0.000     0.000
   7 0 1 1 0 0 0 0   0   0   0   0   0   0   0    16.499     0.000     0.000     0.000     0.000     0.000     0.000   0   0   0   0   0   0   0     0.000     0.013    -0.006     0.000     0.000     0.000     0.000
   7 0 1 1 0 0 0 0  16   0   0   0   0   0   0    51.484     0.000     0.000     0.000     0.000     0.000     0.000   0   0   0   0   0   0   0     0.000    -0.004     0.008     0.000     0.000     0.000     0.000
   7 0 1 1 0 0 0 0   0   0   0   0   0   0   0    16.499     0.000     0.000     0.000     0.000     0.000     0.000   0   0   0   0   0   0   0     0.000    -0.006     0.005     0.000     0.000     0.000     0.000
   7 0 1 1 0 0 0 0   4   0   0   0   0   0   0    21.915     0.000     0.000     0.000     0.000     0.000     0.000   0   0   0   0   0   0   0     0.000    -0.004     0.006     0.000     0.000     0.000     0.000
   7 0 1 1 0 0 0 0   0   0   0   0   0   0   0    17.095     0.000     0.000     0.000     0.000     0.000     0.000   0   0   0   0   0   0   0     0.000     0.009    -0.010     0.000     0.000     0.000     0.000
   7 0 1 1 0 0 0 0   0   0   0   0   0   0   0    17.095     0.000     0.000     0.000     0.000     0.000     0.000   0   0   0   0   0   0   0     0.000     0.006    -0.007     0.000     0.000     0.000     0.000
   7 0 1 1 0 0 0 0   4   0   0   0   0   0   0    21.915     0.000     0.000     0.000     0.000     0.000     0.000   0   0   0   0   0   0   0     0.000    -0.004     0.007     0.000     0.000     0.000     0.000
   7 0 1 1 0 0 0 0   0   0   0   0   0   0   0    16.499     0.000     0.000     0.000     0.000     0.000     0.000   0   0   0   0   0   0   0     0.000    -0.005     0.004     0.000     0.000     0.000     0.000
   7 0 1 1 0 0 0 0   0   0   0   0   0   0   0    16.499     0.000     0.000     0.000     0.000     0.000     0.000   0   0   0   0   0   0   0     0.000     0.012    -0.006     0.000     0.000     0.000     0.000
   7 0 1 1 0 0 0 0   0   0   0   0   0   0   0    16.499     0.000     0.000     0.000     0.000     0.000     0.000   0   0   0   0   0   0   0     0.000     0.008    -0.004     0.000     0.000     0.000     0.000
   7 0 1 1 0 0 0 0   4   0   0   0   0   0   0    21.915     0.000     0.000     0.000     0.000     0.000     0.000   0   0   0   0   0   0   0     0.000    -0.003     0.006     0.000     0.000     0.000     0.000
   7 0 1 1 0 0 0 0   4   0   0   0   0   0   0    21.915     0.000     0.000     0.000     0.000     0.000     0.000   0   0   0   0   0   0   0     0.000    -0.003     0.005     0.000     0.000     0.000     0.000
   7 0 1 1 0 0 0 0   0   0   0   0   0   0   0    17.095     0.000     0.000     0.000     0.000     0.000     0.000   0   0   0   0   0   0   0     0.000     0.008    -0.009     0.000     0.000     0.000     0.000
   7 0 1 1 0 0 0 0   0   0   0   0   0   0   0    17.095     0.000     0.000     0.000     0.000     0.000     0.000   0   0   0   0   0   0   0     0.000     0.005    -0.006     0.000     0.000     0.000     0.000
   7 0 1 1 0 0 0 0   0   0   0   0   0   0   0    16.499     0.000     0.000     0.000     0.000     0.000     0.000   0   0   0   0   0   0   0     0.000    -0.005     0.004     0.000     0.000     0.000     0.000
   7 0 1 1 0 0 0 0   0   0   0   0   0   0   0    16.499     0.000     0.000     0.000     0.000     0.000     0.000   0   0   0   0   0   0   0     0.000    -0.005     0.003     0.000     0.000     0.000     0.000
   7 0 1 1 0 0 0 0   0   0   0   0   0   0   0    16.499     0.000     0.000     0.000     0.000     0.000     0.000   0   0   0   0   0   0   0     0.000     0.011    -0.005     0.000     0.000     0.000     0.000
   7 0 1 1 0 0 0 0   0   0   0   0   0   0   0    16.499     0.000     0.000     0.000     0.000     0.000     0.000   0   0   0   0   0   0   0     0.000     0.007    -0.004     0.000     0.000     0.000     0.000
   7 0 1 1 0 0 0 0   4   0   0   0   0   0   0    21.915     0.000     0.000     0.000     0.000     0.000     0.000   0   0   0   0   0   0   0     0.000    -0.003     0.006     0.000     0.000     0.000     0.000
   7 0 1 1 0 0 0 0   4   0   0   0   0   0   0    21.915     0.000     0.000     0.000     0.000     0.000     0.000   0   0   0   0   0   0   0     0.000    -0.003     0.005     0.000     0.000     0.000     0.000
   7 0 1 1 0 0 0 0   0   0   0   0   0   0   0    17.095     0.000     0.000     0.000     0.000     0.000     0.000   0   0   0   0   0   0   0     0.000     0.008    -0.008     0.000     0.000     0.000     0.000
   7 0 1 1 0 0 0 0   0   0   0   0   0   0   0    17.095     0.000     0.000     0.000     0.000     0.000     0.000   0   0   0   0   0   0   0     0.000     0.005    -0.006     0.000     0.000     0.000     0.000
   7 0 1 1 0 0 0 0   0   0   0   0   0   0   0    16.499     0.000     0.000     0.000     0.000     0.000     0.000   0   0   0   0   0   0   0     0.000    -0.005     0.004     0.000     0.000     0.000     0.000
   7 0 1 1 0 0 0 0   0   0   0   0   0   0   0    16.499     0.000     0.000     0.000     0.000     0.000     0.000   0   0   0   0   0   0   0     0.000    -0.004     0.003     0.000     0.000     0.000     0.000
   7 0 1 1 0 0 0 0   0   0   0   0   0   0   0    16.499     0.000     0.000     0.000     0.000     0.000     0.000   0   0   0   0   0   0   0     0.000     0.010    -0.005     0.000     0.000     0.000     0.000
   7 0 1 1 0 0 0 0   0   0   0   0   0   0   0    16.499     0.000     0.000     0.000     0.000     0.000     0.000   0   0   0   0   0   0   0     0.000     0.007    -0.004     0.000     0.000     0.000     0.000
   7 0 1 1 0 0 0 0   4   0   0   0   0   0   0    21.915     0.000     0.000     0.000     0.000     0.000     0.000   0   0   0   0   0   0   0     0.000    -0.003     0.005     0.000     0.000     0.000     0.000
   7 0 1 1 0 0 0 0   4   0   0   0   0   0   0    21.915     0.000     0.000     0.000     0.000     0.000     0.000   0   0   0   0   0   0   0     0.000    -0.003     0.004     0.000     0.000     0.000     0.000
   7 0 1 1 0 0 0 0   0   0   0   0   0   0   0    17.095     0.000     0.000     0.000     0.000     0.000     0.000   0   0   0   0   0   0   0     0.000     0.007    -0.008     0.000     0.000     0.000     0.000
   7 0 1 1 0 0 0 0   0   0   0   0   0   0   0    17.095     0.000     0.000     0.000     0.000     0.000     0.000   0   0   0   0   0   0   0     0.000     0.004    -0.005     0.000     0.000     0.000     0.000
