  268
   1 1   0     0.000   0     5.144
   1 1   0     0.000   0     5.597
   1 1   0     0.000   0     5.850
   1 1   0     0.000   0     6.084
   7 0 1 0 0 0 1 1   3   0   0   0   0   0   0    23.074     0.000    21.351     0.000     0.000     0.000     0.000   0   0   0   0   0   0   0     0.000     0.542     0.000     0.000     0.000    -0.078    -0.230
   7 0 1 0 0 0 1 1   3   0   0   0   0   0   0    23.074     0.000    21.351     0.000     0.000     0.000     0.000   0   0   0   0   0   0   0     0.000     0.165     0.000     0.000     0.000    -0.013    -0.114
   7 0 0 1 1 1 1 1  22  12   0   0   0   0   0     5.425    52.763    21.351     0.000     0.000     0.000     0.000   0   0   0   0   0   0   0     0.000     0.165     0.059    -0.163     0.038    -0.013    -0.114
   7 0 1 0 1 1 1 1   3  12  12   0   0   0   0    23.074    52.763    50.913     0.000     0.000     0.000     0.000   0   0   0   0   0   0   0     0.000    -0.530     0.059    -0.163     0.038    -0.039     0.142
   7 0 1 0 1 1 1 1   3  12   0   0   0   0   0    23.074    52.763    21.351     0.000     0.000     0.000     0.000   0   0   0   0   0   0   0     0.000     0.515     0.059    -0.163     0.038    -0.071    -0.218
   7 0 1 0 1 1 1 1   3  12   0   0   0   0   0    23.074    52.763    21.351     0.000     0.000     0.000     0.000   0   0   0   0   0   0   0     0.000     0.157     0.059    -0.163     0.038    -0.012    -0.108
   7 0 0 1 1 1 1 1  22  12   0   0   0   0   0     5.425    52.763    21.351     0.000     0.000     0.000     0.000   0   0   0   0   0   0   0     0.000     0.157     0.054    -0.152     0.037    -0.012    -0.108
   7 0 1 0 1 1 1 1   3  12   0   0   0   0   0    23.074    52.763    21.351     0.000     0.000     0.000     0.000   0   0   0   0   0   0   0     0.000    -0.504     0.054    -0.152     0.037     0.130    -0.037
   7 0 1 0 1 1 1 1   3  12   0   0   0   0   0    23.074    52.763    21.351     0.000     0.000     0.000     0.000   0   0   0   0   0   0   0     0.000     0.489     0.054    -0.152     0.037    -0.065    -0.207
   7 0 1 0 1 1 1 1   3  12   0   0   0   0   0    23.074    52.763    21.351     0.000     0.000     0.000     0.000   0   0   0   0   0   0   0     0.000     0.149     0.054    -0.152     0.037    -0.011    -0.103
   7 0 0 1 1 1 1 1  22  12   0   0   0   0   0     5.425    52.763    21.351     0.000     0.000     0.000     0.000   0   0   0   0   0   0   0     0.000     0.149     0.049    -0.142     0.035    -0.011    -0.103
   7 0 1 0 1 1 1 1   3  12  12   0   0   0   0    23.074    52.763    50.913     0.000     0.000     0.000     0.000   0   0   0   0   0   0   0     0.000    -0.478     0.049    -0.142     0.035    -0.035     0.118
   7 0 1 0 1 1 1 1   3  12   0   0   0   0   0    23.074    52.763    21.351     0.000     0.000     0.000     0.000   0   0   0   0   0   0   0     0.000     0.464     0.049    -0.142     0.035    -0.059    -0.197
   7 0 1 0 1 1 1 1   3  12   0   0   0   0   0    23.074    52.763    21.351     0.000     0.000     0.000     0.000   0   0   0   0   0   0   0     0.000     0.141     0.049    -0.142     0.035    -0.010    -0.097
   7 0 0 1 1 1 1 1  12   1   0   0   0   0   0    52.763    21.914    21.351     0.000     0.000     0.000     0.000   0   0   0   0   0   0   0     0.000     0.141     0.045     0.033    -0.133    -0.010    -0.097
   7 0 1 0 1 1 1 1   3   1  12   0   0   0   0    23.074    21.914    50.913     0.000     0.000     0.000     0.000   0   0   0   0   0   0   0     0.000    -0.455     0.045     0.033    -0.133    -0.033     0.108
   7 0 1 0 1 1 1 1   3   1   0   0   0   0   0    23.074    21.914    21.351     0.000     0.000     0.000     0.000   0   0   0   0   0   0   0     0.000     0.441     0.045     0.033    -0.133    -0.054    -0.187
   7 0 1 0 1 1 1 1   3   1   0   0   0   0   0    23.074    21.914    21.351     0.000     0.000     0.000     0.000   0   0   0   0   0   0   0     0.000     0.134     0.045     0.033    -0.133    -0.009    -0.093
   7 0 0 1 1 1 1 1  22  12   0   0   0   0   0     5.425    52.763    21.351     0.000     0.000     0.000     0.000   0   0   0   0   0   0   0     0.000     0.134     0.041    -0.124     0.031    -0.009    -0.093
   7 0 1 0 1 1 1 1   3  12   0   0   0   0   0    23.074    52.763    21.351     0.000     0.000     0.000     0.000   0   0   0   0   0   0   0     0.000    -0.432     0.041    -0.124     0.031     0.099    -0.031
   7 0 1 0 1 1 1 1   3  12   0   0   0   0   0    23.074    52.763    21.351     0.000     0.000     0.000     0.000   0   0   0   0   0   0   0     0.000     0.419     0.041    -0.124     0.031    -0.049    -0.178
   7 0 1 0 1 1 1 1   3  12   0   0   0   0   0    23.074    52.763    21.351     0.000     0.000     0.000     0.000   0   0   0   0   0   0   0     0.000     0.128     0.041    -0.124     0.031    -0.008    -0.088
   7 0 0 1 1 1 1 1  12   1   0   0   0   0   0    52.763    21.914    21.351     0.000     0.000     0.000     0.000   0   0   0   0   0   0   0     0.000     0.128     0.038     0.029    -0.115    -0.008    -0.088
   7 0 1 0 1 1 1 1   3   1   0   0   0   0   0    23.074    21.914    21.351     0.000     0.000     0.000     0.000   0   0   0   0   0   0   0     0.000    -0.410     0.038     0.029    -0.115     0.090    -0.030
   7 0 1 0 1 1 1 1   3   1   0   0   0   0   0    23.074    21.914    21.351     0.000     0.000     0.000     0.000   0   0   0   0   0   0   0     0.000     0.398     0.038     0.029    -0.115    -0.045    -0.169
   7 0 1 0 1 1 1 1   3   1   0   0   0   0   0    23.074    21.914    21.351     0.000     0.000     0.000     0.000   0   0   0   0   0   0   0     0.000     0.121     0.038     0.029    -0.115    -0.007    -0.084
   7 0 0 1 1 1 1 1  22  12   0   0   0   0   0     5.425    52.763    21.351     0.000     0.000     0.000     0.000   0   0   0   0   0   0   0     0.000     0.121     0.035    -0.108     0.027    -0.007    -0.084
   7 0 1 0 1 1 1 1   3  12  12   0   0   0   0    23.074    52.763    50.913     0.000     0.000     0.000     0.000   0   0   0   0   0   0   0     0.000    -0.390     0.035    -0.108     0.027    -0.028     0.082
   7 0 1 0 1 1 1 1   3  12   0   0   0   0   0    23.074    52.763    21.351     0.000     0.000     0.000     0.000   0   0   0   0   0   0   0     0.000     0.378     0.035    -0.108     0.027    -0.041    -0.160
   7 0 1 0 1 1 1 1   3  12   0   0   0   0   0    23.074    52.763    21.351     0.000     0.000     0.000     0.000   0   0   0   0   0   0   0     0.000     0.115     0.035    -0.108     0.027    -0.007    -0.079
   7 0 0 1 1 1 1 1  22  12   0   0   0   0   0     5.425    52.763    21.351     0.000     0.000     0.000     0.000   0   0   0   0   0   0   0     0.000     0.115     0.032    -0.101     0.026    -0.007    -0.079
   7 0 1 0 1 1 1 1   3  12   0   0   0   0   0    23.074    52.763    21.351     0.000     0.000     0.000     0.000   0   0   0   0   0   0   0     0.000    -0.370     0.032    -0.101     0.026     0.075    -0.027
   7 0 1 0 1 1 1 1   3  12   0   0   0   0   0    23.074    52.763    21.351     0.000     0.000     0.000     0.000   0   0   0   0   0   0   0     0.000     0.359     0.032    -0.101     0.026    -0.037    -0.152
   7 0 1 0 1 1 1 1   3  12   0   0   0   0   0    23.074    52.763    21.351     0.000     0.000     0.000     0.000   0   0   0   0   0   0   0     0.000     0.109     0.032    -0.101     0.026    -0.006    -0.075
   7 0 0 1 1 1 1 1  12   1   0   0   0   0   0    52.763    21.914    21.351     0.000     0.000     0.000     0.000   0   0   0   0   0   0   0     0.000     0.109     0.029     0.024    -0.094    -0.006    -0.075
   7 0 1 0 1 1 1 1   3   1   0   0   0   0   0    23.074    21.914    21.351     0.000     0.000     0.000     0.000   0   0   0   0   0   0   0     0.000    -0.352     0.029     0.024    -0.094     0.068    -0.026
   7 0 1 0 1 1 1 1   3   1   0   0   0   0   0    23.074    21.914    21.351     0.000     0.000     0.000     0.000   0   0   0   0   0   0   0     0.000     0.341     0.029     0.024    -0.094    -0.034    -0.145
   7 0 1 0 1 1 1 1   3   1   0   0   0   0   0    23.074    21.914    21.351     0.000     0.000     0.000     0.000   0   0   0   0   0   0   0     0.000     0.104     0.029     0.024    -0.094    -0.006    -0.072
   7 0 1 0 1 1 1 1  27   1   1   0   0   0   0     5.103    21.914    21.914     0.000     0.000     0.000     0.000   0   0   0   0   0   0   0     0.000     0.027     0.029     0.024    -0.094     0.023    -0.088
   7 0 1 0 1 1 1 1   3   1   0   0   0   0   0    23.074    21.914    21.351     0.000     0.000     0.000     0.000   0   0   0   0   0   0   0     0.000    -0.334     0.029     0.024    -0.094     0.062    -0.024
   7 0 1 0 1 1 1 1   3   1   0   0   0   0   0    23.074    21.914    21.351     0.000     0.000     0.000     0.000   0   0   0   0   0   0   0     0.000     0.324     0.029     0.024    -0.094    -0.031    -0.138
   7 0 1 0 1 1 1 1   3   1   0   0   0   0   0    23.074    21.914    21.351     0.000     0.000     0.000     0.000   0   0   0   0   0   0   0     0.000     0.099     0.029     0.024    -0.094    -0.005    -0.068
   7 0 0 1 1 1 1 1  22  12   0   0   0   0   0     5.425    52.763    21.351     0.000     0.000     0.000     0.000   0   0   0   0   0   0   0     0.000     0.099     0.024    -0.082     0.022    -0.005    -0.068
   7 0 1 0 1 1 1 1   3  12   0   0   0   0   0    23.074    52.763    21.351     0.000     0.000     0.000     0.000   0   0   0   0   0   0   0     0.000    -0.317     0.024    -0.082     0.022     0.057    -0.023
   7 0 1 0 1 1 1 1   3  12   0   0   0   0   0    23.074    52.763    21.351     0.000     0.000     0.000     0.000   0   0   0   0   0   0   0     0.000     0.308     0.024    -0.082     0.022    -0.028    -0.131
   7 0 1 0 1 1 1 1   3  12   0   0   0   0   0    23.074    52.763    21.351     0.000     0.000     0.000     0.000   0   0   0   0   0   0   0     0.000     0.094     0.024    -0.082     0.022    -0.005    -0.065
   7 0 0 1 1 1 1 1  22  12   0   0   0   0   0     5.425    52.763    21.351     0.000     0.000     0.000     0.000   0   0   0   0   0   0   0     0.000     0.094     0.022    -0.076     0.021    -0.005    -0.065
   7 0 1 0 1 1 1 1   3  12   0   0   0   0   0    23.074    52.763    21.351     0.000     0.000     0.000     0.000   0   0   0   0   0   0   0     0.000    -0.302     0.022    -0.076     0.021     0.052    -0.022
   7 0 1 0 1 1 1 1   3  12  12   0   0   0   0    23.074    52.763    53.576     0.000     0.000     0.000     0.000   0   0   0   0   0   0   0     0.000     0.293     0.022    -0.076     0.021    -0.085    -0.006
   7 0 1 0 1 1 1 1   3  12   0   0   0   0   0    23.074    52.763    21.351     0.000     0.000     0.000     0.000   0   0   0   0   0   0   0     0.000     0.089     0.022    -0.076     0.021    -0.004    -0.061
   7 0 0 1 1 1 1 1  12   1   0   0   0   0   0    52.763    21.914    21.351     0.000     0.000     0.000     0.000   0   0   0   0   0   0   0     0.000     0.089     0.020     0.020    -0.071    -0.004    -0.061
   7 0 1 0 1 1 1 1   3   1   0   0   0   0   0    23.074    21.914    21.351     0.000     0.000     0.000     0.000   0   0   0   0   0   0   0     0.000    -0.286     0.020     0.020    -0.071     0.047    -0.021
   7 0 1 0 1 1 1 1   3   1   0   0   0   0   0    23.074    21.914    21.351     0.000     0.000     0.000     0.000   0   0   0   0   0   0   0     0.000     0.278     0.020     0.020    -0.071    -0.022    -0.120
   7 0 1 0 1 1 1 1   3   1   0   0   0   0   0    23.074    21.914    21.351     0.000     0.000     0.000     0.000   0   0   0   0   0   0   0     0.000     0.085     0.020     0.020    -0.071    -0.004    -0.058
   7 0 0 1 1 1 1 1  12   1   0   0   0   0   0    52.763    21.914    21.351     0.000     0.000     0.000     0.000   0   0   0   0   0   0   0     0.000     0.085     0.019     0.019    -0.067    -0.004    -0.058
   7 0 1 0 1 1 1 1   3   1   0   0   0   0   0    23.074    21.914    21.351     0.000     0.000     0.000     0.000   0   0   0   0   0   0   0     0.000    -0.272     0.019     0.019    -0.067     0.043    -0.020
   7 0 1 0 1 1 1 1   3   1   0   0   0   0   0    23.074    21.914    21.351     0.000     0.000     0.000     0.000   0   0   0   0   0   0   0     0.000     0.264     0.019     0.019    -0.067    -0.021    -0.114
   7 0 1 0 1 1 1 1   3   1   0   0   0   0   0    23.074    21.914    21.351     0.000     0.000     0.000     0.000   0   0   0   0   0   0   0     0.000     0.080     0.019     0.019    -0.067    -0.004    -0.055
   7 0 0 1 1 1 1 1  12   1   0   0   0   0   0    52.763    21.914    21.351     0.000     0.000     0.000     0.000   0   0   0   0   0   0   0     0.000     0.080     0.017     0.018    -0.062    -0.004    -0.055
   7 0 1 0 1 1 1 1   3   1   0   0   0   0   0    23.074    21.914    21.351     0.000     0.000     0.000     0.000   0   0   0   0   0   0   0     0.000    -0.259     0.017     0.018    -0.062     0.039    -0.019
   7 0 1 0 1 1 1 1   3   1   0   0   0   0   0    23.074    21.914    21.351     0.000     0.000     0.000     0.000   0   0   0   0   0   0   0     0.000     0.251     0.017     0.018    -0.062    -0.019    -0.108
   7 0 1 0 1 1 1 1   3   1   0   0   0   0   0    23.074    21.914    21.351     0.000     0.000     0.000     0.000   0   0   0   0   0   0   0     0.000     0.076     0.017     0.018    -0.062    -0.003    -0.053
   7 0 0 0 1 1 1 1  12   1   1   0   0   0   0    52.763    21.914    21.942     0.000     0.000     0.000     0.000   0   0   0   0   0   0   0     0.000     0.076     0.017     0.017    -0.058     0.021     0.009
   7 0 1 0 1 1 1 1   3   1   0   0   0   0   0    23.074    21.914    21.351     0.000     0.000     0.000     0.000   0   0   0   0   0   0   0     0.000    -0.246     0.017     0.017    -0.058     0.036    -0.018
   7 0 1 0 1 1 1 1   3   1   0   0   0   0   0    23.074    21.914    21.351     0.000     0.000     0.000     0.000   0   0   0   0   0   0   0     0.000     0.238     0.017     0.017    -0.058    -0.017    -0.103
   7 0 1 0 1 1 1 1   3   1  12   0   0   0   0    23.074    21.914    50.913     0.000     0.000     0.000     0.000   0   0   0   0   0   0   0     0.000     0.073     0.017     0.017    -0.058    -0.050    -0.003
   7 0 0 0 1 1 1 1  22  12   0   0   0   0   0     5.425    52.763    21.262     0.000     0.000     0.000     0.000   0   0   0   0   0   0   0     0.000     0.073     0.017    -0.054     0.016     0.009     0.019
   7 0 1 0 1 1 1 1   3  12   0   0   0   0   0    23.074    52.763    21.351     0.000     0.000     0.000     0.000   0   0   0   0   0   0   0     0.000    -0.233     0.017    -0.054     0.016     0.033    -0.017
   7 0 1 0 1 1 1 1   3  12   0   0   0   0   0    23.074    52.763    21.351     0.000     0.000     0.000     0.000   0   0   0   0   0   0   0     0.000     0.227     0.017    -0.054     0.016    -0.016    -0.098
   7 0 1 0 1 1 1 1   3  12   0   0   0   0   0    23.074    52.763    21.351     0.000     0.000     0.000     0.000   0   0   0   0   0   0   0     0.000     0.069     0.017    -0.054     0.016    -0.003    -0.048
   7 0 0 0 1 1 1 1  12   1   0   0   0   0   0    52.763    21.914    21.261     0.000     0.000     0.000     0.000   0   0   0   0   0   0   0     0.000     0.069     0.017     0.015    -0.050     0.008     0.018
   7 0 1 0 1 1 1 1   3   1   0   0   0   0   0    23.074    21.914    21.351     0.000     0.000     0.000     0.000   0   0   0   0   0   0   0     0.000    -0.222     0.017     0.015    -0.050     0.030    -0.016
   7 0 1 0 1 1 1 1   3   1   0   0   0   0   0    23.074    21.914    21.261     0.000     0.000     0.000     0.000   0   0   0   0   0   0   0     0.000     0.215     0.017     0.015    -0.050     0.002    -0.062
   7 0 1 0 1 1 1 1   3   1   0   0   0   0   0    23.074    21.914    21.351     0.000     0.000     0.000     0.000   0   0   0   0   0   0   0     0.000     0.065     0.017     0.015    -0.050    -0.002    -0.045
   7 0 0 0 1 1 1 1  22  12   0   0   0   0   0     5.425    52.763    21.262     0.000     0.000     0.000     0.000   0   0   0   0   0   0   0     0.000     0.065     0.017    -0.047     0.014     0.007     0.017
   7 0 1 0 1 1 1 1   3  12   0   0   0   0   0    23.074    52.763    21.351     0.000     0.000     0.000     0.000   0   0   0   0   0   0   0     0.000    -0.211     0.017    -0.047     0.014     0.027    -0.015
   7 0 1 0 1 1 1 1   3  12   0   0   0   0   0    23.074    52.763    21.351     0.000     0.000     0.000     0.000   0   0   0   0   0   0   0     0.000     0.204     0.017    -0.047     0.014    -0.012    -0.090
   7 0 1 0 1 1 1 1   3  12   0   0   0   0   0    23.074    52.763    21.351     0.000     0.000     0.000     0.000   0   0   0   0   0   0   0     0.000     0.062     0.017    -0.047     0.014    -0.002    -0.043
   7 0 0 0 1 1 1 1  12   1   0   0   0   0   0    52.763    21.914    21.261     0.000     0.000     0.000     0.000   0   0   0   0   0   0   0     0.000     0.062     0.017     0.013    -0.044     0.007     0.016
   7 0 1 0 1 1 1 1   3   1   0   0   0   0   0    23.074    21.914    21.261     0.000     0.000     0.000     0.000   0   0   0   0   0   0   0     0.000    -0.200     0.017     0.013    -0.044     0.033     0.001
   7 0 1 0 1 1 1 1   3   1   0   0   0   0   0    23.074    21.914    21.351     0.000     0.000     0.000     0.000   0   0   0   0   0   0   0     0.000     0.194     0.017     0.013    -0.044    -0.011    -0.085
   7 0 1 0 1 1 1 1   3   1   0   0   0   0   0    23.074    21.914    21.351     0.000     0.000     0.000     0.000   0   0   0   0   0   0   0     0.000     0.059     0.017     0.013    -0.044    -0.002    -0.041
   7 0 0 0 1 1 1 1  22  12   0   0   0   0   0     5.425    52.763    21.262     0.000     0.000     0.000     0.000   0   0   0   0   0   0   0     0.000     0.059     0.017    -0.041     0.013     0.006     0.015
   7 0 1 0 1 1 1 1   3  12   0   0   0   0   0    23.074    52.763    21.351     0.000     0.000     0.000     0.000   0   0   0   0   0   0   0     0.000    -0.190     0.017    -0.041     0.013     0.023    -0.015
   7 0 1 0 1 1 1 1   3  12   0   0   0   0   0    23.074    52.763    21.351     0.000     0.000     0.000     0.000   0   0   0   0   0   0   0     0.000     0.184     0.017    -0.041     0.013    -0.010    -0.081
   7 0 1 0 1 1 1 1   3  12   0   0   0   0   0    23.074    52.763    21.351     0.000     0.000     0.000     0.000   0   0   0   0   0   0   0     0.000     0.056     0.017    -0.041     0.013    -0.002    -0.039
   7 0 0 0 1 1 1 1  12  22   1   0   0   0   0    52.763     5.425    21.942     0.000     0.000     0.000     0.000   0   0   0   0   0   0   0     0.000     0.056     0.017    -0.038     0.012     0.014     0.006
   7 0 1 0 1 1 1 1   3  22  12   0   0   0   0    23.074     5.425    53.576     0.000     0.000     0.000     0.000   0   0   0   0   0   0   0     0.000    -0.181     0.017    -0.038     0.012    -0.000     0.029
   7 0 1 0 1 1 1 1   3  22   0   0   0   0   0    23.074     5.425    21.351     0.000     0.000     0.000     0.000   0   0   0   0   0   0   0     0.000     0.175     0.017    -0.038     0.012    -0.009    -0.077
   7 0 1 0 1 1 1 1   3  22   0   0   0   0   0    23.074     5.425    21.351     0.000     0.000     0.000     0.000   0   0   0   0   0   0   0     0.000     0.053     0.017    -0.038     0.012    -0.002    -0.037
   7 0 0 0 1 1 1 1  22  12   0   0   0   0   0     5.425    52.763    21.262     0.000     0.000     0.000     0.000   0   0   0   0   0   0   0     0.000     0.053     0.017    -0.036     0.011     0.005     0.013
   7 0 1 0 1 1 1 1   3  12   0   0   0   0   0    23.074    52.763    21.351     0.000     0.000     0.000     0.000   0   0   0   0   0   0   0     0.000    -0.172     0.017    -0.036     0.011     0.020    -0.014
   7 0 1 0 1 1 1 1   3  12   0   0   0   0   0    23.074    52.763    21.261     0.000     0.000     0.000     0.000   0   0   0   0   0   0   0     0.000     0.167     0.017    -0.036     0.011     0.005    -0.048
   7 0 1 0 1 1 1 1   3  12   1   0   0   0   0    23.074    52.763    21.942     0.000     0.000     0.000     0.000   0   0   0   0   0   0   0     0.000     0.051     0.017    -0.036     0.011     0.008    -0.019
   7 0 1 0 1 1 1 1   3  12   0   0   0   0   0    23.074    52.763    21.351     0.000     0.000     0.000     0.000   0   0   0   0   0   0   0     0.000    -0.031     0.017    -0.036     0.011     0.010    -0.019
   7 0 1 0 1 1 1 1   3  12   0   0   0   0   0    23.074    52.763    21.261     0.000     0.000     0.000     0.000   0   0   0   0   0   0   0     0.000    -0.163     0.017    -0.036     0.011     0.025    -0.001
   7 0 1 0 1 1 1 1   3  12   0   0   0   0   0    23.074    52.763    21.351     0.000     0.000     0.000     0.000   0   0   0   0   0   0   0     0.000     0.158     0.017    -0.036     0.011    -0.007    -0.071
   7 0 1 0 1 1 1 1   3  12   0   0   0   0   0    23.074    52.763    21.351     0.000     0.000     0.000     0.000   0   0   0   0   0   0   0     0.000     0.048     0.017    -0.036     0.011    -0.001    -0.034
   7 0 1 0 1 1 1 1   3  12   0   0   0   0   0    23.074    52.763    21.351     0.000     0.000     0.000     0.000   0   0   0   0   0   0   0     0.000    -0.029     0.017    -0.036     0.011     0.009    -0.018
   7 0 1 0 1 1 1 1   3  12   0   0   0   0   0    23.074    52.763    21.261     0.000     0.000     0.000     0.000   0   0   0   0   0   0   0     0.000    -0.155     0.017    -0.036     0.011     0.023    -0.001
   7 0 1 0 1 1 1 1   3  12   0   0   0   0   0    23.074    52.763    21.351     0.000     0.000     0.000     0.000   0   0   0   0   0   0   0     0.000     0.150     0.017    -0.036     0.011    -0.006    -0.067
   7 0 0 0 1 1 1 1   1   3  12   0   0   0   0    21.942    23.074    51.718     0.000     0.000     0.000     0.000   0   0   0   0   0   0   0     0.000     0.150     0.017     0.046     0.008    -0.032    -0.008
   7 0 1 0 1 1 1 1   3   3   0   0   0   0   0    23.074    23.074    21.351     0.000     0.000     0.000     0.000   0   0   0   0   0   0   0     0.000    -0.028     0.017     0.046     0.008     0.009    -0.017
   7 0 1 0 1 1 1 1   3   3   0   0   0   0   0    23.074    23.074    21.351     0.000     0.000     0.000     0.000   0   0   0   0   0   0   0     0.000    -0.147     0.017     0.046     0.008     0.016    -0.013
   7 0 1 0 1 1 1 1   3   3   0   0   0   0   0    23.074    23.074    21.351     0.000     0.000     0.000     0.000   0   0   0   0   0   0   0     0.000     0.143     0.017     0.046     0.008    -0.006    -0.064
   7 0 1 0 1 1 1 1   3   3   0   0   0   0   0    23.074    23.074    21.351     0.000     0.000     0.000     0.000   0   0   0   0   0   0   0     0.000     0.043     0.017     0.046     0.008    -0.001    -0.031
   7 0 1 0 1 1 1 1   3   3   0   0   0   0   0    23.074    23.074    21.351     0.000     0.000     0.000     0.000   0   0   0   0   0   0   0     0.000    -0.026     0.017     0.046     0.008     0.008    -0.017
   7 0 1 0 1 1 1 1   3   3   0   0   0   0   0    23.074    23.074    21.261     0.000     0.000     0.000     0.000   0   0   0   0   0   0   0     0.000    -0.140     0.017     0.046     0.008     0.020    -0.002
   7 0 1 0 1 1 1 1   3   3   0   0   0   0   0    23.074    23.074    21.261     0.000     0.000     0.000     0.000   0   0   0   0   0   0   0     0.000     0.136     0.017     0.046     0.008     0.006    -0.039
   7 0 0 0 1 1 1 1   1   3   0   0   0   0   0    21.942    23.074    21.350     0.000     0.000     0.000     0.000   0   0   0   0   0   0   0     0.000     0.136     0.017     0.041     0.007    -0.007    -0.029
   7 0 1 0 1 1 1 1   3   3   0   0   0   0   0    23.074    23.074    21.351     0.000     0.000     0.000     0.000   0   0   0   0   0   0   0     0.000    -0.025     0.017     0.041     0.007     0.007    -0.016
   7 0 1 0 1 1 1 1   3   3   0   0   0   0   0    23.074    23.074    21.351     0.000     0.000     0.000     0.000   0   0   0   0   0   0   0     0.000    -0.133     0.017     0.041     0.007     0.013    -0.012
   7 0 1 0 1 1 1 1   3   3   0   0   0   0   0    23.074    23.074    21.351     0.000     0.000     0.000     0.000   0   0   0   0   0   0   0     0.000     0.129     0.017     0.041     0.007    -0.004    -0.059
   7 0 0 0 1 1 1 1  26  12   3   0   0   0   0     5.895    51.718    23.074     0.000     0.000     0.000     0.000   0   0   0   0   0   0   0     0.000     0.129     0.017    -0.028    -0.006     0.039     0.007
   7 0 1 0 1 1 1 1   3  12   0   0   0   0   0    23.074    51.718    21.351     0.000     0.000     0.000     0.000   0   0   0   0   0   0   0     0.000    -0.024     0.017    -0.028    -0.006     0.006    -0.015
   7 0 1 0 1 1 1 1   3  12   0   0   0   0   0    23.074    51.718    21.261     0.000     0.000     0.000     0.000   0   0   0   0   0   0   0     0.000    -0.126     0.017    -0.028    -0.006     0.017    -0.002
   7 0 1 0 1 1 1 1   3  12   0   0   0   0   0    23.074    51.718    21.351     0.000     0.000     0.000     0.000   0   0   0   0   0   0   0     0.000     0.122     0.017    -0.028    -0.006    -0.004    -0.056
   7 0 1 0 1 1 1 1   3  12   0   0   0   0   0    23.074    51.718    21.351     0.000     0.000     0.000     0.000   0   0   0   0   0   0   0     0.000     0.037     0.017    -0.028    -0.006    -0.001    -0.026
   7 0 1 0 1 1 1 1   3  12   0   0   0   0   0    23.074    51.718    21.351     0.000     0.000     0.000     0.000   0   0   0   0   0   0   0     0.000    -0.023     0.017    -0.028    -0.006     0.006    -0.014
   7 0 1 0 1 1 1 1   3  12   0   0   0   0   0    23.074    51.718    21.351     0.000     0.000     0.000     0.000   0   0   0   0   0   0   0     0.000    -0.120     0.017    -0.028    -0.006     0.012    -0.012
   7 0 1 0 1 1 1 1   3  12   0   0   0   0   0    23.074    51.718    21.351     0.000     0.000     0.000     0.000   0   0   0   0   0   0   0     0.000     0.116     0.017    -0.028    -0.006    -0.003    -0.053
   7 0 0 0 1 1 1 1   1   3   0   0   0   0   0    21.942    23.074    21.350     0.000     0.000     0.000     0.000   0   0   0   0   0   0   0     0.000     0.116     0.017     0.035     0.006    -0.006    -0.025
   7 0 1 0 1 1 1 1   3   3   0   0   0   0   0    23.074    23.074    21.351     0.000     0.000     0.000     0.000   0   0   0   0   0   0   0     0.000    -0.021     0.017     0.035     0.006     0.005    -0.013
   7 0 1 0 1 1 1 1   3   3   0   0   0   0   0    23.074    23.074    21.261     0.000     0.000     0.000     0.000   0   0   0   0   0   0   0     0.000    -0.114     0.017     0.035     0.006     0.015    -0.002
   7 0 1 0 1 1 1 1   3   3   0   0   0   0   0    23.074    23.074    21.261     0.000     0.000     0.000     0.000   0   0   0   0   0   0   0     0.000     0.110     0.017     0.035     0.006     0.007    -0.032
   7 0 0 0 1 1 1 1   1   3   0   0   0   0   0    21.942    23.074    21.350     0.000     0.000     0.000     0.000   0   0   0   0   0   0   0     0.000     0.110     0.017     0.034     0.006    -0.005    -0.024
   7 0 1 0 1 1 1 1   3   3   0   0   0   0   0    23.074    23.074    21.351     0.000     0.000     0.000     0.000   0   0   0   0   0   0   0     0.000    -0.020     0.017     0.034     0.006     0.005    -0.013
   7 0 1 0 1 1 1 1   3   3   0   0   0   0   0    23.074    23.074    21.351     0.000     0.000     0.000     0.000   0   0   0   0   0   0   0     0.000    -0.108     0.017     0.034     0.006     0.010    -0.011
   7 0 1 0 1 1 1 1   3   3   0   0   0   0   0    23.074    23.074    21.351     0.000     0.000     0.000     0.000   0   0   0   0   0   0   0     0.000     0.105     0.017     0.034     0.006    -0.002    -0.049
   7 0 1 0 1 1 1 1   3   3   0   0   0   0   0    23.074    23.074    21.351     0.000     0.000     0.000     0.000   0   0   0   0   0   0   0     0.000     0.032     0.017     0.034     0.006    -0.000    -0.023
   7 0 1 0 1 1 1 1   3   3   1   0   0   0   0    23.074    23.074    21.942     0.000     0.000     0.000     0.000   0   0   0   0   0   0   0     0.000    -0.019     0.017     0.034     0.006     0.010    -0.004
   7 0 1 0 1 1 1 1   3   3  12   0   0   0   0    23.074    23.074    53.576     0.000     0.000     0.000     0.000   0   0   0   0   0   0   0     0.000    -0.103     0.017     0.034     0.006    -0.003     0.013
   7 0 1 0 1 1 1 1   3   3  12   0   0   0   0    23.074    23.074    50.913     0.000     0.000     0.000     0.000   0   0   0   0   0   0   0     0.000     0.100     0.017     0.034     0.006    -0.046    -0.002
   7 0 0 0 1 1 1 1  26  12   3   0   0   0   0     5.895    51.718    23.074     0.000     0.000     0.000     0.000   0   0   0   0   0   0   0     0.000     0.100     0.017    -0.021    -0.005     0.030     0.005
   7 0 1 0 1 1 1 1   3  12   0   0   0   0   0    23.074    51.718    21.351     0.000     0.000     0.000     0.000   0   0   0   0   0   0   0     0.000    -0.018     0.017    -0.021    -0.005     0.004    -0.012
   7 0 1 0 1 1 1 1   3  12   0   0   0   0   0    23.074    51.718    21.351     0.000     0.000     0.000     0.000   0   0   0   0   0   0   0     0.000    -0.098     0.017    -0.021    -0.005     0.008    -0.010
   7 0 1 0 1 1 1 1   3  12   0   0   0   0   0    23.074    51.718    21.351     0.000     0.000     0.000     0.000   0   0   0   0   0   0   0     0.000     0.095     0.017    -0.021    -0.005    -0.002    -0.044
   7 0 0 0 1 1 1 1   1   3   0   0   0   0   0    21.942    23.074    21.350     0.000     0.000     0.000     0.000   0   0   0   0   0   0   0     0.000     0.095     0.017     0.029     0.005    -0.004    -0.020
   7 0 1 0 1 1 1 1   3   3   1   0   0   0   0    23.074    23.074    21.942     0.000     0.000     0.000     0.000   0   0   0   0   0   0   0     0.000    -0.018     0.017     0.029     0.005     0.008    -0.004
   7 0 1 0 1 1 1 1   3   3   0   0   0   0   0    23.074    23.074    21.351     0.000     0.000     0.000     0.000   0   0   0   0   0   0   0     0.000    -0.093     0.017     0.029     0.005     0.008    -0.010
   7 0 1 0 1 1 1 1   3   3   0   0   0   0   0    23.074    23.074    21.261     0.000     0.000     0.000     0.000   0   0   0   0   0   0   0     0.000     0.090     0.017     0.029     0.005     0.007    -0.026
   7 0 1 0 1 1 1 1   3   3   0   0   0   0   0    23.074    23.074    21.351     0.000     0.000     0.000     0.000   0   0   0   0   0   0   0     0.000     0.027     0.017     0.029     0.005    -0.000    -0.019
   7 0 1 0 1 1 1 1   3   3   0   0   0   0   0    23.074    23.074    21.351     0.000     0.000     0.000     0.000   0   0   0   0   0   0   0     0.000    -0.017     0.017     0.029     0.005     0.004    -0.011
   7 0 1 0 1 1 1 1   3   3   0   0   0   0   0    23.074    23.074    21.261     0.000     0.000     0.000     0.000   0   0   0   0   0   0   0     0.000    -0.088     0.017     0.029     0.005     0.011    -0.003
   7 0 1 0 1 1 1 1   3   3   0   0   0   0   0    23.074    23.074    21.351     0.000     0.000     0.000     0.000   0   0   0   0   0   0   0     0.000     0.085     0.017     0.029     0.005    -0.001    -0.040
   7 0 0 0 1 1 1 1   1   3   0   0   0   0   0    21.942    23.074    21.350     0.000     0.000     0.000     0.000   0   0   0   0   0   0   0     0.000     0.085     0.017     0.026     0.005    -0.004    -0.018
   7 0 1 0 1 1 1 1   3   3   0   0   0   0   0    23.074    23.074    21.351     0.000     0.000     0.000     0.000   0   0   0   0   0   0   0     0.000    -0.016     0.017     0.026     0.005     0.004    -0.011
   7 0 1 0 1 1 1 1   3   3   0   0   0   0   0    23.074    23.074    21.351     0.000     0.000     0.000     0.000   0   0   0   0   0   0   0     0.000    -0.084     0.017     0.026     0.005     0.007    -0.009
   7 0 1 0 1 1 1 1   3   3   0   0   0   0   0    23.074    23.074    21.351     0.000     0.000     0.000     0.000   0   0   0   0   0   0   0     0.000     0.081     0.017     0.026     0.005    -0.001    -0.038
   7 0 1 0 1 1 1 1   3   3   0   0   0   0   0    23.074    23.074    21.351     0.000     0.000     0.000     0.000   0   0   0   0   0   0   0     0.000     0.025     0.017     0.026     0.005    -0.000    -0.017
   7 0 1 0 1 1 1 1   3   3   1   0   0   0   0    23.074    23.074    21.942     0.000     0.000     0.000     0.000   0   0   0   0   0   0   0     0.000    -0.015     0.017     0.026     0.005     0.007    -0.004
   7 0 1 0 1 1 1 1   3   3   0   0   0   0   0    23.074    23.074    21.261     0.000     0.000     0.000     0.000   0   0   0   0   0   0   0     0.000    -0.079     0.017     0.026     0.005     0.009    -0.003
   7 0 1 0 1 1 1 1   3   3   0   0   0   0   0    23.074    23.074    21.351     0.000     0.000     0.000     0.000   0   0   0   0   0   0   0     0.000     0.077     0.017     0.026     0.005    -0.001    -0.037
   7 0 0 0 1 1 1 1  26   0   3   0   0   0   0     5.895    21.350    23.074     0.000     0.000     0.000     0.000   0   0   0   0   0   0   0     0.000     0.077     0.017    -0.004    -0.017     0.023     0.004
   7 0 1 0 1 1 1 1   3   0   0   0   0   0   0    23.074    21.350    21.351     0.000     0.000     0.000     0.000   0   0   0   0   0   0   0     0.000    -0.014     0.017    -0.004    -0.017     0.003    -0.010
   7 0 1 0 1 1 1 1   3   0   0   0   0   0   0    23.074    21.350    21.351     0.000     0.000     0.000     0.000   0   0   0   0   0   0   0     0.000    -0.075     0.017    -0.004    -0.017     0.006    -0.008
   7 0 1 0 1 1 1 1   3   0  12   0   0   0   0    23.074    21.350    53.576     0.000     0.000     0.000     0.000   0   0   0   0   0   0   0     0.000     0.073     0.017    -0.004    -0.017    -0.021     0.006
   7 0 0 0 1 1 1 1   1   3   0   0   0   0   0    21.942    23.074    21.350     0.000     0.000     0.000     0.000   0   0   0   0   0   0   0     0.000     0.073     0.017     0.022     0.004    -0.003    -0.016
   7 0 1 0 1 1 1 1   3   3   1   0   0   0   0    23.074    23.074    21.942     0.000     0.000     0.000     0.000   0   0   0   0   0   0   0     0.000    -0.014     0.017     0.022     0.004     0.007    -0.004
   7 0 1 0 1 1 1 1   3   3   0   0   0   0   0    23.074    23.074    21.261     0.000     0.000     0.000     0.000   0   0   0   0   0   0   0     0.000    -0.072     0.017     0.022     0.004     0.008    -0.003
   7 0 1 0 1 1 1 1   3   3   0   0   0   0   0    23.074    23.074    21.351     0.000     0.000     0.000     0.000   0   0   0   0   0   0   0     0.000     0.070     0.017     0.022     0.004    -0.000    -0.034
   7 0 1 0 1 1 1 1   3   3   0   0   0   0   0    23.074    23.074    21.351     0.000     0.000     0.000     0.000   0   0   0   0   0   0   0     0.000     0.021     0.017     0.022     0.004    -0.000    -0.015
   7 0 1 0 1 1 1 1   3   3   0   0   0   0   0    23.074    23.074    21.351     0.000     0.000     0.000     0.000   0   0   0   0   0   0   0     0.000    -0.013     0.017     0.022     0.004     0.003    -0.009
   7 0 1 0 1 1 1 1   3   3   0   0   0   0   0    23.074    23.074    21.351     0.000     0.000     0.000     0.000   0   0   0   0   0   0   0     0.000    -0.068     0.017     0.022     0.004     0.005    -0.008
   7 0 1 0 1 1 1 1   3   3   0   0   0   0   0    23.074    23.074    21.351     0.000     0.000     0.000     0.000   0   0   0   0   0   0   0     0.000     0.066     0.017     0.022     0.004    -0.000    -0.032
   7 0 0 0 1 1 1 1  26   0   3   0   0   0   0     5.895    21.350    23.074     0.000     0.000     0.000     0.000   0   0   0   0   0   0   0     0.000     0.066     0.017    -0.003    -0.014     0.020     0.004
   7 0 1 0 1 1 1 1   3   0   0   0   0   0   0    23.074    21.350    21.351     0.000     0.000     0.000     0.000   0   0   0   0   0   0   0     0.000    -0.012     0.017    -0.003    -0.014     0.003    -0.009
   7 0 1 0 1 1 1 1   3   0   0   0   0   0   0    23.074    21.350    21.261     0.000     0.000     0.000     0.000   0   0   0   0   0   0   0     0.000    -0.065     0.017    -0.003    -0.014     0.007    -0.003
   7 0 1 0 1 1 1 1   3   0   0   0   0   0   0    23.074    21.350    21.261     0.000     0.000     0.000     0.000   0   0   0   0   0   0   0     0.000     0.063     0.017    -0.003    -0.014     0.006    -0.018
   7 0 1 0 1 1 1 1   6   0   0   0   0   0   0    19.514    21.350    21.351     0.000     0.000     0.000     0.000   0   0   0   0   0   0   0     0.000     0.015     0.017    -0.003    -0.014    -0.001    -0.013
   7 0 1 0 1 1 1 1   3   0  26   0   0   0   0    23.074    21.350     5.895     0.000     0.000     0.000     0.000   0   0   0   0   0   0   0     0.000    -0.012     0.017    -0.003    -0.014    -0.003     0.006
   7 0 1 0 1 1 1 1   3   0   0   0   0   0   0    23.074    21.350    21.351     0.000     0.000     0.000     0.000   0   0   0   0   0   0   0     0.000    -0.061     0.017    -0.003    -0.014     0.004    -0.007
   7 0 1 0 1 1 1 1   3   0   0   0   0   0   0    23.074    21.350    21.351     0.000     0.000     0.000     0.000   0   0   0   0   0   0   0     0.000     0.060     0.017    -0.003    -0.014     0.000    -0.029
   7 0 1 0 1 1 1 1   3   0   0   0   0   0   0    23.074    21.350    21.351     0.000     0.000     0.000     0.000   0   0   0   0   0   0   0     0.000     0.018     0.017    -0.003    -0.014    -0.000    -0.013
   7 0 1 0 1 1 1 1   3   0   0   0   0   0   0    23.074    21.350    21.351     0.000     0.000     0.000     0.000   0   0   0   0   0   0   0     0.000    -0.011     0.017    -0.003    -0.014     0.002    -0.008
   7 0 1 0 1 1 1 1   3   0  22   0   0   0   0    23.074    21.350     5.425     0.000     0.000     0.000     0.000   0   0   0   0   0   0   0     0.000    -0.058     0.017    -0.003    -0.014    -0.005     0.005
   7 0 1 0 1 1 1 1   3   0   0   0   0   0   0    23.074    21.350    21.351     0.000     0.000     0.000     0.000   0   0   0   0   0   0   0     0.000     0.057     0.017    -0.003    -0.014     0.000    -0.028
   7 0 0 0 1 1 1 1   1   3   0   0   0   0   0    21.942    23.074    21.350     0.000     0.000     0.000     0.000   0   0   0   0   0   0   0     0.000     0.057     0.017     0.017     0.003    -0.003    -0.012
   7 0 1 0 1 1 1 1   3   3   1   0   0   0   0    23.074    23.074    21.942     0.000     0.000     0.000     0.000   0   0   0   0   0   0   0     0.000    -0.010     0.017     0.017     0.003     0.005    -0.003
   7 0 1 0 1 1 1 1   3   3   0   0   0   0   0    23.074    23.074    21.261     0.000     0.000     0.000     0.000   0   0   0   0   0   0   0     0.000    -0.055     0.017     0.017     0.003     0.006    -0.003
   7 0 1 0 1 1 1 1   3   3   0   0   0   0   0    23.074    23.074    21.351     0.000     0.000     0.000     0.000   0   0   0   0   0   0   0     0.000     0.054     0.017     0.017     0.003     0.000    -0.027
   7 0 1 0 1 1 1 1   3   3   0   0   0   0   0    23.074    23.074    21.351     0.000     0.000     0.000     0.000   0   0   0   0   0   0   0     0.000     0.017     0.017     0.017     0.003    -0.000    -0.012
   7 0 1 0 1 1 1 1   3   3   0   0   0   0   0    23.074    23.074    21.351     0.000     0.000     0.000     0.000   0   0   0   0   0   0   0     0.000    -0.010     0.017     0.017     0.003     0.002    -0.008
   7 0 1 0 1 1 1 1   3   3   0   0   0   0   0    23.074    23.074    21.351     0.000     0.000     0.000     0.000   0   0   0   0   0   0   0     0.000    -0.053     0.017     0.017     0.003     0.003    -0.007
   7 0 1 0 1 1 1 1   3   3  12   0   0   0   0    23.074    23.074    53.576     0.000     0.000     0.000     0.000   0   0   0   0   0   0   0     0.000     0.051     0.017     0.017     0.003    -0.015     0.005
   7 0 0 0 1 1 1 1   1   3   0   0   0   0   0    21.942    23.074    21.350     0.000     0.000     0.000     0.000   0   0   0   0   0   0   0     0.000     0.051     0.017     0.016     0.003    -0.003    -0.011
   7 0 1 0 1 1 1 1   3   3   0   0   0   0   0    23.074    23.074    21.351     0.000     0.000     0.000     0.000   0   0   0   0   0   0   0     0.000    -0.009     0.017     0.016     0.003     0.002    -0.007
   7 0 1 0 1 1 1 1   3   3   0   0   0   0   0    23.074    23.074    21.261     0.000     0.000     0.000     0.000   0   0   0   0   0   0   0     0.000    -0.050     0.017     0.016     0.003     0.005    -0.003
   7 0 1 0 1 1 1 1   3   3   0   0   0   0   0    23.074    23.074    21.351     0.000     0.000     0.000     0.000   0   0   0   0   0   0   0     0.000     0.049     0.017     0.016     0.003     0.000    -0.024
   7 0 0 0 1 1 1 1  26  12   3   0   0   0   0     5.895    51.718    23.074     0.000     0.000     0.000     0.000   0   0   0   0   0   0   0     0.000     0.049     0.017    -0.010    -0.002     0.015     0.003
   7 0 1 0 1 1 1 1   3  12   1   0   0   0   0    23.074    51.718    21.942     0.000     0.000     0.000     0.000   0   0   0   0   0   0   0     0.000    -0.009     0.017    -0.010    -0.002     0.004    -0.003
   7 0 1 0 1 1 1 1   3  12   0   0   0   0   0    23.074    51.718    21.351     0.000     0.000     0.000     0.000   0   0   0   0   0   0   0     0.000    -0.048     0.017    -0.010    -0.002     0.003    -0.006
   7 0 1 0 1 1 1 1   3  12   0   0   0   0   0    23.074    51.718    21.351     0.000     0.000     0.000     0.000   0   0   0   0   0   0   0     0.000     0.046     0.017    -0.010    -0.002     0.000    -0.023
   7 0 1 0 1 1 1 1   3  12   0   0   0   0   0    23.074    51.718    21.351     0.000     0.000     0.000     0.000   0   0   0   0   0   0   0     0.000     0.014     0.017    -0.010    -0.002    -0.000    -0.010
   7 0 1 0 1 1 1 1   3  12   0   0   0   0   0    23.074    51.718    21.351     0.000     0.000     0.000     0.000   0   0   0   0   0   0   0     0.000    -0.009     0.017    -0.010    -0.002     0.002    -0.007
   7 0 1 0 1 1 1 1   3  12   0   0   0   0   0    23.074    51.718    21.351     0.000     0.000     0.000     0.000   0   0   0   0   0   0   0     0.000    -0.045     0.017    -0.010    -0.002     0.003    -0.006
   7 0 1 0 1 1 1 1   3  12   0   0   0   0   0    23.074    51.718    21.351     0.000     0.000     0.000     0.000   0   0   0   0   0   0   0     0.000     0.044     0.017    -0.010    -0.002     0.000    -0.022
   7 0 0 0 1 1 1 1   1   3  12   0   0   0   0    21.942    23.074    51.718     0.000     0.000     0.000     0.000   0   0   0   0   0   0   0     0.000     0.044     0.017     0.014     0.002    -0.009    -0.002
   7 0 1 0 1 1 1 1   3   3   1   0   0   0   0    23.074    23.074    21.916     0.000     0.000     0.000     0.000   0   0   0   0   0   0   0     0.000    -0.008     0.017     0.014     0.002     0.005    -0.002
   7 0 1 0 1 1 1 1   3   3   0   0   0   0   0    23.074    23.074    21.261     0.000     0.000     0.000     0.000   0   0   0   0   0   0   0     0.000    -0.043     0.017     0.014     0.002     0.004    -0.002
   7 0 1 0 1 1 1 1   3   3   0   0   0   0   0    23.074    23.074    21.261     0.000     0.000     0.000     0.000   0   0   0   0   0   0   0     0.000     0.042     0.017     0.014     0.002     0.005    -0.013
   7 0 0 0 1 1 1 1   1   3  12   0   0   0   0    21.942    23.074    51.718     0.000     0.000     0.000     0.000   0   0   0   0   0   0   0     0.000     0.042     0.017     0.013     0.002    -0.009    -0.002
   7 0 1 0 1 1 1 1   3   3   0   0   0   0   0    23.074    23.074    21.351     0.000     0.000     0.000     0.000   0   0   0   0   0   0   0     0.000    -0.008     0.017     0.013     0.002     0.002    -0.006
   7 0 1 0 1 1 1 1   3   3   0   0   0   0   0    23.074    23.074    21.351     0.000     0.000     0.000     0.000   0   0   0   0   0   0   0     0.000    -0.041     0.017     0.013     0.002     0.002    -0.005
   7 0 1 0 1 1 1 1   3   3   0   0   0   0   0    23.074    23.074    21.351     0.000     0.000     0.000     0.000   0   0   0   0   0   0   0     0.000     0.040     0.017     0.013     0.002     0.001    -0.020
   7 0 1 0 1 1 1 1   3   3   0   0   0   0   0    23.074    23.074    21.351     0.000     0.000     0.000     0.000   0   0   0   0   0   0   0     0.000     0.012     0.017     0.013     0.002    -0.000    -0.009
   7 0 1 0 1 1 1 1   3   3   1   0   0   0   0    23.074    23.074    21.916     0.000     0.000     0.000     0.000   0   0   0   0   0   0   0     0.000    -0.007     0.017     0.013     0.002     0.005    -0.002
   7 0 1 0 1 1 1 1   3   3   0   0   0   0   0    23.074    23.074    21.261     0.000     0.000     0.000     0.000   0   0   0   0   0   0   0     0.000    -0.039     0.017     0.013     0.002     0.004    -0.002
   7 0 1 0 1 1 1 1   3   3   0   0   0   0   0    23.074    23.074    21.351     0.000     0.000     0.000     0.000   0   0   0   0   0   0   0     0.000     0.038     0.017     0.013     0.002     0.001    -0.019
   7 0 0 0 1 1 1 1   1   3   0   0   0   0   0    21.942    23.074    21.350     0.000     0.000     0.000     0.000   0   0   0   0   0   0   0     0.000     0.038     0.017     0.012     0.002    -0.002    -0.008
   7 0 1 0 1 1 1 1   3   3  12   0   0   0   0    23.074    23.074    50.913     0.000     0.000     0.000     0.000   0   0   0   0   0   0   0     0.000    -0.007     0.017     0.012     0.002    -0.006     0.001
   7 0 1 0 1 1 1 1   3   3   0   0   0   0   0    23.074    23.074    21.351     0.000     0.000     0.000     0.000   0   0   0   0   0   0   0     0.000    -0.037     0.017     0.012     0.002     0.002    -0.005
   7 0 1 0 1 1 1 1   3   3   5   0   0   0   0    23.074    23.074    21.963     0.000     0.000     0.000     0.000   0   0   0   0   0   0   0     0.000     0.036     0.017     0.012     0.002     0.003    -0.013
   7 0 0 0 1 1 1 1   1   3   0   0   0   0   0    21.942    23.074    21.350     0.000     0.000     0.000     0.000   0   0   0   0   0   0   0     0.000     0.036     0.017     0.011     0.002    -0.002    -0.008
   7 0 1 0 1 1 1 1   3   3   1   0   0   0   0    23.074    23.074    21.916     0.000     0.000     0.000     0.000   0   0   0   0   0   0   0     0.000    -0.007     0.017     0.011     0.002     0.004    -0.002
   7 0 1 0 1 1 1 1   3   3   0   0   0   0   0    23.074    23.074    21.351     0.000     0.000     0.000     0.000   0   0   0   0   0   0   0     0.000    -0.035     0.017     0.011     0.002     0.002    -0.005
   7 0 1 0 1 1 1 1   3   3   0   0   0   0   0    23.074    23.074    21.351     0.000     0.000     0.000     0.000   0   0   0   0   0   0   0     0.000     0.034     0.017     0.011     0.002     0.001    -0.018
   7 0 1 0 1 1 1 1   6   3   0   0   0   0   0    19.514    23.074    21.351     0.000     0.000     0.000     0.000   0   0   0   0   0   0   0     0.000     0.008     0.017     0.011     0.002    -0.001    -0.007
   7 0 0 0 1 1 1 1  12   1   5   0   0   0   0    52.763    21.914    21.963     0.000     0.000     0.000     0.000   0   0   0   0   0   0   0     0.000     0.008     0.017     0.003    -0.008    -0.000     0.003
   7 0 1 0 1 1 1 1   3   1   0   0   0   0   0    23.074    21.914    21.261     0.000     0.000     0.000     0.000   0   0   0   0   0   0   0     0.000    -0.033     0.017     0.003    -0.008     0.003    -0.002
   7 0 1 0 1 1 1 1   3   1   0   0   0   0   0    23.074    21.914    21.261     0.000     0.000     0.000     0.000   0   0   0   0   0   0   0     0.000     0.032     0.017     0.003    -0.008     0.004    -0.010
   7 0 1 0 1 1 1 1   3   1   0   0   0   0   0    23.074    21.914    21.351     0.000     0.000     0.000     0.000   0   0   0   0   0   0   0     0.000     0.010     0.017     0.003    -0.008    -0.000    -0.007
   7 0 0 0 1 1 1 1  12   1   1   0   0   0   0    52.763    21.914    21.916     0.000     0.000     0.000     0.000   0   0   0   0   0   0   0     0.000     0.010     0.017     0.003    -0.007     0.003    -0.000
   7 0 1 0 1 1 1 1   3   1   0   0   0   0   0    23.074    21.914    21.351     0.000     0.000     0.000     0.000   0   0   0   0   0   0   0     0.000    -0.032     0.017     0.003    -0.007     0.002    -0.004
   7 0 1 0 1 1 1 1   3   1   0   0   0   0   0    23.074    21.914    21.351     0.000     0.000     0.000     0.000   0   0   0   0   0   0   0     0.000     0.031     0.017     0.003    -0.007     0.001    -0.016
   7 0 1 0 1 1 1 1   3   1   0   0   0   0   0    23.074    21.914    21.351     0.000     0.000     0.000     0.000   0   0   0   0   0   0   0     0.000     0.010     0.017     0.003    -0.007    -0.000    -0.007
   7 0 1 0 1 1 1 1   3   1  12   0   0   0   0    23.074    21.914    50.913     0.000     0.000     0.000     0.000   0   0   0   0   0   0   0     0.000    -0.006     0.017     0.003    -0.007    -0.005     0.001
   7 0 1 0 1 1 1 1   3   1  22   0   0   0   0    23.074    21.914     5.425     0.000     0.000     0.000     0.000   0   0   0   0   0   0   0     0.000    -0.030     0.017     0.003    -0.007    -0.003     0.002
   7 0 1 0 1 1 1 1   3   1   0   0   0   0   0    23.074    21.914    21.351     0.000     0.000     0.000     0.000   0   0   0   0   0   0   0     0.000     0.029     0.017     0.003    -0.007     0.001    -0.016
   7 0 0 0 1 1 1 1   1   3   0   0   0   0   0    21.942    23.074    21.350     0.000     0.000     0.000     0.000   0   0   0   0   0   0   0     0.000     0.029     0.017     0.009     0.002    -0.001    -0.006
   7 0 1 0 1 1 1 1   3   3   1   0   0   0   0    23.074    23.074    21.942     0.000     0.000     0.000     0.000   0   0   0   0   0   0   0     0.000    -0.005     0.017     0.009     0.002     0.003    -0.002
   7 0 1 0 1 1 1 1   3   3   0   0   0   0   0    23.074    23.074    21.261     0.000     0.000     0.000     0.000   0   0   0   0   0   0   0     0.000    -0.028     0.017     0.009     0.002     0.002    -0.002
   7 0 1 0 1 1 1 1   3   3  12   0   0   0   0    23.074    23.074    50.913     0.000     0.000     0.000     0.000   0   0   0   0   0   0   0     0.000     0.028     0.017     0.009     0.002    -0.015     0.001
   7 0 0 0 1 1 1 1   1   3   0   0   0   0   0    21.942    23.074    21.350     0.000     0.000     0.000     0.000   0   0   0   0   0   0   0     0.000     0.028     0.017     0.009     0.002    -0.001    -0.006
   7 0 1 0 1 1 1 1   3   3   0   0   0   0   0    23.074    23.074    21.351     0.000     0.000     0.000     0.000   0   0   0   0   0   0   0     0.000    -0.005     0.017     0.009     0.002     0.001    -0.004
   7 0 1 0 1 1 1 1   3   3   0   0   0   0   0    23.074    23.074    21.351     0.000     0.000     0.000     0.000   0   0   0   0   0   0   0     0.000    -0.027     0.017     0.009     0.002     0.001    -0.004
   7 0 1 0 1 1 1 1   3   3   0   0   0   0   0    23.074    23.074    21.261     0.000     0.000     0.000     0.000   0   0   0   0   0   0   0     0.000     0.026     0.017     0.009     0.002     0.004    -0.008
   7 0 1 0 1 1 1 1   3   3  11   0   0   0   0    23.074    23.074    52.173     0.000     0.000     0.000     0.000   0   0   0   0   0   0   0     0.000     0.008     0.017     0.009     0.002     0.000    -0.005
   7 0 1 0 1 1 1 1   3   3   1   0   0   0   0    23.074    23.074    21.916     0.000     0.000     0.000     0.000   0   0   0   0   0   0   0     0.000    -0.005     0.017     0.009     0.002     0.003    -0.001
   7 0 1 0 1 1 1 1   3   3   0   0   0   0   0    23.074    23.074    21.351     0.000     0.000     0.000     0.000   0   0   0   0   0   0   0     0.000    -0.026     0.017     0.009     0.002     0.001    -0.004
   7 0 1 0 1 1 1 1   3   3   0   0   0   0   0    23.074    23.074    21.351     0.000     0.000     0.000     0.000   0   0   0   0   0   0   0     0.000     0.025     0.017     0.009     0.002     0.001    -0.014
   7 0 0 0 1 1 1 1   1   3   0   0   0   0   0    21.942    23.074    21.350     0.000     0.000     0.000     0.000   0   0   0   0   0   0   0     0.000     0.025     0.017     0.008     0.001    -0.001    -0.005
   7 0 0 0 1 1 1 1  12   1   1   0   0   0   0    52.763    21.914    21.916     0.000     0.000     0.000     0.000   0   0   0   0   0   0   0     0.000     0.025     0.017     0.002    -0.006     0.002    -0.000
   7 0 1 0 1 1 1 1   3   1   0   0   0   0   0    23.074    21.914    21.261     0.000     0.000     0.000     0.000   0   0   0   0   0   0   0     0.000    -0.024     0.017     0.002    -0.006     0.002    -0.002
   7 0 1 0 1 1 1 1   3   1   0   0   0   0   0    23.074    21.914    21.351     0.000     0.000     0.000     0.000   0   0   0   0   0   0   0     0.000     0.024     0.017     0.002    -0.006     0.001    -0.013
   7 0 1 0 1 1 1 1   3   1   0   0   0   0   0    23.074    21.914    21.351     0.000     0.000     0.000     0.000   0   0   0   0   0   0   0     0.000     0.007     0.017     0.002    -0.006    -0.000    -0.005
   7 0 0 0 1 1 1 1  27   1   1   0   0   0   0     5.103    21.916    21.914     0.000     0.000     0.000     0.000   0   0   0   0   0   0   0     0.000     0.007     0.017     0.002    -0.000     0.002    -0.005
   7 0 1 0 1 1 1 1   3   1   0   0   0   0   0    23.074    21.916    21.351     0.000     0.000     0.000     0.000   0   0   0   0   0   0   0     0.000    -0.023     0.017     0.002    -0.000     0.001    -0.003
   7 0 1 0 1 1 1 1   3   1   0   0   0   0   0    23.074    21.916    21.261     0.000     0.000     0.000     0.000   0   0   0   0   0   0   0     0.000     0.023     0.017     0.002    -0.000     0.003    -0.007
   7 0 0 0 1 1 1 1  26   0   3   0   0   0   0     5.895    21.350    23.074     0.000     0.000     0.000     0.000   0   0   0   0   0   0   0     0.000     0.023     0.017    -0.001    -0.005     0.007     0.001
   7 0 0 0 1 1 1 1  12   1   1   0   0   0   0    52.763    21.914    21.916     0.000     0.000     0.000     0.000   0   0   0   0   0   0   0     0.000     0.023     0.017     0.002    -0.005     0.002    -0.000
   7 0 1 0 1 1 1 1   3   1  12   0   0   0   0    23.074    21.914    53.576     0.000     0.000     0.000     0.000   0   0   0   0   0   0   0     0.000    -0.022     0.017     0.002    -0.005    -0.002     0.002
   7 0 1 0 1 1 1 1   3   1   0   0   0   0   0    23.074    21.914    21.351     0.000     0.000     0.000     0.000   0   0   0   0   0   0   0     0.000     0.021     0.017     0.002    -0.005     0.001    -0.012
   7 0 0 0 1 1 1 1   1   3   0   0   0   0   0    21.942    23.074    21.350     0.000     0.000     0.000     0.000   0   0   0   0   0   0   0     0.000     0.021     0.017     0.007     0.001    -0.001    -0.005
   7 0 1 0 1 1 1 1   3   3   0   0   0   0   0    23.074    23.074    21.351     0.000     0.000     0.000     0.000   0   0   0   0   0   0   0     0.000    -0.004     0.017     0.007     0.001     0.001    -0.003
   7 0 1 0 1 1 1 1   3   3   0   0   0   0   0    23.074    23.074    21.351     0.000     0.000     0.000     0.000   0   0   0   0   0   0   0     0.000    -0.021     0.017     0.007     0.001     0.001    -0.003
   7 0 1 0 1 1 1 1   3   3   0   0   0   0   0    23.074    23.074    21.351     0.000     0.000     0.000     0.000   0   0   0   0   0   0   0     0.000     0.020     0.017     0.007     0.001     0.001    -0.011
   7 0 1 0 1 1 1 1   3   3   0   0   0   0   0    23.074    23.074    21.351     0.000     0.000     0.000     0.000   0   0   0   0   0   0   0     0.000     0.006     0.017     0.007     0.001    -0.000    -0.004
   7 0 1 0 1 1 1 1   3   3   1   0   0   0   0    23.074    23.074    21.916     0.000     0.000     0.000     0.000   0   0   0   0   0   0   0     0.000    -0.004     0.017     0.007     0.001     0.002    -0.001
   7 0 1 0 1 1 1 1   3   3   0   0   0   0   0    23.074    23.074    21.351     0.000     0.000     0.000     0.000   0   0   0   0   0   0   0     0.000    -0.020     0.017     0.007     0.001     0.001    -0.003
   7 0 1 0 1 1 1 1   3   3   0   0   0   0   0    23.074    23.074    21.351     0.000     0.000     0.000     0.000   0   0   0   0   0   0   0     0.000     0.019     0.017     0.007     0.001     0.001    -0.011
   7 0 0 0 1 1 1 1   1   3   0   0   0   0   0    21.942    23.074    21.350     0.000     0.000     0.000     0.000   0   0   0   0   0   0   0     0.000     0.019     0.017     0.006     0.001    -0.001    -0.004
   7 0 0 0 1 1 1 1  12   1   1   0   0   0   0    52.763    21.914    21.916     0.000     0.000     0.000     0.000   0   0   0   0   0   0   0     0.000     0.019     0.017     0.002    -0.004     0.002    -0.000
   7 0 1 0 1 1 1 1   3   1   0   0   0   0   0    23.074    21.914    21.261     0.000     0.000     0.000     0.000   0   0   0   0   0   0   0     0.000    -0.019     0.017     0.002    -0.004     0.002    -0.001
