  404
   1 1   0     0.000   0     4.871
   1 1   0     0.000   0     5.511
   1 1   0     0.000   0     5.819
   1 1   0     0.000   0     6.102
   7 0 0 0 1 1 1 1  25   0  16   0   0   0   0     5.602    21.152    59.463     0.000     0.000     0.000     0.000   0   0   0   0   0   0   0     0.000     0.000     0.000    -0.162     0.197     0.008     0.138
   7 0 0 0 1 1 1 1   3   1  25   0   0   0   0    22.614    21.883     5.782     0.000     0.000     0.000     0.000   0   0   0   0   0   0   0     0.000     0.000     0.000    -0.113    -0.257    -0.007     0.095
   7 0 0 0 1 1 1 1  29   1  26   0   0   0   0     5.552    21.879     5.791     0.000     0.000     0.000     0.000   0   0   0   0   0   0   0     0.000     0.000     0.000    -0.114    -0.258    -0.056     0.049
   7 0 0 0 1 1 1 1  29  22  28   0   0   0   0     5.552     5.474     5.597     0.000     0.000     0.000     0.000   0   0   0   0   0   0   0     0.000     0.000     0.000    -0.330    -0.599    -0.012     0.161
   7 0 0 0 1 1 1 1  17  25  16   0   0   0   0    58.152     5.593    60.906     0.000     0.000     0.000     0.000   0   0   0   0   0   0   0     0.000     0.000     0.000    -0.123    -0.020     0.036     0.140
   7 0 0 0 1 1 1 1  25  11  25   0   0   0   0     5.623    46.034     5.815     0.000     0.000     0.000     0.000   0   0   0   0   0   0   0     0.000     0.000     0.000    -0.220    -0.090     0.002     0.086
   7 0 0 0 1 1 1 1  29  16  26   0   0   0   0     5.588    57.472     5.791     0.000     0.000     0.000     0.000   0   0   0   0   0   0   0     0.000     0.000     0.000    -0.230    -0.095    -0.051     0.046
   7 0 0 0 1 1 1 1  31  22  28   0   0   0   0     5.318     5.474     5.621     0.000     0.000     0.000     0.000   0   0   0   0   0   0   0     0.000     0.000     0.000    -0.286    -0.547     0.004     0.165
   7 0 0 0 1 1 1 1  17  22  15   0   0   0   0    58.152     5.613    53.721     0.000     0.000     0.000     0.000   0   0   0   0   0   0   0     0.000     0.000     0.000    -0.068     0.166     0.030     0.122
   7 0 0 0 1 1 1 1   3   1  25   0   0   0   0    22.614    21.883     5.729     0.000     0.000     0.000     0.000   0   0   0   0   0   0   0     0.000     0.000     0.000    -0.092    -0.213    -0.010     0.075
   7 0 0 0 1 1 1 1  29   1  26   0   0   0   0     5.588    21.879     5.860     0.000     0.000     0.000     0.000   0   0   0   0   0   0   0     0.000     0.000     0.000    -0.091    -0.213    -0.017     0.053
   7 0 0 0 1 1 1 1  29   0  28   0   0   0   0     5.552    21.133     5.597     0.000     0.000     0.000     0.000   0   0   0   0   0   0   0     0.000     0.000     0.000    -0.278    -0.521    -0.010     0.132
   7 0 0 0 1 1 1 1  25   0  16   0   0   0   0     5.593    21.152    59.211     0.000     0.000     0.000     0.000   0   0   0   0   0   0   0     0.000     0.000     0.000    -0.134     0.190     0.006     0.099
   7 0 0 0 1 1 1 1   0  12  28   0   0   0   0    21.152    49.162     5.427     0.000     0.000     0.000     0.000   0   0   0   0   0   0   0     0.000     0.000     0.000    -0.161    -0.033     0.118     0.039
   7 0 0 0 1 1 1 1  29  18  26   0   0   0   0     5.588    49.374     5.791     0.000     0.000     0.000     0.000   0   0   0   0   0   0   0     0.000     0.000     0.000    -0.088    -0.196    -0.044     0.038
   7 0 0 0 1 1 1 1  31   0  28   0   0   0   0     5.318    21.152     5.613     0.000     0.000     0.000     0.000   0   0   0   0   0   0   0     0.000     0.000     0.000    -0.265    -0.659    -0.001     0.129
   7 0 0 0 1 1 1 1  25   0  17   0   0   0   0     5.611    21.152    59.636     0.000     0.000     0.000     0.000   0   0   0   0   0   0   0     0.000     0.000     0.000    -0.115     0.176     0.008     0.095
   7 0 0 0 1 1 1 1  25  12  25   0   0   0   0     5.668    48.874     5.919     0.000     0.000     0.000     0.000   0   0   0   0   0   0   0     0.000     0.000     0.000    -0.131    -0.037     0.032     0.089
   7 0 0 0 1 1 1 1  29   4  26   0   0   0   0     5.588    22.398     5.861     0.000     0.000     0.000     0.000   0   0   0   0   0   0   0     0.000     0.000     0.000    -0.179    -0.079    -0.014     0.044
   7 0 0 0 1 1 1 1  29  13  29   0   0   0   0     5.552    48.194     5.771     0.000     0.000     0.000     0.000   0   0   0   0   0   0   0     0.000     0.000     0.000    -0.626    -0.251    -0.023     0.094
   7 0 0 0 1 1 1 1  12   0  16   0   0   0   0    48.908    21.152    60.906     0.000     0.000     0.000     0.000   0   0   0   0   0   0   0     0.000     0.000     0.000    -0.121     0.005     0.014     0.096
   7 0 0 0 1 1 1 1   0  12  28   0   0   0   0    21.152    48.232     5.427     0.000     0.000     0.000     0.000   0   0   0   0   0   0   0     0.000     0.000     0.000    -0.139    -0.034     0.099     0.032
   7 0 0 0 1 1 1 1  29  13  26   0   0   0   0     5.552    50.136     5.892     0.000     0.000     0.000     0.000   0   0   0   0   0   0   0     0.000     0.000     0.000    -0.199    -0.096    -0.009     0.045
   7 0 0 0 1 1 1 1  31   0  28   0   0   0   0     5.330    21.152     5.629     0.000     0.000     0.000     0.000   0   0   0   0   0   0   0     0.000     0.000     0.000    -0.210    -0.595     0.004     0.120
   7 0 0 0 1 1 1 1  17  22  13   0   0   0   0    57.910     5.613    54.970     0.000     0.000     0.000     0.000   0   0   0   0   0   0   0     0.000     0.000     0.000    -0.051     0.163     0.024     0.091
   7 0 0 0 1 1 1 1  25  25  25   0   0   0   0     5.668     5.345     5.913     0.000     0.000     0.000     0.000   0   0   0   0   0   0   0     0.000     0.000     0.000    -0.148    -0.049     0.025     0.070
   7 0 0 0 1 1 1 1  31  18  26   0   0   0   0     5.330    49.803     5.789     0.000     0.000     0.000     0.000   0   0   0   0   0   0   0     0.000     0.000     0.000    -0.080    -0.182    -0.038     0.030
   7 0 0 0 1 1 1 1  29   0  30   0   0   0   0     5.552    21.152     5.563     0.000     0.000     0.000     0.000   0   0   0   0   0   0   0     0.000     0.000     0.000    -0.207    -0.565     0.003     0.118
   7 0 0 0 1 1 1 1  12  22  16   0   0   0   0    48.908     5.613    59.143     0.000     0.000     0.000     0.000   0   0   0   0   0   0   0     0.000     0.000     0.000    -0.073     0.151     0.009     0.068
   7 0 0 0 1 1 1 1   0  12  28   0   0   0   0    21.152    49.472     5.427     0.000     0.000     0.000     0.000   0   0   0   0   0   0   0     0.000     0.000     0.000    -0.110    -0.022     0.083     0.027
   7 0 0 0 1 1 1 1  29  13  31   0   0   0   0     5.552    50.136     5.520     0.000     0.000     0.000     0.000   0   0   0   0   0   0   0     0.000     0.000     0.000    -0.166    -0.079     0.005     0.072
   7 0 0 0 1 1 1 1  31   0  24   0   0   0   0     5.330    21.152     5.441     0.000     0.000     0.000     0.000   0   0   0   0   0   0   0     0.000     0.000     0.000    -0.173    -0.537    -0.024     0.069
   7 0 0 0 1 1 1 1  25   0  16   0   0   0   0     5.593    21.152    60.906     0.000     0.000     0.000     0.000   0   0   0   0   0   0   0     0.000     0.000     0.000    -0.091     0.161     0.008     0.072
   7 0 0 0 1 1 1 1   0  12  28   0   0   0   0    21.152    48.110     5.432     0.000     0.000     0.000     0.000   0   0   0   0   0   0   0     0.000     0.000     0.000    -0.110    -0.027     0.073     0.024
   7 0 0 0 1 1 1 1  24  17   4   0   0   0   0     5.317    56.871    22.642     0.000     0.000     0.000     0.000   0   0   0   0   0   0   0     0.000     0.000     0.000    -0.123    -0.051    -0.022     0.031
   7 0 0 0 1 1 1 1  29   0  29   0   0   0   0     5.552    21.152     5.771     0.000     0.000     0.000     0.000   0   0   0   0   0   0   0     0.000     0.000     0.000    -0.171    -0.510    -0.020     0.067
   7 0 0 0 1 1 1 1  26  18  22   0   0   0   0     5.799    49.391     5.613     0.000     0.000     0.000     0.000   0   0   0   0   0   0   0     0.000     0.000     0.000    -0.018    -0.144     0.015     0.478
   7 0 0 0 1 1 1 1  25  11  25   0   0   0   0     5.668    44.189     5.873     0.000     0.000     0.000     0.000   0   0   0   0   0   0   0     0.000     0.000     0.000    -0.172    -0.044     0.014     0.048
   7 0 0 0 1 1 1 1  31  18  26   0   0   0   0     5.330    49.984     5.774     0.000     0.000     0.000     0.000   0   0   0   0   0   0   0     0.000     0.000     0.000    -0.061    -0.152    -0.037     0.022
   7 0 0 0 1 1 1 1  29   0  30   0   0   0   0     5.552    21.152     5.636     0.000     0.000     0.000     0.000   0   0   0   0   0   0   0     0.000     0.000     0.000    -0.155    -0.485     0.001     0.099
   7 0 0 0 1 1 1 1  24  17  23   0   0   0   0     5.317    56.591     5.837     0.000     0.000     0.000     0.000   0   0   0   0   0   0   0     0.000     0.000     0.000    -0.160    -0.046     0.030    -0.060
   7 0 0 0 1 1 1 1   0  18  24   0   0   0   0    21.150    49.280     5.336     0.000     0.000     0.000     0.000   0   0   0   0   0   0   0     0.000     0.000     0.000    -0.028    -0.100    -0.014     0.036
   7 0 0 0 1 1 1 1  29   0  31   0   0   0   0     5.552    21.133     5.520     0.000     0.000     0.000     0.000   0   0   0   0   0   0   0     0.000     0.000     0.000    -0.060    -0.140     0.002     0.060
   7 0 0 0 1 1 1 1  31   0  28   0   0   0   0     5.330    21.152     5.621     0.000     0.000     0.000     0.000   0   0   0   0   0   0   0     0.000     0.000     0.000    -0.130    -0.460    -0.002     0.077
   7 0 0 0 1 1 1 1  24   5  18   0   0   0   0     5.317    22.017    49.939     0.000     0.000     0.000     0.000   0   0   0   0   0   0   0     0.000     0.000     0.000    -0.010    -0.103     0.004     0.135
   7 0 0 0 1 1 1 1  25   0  25   0   0   0   0     5.611    21.152     5.838     0.000     0.000     0.000     0.000   0   0   0   0   0   0   0     0.000     0.000     0.000    -0.073     0.039    -0.004     0.036
   7 0 0 0 1 1 1 1  24  17  31   0   0   0   0     5.317    56.717     5.509     0.000     0.000     0.000     0.000   0   0   0   0   0   0   0     0.000     0.000     0.000    -0.112    -0.046     0.001     0.051
   7 0 0 0 1 1 1 1  29   0  24   0   0   0   0     5.552    21.152     5.378     0.000     0.000     0.000     0.000   0   0   0   0   0   0   0     0.000     0.000     0.000    -0.127    -0.437    -0.035     0.044
   7 0 0 0 1 1 1 1  26  13  22   0   0   0   0     5.799    50.504     5.613     0.000     0.000     0.000     0.000   0   0   0   0   0   0   0     0.000     0.000     0.000    -0.089     0.011     0.011     0.446
   7 0 0 0 1 1 1 1  25   2  25   0   0   0   0     5.611    21.537     5.855     0.000     0.000     0.000     0.000   0   0   0   0   0   0   0     0.000     0.000     0.000    -0.157    -0.047    -0.000     0.035
   7 0 0 0 1 1 1 1   3   0  16   0   0   0   0    22.360    21.133    59.143     0.000     0.000     0.000     0.000   0   0   0   0   0   0   0     0.000     0.000     0.000    -0.044    -0.122     0.001     0.043
   7 0 0 0 1 1 1 1  29  12  24   0   0   0   0     5.656    47.428     5.449     0.000     0.000     0.000     0.000   0   0   0   0   0   0   0     0.000     0.000     0.000    -0.257    -0.064    -0.014     0.055
   7 0 0 0 1 1 1 1  12   0  15   0   0   0   0    49.452    21.152    55.611     0.000     0.000     0.000     0.000   0   0   0   0   0   0   0     0.000     0.000     0.000    -0.072     0.001     0.015     0.065
   7 0 0 0 1 1 1 1   0  18  28   0   0   0   0    21.152    49.374     5.427     0.000     0.000     0.000     0.000   0   0   0   0   0   0   0     0.000     0.000     0.000    -0.019    -0.079     0.054     0.013
   7 0 0 0 1 1 1 1  24  17  12   0   0   0   0     5.317    56.591    47.349     0.000     0.000     0.000     0.000   0   0   0   0   0   0   0     0.000     0.000     0.000    -0.104    -0.042     0.069     0.004
   7 0 0 0 1 1 1 1  29   0  30   0   0   0   0     5.552    21.152     5.636     0.000     0.000     0.000     0.000   0   0   0   0   0   0   0     0.000     0.000     0.000    -0.104    -0.403    -0.001     0.073
   7 0 0 0 1 1 1 1  10  22  25   0   0   0   0    15.814     5.613     5.602     0.000     0.000     0.000     0.000   0   0   0   0   0   0   0     0.000     0.000     0.000     0.008     0.424    -0.102    -0.025
   7 0 0 0 1 1 1 1  25  18  25   0   0   0   0     5.668    50.076     5.921     0.000     0.000     0.000     0.000   0   0   0   0   0   0   0     0.000     0.000     0.000    -0.027    -0.128     0.012     0.037
   7 0 0 0 1 1 1 1   3   0  16   0   0   0   0    22.360    21.152    59.143     0.000     0.000     0.000     0.000   0   0   0   0   0   0   0     0.000     0.000     0.000    -0.043    -0.167     0.001     0.038
   7 0 0 0 1 1 1 1  29  18  23   0   0   0   0     5.669    49.984     5.516     0.000     0.000     0.000     0.000   0   0   0   0   0   0   0     0.000     0.000     0.000    -0.057    -0.249    -0.021     0.044
   7 0 0 0 1 1 1 1  24   5  11   0   0   0   0     5.317    22.017    47.286     0.000     0.000     0.000     0.000   0   0   0   0   0   0   0     0.000     0.000     0.000    -0.004    -0.085     0.210     0.007
   7 0 0 0 1 1 1 1   0  11  22   0   0   0   0    21.150    44.189     5.613     0.000     0.000     0.000     0.000   0   0   0   0   0   0   0     0.000     0.000     0.000    -0.119    -0.026     0.016     0.134
   7 0 0 0 1 1 1 1  24   2  12   0   0   0   0     5.317    21.537    47.349     0.000     0.000     0.000     0.000   0   0   0   0   0   0   0     0.000     0.000     0.000    -0.112    -0.040     0.063     0.003
   7 0 0 0 1 1 1 1  29  12   4   0   0   0   0     5.711    47.686    23.659     0.000     0.000     0.000     0.000   0   0   0   0   0   0   0     0.000     0.000     0.000    -0.164    -0.031     0.042    -0.015
   7 0 0 0 1 1 1 1  10  22  25   0   0   0   0    15.814     5.613     5.602     0.000     0.000     0.000     0.000   0   0   0   0   0   0   0     0.000     0.000     0.000     0.007     0.392    -0.092    -0.022
   7 0 0 0 1 1 1 1  25  22  25   0   0   0   0     5.611     5.613     5.855     0.000     0.000     0.000     0.000   0   0   0   0   0   0   0     0.000     0.000     0.000    -0.049     0.039     0.000     0.025
   7 0 0 0 1 1 1 1   3   0  16   0   0   0   0    22.360    21.152    59.143     0.000     0.000     0.000     0.000   0   0   0   0   0   0   0     0.000     0.000     0.000    -0.036    -0.158     0.000     0.034
   7 0 0 0 1 1 1 1  25  18  24   0   0   0   0     5.571    49.984     5.387     0.000     0.000     0.000     0.000   0   0   0   0   0   0   0     0.000     0.000     0.000    -0.051    -0.214    -0.021     0.034
   7 0 0 0 1 1 1 1  12  22  13   0   0   0   0    49.510     5.613    55.318     0.000     0.000     0.000     0.000   0   0   0   0   0   0   0     0.000     0.000     0.000    -0.029     0.114     0.012     0.055
   7 0 0 0 1 1 1 1  25  18  25   0   0   0   0     5.691    50.076     5.935     0.000     0.000     0.000     0.000   0   0   0   0   0   0   0     0.000     0.000     0.000    -0.019    -0.107     0.011     0.030
   7 0 0 0 1 1 1 1  24  17  12   0   0   0   0     5.314    56.591    47.349     0.000     0.000     0.000     0.000   0   0   0   0   0   0   0     0.000     0.000     0.000    -0.084    -0.031     0.058     0.002
   7 0 0 0 1 1 1 1  29  12  28   0   0   0   0     5.711    47.428     5.661     0.000     0.000     0.000     0.000   0   0   0   0   0   0   0     0.000     0.000     0.000    -0.176    -0.032     0.010     0.059
   7 0 0 0 1 1 1 1   0  18   3   0   0   0   0    21.152    49.374    22.488     0.000     0.000     0.000     0.000   0   0   0   0   0   0   0     0.000     0.000     0.000     0.001    -0.086     0.367     0.011
   7 0 0 0 1 1 1 1  25   2  25   0   0   0   0     5.611    21.537     5.722     0.000     0.000     0.000     0.000   0   0   0   0   0   0   0     0.000     0.000     0.000    -0.109    -0.027    -0.005     0.017
   7 0 0 0 1 1 1 1  25   1  23   0   0   0   0     5.623    21.879     5.579     0.000     0.000     0.000     0.000   0   0   0   0   0   0   0     0.000     0.000     0.000    -0.011    -0.062    -0.007     0.023
   7 0 0 0 1 1 1 1  25  18  24   0   0   0   0     5.576    49.984     5.457     0.000     0.000     0.000     0.000   0   0   0   0   0   0   0     0.000     0.000     0.000    -0.042    -0.182    -0.010     0.034
   7 0 0 0 1 1 1 1  17  18  28   0   0   0   0    58.532    50.076     5.597     0.000     0.000     0.000     0.000   0   0   0   0   0   0   0     0.000     0.000     0.000    -0.009    -0.131     0.014     0.047
   7 0 0 0 1 1 1 1   0  18  22   0   0   0   0    21.150    49.374     5.613     0.000     0.000     0.000     0.000   0   0   0   0   0   0   0     0.000     0.000     0.000    -0.011    -0.052     0.011     0.128
   7 0 0 0 1 1 1 1   3   0  16   0   0   0   0    22.360    21.152    59.143     0.000     0.000     0.000     0.000   0   0   0   0   0   0   0     0.000     0.000     0.000    -0.028    -0.147    -0.001     0.029
   7 0 0 0 1 1 1 1  29   0  28   0   0   0   0     5.552    21.152     5.661     0.000     0.000     0.000     0.000   0   0   0   0   0   0   0     0.000     0.000     0.000    -0.053    -0.333    -0.001     0.050
   7 0 0 0 1 1 1 1  10  22  25   0   0   0   0    15.814     5.613     5.602     0.000     0.000     0.000     0.000   0   0   0   0   0   0   0     0.000     0.000     0.000     0.005     0.349    -0.076    -0.018
   7 0 0 0 1 1 1 1  26   2  22   0   0   0   0     5.799    21.537     5.613     0.000     0.000     0.000     0.000   0   0   0   0   0   0   0     0.000     0.000     0.000    -0.097    -0.020     0.008     0.121
   7 0 0 0 1 1 1 1   0  18  23   0   0   0   0    21.155    49.984     5.635     0.000     0.000     0.000     0.000   0   0   0   0   0   0   0     0.000     0.000     0.000    -0.014    -0.080    -0.003     0.030
   7 0 0 0 1 1 1 1  29  12  23   0   0   0   0     5.711    47.686     5.874     0.000     0.000     0.000     0.000   0   0   0   0   0   0   0     0.000     0.000     0.000    -0.112    -0.019     0.012     0.076
   7 0 0 0 1 1 1 1  24  17  11   0   0   0   0     5.317    56.591    47.286     0.000     0.000     0.000     0.000   0   0   0   0   0   0   0     0.000     0.000     0.000    -0.101    -0.021     0.164     0.006
   7 0 0 0 1 1 1 1  25  22  25   0   0   0   0     5.602     5.613     5.921     0.000     0.000     0.000     0.000   0   0   0   0   0   0   0     0.000     0.000     0.000    -0.034     0.037     0.002     0.023
   7 0 0 0 1 1 1 1  24   2  12   0   0   0   0     5.317    21.537    47.349     0.000     0.000     0.000     0.000   0   0   0   0   0   0   0     0.000     0.000     0.000    -0.082    -0.025     0.049     0.001
   7 0 0 0 1 1 1 1  24   2  22   0   0   0   0     5.353    21.537     5.613     0.000     0.000     0.000     0.000   0   0   0   0   0   0   0     0.000     0.000     0.000    -0.146    -0.033     0.019    -0.168
   7 0 0 0 1 1 1 1   0  18   3   0   0   0   0    21.152    49.732    22.488     0.000     0.000     0.000     0.000   0   0   0   0   0   0   0     0.000     0.000     0.000    -0.009    -0.115     0.323     0.009
   7 0 0 0 1 1 1 1  24  14  28   0   0   0   0     5.308    48.441     5.412     0.000     0.000     0.000     0.000   0   0   0   0   0   0   0     0.000     0.000     0.000    -0.024    -0.087     0.030     0.001
   7 0 0 0 1 1 1 1   3   0  26   0   0   0   0    22.360    21.152     6.026     0.000     0.000     0.000     0.000   0   0   0   0   0   0   0     0.000     0.000     0.000    -0.021    -0.136     0.002     0.044
   7 0 0 0 1 1 1 1  25   0  24   0   0   0   0     5.576    21.152     5.393     0.000     0.000     0.000     0.000   0   0   0   0   0   0   0     0.000     0.000     0.000    -0.029    -0.187    -0.014     0.022
   7 0 0 0 1 1 1 1  10  22  25   0   0   0   0    15.814     5.613     5.602     0.000     0.000     0.000     0.000   0   0   0   0   0   0   0     0.000     0.000     0.000     0.005     0.307    -0.065    -0.017
   7 0 0 0 1 1 1 1  26  18   4   0   0   0   0     5.839    50.076    22.800     0.000     0.000     0.000     0.000   0   0   0   0   0   0   0     0.000     0.000     0.000    -0.012    -0.076    -0.002     0.015
   7 0 0 0 1 1 1 1  24   5  12   0   0   0   0     5.317    22.017    47.349     0.000     0.000     0.000     0.000   0   0   0   0   0   0   0     0.000     0.000     0.000    -0.007    -0.043     0.042     0.001
   7 0 0 0 1 1 1 1  22  24   0   0   0   0   0     5.613     5.358    21.143     0.000     0.000     0.000     0.000   0   0   0   0   0   0   0     0.000     0.000     0.000    -0.035     0.017    -0.004    -0.293
   7 0 0 0 1 1 1 1  15  18   4   0   0   0   0    52.131    50.076    23.376     0.000     0.000     0.000     0.000   0   0   0   0   0   0   0     0.000     0.000     0.000    -0.008    -0.109     0.023    -0.051
   7 0 0 0 1 1 1 1  25   2  26   0   0   0   0     5.314    21.517     5.799     0.000     0.000     0.000     0.000   0   0   0   0   0   0   0     0.000     0.000     0.000    -0.082    -0.031    -0.014     0.009
   7 0 0 0 1 1 1 1  16  10  19   0   0   0   0    58.836    16.064    66.212     0.000     0.000     0.000     0.000   0   0   0   0   0   0   0     0.000     0.000     0.000    -0.012     0.035     0.010     0.027
   7 0 0 0 1 1 1 1  11   0  22   0   0   0   0    45.380    21.133     5.613     0.000     0.000     0.000     0.000   0   0   0   0   0   0   0     0.000     0.000     0.000    -0.053    -0.130     0.007    -0.142
   7 0 0 0 1 1 1 1  17  18   1   0   0   0   0    58.532    50.076    21.825     0.000     0.000     0.000     0.000   0   0   0   0   0   0   0     0.000     0.000     0.000    -0.007    -0.101    -0.047     0.022
   7 0 0 0 1 1 1 1  25   0  26   0   0   0   0     5.314    21.140     5.799     0.000     0.000     0.000     0.000   0   0   0   0   0   0   0     0.000     0.000     0.000    -0.029    -0.077    -0.013     0.008
   7 0 0 0 1 1 1 1   4   0  23   0   0   0   0    22.422    21.152     5.617     0.000     0.000     0.000     0.000   0   0   0   0   0   0   0     0.000     0.000     0.000    -0.016    -0.129    -0.006     0.014
   7 0 0 0 1 1 1 1  24  23  22   0   0   0   0     5.158     5.457     5.613     0.000     0.000     0.000     0.000   0   0   0   0   0   0   0     0.000     0.000     0.000    -0.115    -0.038     0.008    -0.131
   7 0 0 0 1 1 1 1  10  22  25   0   0   0   0    15.831     5.613     5.602     0.000     0.000     0.000     0.000   0   0   0   0   0   0   0     0.000     0.000     0.000     0.004     0.292    -0.061    -0.015
   7 0 0 0 1 1 1 1  25   0  26   0   0   0   0     5.345    21.140     5.799     0.000     0.000     0.000     0.000   0   0   0   0   0   0   0     0.000     0.000     0.000    -0.024    -0.072    -0.011     0.008
   7 0 0 0 1 1 1 1  24   2  12   0   0   0   0     5.314    21.517    47.349     0.000     0.000     0.000     0.000   0   0   0   0   0   0   0     0.000     0.000     0.000    -0.077    -0.018     0.034     0.001
   7 0 0 0 1 1 1 1  11   0  12   0   0   0   0    45.142    21.140    47.349     0.000     0.000     0.000     0.000   0   0   0   0   0   0   0     0.000     0.000     0.000    -0.051    -0.124     0.070    -0.004
   7 0 0 0 1 1 1 1  24   5  18   0   0   0   0     5.317    22.017    49.939     0.000     0.000     0.000     0.000   0   0   0   0   0   0   0     0.000     0.000     0.000     0.004    -0.053     0.001     0.073
   7 0 0 0 1 1 1 1  24  17  28   0   0   0   0     5.308    56.717     5.412     0.000     0.000     0.000     0.000   0   0   0   0   0   0   0     0.000     0.000     0.000    -0.046    -0.012     0.024    -0.000
   7 0 0 0 1 1 1 1  16  18  10   0   0   0   0    59.143    49.984    15.014     0.000     0.000     0.000     0.000   0   0   0   0   0   0   0     0.000     0.000     0.000    -0.004    -0.059     0.039     0.016
   7 0 0 0 1 1 1 1  22  23   0   0   0   0   0     5.613     5.549    21.143     0.000     0.000     0.000     0.000   0   0   0   0   0   0   0     0.000     0.000     0.000    -0.026     0.015     0.015    -0.265
   7 0 0 0 1 1 1 1  12  22  12   0   0   0   0    47.349     5.512    47.409     0.000     0.000     0.000     0.000   0   0   0   0   0   0   0     0.000     0.000     0.000    -0.021    -0.102     0.274     0.002
   7 0 0 0 1 1 1 1   0  18  22   0   0   0   0    21.152    49.732     5.536     0.000     0.000     0.000     0.000   0   0   0   0   0   0   0     0.000     0.000     0.000    -0.007    -0.049     0.005     0.110
   7 0 0 0 1 1 1 1  26   5   2   0   0   0   0     5.892    21.993    23.405     0.000     0.000     0.000     0.000   0   0   0   0   0   0   0     0.000     0.000     0.000     0.010    -0.015     0.008     0.047
   7 0 0 0 1 1 1 1  22  24   0   0   0   0   0     5.613     5.358    21.143     0.000     0.000     0.000     0.000   0   0   0   0   0   0   0     0.000     0.000     0.000    -0.027     0.012     0.014    -0.252
   7 0 0 0 1 1 1 1  15   0   4   0   0   0   0    52.131    21.152    23.376     0.000     0.000     0.000     0.000   0   0   0   0   0   0   0     0.000     0.000     0.000    -0.029     0.004     0.019    -0.043
   7 0 0 0 1 1 1 1  11   0  11   0   0   0   0    46.670    21.140    47.044     0.000     0.000     0.000     0.000   0   0   0   0   0   0   0     0.000     0.000     0.000    -0.015    -0.058     0.105     0.001
   7 0 0 0 1 1 1 1  24  23  22   0   0   0   0     5.158     5.432     5.613     0.000     0.000     0.000     0.000   0   0   0   0   0   0   0     0.000     0.000     0.000    -0.061    -0.017     0.004    -0.053
   7 0 0 0 1 1 1 1  22  23   0   0   0   0   0     5.613     5.549    21.143     0.000     0.000     0.000     0.000   0   0   0   0   0   0   0     0.000     0.000     0.000    -0.022     0.013     0.013    -0.239
   7 0 0 0 1 1 1 1  10  22  25   0   0   0   0    15.814     5.613     5.566     0.000     0.000     0.000     0.000   0   0   0   0   0   0   0     0.000     0.000     0.000     0.003     0.260    -0.054    -0.013
   7 0 0 0 1 1 1 1   0  18   3   0   0   0   0    21.152    49.732    22.488     0.000     0.000     0.000     0.000   0   0   0   0   0   0   0     0.000     0.000     0.000    -0.006    -0.042     0.099     0.004
   7 0 0 0 1 1 1 1  16  23  10   0   0   0   0    59.143     5.874    15.014     0.000     0.000     0.000     0.000   0   0   0   0   0   0   0     0.000     0.000     0.000    -0.009     0.019     0.035     0.013
   7 0 0 0 1 1 1 1  22  11   0   0   0   0   0     5.613    45.142    21.143     0.000     0.000     0.000     0.000   0   0   0   0   0   0   0     0.000     0.000     0.000    -0.069     0.004     0.012    -0.227
   7 0 0 0 1 1 1 1  12  22  12   0   0   0   0    47.349     5.512    47.409     0.000     0.000     0.000     0.000   0   0   0   0   0   0   0     0.000     0.000     0.000    -0.018    -0.092     0.247     0.002
   7 0 0 0 1 1 1 1  25  18  31   0   0   0   0     5.722    50.076     5.486     0.000     0.000     0.000     0.000   0   0   0   0   0   0   0     0.000     0.000     0.000    -0.006    -0.046     0.013    -0.000
   7 0 0 0 1 1 1 1   2   0  22   0   0   0   0    21.537    21.140     5.613     0.000     0.000     0.000     0.000   0   0   0   0   0   0   0     0.000     0.000     0.000    -0.017    -0.062     0.002    -0.050
   7 0 0 0 1 1 1 1  22  24   0   0   0   0   0     5.613     5.336    21.143     0.000     0.000     0.000     0.000   0   0   0   0   0   0   0     0.000     0.000     0.000    -0.028     0.008     0.011    -0.216
   7 0 0 0 1 1 1 1  17  18  31   0   0   0   0    59.551    50.076     5.505     0.000     0.000     0.000     0.000   0   0   0   0   0   0   0     0.000     0.000     0.000    -0.003    -0.077     0.015     0.036
   7 0 0 0 1 1 1 1  24  17  28   0   0   0   0     5.308    56.717     5.412     0.000     0.000     0.000     0.000   0   0   0   0   0   0   0     0.000     0.000     0.000    -0.034    -0.008     0.019    -0.000
   7 0 0 0 1 1 1 1  16  23  10   0   0   0   0    59.143     5.899    15.014     0.000     0.000     0.000     0.000   0   0   0   0   0   0   0     0.000     0.000     0.000    -0.007     0.031     0.032     0.011
   7 0 0 0 1 1 1 1  22  23   0   0   0   0   0     5.613     5.549    21.143     0.000     0.000     0.000     0.000   0   0   0   0   0   0   0     0.000     0.000     0.000    -0.019     0.010     0.011    -0.205
   7 0 0 0 1 1 1 1  10  22  25   0   0   0   0    15.840     5.613     5.565     0.000     0.000     0.000     0.000   0   0   0   0   0   0   0     0.000     0.000     0.000     0.002     0.235    -0.064    -0.014
   7 0 0 0 1 1 1 1  26  13  22   0   0   0   0     5.799    49.675     5.613     0.000     0.000     0.000     0.000   0   0   0   0   0   0   0     0.000     0.000     0.000    -0.022     0.000     0.002     0.094
   7 0 0 0 1 1 1 1  25   2  12   0   0   0   0     5.345    21.517    47.349     0.000     0.000     0.000     0.000   0   0   0   0   0   0   0     0.000     0.000     0.000    -0.057    -0.017     0.028    -0.001
   7 0 0 0 1 1 1 1  28   2  11   0   0   0   0     5.661    21.517    50.678     0.000     0.000     0.000     0.000   0   0   0   0   0   0   0     0.000     0.000     0.000    -0.103    -0.006     0.068     0.017
   7 0 0 0 1 1 1 1   0  18   3   0   0   0   0    21.152    49.732    22.488     0.000     0.000     0.000     0.000   0   0   0   0   0   0   0     0.000     0.000     0.000    -0.005    -0.073     0.223     0.005
   7 0 0 0 1 1 1 1  25   0  28   0   0   0   0     5.345    21.140     5.458     0.000     0.000     0.000     0.000   0   0   0   0   0   0   0     0.000     0.000     0.000    -0.014    -0.047     0.011    -0.001
   7 0 0 0 1 1 1 1  16  23  19   0   0   0   0    58.836     5.894    66.212     0.000     0.000     0.000     0.000   0   0   0   0   0   0   0     0.000     0.000     0.000    -0.007     0.019     0.005     0.017
   7 0 0 0 1 1 1 1  22  11   0   0   0   0   0     5.613    45.142    21.143     0.000     0.000     0.000     0.000   0   0   0   0   0   0   0     0.000     0.000     0.000    -0.056     0.004     0.010    -0.194
   7 0 0 0 1 1 1 1  12  22  11   0   0   0   0    50.233     5.613    53.192     0.000     0.000     0.000     0.000   0   0   0   0   0   0   0     0.000     0.000     0.000    -0.009     0.060     0.018    -0.040
   7 0 0 0 1 1 1 1   4  22  31   0   0   0   0    22.800     5.613     5.490     0.000     0.000     0.000     0.000   0   0   0   0   0   0   0     0.000     0.000     0.000    -0.007     0.031     0.011    -0.001
   7 0 0 0 1 1 1 1  22   0   2   0   0   0   0     5.613    21.150    22.022     0.000     0.000     0.000     0.000   0   0   0   0   0   0   0     0.000     0.000     0.000    -0.009     0.007    -0.112     0.010
   7 0 0 0 1 1 1 1  22   2   0   0   0   0   0     5.613    21.537    21.143     0.000     0.000     0.000     0.000   0   0   0   0   0   0   0     0.000     0.000     0.000    -0.080     0.002     0.010    -0.185
   7 0 0 0 1 1 1 1  10  22  25   0   0   0   0    15.840     5.613     5.565     0.000     0.000     0.000     0.000   0   0   0   0   0   0   0     0.000     0.000     0.000     0.002     0.209    -0.058    -0.012
   7 0 0 0 1 1 1 1  25   2  26   0   0   0   0     5.314    21.517     5.799     0.000     0.000     0.000     0.000   0   0   0   0   0   0   0     0.000     0.000     0.000    -0.044    -0.013    -0.006     0.004
   7 0 0 0 1 1 1 1  22  24   0   0   0   0   0     5.613     5.317    21.143     0.000     0.000     0.000     0.000   0   0   0   0   0   0   0     0.000     0.000     0.000    -0.015     0.004     0.009    -0.107
   7 0 0 0 1 1 1 1  22  24   0   0   0   0   0     5.613     5.360    21.143     0.000     0.000     0.000     0.000   0   0   0   0   0   0   0     0.000     0.000     0.000    -0.017     0.008     0.009    -0.175
   7 0 0 0 1 1 1 1  19  18  20   0   0   0   0    66.531    50.076    62.565     0.000     0.000     0.000     0.000   0   0   0   0   0   0   0     0.000     0.000     0.000    -0.001    -0.064     0.017     0.031
   7 0 0 0 1 1 1 1  24   2  11   0   0   0   0     5.308    21.517    47.286     0.000     0.000     0.000     0.000   0   0   0   0   0   0   0     0.000     0.000     0.000    -0.041    -0.009     0.045     0.001
   7 0 0 0 1 1 1 1   2   0  22   0   0   0   0    21.537    21.140     5.613     0.000     0.000     0.000     0.000   0   0   0   0   0   0   0     0.000     0.000     0.000    -0.013    -0.051     0.002    -0.044
   7 0 0 0 1 1 1 1  26  22   1   0   0   0   0     6.026     5.613    22.390     0.000     0.000     0.000     0.000   0   0   0   0   0   0   0     0.000     0.000     0.000    -0.002    -0.077     0.023     0.066
   7 0 0 0 1 1 1 1  24   5  11   0   0   0   0     5.326    22.017    47.286     0.000     0.000     0.000     0.000   0   0   0   0   0   0   0     0.000     0.000     0.000     0.001    -0.036     0.092     0.003
   7 0 0 0 1 1 1 1  25   0   4   0   0   0   0     5.593    21.152    22.846     0.000     0.000     0.000     0.000   0   0   0   0   0   0   0     0.000     0.000     0.000    -0.013     0.030    -0.002     0.006
   7 0 0 0 1 1 1 1   2   2  22   0   0   0   0    21.537    21.517     5.613     0.000     0.000     0.000     0.000   0   0   0   0   0   0   0     0.000     0.000     0.000    -0.048    -0.012     0.002    -0.041
   7 0 1 0 1 1 1 1   2   2  12   0   0   0   0    21.517    21.517    47.349     0.000     0.000     0.000     0.000   0   0   0   0   0   0   0     0.000    -0.086     0.000    -0.048    -0.012     0.038    -0.004
   7 0 0 0 1 1 1 1   0  18   3   0   0   0   0    21.152    49.374    22.488     0.000     0.000     0.000     0.000   0   0   0   0   0   0   0     0.000    -0.086     0.000     0.002    -0.039     0.194     0.004
   7 0 0 1 1 1 1 1  14  22   3   0   0   0   0    48.828     5.613    22.488     0.000     0.000     0.000     0.000   0   0   0   0   0   0   0     0.000    -0.086    -0.037    -0.000     0.027     0.194     0.004
   7 0 0 0 1 1 1 1  23  22   1   0   0   0   0     5.899     5.613    22.417     0.000     0.000     0.000     0.000   0   0   0   0   0   0   0     0.000    -0.086    -0.037    -0.001    -0.097     0.014     0.037
   7 0 0 0 1 1 1 1  28   4   0   0   0   0   0     5.696    22.451    21.004     0.000     0.000     0.000     0.000   0   0   0   0   0   0   0     0.000    -0.086    -0.037    -0.027     0.000     0.018     0.057
   7 0 0 0 1 1 1 1   6   6  25   0   0   0   0    20.449    20.440     5.576     0.000     0.000     0.000     0.000   0   0   0   0   0   0   0     0.000    -0.086    -0.037     0.003     0.184    -0.035    -0.006
   7 0 0 0 1 1 1 1  18  18   5   0   0   0   0    50.076    49.984    22.038     0.000     0.000     0.000     0.000   0   0   0   0   0   0   0     0.000    -0.086    -0.037     0.000     0.082    -0.007    -0.036
   7 0 0 0 1 1 1 1  16  23  10   0   0   0   0    59.143     5.899    15.014     0.000     0.000     0.000     0.000   0   0   0   0   0   0   0     0.000    -0.086    -0.037    -0.005     0.024     0.027     0.008
   7 0 0 0 1 1 1 1  22  22   0   0   0   0   0     5.613     5.610    21.143     0.000     0.000     0.000     0.000   0   0   0   0   0   0   0     0.000    -0.086    -0.037    -0.001     0.090     0.014    -0.161
   7 0 0 0 1 1 1 1  19  18  25   0   0   0   0    66.531    50.076     5.890     0.000     0.000     0.000     0.000   0   0   0   0   0   0   0     0.000    -0.086    -0.037    -0.001    -0.056     0.017     0.030
   7 0 0 0 1 1 1 1  25   0  26   0   0   0   0     5.593    21.152     5.918     0.000     0.000     0.000     0.000   0   0   0   0   0   0   0     0.000    -0.086    -0.037    -0.012     0.025     0.000     0.008
   7 0 0 0 1 1 1 1   2   2  12   0   0   0   0    21.537    21.517    47.349     0.000     0.000     0.000     0.000   0   0   0   0   0   0   0     0.000    -0.086    -0.037    -0.044    -0.011     0.019    -0.001
   7 0 0 1 1 1 1 1  14  12  12   0   0   0   0    48.828    47.349    47.349     0.000     0.000     0.000     0.000   0   0   0   0   0   0   0     0.000    -0.086    -0.078     0.033    -0.003     0.019    -0.001
   7 0 0 0 1 1 1 1   6   6  25   0   0   0   0    20.449    20.440     5.565     0.000     0.000     0.000     0.000   0   0   0   0   0   0   0     0.000    -0.086    -0.078     0.003     0.175    -0.039    -0.007
   7 0 0 0 1 1 1 1  25  18  30   0   0   0   0     5.855    50.076     5.196     0.000     0.000     0.000     0.000   0   0   0   0   0   0   0     0.000    -0.086    -0.078    -0.002    -0.028     0.027     0.004
   7 0 0 0 1 1 1 1  22  22   0   0   0   0   0     5.613     5.610    21.143     0.000     0.000     0.000     0.000   0   0   0   0   0   0   0     0.000    -0.086    -0.078    -0.000     0.054     0.012    -0.092
   7 0 0 0 1 1 1 1  22  22   0   0   0   0   0     5.613     5.610    21.143     0.000     0.000     0.000     0.000   0   0   0   0   0   0   0     0.000    -0.086    -0.078    -0.001     0.083     0.013    -0.153
   7 0 0 0 1 1 1 1  24   5  18   0   0   0   0     5.326    22.025    49.939     0.000     0.000     0.000     0.000   0   0   0   0   0   0   0     0.000    -0.086    -0.078     0.000    -0.031     0.001     0.040
   7 0 0 0 1 1 1 1  18  18   5   0   0   0   0    50.076    49.984    22.038     0.000     0.000     0.000     0.000   0   0   0   0   0   0   0     0.000    -0.086    -0.078     0.000     0.076    -0.006    -0.030
   7 0 0 0 1 1 1 1  16  26  26   0   0   0   0    58.836     5.913     5.919     0.000     0.000     0.000     0.000   0   0   0   0   0   0   0     0.000    -0.086    -0.078    -0.008     0.006     0.008     0.034
   7 0 0 0 1 1 1 1  11   0  12   0   0   0   0    44.189    21.140    47.349     0.000     0.000     0.000     0.000   0   0   0   0   0   0   0     0.000    -0.086    -0.078    -0.023    -0.073     0.038    -0.003
   7 0 0 0 1 1 1 1  12  22  12   0   0   0   0    47.349     5.512    47.409     0.000     0.000     0.000     0.000   0   0   0   0   0   0   0     0.000    -0.086    -0.078    -0.010    -0.062     0.164     0.001
   7 0 0 0 1 1 1 1  25  22  15   0   0   0   0     5.855     5.613    54.919     0.000     0.000     0.000     0.000   0   0   0   0   0   0   0     0.000    -0.086    -0.078    -0.004     0.021     0.008    -0.003
   7 0 0 0 1 1 1 1   2   0  22   0   0   0   0    21.537    21.140     5.613     0.000     0.000     0.000     0.000   0   0   0   0   0   0   0     0.000    -0.086    -0.078    -0.010    -0.041     0.001    -0.035
   7 0 0 0 1 1 1 1  22  22   0   0   0   0   0     5.613     5.610    21.143     0.000     0.000     0.000     0.000   0   0   0   0   0   0   0     0.000    -0.086    -0.078    -0.001     0.076     0.012    -0.145
   7 0 0 0 1 1 1 1   0  18  22   0   0   0   0    21.152    49.732     5.536     0.000     0.000     0.000     0.000   0   0   0   0   0   0   0     0.000    -0.086    -0.078    -0.003    -0.053     0.003     0.156
   7 0 0 0 1 1 1 1  25   0  26   0   0   0   0     5.568    21.152     5.918     0.000     0.000     0.000     0.000   0   0   0   0   0   0   0     0.000    -0.086    -0.078    -0.011     0.021     0.000     0.007
   7 0 0 0 1 1 1 1  23  26  11   0   0   0   0     5.549     5.879    46.670     0.000     0.000     0.000     0.000   0   0   0   0   0   0   0     0.000    -0.086    -0.078    -0.018    -0.000     0.036     0.002
   7 0 0 0 1 1 1 1  28   4   1   0   0   0   0     5.696    22.451    22.417     0.000     0.000     0.000     0.000   0   0   0   0   0   0   0     0.000    -0.086    -0.078    -0.024     0.001     0.018     0.052
   7 0 0 1 1 1 1 1  11  12   1   0   0   0   0    52.968    50.642    22.417     0.000     0.000     0.000     0.000   0   0   0   0   0   0   0     0.000    -0.086    -0.038    -0.003     0.014     0.018     0.052
   7 0 0 0 1 1 1 1  18  18   5   0   0   0   0    50.076    49.984    22.091     0.000     0.000     0.000     0.000   0   0   0   0   0   0   0     0.000    -0.086    -0.038     0.000     0.071    -0.006    -0.031
   7 0 0 0 1 1 1 1  19  23  18   0   0   0   0    66.213     5.899    48.985     0.000     0.000     0.000     0.000   0   0   0   0   0   0   0     0.000    -0.086    -0.038    -0.004     0.021     0.021     0.005
   7 0 0 0 1 1 1 1  22  22   2   0   0   0   0     5.613     5.610    22.022     0.000     0.000     0.000     0.000   0   0   0   0   0   0   0     0.000    -0.086    -0.038    -0.000     0.072    -0.137     0.012
   7 0 0 0 1 1 1 1  10  22  25   0   0   0   0    15.842     5.613     5.565     0.000     0.000     0.000     0.000   0   0   0   0   0   0   0     0.000    -0.086    -0.038     0.001     0.149    -0.047    -0.008
   7 0 0 0 1 1 1 1  25  17   1   0   0   0   0     5.568    56.679    22.428     0.000     0.000     0.000     0.000   0   0   0   0   0   0   0     0.000    -0.086    -0.038    -0.021    -0.001     0.001     0.011
   7 0 0 0 1 1 1 1  22  22   0   0   0   0   0     5.613     5.610    21.143     0.000     0.000     0.000     0.000   0   0   0   0   0   0   0     0.000    -0.086    -0.038    -0.000     0.050     0.013    -0.085
   7 0 0 0 1 1 1 1  11   2  12   0   0   0   0    44.892    21.517    47.349     0.000     0.000     0.000     0.000   0   0   0   0   0   0   0     0.000    -0.086    -0.038    -0.067    -0.021     0.036    -0.002
   7 0 0 0 1 1 1 1  17  18  27   0   0   0   0    59.239    50.076     5.020     0.000     0.000     0.000     0.000   0   0   0   0   0   0   0     0.000    -0.086    -0.038    -0.002    -0.043     0.020     0.006
   7 0 0 0 1 1 1 1   6   6  25   0   0   0   0    20.449    20.440     5.703     0.000     0.000     0.000     0.000   0   0   0   0   0   0   0     0.000    -0.086    -0.038     0.001     0.067    -0.013    -0.000
   7 0 0 0 1 1 1 1   2   2  22   0   0   0   0    21.537    21.517     5.613     0.000     0.000     0.000     0.000   0   0   0   0   0   0   0     0.000    -0.086    -0.038    -0.037    -0.009     0.001    -0.032
   7 0 0 0 1 1 1 1  22  23   0   0   0   0   0     5.613     5.531    21.143     0.000     0.000     0.000     0.000   0   0   0   0   0   0   0     0.000    -0.086    -0.038    -0.013     0.007     0.011    -0.130
   7 0 0 1 1 1 1 1  11  12   0   0   0   0   0    52.968    50.233    21.143     0.000     0.000     0.000     0.000   0   0   0   0   0   0   0     0.000    -0.086    -0.033    -0.003     0.011     0.011    -0.130
   7 0 0 1 1 1 1 1  14   6   0   0   0   0   0    48.828    20.449    21.143     0.000     0.000     0.000     0.000   0   0   0   0   0   0   0     0.000    -0.086    -0.024     0.003    -0.005     0.011    -0.130
   7 0 0 0 1 1 1 1  26  23   2   0   0   0   0     5.892     5.531    23.501     0.000     0.000     0.000     0.000   0   0   0   0   0   0   0     0.000    -0.086    -0.024    -0.016    -0.000     0.004     0.029
   7 0 0 0 1 1 1 1  28  26   1   0   0   0   0     5.696     5.860    22.417     0.000     0.000     0.000     0.000   0   0   0   0   0   0   0     0.000    -0.086    -0.024    -0.013     0.004     0.016     0.044
   7 0 0 1 1 1 1 1  22  22   1   0   0   0   0     5.614     5.613    22.417     0.000     0.000     0.000     0.000   0   0   0   0   0   0   0     0.000    -0.086    -0.046    -0.000     0.141     0.016     0.044
   7 0 0 0 1 1 1 1  18  18   5   0   0   0   0    50.076    49.984    22.091     0.000     0.000     0.000     0.000   0   0   0   0   0   0   0     0.000    -0.086    -0.046     0.000     0.064    -0.006    -0.027
   7 0 0 0 1 1 1 1  19  24  20   0   0   0   0    66.213     5.314    62.318     0.000     0.000     0.000     0.000   0   0   0   0   0   0   0     0.000    -0.086    -0.046    -0.016    -0.000     0.024     0.006
   7 0 0 0 1 1 1 1  22  22   0   0   0   0   0     5.613     5.610    21.143     0.000     0.000     0.000     0.000   0   0   0   0   0   0   0     0.000    -0.086    -0.046    -0.000     0.067     0.011    -0.123
   7 0 0 0 1 1 1 1   0  18  22   0   0   0   0    21.152    49.732     5.536     0.000     0.000     0.000     0.000   0   0   0   0   0   0   0     0.000    -0.086    -0.046    -0.002    -0.043     0.003     0.134
   7 0 0 0 1 1 1 1  25   2  30   0   0   0   0     5.844    22.051     5.196     0.000     0.000     0.000     0.000   0   0   0   0   0   0   0     0.000    -0.086    -0.046     0.001    -0.008     0.024     0.002
   7 0 0 0 1 1 1 1  22  22   0   0   0   0   0     5.613     5.610    21.143     0.000     0.000     0.000     0.000   0   0   0   0   0   0   0     0.000    -0.086    -0.046    -0.000     0.046     0.014    -0.079
   7 0 0 0 1 1 1 1   2   0  12   0   0   0   0    21.537    21.140    47.349     0.000     0.000     0.000     0.000   0   0   0   0   0   0   0     0.000    -0.086    -0.046    -0.014    -0.060     0.025    -0.002
   7 0 0 1 1 1 1 1  11  12  12   0   0   0   0    52.968    50.642    47.349     0.000     0.000     0.000     0.000   0   0   0   0   0   0   0     0.000    -0.086    -0.030    -0.002     0.010     0.025    -0.002
   7 0 0 0 1 1 1 1  26   6  11   0   0   0   0     5.918    20.578    50.759     0.000     0.000     0.000     0.000   0   0   0   0   0   0   0     0.000    -0.086    -0.030     0.000    -0.010     0.008    -0.002
   7 0 0 0 1 1 1 1   2   0  12   0   0   0   0    21.537    21.147    47.349     0.000     0.000     0.000     0.000   0   0   0   0   0   0   0     0.000    -0.086    -0.030    -0.012    -0.039     0.014    -0.001
   7 0 0 0 1 1 1 1  22  22   0   0   0   0   0     5.613     5.610    21.143     0.000     0.000     0.000     0.000   0   0   0   0   0   0   0     0.000    -0.086    -0.030    -0.000     0.062     0.010    -0.116
   7 0 0 0 1 1 1 1  23  22   3   0   0   0   0     5.897     5.613    22.401     0.000     0.000     0.000     0.000   0   0   0   0   0   0   0     0.000    -0.086    -0.030     0.000     0.128    -0.040    -0.012
   7 0 0 0 1 1 1 1  25   0  12   0   0   0   0     5.314    21.147    47.409     0.000     0.000     0.000     0.000   0   0   0   0   0   0   0     0.000    -0.086    -0.030    -0.007    -0.027     0.010    -0.000
   7 0 0 0 1 1 1 1  19  23  18   0   0   0   0    66.218     5.899    48.985     0.000     0.000     0.000     0.000   0   0   0   0   0   0   0     0.000    -0.086    -0.030    -0.003     0.017     0.021     0.004
   7 0 0 0 1 1 1 1  11   2  12   0   0   0   0    44.688    21.517    47.349     0.000     0.000     0.000     0.000   0   0   0   0   0   0   0     0.000    -0.086    -0.030    -0.056    -0.018     0.028    -0.002
   7 0 0 0 1 1 1 1  19  18   2   0   0   0   0    66.531    50.076    21.695     0.000     0.000     0.000     0.000   0   0   0   0   0   0   0     0.000    -0.086    -0.030    -0.001    -0.036     0.024     0.010
   7 0 0 0 1 1 1 1  18  18   5   0   0   0   0    50.076    49.984    22.091     0.000     0.000     0.000     0.000   0   0   0   0   0   0   0     0.000    -0.086    -0.030     0.000     0.060    -0.005    -0.024
   7 0 0 0 1 1 1 1  22  22   0   0   0   0   0     5.613     5.610    21.143     0.000     0.000     0.000     0.000   0   0   0   0   0   0   0     0.000    -0.086    -0.030    -0.000     0.043     0.012    -0.075
   7 0 0 0 1 1 1 1  22  24   0   0   0   0   0     5.613     5.336    21.143     0.000     0.000     0.000     0.000   0   0   0   0   0   0   0     0.000    -0.086    -0.030    -0.013     0.005     0.010    -0.111
   7 0 0 1 1 1 1 1  11  12   0   0   0   0   0    52.968    48.232    21.143     0.000     0.000     0.000     0.000   0   0   0   0   0   0   0     0.000    -0.086    -0.028    -0.008     0.004     0.010    -0.111
   7 0 0 0 1 1 1 1  25   2   4   0   0   0   0     5.568    22.065    22.846     0.000     0.000     0.000     0.000   0   0   0   0   0   0   0     0.000    -0.086    -0.028    -0.002    -0.022    -0.001     0.003
   7 0 0 1 1 1 1 1  11  22   4   0   0   0   0    52.968     5.613    22.846     0.000     0.000     0.000     0.000   0   0   0   0   0   0   0     0.000    -0.086    -0.022     0.001    -0.027    -0.001     0.003
   7 0 0 0 1 1 1 1  28  27   1   0   0   0   0     5.696     5.427    22.417     0.000     0.000     0.000     0.000   0   0   0   0   0   0   0     0.000    -0.086    -0.022     0.002    -0.014     0.014     0.037
   7 0 0 0 1 1 1 1  22  22   0   0   0   0   0     5.613     5.467    21.143     0.000     0.000     0.000     0.000   0   0   0   0   0   0   0     0.000    -0.086    -0.022     0.001    -0.021    -0.037     0.122
   7 0 1 0 1 1 1 1   3  22   6   0   0   0   0    21.607     5.467    20.578     0.000     0.000     0.000     0.000   0   0   0   0   0   0   0     0.000    -0.024    -0.022     0.001    -0.021     0.002    -0.004
   7 0 0 0 1 1 1 1   2   0  18   0   0   0   0    21.537    21.147    50.076     0.000     0.000     0.000     0.000   0   0   0   0   0   0   0     0.000    -0.024    -0.022    -0.011    -0.037    -0.000     0.017
   7 0 0 0 1 1 1 1  11   0  14   0   0   0   0    44.688    21.140    47.215     0.000     0.000     0.000     0.000   0   0   0   0   0   0   0     0.000    -0.024    -0.022    -0.016    -0.052    -0.002     0.019
   7 0 0 1 1 1 1 1  11  15  14   0   0   0   0    52.968    51.993    47.215     0.000     0.000     0.000     0.000   0   0   0   0   0   0   0     0.000    -0.024    -0.026    -0.003     0.007    -0.002     0.019
   7 0 0 0 1 1 1 1  25   3   6   0   0   0   0     5.314    21.607    20.449     0.000     0.000     0.000     0.000   0   0   0   0   0   0   0     0.000    -0.024    -0.026    -0.023    -0.006     0.003    -0.003
   7 0 0 0 1 1 1 1  21  32  20   0   0   0   0    68.006     4.230    62.316     0.000     0.000     0.000     0.000   0   0   0   0   0   0   0     0.000    -0.024    -0.026    -0.014     0.000     0.020     0.004
   7 0 0 0 1 1 1 1  22  22   0   0   0   0   0     5.613     5.610    21.143     0.000     0.000     0.000     0.000   0   0   0   0   0   0   0     0.000    -0.024    -0.026    -0.000     0.056     0.010    -0.104
   7 0 0 0 1 1 1 1  22  29   0   0   0   0   0     5.613     5.701    21.143     0.000     0.000     0.000     0.000   0   0   0   0   0   0   0     0.000    -0.024    -0.026    -0.010     0.003    -0.034     0.116
   7 0 0 0 1 1 1 1  18  12  22   0   0   0   0    48.471    51.743     5.613     0.000     0.000     0.000     0.000   0   0   0   0   0   0   0     0.000    -0.024    -0.026     0.001     0.011    -0.005     0.016
   7 0 0 0 1 1 1 1  22  22   0   0   0   0   0     5.613     5.610    21.143     0.000     0.000     0.000     0.000   0   0   0   0   0   0   0     0.000    -0.024    -0.026    -0.000     0.040     0.013    -0.069
   7 0 0 0 1 1 1 1  11   0  11   0   0   0   0    45.380    21.147    46.670     0.000     0.000     0.000     0.000   0   0   0   0   0   0   0     0.000    -0.024    -0.026    -0.017    -0.056     0.035    -0.001
   7 0 0 0 1 1 1 1  22  12   0   0   0   0   0     5.613    47.829    21.143     0.000     0.000     0.000     0.000   0   0   0   0   0   0   0     0.000    -0.024    -0.026    -0.012     0.002    -0.032     0.110
   7 0 0 0 1 1 1 1  18  18   5   0   0   0   0    50.076    49.984    22.091     0.000     0.000     0.000     0.000   0   0   0   0   0   0   0     0.000    -0.024    -0.026    -0.000     0.056    -0.004    -0.021
   7 0 0 0 1 1 1 1  11   2   1   0   0   0   0    52.968    21.537    21.544     0.000     0.000     0.000     0.000   0   0   0   0   0   0   0     0.000    -0.024    -0.026    -0.024     0.001    -0.006    -0.022
   7 0 0 0 1 1 1 1  11  11  12   0   0   0   0    52.968    45.541    48.847     0.000     0.000     0.000     0.000   0   0   0   0   0   0   0     0.000    -0.024    -0.026    -0.022     0.003    -0.007    -0.040
   7 0 0 0 1 1 1 1  19  18  21   0   0   0   0    66.213    50.076    68.552     0.000     0.000     0.000     0.000   0   0   0   0   0   0   0     0.000    -0.024    -0.026    -0.001    -0.040     0.006     0.022
   7 0 0 0 1 1 1 1  26  16  22   0   0   0   0     5.918    54.182     5.103     0.000     0.000     0.000     0.000   0   0   0   0   0   0   0     0.000    -0.024    -0.026    -0.008     0.000     0.003     0.020
   7 0 1 0 1 1 1 1  13  16  21   0   0   0   0    43.223    54.182    67.959     0.000     0.000     0.000     0.000   0   0   0   0   0   0   0     0.000     0.024    -0.026    -0.008     0.000    -0.003     0.005
   7 0 0 0 1 1 1 1  22  22   0   0   0   0   0     5.613     5.610    21.143     0.000     0.000     0.000     0.000   0   0   0   0   0   0   0     0.000     0.024    -0.026    -0.000     0.051     0.009    -0.099
   7 0 0 0 1 1 1 1  22  22   0   0   0   0   0     5.613     5.467    21.143     0.000     0.000     0.000     0.000   0   0   0   0   0   0   0     0.000     0.024    -0.026     0.001    -0.017    -0.030     0.105
   7 0 0 1 1 1 1 1  22  22   0   0   0   0   0     5.614     5.613    21.143     0.000     0.000     0.000     0.000   0   0   0   0   0   0   0     0.000     0.024    -0.017    -0.000     0.053    -0.030     0.105
   7 0 0 0 1 1 1 1  22  22   0   0   0   0   0     5.613     5.610    21.143     0.000     0.000     0.000     0.000   0   0   0   0   0   0   0     0.000     0.024    -0.017    -0.000     0.038     0.012    -0.066
   7 0 0 0 1 1 1 1  28  27   1   0   0   0   0     5.696     5.427    22.417     0.000     0.000     0.000     0.000   0   0   0   0   0   0   0     0.000     0.024    -0.017     0.002    -0.013     0.012     0.034
   7 0 0 0 1 1 1 1  11  22   0   0   0   0   0    52.968     5.613    20.756     0.000     0.000     0.000     0.000   0   0   0   0   0   0   0     0.000     0.024    -0.017     0.000     0.029    -0.007    -0.025
   7 0 0 0 1 1 1 1  18  18   5   0   0   0   0    50.076    49.984    22.091     0.000     0.000     0.000     0.000   0   0   0   0   0   0   0     0.000     0.024    -0.017     0.000     0.050    -0.004    -0.019
   7 0 0 0 1 1 1 1  26   1   6   0   0   0   0     5.892    21.898    19.582     0.000     0.000     0.000     0.000   0   0   0   0   0   0   0     0.000     0.024    -0.017     0.000    -0.011     0.026     0.003
   7 0 0 0 1 1 1 1  24  23  11   0   0   0   0     5.158     5.412    46.670     0.000     0.000     0.000     0.000   0   0   0   0   0   0   0     0.000     0.024    -0.017    -0.055    -0.010     0.061    -0.001
   7 0 0 0 1 1 1 1  19  29  21   0   0   0   0    66.216     5.546    68.552     0.000     0.000     0.000     0.000   0   0   0   0   0   0   0     0.000     0.024    -0.017    -0.020    -0.000     0.006     0.020
   7 0 0 0 1 1 1 1  25   2   4   0   0   0   0     5.568    22.065    22.846     0.000     0.000     0.000     0.000   0   0   0   0   0   0   0     0.000     0.024    -0.017    -0.001    -0.019    -0.001     0.003
   7 0 0 0 1 1 1 1  22  22   0   0   0   0   0     5.613     5.610    21.143     0.000     0.000     0.000     0.000   0   0   0   0   0   0   0     0.000     0.024    -0.017    -0.000     0.035     0.011    -0.062
   7 0 0 0 1 1 1 1  22  24   0   0   0   0   0     5.613     5.336    21.143     0.000     0.000     0.000     0.000   0   0   0   0   0   0   0     0.000     0.024    -0.017    -0.011     0.004     0.010    -0.093
   7 0 0 0 1 1 1 1  22  29   0   0   0   0   0     5.613     5.701    21.143     0.000     0.000     0.000     0.000   0   0   0   0   0   0   0     0.000     0.024    -0.017    -0.007     0.002    -0.030     0.098
   7 0 0 0 1 1 1 1  25   0   3   0   0   0   0     5.314    21.147    22.285     0.000     0.000     0.000     0.000   0   0   0   0   0   0   0     0.000     0.024    -0.017    -0.005    -0.019     0.007    -0.000
   7 0 1 0 1 1 1 1   3   0  11   0   0   0   0    21.607    21.147    52.968     0.000     0.000     0.000     0.000   0   0   0   0   0   0   0     0.000    -0.032    -0.017    -0.005    -0.019     0.001    -0.018
   7 0 0 0 1 1 1 1  22  23   0   0   0   0   0     5.613     5.531    21.143     0.000     0.000     0.000     0.000   0   0   0   0   0   0   0     0.000    -0.032    -0.017    -0.009     0.005     0.009    -0.089
   7 0 0 0 1 1 1 1  11   6   0   0   0   0   0    52.968    20.449    20.756     0.000     0.000     0.000     0.000   0   0   0   0   0   0   0     0.000    -0.032    -0.017     0.003    -0.005    -0.005    -0.023
   7 0 0 0 1 1 1 1  26   6  22   0   0   0   0     5.918    20.591     5.103     0.000     0.000     0.000     0.000   0   0   0   0   0   0   0     0.000    -0.032    -0.017     0.000    -0.007     0.003     0.018
   7 0 0 1 1 1 1 1   2  16  22   0   0   0   0    23.513    58.983     5.103     0.000     0.000     0.000     0.000   0   0   0   0   0   0   0     0.000    -0.032     0.022    -0.002     0.005     0.003     0.018
   7 0 0 0 1 1 1 1  11  22   2   0   0   0   0    52.968     5.613    23.434     0.000     0.000     0.000     0.000   0   0   0   0   0   0   0     0.000    -0.032     0.022     0.002    -0.036    -0.034    -0.005
   7 0 0 0 1 1 1 1  22  12   0   0   0   0   0     5.613    47.829    21.143     0.000     0.000     0.000     0.000   0   0   0   0   0   0   0     0.000    -0.032     0.022    -0.010     0.001    -0.028     0.093
   7 0 0 0 1 1 1 1  22  25   0   0   0   0   0     5.613     5.568    21.143     0.000     0.000     0.000     0.000   0   0   0   0   0   0   0     0.000    -0.032     0.022    -0.006     0.001    -0.014     0.048
   7 0 0 0 1 1 1 1  22  22   0   0   0   0   0     5.613     5.610    21.143     0.000     0.000     0.000     0.000   0   0   0   0   0   0   0     0.000    -0.032     0.022    -0.000     0.033     0.011    -0.059
   7 0 1 0 1 1 1 1   2  22  12   0   0   0   0    21.517     5.610    47.349     0.000     0.000     0.000     0.000   0   0   0   0   0   0   0     0.000    -0.041     0.022    -0.000     0.033     0.017    -0.001
   7 0 0 0 1 1 1 1  22  22   0   0   0   0   0     5.613     5.486    21.143     0.000     0.000     0.000     0.000   0   0   0   0   0   0   0     0.000    -0.041     0.022     0.001    -0.015    -0.026     0.088
   7 0 0 0 1 1 1 1  22  25   0   0   0   0   0     5.613     5.568    21.143     0.000     0.000     0.000     0.000   0   0   0   0   0   0   0     0.000    -0.041     0.022    -0.005     0.001    -0.013     0.045
   7 0 1 0 1 1 1 1   3  25  22   0   0   0   0    21.607     5.568     5.613     0.000     0.000     0.000     0.000   0   0   0   0   0   0   0     0.000    -0.030     0.022    -0.005     0.001     0.001    -0.021
   7 0 0 0 1 1 1 1  28  27   1   0   0   0   0     5.696     5.427    22.417     0.000     0.000     0.000     0.000   0   0   0   0   0   0   0     0.000    -0.030     0.022     0.002    -0.011     0.010     0.030
   7 0 0 0 1 1 1 1  11  22   0   0   0   0   0    52.968     5.613    20.756     0.000     0.000     0.000     0.000   0   0   0   0   0   0   0     0.000    -0.030     0.022     0.000     0.024    -0.005    -0.021
   7 0 1 0 1 1 1 1   3  22   6   0   0   0   0    21.607     5.613    20.449     0.000     0.000     0.000     0.000   0   0   0   0   0   0   0     0.000    -0.018     0.022     0.000     0.024     0.001    -0.002
   7 0 0 0 1 1 1 1  23  22  12   0   0   0   0     5.899     5.613    47.850     0.000     0.000     0.000     0.000   0   0   0   0   0   0   0     0.000    -0.018     0.022    -0.000    -0.055     0.016    -0.000
   7 0 1 0 1 1 1 1   2  22  18   0   0   0   0    21.517     5.613    50.076     0.000     0.000     0.000     0.000   0   0   0   0   0   0   0     0.000    -0.039     0.022    -0.000    -0.055    -0.001     0.021
   7 0 0 0 1 1 1 1  19  18  21   0   0   0   0    66.216    50.076    68.552     0.000     0.000     0.000     0.000   0   0   0   0   0   0   0     0.000    -0.039     0.022    -0.001    -0.032     0.005     0.018
   7 0 0 0 1 1 1 1  18  18   5   0   0   0   0    50.076    49.984    22.091     0.000     0.000     0.000     0.000   0   0   0   0   0   0   0     0.000    -0.039     0.022     0.000     0.043    -0.003    -0.016
   7 0 0 0 1 1 1 1  26  23   2   0   0   0   0     5.903     5.531    23.501     0.000     0.000     0.000     0.000   0   0   0   0   0   0   0     0.000    -0.039     0.022    -0.010     0.000     0.003     0.019
   7 0 0 0 1 1 1 1  11  25   2   0   0   0   0    52.968     5.345    23.434     0.000     0.000     0.000     0.000   0   0   0   0   0   0   0     0.000    -0.039     0.022    -0.016     0.002    -0.030    -0.004
   7 0 0 0 1 1 1 1  11  22  11   0   0   0   0    52.968     5.614    58.258     0.000     0.000     0.000     0.000   0   0   0   0   0   0   0     0.000    -0.039     0.022     0.001    -0.026    -0.020    -0.005
   7 0 0 1 1 1 1 1  11  26  11   0   0   0   0    53.396     5.918    58.258     0.000     0.000     0.000     0.000   0   0   0   0   0   0   0     0.000    -0.039     0.012    -0.001     0.003    -0.020    -0.005
   7 0 1 0 1 1 1 1   3  26  11   0   0   0   0    21.607     5.918    52.968     0.000     0.000     0.000     0.000   0   0   0   0   0   0   0     0.000    -0.028     0.012    -0.001     0.003     0.001    -0.016
   7 0 0 0 1 1 1 1  22  22   0   0   0   0   0     5.613     5.610    21.143     0.000     0.000     0.000     0.000   0   0   0   0   0   0   0     0.000    -0.028     0.012    -0.000     0.044     0.012    -0.082
   7 0 0 0 1 1 1 1  22  22   0   0   0   0   0     5.613     5.610    21.143     0.000     0.000     0.000     0.000   0   0   0   0   0   0   0     0.000    -0.028     0.012     0.000    -0.029    -0.024     0.083
   7 0 0 0 1 1 1 1  22  18   0   0   0   0   0     5.613    48.948    21.143     0.000     0.000     0.000     0.000   0   0   0   0   0   0   0     0.000    -0.028     0.012     0.001    -0.003    -0.012     0.041
   7 0 0 0 1 1 1 1   5   2  32   0   0   0   0    21.978    21.778     4.230     0.000     0.000     0.000     0.000   0   0   0   0   0   0   0     0.000    -0.028     0.012     0.004     0.024    -0.009     0.000
   7 0 0 0 1 1 1 1  28  27   1   0   0   0   0     5.687     5.427    22.417     0.000     0.000     0.000     0.000   0   0   0   0   0   0   0     0.000    -0.028     0.012     0.002    -0.011     0.008     0.027
   7 0 0 0 1 1 1 1  22  26   0   0   0   0   0     5.613     5.893    21.143     0.000     0.000     0.000     0.000   0   0   0   0   0   0   0     0.000    -0.028     0.012    -0.004     0.004    -0.022     0.078
   7 0 1 0 1 1 1 1  23  26   4   0   0   0   0     5.341     5.893    22.846     0.000     0.000     0.000     0.000   0   0   0   0   0   0   0     0.000    -0.011     0.012    -0.004     0.004    -0.001     0.002
   7 0 1 0 1 1 1 1   3  26  22   0   0   0   0    21.607     5.893     5.613     0.000     0.000     0.000     0.000   0   0   0   0   0   0   0     0.000    -0.026     0.012    -0.004     0.004     0.001    -0.018
   7 0 1 0 1 1 1 1   3  26  14   0   0   0   0    21.607     5.893    47.215     0.000     0.000     0.000     0.000   0   0   0   0   0   0   0     0.000    -0.044     0.012    -0.004     0.004    -0.002     0.011
   7 0 0 0 1 1 1 1  22  12   0   0   0   0   0     5.613    47.768    21.143     0.000     0.000     0.000     0.000   0   0   0   0   0   0   0     0.000    -0.044     0.012    -0.008     0.001    -0.021     0.075
   7 0 1 0 1 1 1 1   3  12   6   0   0   0   0    21.607    47.768    20.449     0.000     0.000     0.000     0.000   0   0   0   0   0   0   0     0.000    -0.016     0.012    -0.008     0.001     0.001    -0.002
   7 0 0 0 1 1 1 1  23  22  22   0   0   0   0     5.899     5.613     5.088     0.000     0.000     0.000     0.000   0   0   0   0   0   0   0     0.000    -0.016     0.012    -0.000    -0.051     0.002     0.015
   7 0 0 0 1 1 1 1  24  23  11   0   0   0   0     5.158     5.412    46.670     0.000     0.000     0.000     0.000   0   0   0   0   0   0   0     0.000    -0.016     0.012    -0.043    -0.008     0.054    -0.001
   7 0 0 0 1 1 1 1  19  18  21   0   0   0   0    66.210    50.076    68.552     0.000     0.000     0.000     0.000   0   0   0   0   0   0   0     0.000    -0.016     0.012    -0.001    -0.039     0.004     0.016
   7 0 0 0 1 1 1 1  22  18   0   0   0   0   0     5.613    48.948    21.143     0.000     0.000     0.000     0.000   0   0   0   0   0   0   0     0.000    -0.016     0.012     0.001    -0.003    -0.011     0.039
   7 0 0 0 1 1 1 1  19  23  18   0   0   0   0    66.218     5.899    48.985     0.000     0.000     0.000     0.000   0   0   0   0   0   0   0     0.000    -0.016     0.012    -0.002     0.011     0.016     0.002
   7 0 0 0 1 1 1 1  29   7  12   0   0   0   0     5.701    20.490    46.244     0.000     0.000     0.000     0.000   0   0   0   0   0   0   0     0.000    -0.016     0.012     0.000    -0.028     0.021     0.002
   7 0 0 0 1 1 1 1  22  16   2   0   0   0   0     5.613    55.059    22.022     0.000     0.000     0.000     0.000   0   0   0   0   0   0   0     0.000    -0.016     0.012    -0.005     0.002     0.071    -0.019
   7 0 0 0 1 1 1 1  22  25   0   0   0   0   0     5.613     5.844    21.143     0.000     0.000     0.000     0.000   0   0   0   0   0   0   0     0.000    -0.016     0.012    -0.002     0.002    -0.010     0.037
   7 0 0 1 1 1 1 1  14  22   0   0   0   0   0    49.083     5.613    21.143     0.000     0.000     0.000     0.000   0   0   0   0   0   0   0     0.000    -0.016    -0.025     0.001    -0.017    -0.010     0.037
   7 0 0 0 1 1 1 1  24   5  11   0   0   0   0     5.336    21.926    46.670     0.000     0.000     0.000     0.000   0   0   0   0   0   0   0     0.000    -0.016    -0.025     0.022    -0.014     0.100     0.001
   7 0 0 0 1 1 1 1  11  22  28   0   0   0   0    52.968     5.613     5.602     0.000     0.000     0.000     0.000   0   0   0   0   0   0   0     0.000    -0.016    -0.025     0.000     0.020    -0.019    -0.007
   7 0 1 0 1 1 1 1   3  22  23   0   0   0   0    21.607     5.613     5.341     0.000     0.000     0.000     0.000   0   0   0   0   0   0   0     0.000    -0.015    -0.025     0.000     0.020    -0.010     0.000
   7 0 0 0 1 1 1 1  26   2   6   0   0   0   0     5.903    21.974    19.468     0.000     0.000     0.000     0.000   0   0   0   0   0   0   0     0.000    -0.015    -0.025     0.001    -0.006     0.023     0.003
   7 0 0 0 1 1 1 1  29  10   4   0   0   0   0     5.744    15.781    23.726     0.000     0.000     0.000     0.000   0   0   0   0   0   0   0     0.000    -0.015    -0.025    -0.002    -0.024     0.005    -0.017
   7 0 0 0 1 1 1 1  24  17  11   0   0   0   0     5.520    56.939    47.286     0.000     0.000     0.000     0.000   0   0   0   0   0   0   0     0.000    -0.015    -0.025    -0.013    -0.000     0.066     0.002
   7 0 0 1 1 1 1 1  11  22  11   0   0   0   0    53.396     5.613    47.286     0.000     0.000     0.000     0.000   0   0   0   0   0   0   0     0.000    -0.015     0.010    -0.000     0.010     0.066     0.002
   7 0 0 0 1 1 1 1  30   0  12   0   0   0   0     4.678    21.147    47.349     0.000     0.000     0.000     0.000   0   0   0   0   0   0   0     0.000    -0.015     0.010    -0.007    -0.024     0.011    -0.001
   7 0 0 0 1 1 1 1  11   0  12   0   0   0   0    44.189    21.147    47.349     0.000     0.000     0.000     0.000   0   0   0   0   0   0   0     0.000    -0.015     0.010    -0.011    -0.039     0.017    -0.001
   7 0 0 0 1 1 1 1  14  25  13   0   0   0   0    46.748     5.687    48.194     0.000     0.000     0.000     0.000   0   0   0   0   0   0   0     0.000    -0.015     0.010    -0.008     0.001     0.063     0.002
   7 0 0 1 1 1 1 1  18  12  13   0   0   0   0    50.747    47.409    48.194     0.000     0.000     0.000     0.000   0   0   0   0   0   0   0     0.000    -0.015    -0.012     0.004    -0.000     0.063     0.002
   7 0 0 0 1 1 1 1  17  23   6   0   0   0   0    59.406     5.899    19.542     0.000     0.000     0.000     0.000   0   0   0   0   0   0   0     0.000    -0.015    -0.012    -0.002     0.010     0.021     0.003
   7 0 0 0 1 1 1 1  11   0  12   0   0   0   0    44.688    21.147    47.349     0.000     0.000     0.000     0.000   0   0   0   0   0   0   0     0.000    -0.015    -0.012    -0.011    -0.037     0.017    -0.001
   7 0 0 0 1 1 1 1  19  18  21   0   0   0   0    66.210    50.076    68.552     0.000     0.000     0.000     0.000   0   0   0   0   0   0   0     0.000    -0.015    -0.012    -0.001    -0.035     0.004     0.014
   7 0 0 1 1 1 1 1  11  22  21   0   0   0   0    53.396     5.613    68.552     0.000     0.000     0.000     0.000   0   0   0   0   0   0   0     0.000    -0.015     0.010    -0.000     0.009     0.004     0.014
   7 0 0 0 1 1 1 1  11   4  15   0   0   0   0    52.968    22.361    52.968     0.000     0.000     0.000     0.000   0   0   0   0   0   0   0     0.000    -0.015     0.010    -0.005     0.002    -0.015    -0.003
   7 0 0 0 1 1 1 1  22  22   0   0   0   0   0     5.613     5.610    21.143     0.000     0.000     0.000     0.000   0   0   0   0   0   0   0     0.000    -0.015     0.010    -0.000     0.037     0.015    -0.075
   7 0 0 0 1 1 1 1  11  22  28   0   0   0   0    52.968     5.614     5.602     0.000     0.000     0.000     0.000   0   0   0   0   0   0   0     0.000    -0.015     0.010     0.001    -0.019    -0.017    -0.005
   7 0 0 0 1 1 1 1  18  18   5   0   0   0   0    50.076    49.984    22.091     0.000     0.000     0.000     0.000   0   0   0   0   0   0   0     0.000    -0.015     0.010     0.000     0.034    -0.002    -0.013
   7 0 0 0 1 1 1 1  22  22   0   0   0   0   0     5.613     5.610    21.143     0.000     0.000     0.000     0.000   0   0   0   0   0   0   0     0.000    -0.015     0.010    -0.000     0.031     0.011    -0.047
   7 0 0 0 1 1 1 1  24   5  11   0   0   0   0     5.336    21.926    46.670     0.000     0.000     0.000     0.000   0   0   0   0   0   0   0     0.000    -0.015     0.010     0.021    -0.012     0.091     0.001
   7 0 0 0 1 1 1 1  24  22  11   0   0   0   0     5.521     5.572    47.286     0.000     0.000     0.000     0.000   0   0   0   0   0   0   0     0.000    -0.015     0.010    -0.001    -0.034     0.060     0.002
   7 0 0 0 1 1 1 1   6  22  10   0   0   0   0    20.578     5.613    16.093     0.000     0.000     0.000     0.000   0   0   0   0   0   0   0     0.000    -0.015     0.010     0.000     0.032    -0.004     0.004
   7 0 1 0 1 1 1 1   3  22  22   0   0   0   0    21.607     5.613     5.613     0.000     0.000     0.000     0.000   0   0   0   0   0   0   0     0.000    -0.022     0.010     0.000     0.032     0.001    -0.015
   7 0 0 0 1 1 1 1  22  22   2   0   0   0   0     5.613     5.610    22.022     0.000     0.000     0.000     0.000   0   0   0   0   0   0   0     0.000    -0.022     0.010    -0.000     0.032    -0.071     0.014
   7 0 0 0 1 1 1 1   9  29   3   0   0   0   0    18.631     5.778    24.340     0.000     0.000     0.000     0.000   0   0   0   0   0   0   0     0.000    -0.022     0.010    -0.002     0.005    -0.004    -0.009
   7 0 0 0 1 1 1 1  10  19  22   0   0   0   0    15.012    66.561     5.316     0.000     0.000     0.000     0.000   0   0   0   0   0   0   0     0.000    -0.022     0.010     0.001     0.019     0.001    -0.002
   7 0 0 0 1 1 1 1  30   0  11   0   0   0   0     4.678    21.147    46.670     0.000     0.000     0.000     0.000   0   0   0   0   0   0   0     0.000    -0.022     0.010    -0.006    -0.021     0.010    -0.000
   7 0 0 0 1 1 1 1  28  27   0   0   0   0   0     5.711     5.427    20.691     0.000     0.000     0.000     0.000   0   0   0   0   0   0   0     0.000    -0.022     0.010     0.002    -0.008     0.007     0.019
   7 0 0 0 1 1 1 1  14  25   2   0   0   0   0    46.941     5.687    21.976     0.000     0.000     0.000     0.000   0   0   0   0   0   0   0     0.000    -0.022     0.010    -0.007     0.001     0.002     0.057
   7 0 0 0 1 1 1 1   9   1  12   0   0   0   0    18.751    22.428    49.073     0.000     0.000     0.000     0.000   0   0   0   0   0   0   0     0.000    -0.022     0.010    -0.000     0.006    -0.010    -0.003
   7 0 0 0 1 1 1 1  11  25   1   0   0   0   0    52.968     5.345    21.544     0.000     0.000     0.000     0.000   0   0   0   0   0   0   0     0.000    -0.022     0.010    -0.007     0.001    -0.003    -0.013
   7 0 1 0 1 1 1 1   3  25  14   0   0   0   0    21.607     5.345    47.215     0.000     0.000     0.000     0.000   0   0   0   0   0   0   0     0.000    -0.034     0.010    -0.007     0.001    -0.001     0.008
   7 0 0 0 1 1 1 1  19  18  21   0   0   0   0    66.210    50.076    68.552     0.000     0.000     0.000     0.000   0   0   0   0   0   0   0     0.000    -0.034     0.010    -0.000    -0.032     0.003     0.013
   7 0 0 1 1 1 1 1  22  22  21   0   0   0   0     5.614     5.613    68.552     0.000     0.000     0.000     0.000   0   0   0   0   0   0   0     0.000    -0.034    -0.010    -0.000     0.031     0.003     0.013
   7 0 0 0 1 1 1 1  21   8  20   0   0   0   0    67.959    17.597    62.316     0.000     0.000     0.000     0.000   0   0   0   0   0   0   0     0.000    -0.034    -0.010    -0.009    -0.000     0.014     0.002
   7 0 0 0 1 1 1 1  24  23  11   0   0   0   0     5.158     5.412    46.670     0.000     0.000     0.000     0.000   0   0   0   0   0   0   0     0.000    -0.034    -0.010    -0.034    -0.006     0.042    -0.000
   7 0 0 0 1 1 1 1  11  21  27   0   0   0   0    53.172    65.361     5.448     0.000     0.000     0.000     0.000   0   0   0   0   0   0   0     0.000    -0.034    -0.010    -0.003     0.002    -0.004    -0.018
   7 0 0 0 1 1 1 1  12   4   1   0   0   0   0    50.642    22.384    21.918     0.000     0.000     0.000     0.000   0   0   0   0   0   0   0     0.000    -0.034    -0.010    -0.005     0.000     0.006    -0.002
   7 0 0 0 1 1 1 1  17  23   6   0   0   0   0    59.406     5.899    19.542     0.000     0.000     0.000     0.000   0   0   0   0   0   0   0     0.000    -0.034    -0.010    -0.002     0.009     0.019     0.002
   7 0 0 0 1 1 1 1  29  10   4   0   0   0   0     5.744    15.781    23.726     0.000     0.000     0.000     0.000   0   0   0   0   0   0   0     0.000    -0.034    -0.010    -0.001    -0.021     0.004    -0.014
   7 0 0 0 1 1 1 1  26  23   2   0   0   0   0     5.893     5.549    23.255     0.000     0.000     0.000     0.000   0   0   0   0   0   0   0     0.000    -0.034    -0.010    -0.009     0.001     0.004    -0.005
   7 0 1 0 1 1 1 1   3  23   6   0   0   0   0    21.607     5.549    20.578     0.000     0.000     0.000     0.000   0   0   0   0   0   0   0     0.000    -0.012    -0.010    -0.009     0.001     0.001    -0.002
   7 0 0 0 1 1 1 1  22  22   0   0   0   0   0     5.613     5.610    21.143     0.000     0.000     0.000     0.000   0   0   0   0   0   0   0     0.000    -0.012    -0.010    -0.000     0.028     0.010    -0.044
   7 0 0 0 1 1 1 1  24   5  11   0   0   0   0     5.336    21.926    46.670     0.000     0.000     0.000     0.000   0   0   0   0   0   0   0     0.000    -0.012    -0.010     0.016    -0.010     0.083     0.001
   7 0 0 0 1 1 1 1  14  29   2   0   0   0   0    46.941     5.641    21.976     0.000     0.000     0.000     0.000   0   0   0   0   0   0   0     0.000    -0.012    -0.010    -0.020    -0.001     0.002     0.054
   7 0 0 0 1 1 1 1  10   4  24   0   0   0   0    15.226    22.825     5.297     0.000     0.000     0.000     0.000   0   0   0   0   0   0   0     0.000    -0.012    -0.010    -0.000     0.010    -0.010    -0.000
   7 0 0 0 1 1 1 1  22  22   2   0   0   0   0     5.613     5.610    22.022     0.000     0.000     0.000     0.000   0   0   0   0   0   0   0     0.000    -0.012    -0.010    -0.000     0.027    -0.042     0.010
   7 0 0 0 1 1 1 1  23  22   0   0   0   0   0     5.899     5.613    21.127     0.000     0.000     0.000     0.000   0   0   0   0   0   0   0     0.000    -0.012    -0.010     0.000    -0.066    -0.004     0.017
   7 0 0 0 1 1 1 1  24  22  11   0   0   0   0     5.521     5.572    47.286     0.000     0.000     0.000     0.000   0   0   0   0   0   0   0     0.000    -0.012    -0.010    -0.001    -0.031     0.051     0.001
   7 0 0 0 1 1 1 1  26  10  25   0   0   0   0     5.919    15.847     5.867     0.000     0.000     0.000     0.000   0   0   0   0   0   0   0     0.000    -0.012    -0.010    -0.000    -0.007    -0.001     0.008
   7 0 1 0 1 1 1 1   3  10   2   0   0   0   0    21.607    15.847    21.974     0.000     0.000     0.000     0.000   0   0   0   0   0   0   0     0.000    -0.019    -0.010    -0.000    -0.007     0.003    -0.002
   7 0 0 1 1 1 1 1  14  11   2   0   0   0   0    49.083    52.968    21.974     0.000     0.000     0.000     0.000   0   0   0   0   0   0   0     0.000    -0.019    -0.030     0.001    -0.017     0.003    -0.002
   7 0 0 0 1 1 1 1  14  29   2   0   0   0   0    46.941     5.641    21.976     0.000     0.000     0.000     0.000   0   0   0   0   0   0   0     0.000    -0.019    -0.030    -0.018    -0.000     0.002     0.049
   7 0 0 0 1 1 1 1  18  12   1   0   0   0   0    50.561    47.409    22.030     0.000     0.000     0.000     0.000   0   0   0   0   0   0   0     0.000    -0.019    -0.030     0.004    -0.000    -0.003    -0.011
   7 0 0 1 1 1 1 1   2  17   1   0   0   0   0    23.513    59.406    22.030     0.000     0.000     0.000     0.000   0   0   0   0   0   0   0     0.000    -0.019     0.013    -0.002     0.003    -0.003    -0.011
   7 0 0 0 1 1 1 1  29  20   4   0   0   0   0     5.744    62.715    23.726     0.000     0.000     0.000     0.000   0   0   0   0   0   0   0     0.000    -0.019     0.013    -0.000    -0.015     0.004    -0.012
   7 0 0 0 1 1 1 1  26   1   2   0   0   0   0     5.893    21.883    23.255     0.000     0.000     0.000     0.000   0   0   0   0   0   0   0     0.000    -0.019     0.013     0.001    -0.007     0.003    -0.005
   7 0 1 0 1 1 1 1  10   1  25   0   0   0   0    14.962    21.883     5.873     0.000     0.000     0.000     0.000   0   0   0   0   0   0   0     0.000     0.008     0.013     0.001    -0.007    -0.001     0.001
   7 0 0 0 1 1 1 1  11  22  15   0   0   0   0    52.968     5.613    52.968     0.000     0.000     0.000     0.000   0   0   0   0   0   0   0     0.000     0.008     0.013     0.001    -0.013    -0.012    -0.002
   7 0 0 0 1 1 1 1   2   0  18   0   0   0   0    21.537    21.147    50.076     0.000     0.000     0.000     0.000   0   0   0   0   0   0   0     0.000     0.008     0.013    -0.008    -0.029    -0.000     0.015
   7 0 0 0 1 1 1 1   2   3   9   0   0   0   0    21.699    22.335    17.900     0.000     0.000     0.000     0.000   0   0   0   0   0   0   0     0.000     0.008     0.013     0.001     0.014    -0.007     0.001
   7 0 0 0 1 1 1 1   1   4  25   0   0   0   0    21.918    22.825     5.841     0.000     0.000     0.000     0.000   0   0   0   0   0   0   0     0.000     0.008     0.013     0.000     0.010    -0.005     0.000
   7 0 0 1 1 1 1 1  14  12  25   0   0   0   0    49.083    47.349     5.841     0.000     0.000     0.000     0.000   0   0   0   0   0   0   0     0.000     0.008    -0.018     0.006    -0.001    -0.005     0.000
   7 0 0 0 1 1 1 1  23  22   0   0   0   0   0     5.899     5.613    21.127     0.000     0.000     0.000     0.000   0   0   0   0   0   0   0     0.000     0.008    -0.018    -0.000    -0.062    -0.003     0.016
   7 0 0 0 1 1 1 1  28  28   4   0   0   0   0     5.597     5.427    23.394     0.000     0.000     0.000     0.000   0   0   0   0   0   0   0     0.000     0.008    -0.018     0.003    -0.005     0.004    -0.005
   7 0 0 1 1 1 1 1  22  22   4   0   0   0   0     5.614     5.613    23.394     0.000     0.000     0.000     0.000   0   0   0   0   0   0   0     0.000     0.008    -0.009    -0.000     0.029     0.004    -0.005
   7 0 0 0 1 1 1 1  30   3  11   0   0   0   0     4.678    21.607    46.670     0.000     0.000     0.000     0.000   0   0   0   0   0   0   0     0.000     0.008    -0.009    -0.017    -0.005     0.009    -0.000
   7 0 1 0 1 1 1 1   6   3  24   0   0   0   0    19.083    21.607     5.326     0.000     0.000     0.000     0.000   0   0   0   0   0   0   0     0.000     0.023    -0.009    -0.017    -0.005    -0.008     0.001
   7 0 0 1 1 1 1 1  22  22  24   0   0   0   0     5.614     5.613     5.326     0.000     0.000     0.000     0.000   0   0   0   0   0   0   0     0.000     0.023    -0.014    -0.000     0.046    -0.008     0.001
   7 0 0 0 1 1 1 1  18   3   1   0   0   0   0    50.561    22.395    22.030     0.000     0.000     0.000     0.000   0   0   0   0   0   0   0     0.000     0.023    -0.014     0.003    -0.000    -0.003    -0.010
   7 0 0 0 1 1 1 1   5   2  13   0   0   0   0    21.978    21.730    48.616     0.000     0.000     0.000     0.000   0   0   0   0   0   0   0     0.000     0.023    -0.014     0.001     0.010     0.002    -0.003
   7 0 1 0 1 1 1 1   3   2  14   0   0   0   0    21.607    21.730    47.215     0.000     0.000     0.000     0.000   0   0   0   0   0   0   0     0.000    -0.027    -0.014     0.001     0.010    -0.001     0.007
   7 0 0 0 1 1 1 1  24  22  11   0   0   0   0     5.521     5.572    47.286     0.000     0.000     0.000     0.000   0   0   0   0   0   0   0     0.000    -0.027    -0.014    -0.001    -0.029     0.044     0.001
   7 0 0 0 1 1 1 1  26   1   1   0   0   0   0     5.919    21.575    22.041     0.000     0.000     0.000     0.000   0   0   0   0   0   0   0     0.000    -0.027    -0.014     0.003    -0.001     0.017     0.001
   7 0 0 0 1 1 1 1  22  22   0   0   0   0   0     5.613     5.610    21.143     0.000     0.000     0.000     0.000   0   0   0   0   0   0   0     0.000    -0.027    -0.014    -0.000     0.024     0.010    -0.039
   7 0 0 0 1 1 1 1  25   0  11   0   0   0   0     5.345    21.147    46.670     0.000     0.000     0.000     0.000   0   0   0   0   0   0   0     0.000    -0.027    -0.014    -0.007    -0.026     0.034    -0.001
   7 0 0 0 1 1 1 1  19  18   0   0   0   0   0    66.210    50.076    21.126     0.000     0.000     0.000     0.000   0   0   0   0   0   0   0     0.000    -0.027    -0.014    -0.000    -0.027    -0.005     0.004
   7 0 0 0 1 1 1 1  22  10   0   0   0   0   0     5.613    15.226    21.143     0.000     0.000     0.000     0.000   0   0   0   0   0   0   0     0.000    -0.027    -0.014     0.002    -0.001    -0.008     0.027
   7 0 0 0 1 1 1 1  17  18   6   0   0   0   0    59.406    50.076    19.542     0.000     0.000     0.000     0.000   0   0   0   0   0   0   0     0.000    -0.027    -0.014    -0.002     0.012     0.017     0.002
   7 0 0 0 1 1 1 1  22  22   2   0   0   0   0     5.613     5.610    22.022     0.000     0.000     0.000     0.000   0   0   0   0   0   0   0     0.000    -0.027    -0.014    -0.000     0.025    -0.059     0.014
   7 0 0 0 1 1 1 1  11   4  27   0   0   0   0    53.172    22.384     5.448     0.000     0.000     0.000     0.000   0   0   0   0   0   0   0     0.000    -0.027    -0.014    -0.003     0.001    -0.002    -0.015
   7 0 0 0 1 1 1 1  22   4   0   0   0   0   0     5.613    22.846    21.143     0.000     0.000     0.000     0.000   0   0   0   0   0   0   0     0.000    -0.027    -0.014    -0.001     0.001    -0.008     0.026
   7 0 0 0 1 1 1 1   2   0  12   0   0   0   0    21.553    21.147    47.349     0.000     0.000     0.000     0.000   0   0   0   0   0   0   0     0.000    -0.027    -0.014    -0.005    -0.017     0.007    -0.000
   7 0 0 0 1 1 1 1  18  19  13   0   0   0   0    49.421    66.212    48.194     0.000     0.000     0.000     0.000   0   0   0   0   0   0   0     0.000    -0.027    -0.014    -0.001     0.010    -0.019    -0.000
   7 0 0 1 1 1 1 1  22  22  13   0   0   0   0     5.614     5.613    48.194     0.000     0.000     0.000     0.000   0   0   0   0   0   0   0     0.000    -0.027    -0.014    -0.000     0.041    -0.019    -0.000
   7 0 0 1 1 1 1 1  14  31  13   0   0   0   0    49.083     5.486    48.194     0.000     0.000     0.000     0.000   0   0   0   0   0   0   0     0.000    -0.027    -0.010     0.001    -0.001    -0.019    -0.000
   7 0 0 0 1 1 1 1  25   0  11   0   0   0   0     5.345    21.147    46.670     0.000     0.000     0.000     0.000   0   0   0   0   0   0   0     0.000    -0.027    -0.010    -0.004    -0.016     0.020    -0.000
   7 0 0 0 1 1 1 1  23  22  12   0   0   0   0     5.899     5.613    47.850     0.000     0.000     0.000     0.000   0   0   0   0   0   0   0     0.000    -0.027    -0.010    -0.000    -0.055     0.015    -0.002
   7 0 0 0 1 1 1 1   9   7   4   0   0   0   0    17.595    19.935    22.384     0.000     0.000     0.000     0.000   0   0   0   0   0   0   0     0.000    -0.027    -0.010    -0.004     0.006    -0.009     0.001
   7 0 0 0 1 1 1 1  26   9  25   0   0   0   0     5.919    17.595     5.848     0.000     0.000     0.000     0.000   0   0   0   0   0   0   0     0.000    -0.027    -0.010     0.002    -0.001    -0.002     0.006
   7 0 0 0 1 1 1 1  11   0   1   0   0   0   0    52.968    21.150    21.544     0.000     0.000     0.000     0.000   0   0   0   0   0   0   0     0.000    -0.027    -0.010    -0.002     0.002    -0.002    -0.010
   7 0 0 0 1 1 1 1  24   5  11   0   0   0   0     5.336    21.926    46.670     0.000     0.000     0.000     0.000   0   0   0   0   0   0   0     0.000    -0.027    -0.010     0.010    -0.008     0.074     0.000
   7 0 0 0 1 1 1 1  28   6  29   0   0   0   0     5.427    20.440     5.775     0.000     0.000     0.000     0.000   0   0   0   0   0   0   0     0.000    -0.027    -0.010     0.001     0.039    -0.005     0.002
   7 0 0 0 1 1 1 1  22  12   0   0   0   0   0     5.613    50.642    21.143     0.000     0.000     0.000     0.000   0   0   0   0   0   0   0     0.000    -0.027    -0.010    -0.001     0.002    -0.007     0.025
   7 0 0 0 1 1 1 1  22  22   0   0   0   0   0     5.613     5.604    21.143     0.000     0.000     0.000     0.000   0   0   0   0   0   0   0     0.000    -0.027    -0.010    -0.000     0.016     0.010    -0.037
   7 0 0 1 1 1 1 1  11  18   0   0   0   0   0    53.396    49.421    21.143     0.000     0.000     0.000     0.000   0   0   0   0   0   0   0     0.000    -0.027    -0.018     0.002    -0.005     0.010    -0.037
