  304
   1 1   0     0.000   0     4.881
   1 1   0     0.000   0     5.515
   1 1   0     0.000   0     5.815
   1 1   0     0.000   0     6.200
   7 0 0 0 1 1 1 1  13  24  12   0   0   0   0    53.721     5.348    53.749     0.000     0.000     0.000     0.000   0   0   0   0   0   0   0     0.000     0.000     0.000    -0.133    -0.013     0.123     0.378
   7 0 0 0 1 1 1 1  25  24  25   0   0   0   0     5.779     5.252     5.869     0.000     0.000     0.000     0.000   0   0   0   0   0   0   0     0.000     0.000     0.000    -0.191    -0.055     0.052     0.107
   7 0 0 0 1 1 1 1  26  25   1   0   0   0   0     5.868     5.591    22.335     0.000     0.000     0.000     0.000   0   0   0   0   0   0   0     0.000     0.000     0.000    -0.167    -0.035     0.051     0.138
   7 0 0 0 1 1 1 1  30  14  28   0   0   0   0     5.589    46.537     5.707     0.000     0.000     0.000     0.000   0   0   0   0   0   0   0     0.000     0.000     0.000    -0.092    -0.319     0.019     0.110
   7 0 0 0 1 1 1 1  13  24   3   0   0   0   0    53.721     5.348    23.279     0.000     0.000     0.000     0.000   0   0   0   0   0   0   0     0.000     0.000     0.000    -0.120    -0.011     0.109     0.353
   7 0 0 0 1 1 1 1  25  24  25   0   0   0   0     5.700     5.252     5.869     0.000     0.000     0.000     0.000   0   0   0   0   0   0   0     0.000     0.000     0.000    -0.176    -0.056     0.040     0.097
   7 0 0 0 1 1 1 1  26  25   1   0   0   0   0     5.868     5.591    22.335     0.000     0.000     0.000     0.000   0   0   0   0   0   0   0     0.000     0.000     0.000    -0.152    -0.032     0.046     0.127
   7 0 0 0 1 1 1 1  30   0  28   0   0   0   0     5.541    21.180     5.707     0.000     0.000     0.000     0.000   0   0   0   0   0   0   0     0.000     0.000     0.000    -0.353    -0.094     0.015     0.100
   7 0 0 0 1 1 1 1  12  27   5   0   0   0   0    53.722     5.210    22.017     0.000     0.000     0.000     0.000   0   0   0   0   0   0   0     0.000     0.000     0.000     0.077    -0.031     0.080     0.483
   7 0 0 0 1 1 1 1  25  24  25   0   0   0   0     5.779     5.252     5.869     0.000     0.000     0.000     0.000   0   0   0   0   0   0   0     0.000     0.000     0.000    -0.162    -0.045     0.043     0.088
   7 0 0 0 1 1 1 1  26  25   1   0   0   0   0     5.868     5.591    22.335     0.000     0.000     0.000     0.000   0   0   0   0   0   0   0     0.000     0.000     0.000    -0.139    -0.029     0.041     0.117
   7 0 0 0 1 1 1 1  30   0  23   0   0   0   0     5.541    21.180     5.835     0.000     0.000     0.000     0.000   0   0   0   0   0   0   0     0.000     0.000     0.000    -0.325    -0.085     0.024     0.098
   7 0 0 0 1 1 1 1  12  24   5   0   0   0   0    53.749     5.348    22.017     0.000     0.000     0.000     0.000   0   0   0   0   0   0   0     0.000     0.000     0.000    -0.106    -0.001     0.074     0.627
   7 0 0 0 1 1 1 1  25   6  25   0   0   0   0     5.700    20.019     5.869     0.000     0.000     0.000     0.000   0   0   0   0   0   0   0     0.000     0.000     0.000    -0.163    -0.047     0.033     0.080
   7 0 0 0 1 1 1 1  26  24   1   0   0   0   0     5.868     5.249    22.335     0.000     0.000     0.000     0.000   0   0   0   0   0   0   0     0.000     0.000     0.000    -0.156    -0.029     0.037     0.108
   7 0 0 0 1 1 1 1  30  14  28   0   0   0   0     5.589    46.537     5.707     0.000     0.000     0.000     0.000   0   0   0   0   0   0   0     0.000     0.000     0.000    -0.065    -0.256     0.013     0.082
   7 0 0 0 1 1 1 1  12  17   5   0   0   0   0    53.749    59.029    22.017     0.000     0.000     0.000     0.000   0   0   0   0   0   0   0     0.000     0.000     0.000    -0.027     0.069     0.069     0.595
   7 0 0 0 1 1 1 1  25   6  25   0   0   0   0     5.728    20.019     5.869     0.000     0.000     0.000     0.000   0   0   0   0   0   0   0     0.000     0.000     0.000    -0.151    -0.042     0.031     0.072
   7 0 0 0 1 1 1 1  25  24   1   0   0   0   0     5.666     5.252    22.335     0.000     0.000     0.000     0.000   0   0   0   0   0   0   0     0.000     0.000     0.000    -0.144    -0.035     0.025     0.099
   7 0 0 0 1 1 1 1  24   0  12   0   0   0   0     5.414    21.258    53.749     0.000     0.000     0.000     0.000   0   0   0   0   0   0   0     0.000     0.000     0.000    -0.282    -0.095     0.050    -0.135
   7 0 0 0 1 1 1 1  12  12   5   0   0   0   0    53.749    49.733    22.017     0.000     0.000     0.000     0.000   0   0   0   0   0   0   0     0.000     0.000     0.000    -0.045     0.020     0.064     0.566
   7 0 0 0 1 1 1 1  25   6  25   0   0   0   0     5.779    20.019     5.869     0.000     0.000     0.000     0.000   0   0   0   0   0   0   0     0.000     0.000     0.000    -0.140    -0.035     0.033     0.065
   7 0 0 0 1 1 1 1  26  12   1   0   0   0   0     5.868    49.340    22.335     0.000     0.000     0.000     0.000   0   0   0   0   0   0   0     0.000     0.000     0.000    -0.093    -0.018     0.031     0.091
   7 0 0 0 1 1 1 1  24   0   0   0   0   0   0     5.386    21.258    21.270     0.000     0.000     0.000     0.000   0   0   0   0   0   0   0     0.000     0.000     0.000    -0.260    -0.093     0.056    -0.045
   7 0 0 0 1 1 1 1  12  25  12   0   0   0   0    53.749     5.591    53.755     0.000     0.000     0.000     0.000   0   0   0   0   0   0   0     0.000     0.000     0.000    -0.115    -0.001     0.537     0.059
   7 0 0 0 1 1 1 1  25   6  25   0   0   0   0     5.700    20.019     5.850     0.000     0.000     0.000     0.000   0   0   0   0   0   0   0     0.000     0.000     0.000    -0.129    -0.035     0.024     0.057
   7 0 0 0 1 1 1 1  26  24   1   0   0   0   0     5.840     5.249    22.335     0.000     0.000     0.000     0.000   0   0   0   0   0   0   0     0.000     0.000     0.000    -0.125    -0.025     0.025     0.084
   7 0 0 0 1 1 1 1  24   0   0   0   0   0   0     5.386    21.100    21.270     0.000     0.000     0.000     0.000   0   0   0   0   0   0   0     0.000     0.000     0.000    -0.258    -0.088     0.051    -0.041
   7 0 0 0 1 1 1 1  13  24   3   0   0   0   0    53.721     5.348    23.279     0.000     0.000     0.000     0.000   0   0   0   0   0   0   0     0.000     0.000     0.000    -0.084    -0.005     0.077     0.251
   7 0 0 0 1 1 1 1  25   6  25   0   0   0   0     5.659    20.019     5.779     0.000     0.000     0.000     0.000   0   0   0   0   0   0   0     0.000     0.000     0.000    -0.120    -0.042    -0.005     0.037
   7 0 0 0 1 1 1 1  25  24   1   0   0   0   0     5.666     5.252    22.335     0.000     0.000     0.000     0.000   0   0   0   0   0   0   0     0.000     0.000     0.000    -0.115    -0.026     0.019     0.077
   7 0 0 0 1 1 1 1  24   0  12   0   0   0   0     5.386    21.258    53.749     0.000     0.000     0.000     0.000   0   0   0   0   0   0   0     0.000     0.000     0.000    -0.222    -0.076     0.035    -0.118
   7 0 0 0 1 1 1 1  12  16   5   0   0   0   0    53.749    57.504    22.017     0.000     0.000     0.000     0.000   0   0   0   0   0   0   0     0.000     0.000     0.000    -0.019     0.063     0.040     0.498
   7 0 0 0 1 1 1 1  25   6  25   0   0   0   0     5.659    20.019     5.779     0.000     0.000     0.000     0.000   0   0   0   0   0   0   0     0.000     0.000     0.000    -0.111    -0.038    -0.005     0.033
   7 0 0 0 1 1 1 1  26  25   1   0   0   0   0     5.868     5.591    22.335     0.000     0.000     0.000     0.000   0   0   0   0   0   0   0     0.000     0.000     0.000    -0.087    -0.016     0.024     0.071
   7 0 0 0 1 1 1 1  24   5   1   0   0   0   0     5.533    22.017    22.335     0.000     0.000     0.000     0.000   0   0   0   0   0   0   0     0.000     0.000     0.000     0.106    -0.074     0.040     0.119
   7 0 0 0 1 1 1 1  12  25   5   0   0   0   0    53.749     5.591    22.017     0.000     0.000     0.000     0.000   0   0   0   0   0   0   0     0.000     0.000     0.000    -0.096    -0.000     0.037     0.473
   7 0 0 0 1 1 1 1  25  24  25   0   0   0   0     5.659     5.252     5.850     0.000     0.000     0.000     0.000   0   0   0   0   0   0   0     0.000     0.000     0.000    -0.095    -0.033     0.011     0.045
   7 0 0 0 1 1 1 1  26  24   1   0   0   0   0     5.868     5.249    22.335     0.000     0.000     0.000     0.000   0   0   0   0   0   0   0     0.000     0.000     0.000    -0.099    -0.016     0.022     0.065
   7 0 0 0 1 1 1 1  24   0  12   0   0   0   0     5.386    21.100    53.749     0.000     0.000     0.000     0.000   0   0   0   0   0   0   0     0.000     0.000     0.000    -0.216    -0.065     0.031    -0.113
   7 0 0 0 1 1 1 1  12  12   5   0   0   0   0    53.749    49.733    22.017     0.000     0.000     0.000     0.000   0   0   0   0   0   0   0     0.000     0.000     0.000    -0.033     0.017     0.034     0.449
   7 0 0 0 1 1 1 1  25  24  12   0   0   0   0     5.779     5.252    53.749     0.000     0.000     0.000     0.000   0   0   0   0   0   0   0     0.000     0.000     0.000    -0.088    -0.021     0.023     0.067
   7 0 0 0 1 1 1 1  25  24  26   0   0   0   0     5.666     5.252     5.946     0.000     0.000     0.000     0.000   0   0   0   0   0   0   0     0.000     0.000     0.000    -0.091    -0.020     0.013     0.047
   7 0 0 0 1 1 1 1  24  14   1   0   0   0   0     5.533    46.503    22.335     0.000     0.000     0.000     0.000   0   0   0   0   0   0   0     0.000     0.000     0.000    -0.026    -0.165     0.033     0.107
   7 0 0 0 1 1 1 1  16  25  27   0   0   0   0    58.256     5.591     4.946     0.000     0.000     0.000     0.000   0   0   0   0   0   0   0     0.000     0.000     0.000    -0.085    -0.007     0.196     0.062
   7 0 0 0 1 1 1 1  25   6   4   0   0   0   0     5.650    20.019    22.800     0.000     0.000     0.000     0.000   0   0   0   0   0   0   0     0.000     0.000     0.000    -0.089    -0.032    -0.004     0.026
   7 0 0 0 1 1 1 1  24   0  20   0   0   0   0     5.348    21.100    62.748     0.000     0.000     0.000     0.000   0   0   0   0   0   0   0     0.000     0.000     0.000    -0.089    -0.040     0.019    -0.018
   7 0 0 0 1 1 1 1  24   0  12   0   0   0   0     5.414    21.100    53.749     0.000     0.000     0.000     0.000   0   0   0   0   0   0   0     0.000     0.000     0.000    -0.188    -0.053     0.028    -0.091
   7 0 0 0 1 1 1 1  16  25  12   0   0   0   0    58.256     5.591    53.749     0.000     0.000     0.000     0.000   0   0   0   0   0   0   0     0.000     0.000     0.000    -0.078    -0.006     0.056     0.180
   7 0 0 0 1 1 1 1  25   6  25   0   0   0   0     5.650    20.019     5.869     0.000     0.000     0.000     0.000   0   0   0   0   0   0   0     0.000     0.000     0.000    -0.082    -0.029     0.007     0.038
   7 0 0 0 1 1 1 1  26  24   0   0   0   0   0     5.890     5.348    21.270     0.000     0.000     0.000     0.000   0   0   0   0   0   0   0     0.000     0.000     0.000    -0.053    -0.008     0.031     0.008
   7 0 0 0 1 1 1 1  23  12   1   0   0   0   0     5.747    53.755    22.173     0.000     0.000     0.000     0.000   0   0   0   0   0   0   0     0.000     0.000     0.000    -0.049     0.144     0.032     0.096
   7 0 0 0 1 1 1 1  13  24   5   0   0   0   0    53.721     5.348    22.017     0.000     0.000     0.000     0.000   0   0   0   0   0   0   0     0.000     0.000     0.000    -0.058    -0.002     0.017     0.160
   7 0 0 0 1 1 1 1  25   6  12   0   0   0   0     5.700    20.019    53.749     0.000     0.000     0.000     0.000   0   0   0   0   0   0   0     0.000     0.000     0.000    -0.076    -0.019     0.015     0.057
   7 0 0 0 1 1 1 1  24   0  20   0   0   0   0     5.348    21.100    62.748     0.000     0.000     0.000     0.000   0   0   0   0   0   0   0     0.000     0.000     0.000    -0.078    -0.031     0.016    -0.015
   7 0 0 0 1 1 1 1   6   5  23   0   0   0   0    19.777    22.017     5.732     0.000     0.000     0.000     0.000   0   0   0   0   0   0   0     0.000     0.000     0.000     0.111    -0.334    -0.023     0.037
   7 0 0 0 1 1 1 1  12  12   5   0   0   0   0    53.749    49.733    22.017     0.000     0.000     0.000     0.000   0   0   0   0   0   0   0     0.000     0.000     0.000    -0.025     0.013     0.002     0.400
   7 0 0 0 1 1 1 1  25   6   4   0   0   0   0     5.641    20.019    22.800     0.000     0.000     0.000     0.000   0   0   0   0   0   0   0     0.000     0.000     0.000    -0.070    -0.025    -0.004     0.020
   7 0 0 0 1 1 1 1  26  24   5   0   0   0   0     5.890     5.249    22.017     0.000     0.000     0.000     0.000   0   0   0   0   0   0   0     0.000     0.000     0.000    -0.068    -0.011     0.053     0.013
   7 0 0 0 1 1 1 1   6   5  23   0   0   0   0    19.777    22.017     5.632     0.000     0.000     0.000     0.000   0   0   0   0   0   0   0     0.000     0.000     0.000     0.102    -0.307    -0.035     0.026
   7 0 0 0 1 1 1 1  12  24   5   0   0   0   0    53.749     5.348    22.017     0.000     0.000     0.000     0.000   0   0   0   0   0   0   0     0.000     0.000     0.000    -0.050     0.002     0.002     0.380
   7 0 0 0 1 1 1 1  25   6  25   0   0   0   0     5.641    20.019     5.897     0.000     0.000     0.000     0.000   0   0   0   0   0   0   0     0.000     0.000     0.000    -0.065    -0.022     0.005     0.033
   7 0 0 0 1 1 1 1  24  14  14   0   0   0   0     5.348    45.340    46.537     0.000     0.000     0.000     0.000   0   0   0   0   0   0   0     0.000     0.000     0.000    -0.027    -0.067     0.013    -0.015
   7 0 0 0 1 1 1 1   6   5  22   0   0   0   0    19.777    22.017     5.101     0.000     0.000     0.000     0.000   0   0   0   0   0   0   0     0.000     0.000     0.000     0.094    -0.282    -0.019     0.031
   7 0 0 0 1 1 1 1   5   5  24   0   0   0   0    22.018    22.017     5.249     0.000     0.000     0.000     0.000   0   0   0   0   0   0   0     0.000     0.000     0.000     0.015     0.361    -0.076    -0.001
   7 0 0 0 1 1 1 1  25  24  12   0   0   0   0     5.779     5.252    53.749     0.000     0.000     0.000     0.000   0   0   0   0   0   0   0     0.000     0.000     0.000    -0.055    -0.012     0.013     0.049
   7 0 0 0 1 1 1 1  26  24   5   0   0   0   0     5.890     5.249    22.017     0.000     0.000     0.000     0.000   0   0   0   0   0   0   0     0.000     0.000     0.000    -0.058    -0.009     0.049     0.011
   7 0 0 0 1 1 1 1   6   5  23   0   0   0   0    19.777    22.017     5.565     0.000     0.000     0.000     0.000   0   0   0   0   0   0   0     0.000     0.000     0.000     0.087    -0.260    -0.033     0.021
   7 0 0 0 1 1 1 1   5   5  12   0   0   0   0    22.018    22.017    50.209     0.000     0.000     0.000     0.000   0   0   0   0   0   0   0     0.000     0.000     0.000     0.014     0.343    -0.018     0.014
   7 0 0 0 1 1 1 1  25   6   2   0   0   0   0     5.641    20.019    21.870     0.000     0.000     0.000     0.000   0   0   0   0   0   0   0     0.000     0.000     0.000    -0.056    -0.019     0.042     0.006
   7 0 0 0 1 1 1 1  24   0  14   0   0   0   0     5.348    21.100    46.537     0.000     0.000     0.000     0.000   0   0   0   0   0   0   0     0.000     0.000     0.000    -0.058    -0.023     0.011    -0.014
   7 0 0 0 1 1 1 1   6   5  23   0   0   0   0    19.777    22.017     5.711     0.000     0.000     0.000     0.000   0   0   0   0   0   0   0     0.000     0.000     0.000     0.080    -0.239    -0.019     0.024
   7 0 0 0 1 1 1 1   5   5  17   0   0   0   0    22.018    22.017    59.029     0.000     0.000     0.000     0.000   0   0   0   0   0   0   0     0.000     0.000     0.000     0.013     0.326    -0.010     0.033
   7 0 0 0 1 1 1 1  14  12   6   0   0   0   0    46.545    53.749    19.712     0.000     0.000     0.000     0.000   0   0   0   0   0   0   0     0.000     0.000     0.000     0.004     0.148    -0.052    -0.019
   7 0 0 0 1 1 1 1  26  24   1   0   0   0   0     5.890     5.249    22.335     0.000     0.000     0.000     0.000   0   0   0   0   0   0   0     0.000     0.000     0.000    -0.049    -0.008     0.009     0.047
   7 0 0 0 1 1 1 1   6   5  23   0   0   0   0    19.777    22.017     5.537     0.000     0.000     0.000     0.000   0   0   0   0   0   0   0     0.000     0.000     0.000     0.073    -0.220    -0.029     0.017
   7 0 0 0 1 1 1 1   5   5  12   0   0   0   0    22.018    22.017    47.644     0.000     0.000     0.000     0.000   0   0   0   0   0   0   0     0.000     0.000     0.000     0.012     0.310    -0.054     0.001
   7 0 0 0 1 1 1 1  25  24  12   0   0   0   0     5.779     5.252    53.755     0.000     0.000     0.000     0.000   0   0   0   0   0   0   0     0.000     0.000     0.000    -0.044    -0.010     0.016    -0.021
   7 0 0 0 1 1 1 1  24   0   5   0   0   0   0     5.348    21.100    22.017     0.000     0.000     0.000     0.000   0   0   0   0   0   0   0     0.000     0.000     0.000    -0.050    -0.020     0.045     0.002
   7 0 0 0 1 1 1 1   6  14  22   0   0   0   0    19.777    46.545     5.101     0.000     0.000     0.000     0.000   0   0   0   0   0   0   0     0.000     0.000     0.000    -0.285     0.026    -0.014     0.022
   7 0 0 0 1 1 1 1  27  12  24   0   0   0   0     5.164    53.749     5.249     0.000     0.000     0.000     0.000   0   0   0   0   0   0   0     0.000     0.000     0.000     0.036     0.116    -0.065    -0.005
   7 0 0 0 1 1 1 1  25   6  12   0   0   0   0     5.779    20.019    53.749     0.000     0.000     0.000     0.000   0   0   0   0   0   0   0     0.000     0.000     0.000    -0.044    -0.009     0.009     0.041
   7 0 0 0 1 1 1 1  26   5  22   0   0   0   0     5.904    22.017     5.101     0.000     0.000     0.000     0.000   0   0   0   0   0   0   0     0.000     0.000     0.000     0.042    -0.012     0.008     0.039
   7 0 0 0 1 1 1 1   6   5  24   0   0   0   0    19.777    22.017     5.369     0.000     0.000     0.000     0.000   0   0   0   0   0   0   0     0.000     0.000     0.000     0.072    -0.198    -0.032     0.013
   7 0 0 0 1 1 1 1   5   5  24   0   0   0   0    22.018    22.017     5.348     0.000     0.000     0.000     0.000   0   0   0   0   0   0   0     0.000     0.000     0.000     0.003     0.288    -0.037     0.002
   7 0 0 0 1 1 1 1  14  12   0   0   0   0   0    46.545    53.749    20.906     0.000     0.000     0.000     0.000   0   0   0   0   0   0   0     0.000     0.000     0.000     0.003     0.138    -0.014    -0.036
   7 0 0 0 1 1 1 1  14   4  20   0   0   0   0    46.537    23.475    62.750     0.000     0.000     0.000     0.000   0   0   0   0   0   0   0     0.000     0.000     0.000     0.012    -0.008    -0.088    -0.002
   7 0 0 0 1 1 1 1  23  12   0   0   0   0   0     5.835    53.755    21.023     0.000     0.000     0.000     0.000   0   0   0   0   0   0   0     0.000     0.000     0.000    -0.022     0.085     0.017     0.073
   7 0 0 0 1 1 1 1  16  24  12   0   0   0   0    57.504     5.249    53.755     0.000     0.000     0.000     0.000   0   0   0   0   0   0   0     0.000     0.000     0.000    -0.056    -0.004     0.069    -0.011
   7 0 0 0 1 1 1 1  14  12  20   0   0   0   0    46.545    53.749    62.752     0.000     0.000     0.000     0.000   0   0   0   0   0   0   0     0.000     0.000     0.000     0.003     0.131    -0.035    -0.013
   7 0 0 0 1 1 1 1  14   6  20   0   0   0   0    46.537    21.225    62.750     0.000     0.000     0.000     0.000   0   0   0   0   0   0   0     0.000     0.000     0.000     0.003     0.039    -0.081    -0.002
   7 0 0 0 1 1 1 1  27   5  24   0   0   0   0     4.946    22.017     5.369     0.000     0.000     0.000     0.000   0   0   0   0   0   0   0     0.000     0.000     0.000     0.078    -0.387    -0.029     0.011
   7 0 0 0 1 1 1 1   5   5  12   0   0   0   0    22.018    22.017    47.644     0.000     0.000     0.000     0.000   0   0   0   0   0   0   0     0.000     0.000     0.000     0.002     0.270    -0.043     0.000
   7 0 0 0 1 1 1 1  25  24  12   0   0   0   0     5.824     5.249    53.749     0.000     0.000     0.000     0.000   0   0   0   0   0   0   0     0.000     0.000     0.000    -0.034    -0.007     0.007     0.036
   7 0 0 0 1 1 1 1  25   1   0   0   0   0   0     5.824    21.916    21.270     0.000     0.000     0.000     0.000   0   0   0   0   0   0   0     0.000     0.000     0.000    -0.005    -0.024     0.021    -0.001
   7 0 0 0 1 1 1 1  12  24   5   0   0   0   0    53.749     5.348    22.017     0.000     0.000     0.000     0.000   0   0   0   0   0   0   0     0.000     0.000     0.000    -0.036     0.009     0.072    -0.367
   7 0 0 0 1 1 1 1   5   5  12   0   0   0   0    22.018    22.017    49.733     0.000     0.000     0.000     0.000   0   0   0   0   0   0   0     0.000     0.000     0.000     0.002     0.257    -0.014     0.008
   7 0 0 0 1 1 1 1  14  12   6   0   0   0   0    46.545    53.749    20.083     0.000     0.000     0.000     0.000   0   0   0   0   0   0   0     0.000     0.000     0.000     0.002     0.123    -0.030    -0.011
   7 0 1 0 1 1 1 1   5  12   5   0   0   0   0    22.017    53.749    22.018     0.000     0.000     0.000     0.000   0   0   0   0   0   0   0     0.000     0.038     0.000     0.002     0.123    -0.122     0.000
   7 0 0 0 1 1 1 1  12  17   5   0   0   0   0    53.749    55.282    22.017     0.000     0.000     0.000     0.000   0   0   0   0   0   0   0     0.000     0.038     0.000     0.061    -0.001     0.067    -0.349
   7 0 0 0 1 1 1 1   5   5  25   0   0   0   0    22.018    22.017     5.616     0.000     0.000     0.000     0.000   0   0   0   0   0   0   0     0.000     0.038     0.000     0.002     0.244    -0.036     0.001
   7 0 0 0 1 1 1 1  25  22  12   0   0   0   0     5.836     5.331    53.755     0.000     0.000     0.000     0.000   0   0   0   0   0   0   0     0.000     0.038     0.000    -0.005    -0.028     0.015    -0.018
   7 0 0 0 1 1 1 1  14   5  14   0   0   0   0    46.537    22.184    46.545     0.000     0.000     0.000     0.000   0   0   0   0   0   0   0     0.000     0.038     0.000     0.030     0.002    -0.116    -0.006
   7 0 0 0 1 1 1 1  12  23  12   0   0   0   0    53.749     5.515    53.755     0.000     0.000     0.000     0.000   0   0   0   0   0   0   0     0.000     0.038     0.000    -0.024     0.010    -0.332     0.062
   7 0 0 0 1 1 1 1   5   5  12   0   0   0   0    22.018    22.017    50.773     0.000     0.000     0.000     0.000   0   0   0   0   0   0   0     0.000     0.038     0.000     0.002     0.232    -0.008     0.017
   7 0 0 0 1 1 1 1   4   6   1   0   0   0   0    22.800    19.777    21.983     0.000     0.000     0.000     0.000   0   0   0   0   0   0   0     0.000     0.038     0.000    -0.027    -0.006     0.045     0.004
   7 0 0 0 1 1 1 1  25   1  23   0   0   0   0     5.824    21.916     5.747     0.000     0.000     0.000     0.000   0   0   0   0   0   0   0     0.000     0.038     0.000    -0.004    -0.021     0.004     0.036
   7 0 0 0 1 1 1 1  12  17   5   0   0   0   0    53.749    55.481    22.017     0.000     0.000     0.000     0.000   0   0   0   0   0   0   0     0.000     0.038     0.000     0.042    -0.002     0.057    -0.315
   7 0 0 0 1 1 1 1   5   5  12   0   0   0   0    22.018    22.017    47.931     0.000     0.000     0.000     0.000   0   0   0   0   0   0   0     0.000     0.038     0.000     0.002     0.220    -0.034     0.001
   7 0 0 0 1 1 1 1  26  24  12   0   0   0   0     5.840     5.249    53.749     0.000     0.000     0.000     0.000   0   0   0   0   0   0   0     0.000     0.038     0.000    -0.026    -0.006     0.005     0.032
   7 0 1 0 1 1 1 1   5  24   5   0   0   0   0    22.017     5.249    22.018     0.000     0.000     0.000     0.000   0   0   0   0   0   0   0     0.000     0.034     0.000    -0.026    -0.006    -0.110     0.000
   7 0 0 0 1 1 1 1  18   6   5   0   0   0   0    49.870    21.225    22.017     0.000     0.000     0.000     0.000   0   0   0   0   0   0   0     0.000     0.034     0.000    -0.000     0.057     0.053    -0.167
   7 0 0 0 1 1 1 1   5   5  24   0   0   0   0    22.018    22.017     5.348     0.000     0.000     0.000     0.000   0   0   0   0   0   0   0     0.000     0.034     0.000     0.001     0.209    -0.027     0.002
   7 0 0 0 1 1 1 1  14  12   6   0   0   0   0    46.545    53.749    20.083     0.000     0.000     0.000     0.000   0   0   0   0   0   0   0     0.000     0.034     0.000     0.001     0.112    -0.025    -0.008
   7 0 0 0 1 1 1 1  14   2  14   0   0   0   0    46.537    23.526    46.545     0.000     0.000     0.000     0.000   0   0   0   0   0   0   0     0.000     0.034     0.000     0.002     0.036    -0.105    -0.005
   7 0 0 0 1 1 1 1  27   5  23   0   0   0   0     4.946    22.017     5.733     0.000     0.000     0.000     0.000   0   0   0   0   0   0   0     0.000     0.034     0.000     0.049    -0.291    -0.010     0.014
   7 0 0 0 1 1 1 1  16  24  12   0   0   0   0    57.504     5.249    53.755     0.000     0.000     0.000     0.000   0   0   0   0   0   0   0     0.000     0.034     0.000    -0.041    -0.003     0.050    -0.011
   7 0 0 0 1 1 1 1  25  25   5   0   0   0   0     5.850     5.633    22.017     0.000     0.000     0.000     0.000   0   0   0   0   0   0   0     0.000     0.034     0.000    -0.011     0.000    -0.017     0.021
   7 0 1 0 1 1 1 1   5  25   5   0   0   0   0    22.017     5.633    22.018     0.000     0.000     0.000     0.000   0   0   0   0   0   0   0     0.000     0.032     0.000    -0.011     0.000    -0.099    -0.000
   7 0 0 0 1 1 1 1  12  24   5   0   0   0   0    53.749     5.348    22.017     0.000     0.000     0.000     0.000   0   0   0   0   0   0   0     0.000     0.032     0.000    -0.029     0.006     0.045    -0.276
   7 0 0 0 1 1 1 1   5   5  12   0   0   0   0    22.018    22.017    48.248     0.000     0.000     0.000     0.000   0   0   0   0   0   0   0     0.000     0.032     0.000     0.001     0.196    -0.023     0.002
   7 0 0 0 1 1 1 1  17  13  12   0   0   0   0    59.029    48.819    53.755     0.000     0.000     0.000     0.000   0   0   0   0   0   0   0     0.000     0.032     0.000     0.002    -0.008     0.021    -0.016
   7 0 0 0 1 1 1 1  25   0  23   0   0   0   0     5.824    20.999     5.747     0.000     0.000     0.000     0.000   0   0   0   0   0   0   0     0.000     0.032     0.000    -0.003    -0.019     0.003     0.031
   7 0 0 0 1 1 1 1  27  12  12   0   0   0   0     4.946    53.755    46.132     0.000     0.000     0.000     0.000   0   0   0   0   0   0   0     0.000     0.032     0.000    -0.263     0.042     0.051    -0.001
   7 0 0 0 1 1 1 1   5   5  12   0   0   0   0    22.018    22.017    50.773     0.000     0.000     0.000     0.000   0   0   0   0   0   0   0     0.000     0.032     0.000     0.001     0.186    -0.006     0.014
   7 0 0 0 1 1 1 1  12  18   5   0   0   0   0    53.749    49.392    22.017     0.000     0.000     0.000     0.000   0   0   0   0   0   0   0     0.000     0.032     0.000    -0.000    -0.022    -0.015     0.104
   7 0 0 0 1 1 1 1  14   4  14   0   0   0   0    46.537    23.475    46.545     0.000     0.000     0.000     0.000   0   0   0   0   0   0   0     0.000     0.032     0.000     0.008    -0.006    -0.095    -0.005
   7 0 0 0 1 1 1 1  12  24   5   0   0   0   0    53.749     5.319    22.017     0.000     0.000     0.000     0.000   0   0   0   0   0   0   0     0.000     0.032     0.000    -0.032     0.005     0.039    -0.249
   7 0 0 0 1 1 1 1   5   5  24   0   0   0   0    22.018    22.017     5.348     0.000     0.000     0.000     0.000   0   0   0   0   0   0   0     0.000     0.032     0.000     0.001     0.177    -0.022     0.002
   7 0 0 0 1 1 1 1  12  14  12   0   0   0   0    53.749    46.299    53.755     0.000     0.000     0.000     0.000   0   0   0   0   0   0   0     0.000     0.032     0.000     0.002    -0.009     0.099    -0.014
   7 0 1 0 1 1 1 1   5  14   6   0   0   0   0    22.017    46.299    19.777     0.000     0.000     0.000     0.000   0   0   0   0   0   0   0     0.000     0.029     0.000     0.002    -0.009    -0.057     0.001
   7 0 0 0 1 1 1 1  27   5  17   0   0   0   0     4.946    22.017    55.282     0.000     0.000     0.000     0.000   0   0   0   0   0   0   0     0.000     0.029     0.000     0.036    -0.237     0.042    -0.001
   7 0 0 0 1 1 1 1   5   5  12   0   0   0   0    22.018    22.017    48.248     0.000     0.000     0.000     0.000   0   0   0   0   0   0   0     0.000     0.029     0.000     0.001     0.168    -0.020     0.002
   7 0 0 0 1 1 1 1  12  18  12   0   0   0   0    53.749    49.392    53.755     0.000     0.000     0.000     0.000   0   0   0   0   0   0   0     0.000     0.029     0.000    -0.000    -0.019     0.094    -0.013
   7 0 0 0 1 1 1 1  26   5   1   0   0   0   0     5.946    22.017    22.423     0.000     0.000     0.000     0.000   0   0   0   0   0   0   0     0.000     0.029     0.000     0.027    -0.004     0.009     0.030
   7 0 0 0 1 1 1 1  27   5  23   0   0   0   0     4.946    22.017     5.531     0.000     0.000     0.000     0.000   0   0   0   0   0   0   0     0.000     0.029     0.000     0.033    -0.225    -0.017     0.007
   7 0 0 0 1 1 1 1   5   5  24   0   0   0   0    22.018    22.017     5.249     0.000     0.000     0.000     0.000   0   0   0   0   0   0   0     0.000     0.029     0.000     0.001     0.160    -0.033     0.000
   7 0 0 0 1 1 1 1  12   0   5   0   0   0   0    53.749    21.547    22.017     0.000     0.000     0.000     0.000   0   0   0   0   0   0   0     0.000     0.029     0.000    -0.002     0.013    -0.012     0.090
   7 0 0 0 1 1 1 1  14   5  14   0   0   0   0    46.537    22.184    46.545     0.000     0.000     0.000     0.000   0   0   0   0   0   0   0     0.000     0.029     0.000     0.023     0.001    -0.087    -0.004
   7 0 0 0 1 1 1 1  12  17   5   0   0   0   0    53.749    55.730    22.017     0.000     0.000     0.000     0.000   0   0   0   0   0   0   0     0.000     0.029     0.000     0.028    -0.002     0.031    -0.214
   7 0 0 0 1 1 1 1   5   5  12   0   0   0   0    22.018    22.017    50.773     0.000     0.000     0.000     0.000   0   0   0   0   0   0   0     0.000     0.029     0.000     0.001     0.152    -0.005     0.012
   7 0 0 0 1 1 1 1  12  25   5   0   0   0   0    53.749     5.971    22.017     0.000     0.000     0.000     0.000   0   0   0   0   0   0   0     0.000     0.029     0.000    -0.002     0.016    -0.011     0.085
   7 0 0 0 1 1 1 1  25  24  23   0   0   0   0     5.824     5.342     5.747     0.000     0.000     0.000     0.000   0   0   0   0   0   0   0     0.000     0.029     0.000    -0.016    -0.003     0.003     0.026
   7 0 0 0 1 1 1 1  12  24   5   0   0   0   0    53.749     5.319    22.017     0.000     0.000     0.000     0.000   0   0   0   0   0   0   0     0.000     0.029     0.000    -0.028     0.004     0.028    -0.203
   7 0 0 0 1 1 1 1   5   5  12   0   0   0   0    22.018    22.017    47.644     0.000     0.000     0.000     0.000   0   0   0   0   0   0   0     0.000     0.029     0.000     0.001     0.144    -0.024     0.001
   7 0 0 0 1 1 1 1  12  18   5   0   0   0   0    53.749    49.686    22.017     0.000     0.000     0.000     0.000   0   0   0   0   0   0   0     0.000     0.029     0.000    -0.000    -0.022    -0.010     0.081
   7 0 0 0 1 1 1 1   5   0  12   0   0   0   0    22.017    21.263    53.749     0.000     0.000     0.000     0.000   0   0   0   0   0   0   0     0.000     0.029     0.000     0.007     0.027     0.000    -0.083
   7 0 0 0 1 1 1 1  27   5   6   0   0   0   0     4.946    22.017    21.225     0.000     0.000     0.000     0.000   0   0   0   0   0   0   0     0.000     0.029     0.000     0.026    -0.193    -0.001     0.040
   7 0 0 0 1 1 1 1  27  12  25   0   0   0   0     5.210    53.755     5.616     0.000     0.000     0.000     0.000   0   0   0   0   0   0   0     0.000     0.029     0.000     0.034    -0.011    -0.021    -0.001
   7 0 0 0 1 1 1 1  12  25  12   0   0   0   0    53.749     5.633    53.755     0.000     0.000     0.000     0.000   0   0   0   0   0   0   0     0.000     0.029     0.000    -0.007     0.002     0.077    -0.009
   7 0 0 0 1 1 1 1  14   4  14   0   0   0   0    46.537    23.459    46.545     0.000     0.000     0.000     0.000   0   0   0   0   0   0   0     0.000     0.029     0.000     0.008    -0.004    -0.078    -0.004
   7 0 0 0 1 1 1 1  12  23   5   0   0   0   0    53.749     5.733    22.017     0.000     0.000     0.000     0.000   0   0   0   0   0   0   0     0.000     0.029     0.000    -0.008     0.009     0.024    -0.183
   7 0 0 0 1 1 1 1   5   5   2   0   0   0   0    22.018    22.017    23.082     0.000     0.000     0.000     0.000   0   0   0   0   0   0   0     0.000     0.029     0.000     0.000     0.135     0.002    -0.012
   7 0 0 0 1 1 1 1  12  18   5   0   0   0   0    53.749    49.686    22.017     0.000     0.000     0.000     0.000   0   0   0   0   0   0   0     0.000     0.029     0.000     0.000    -0.020    -0.009     0.073
   7 0 0 0 1 1 1 1  25  25  23   0   0   0   0     5.824     5.591     5.747     0.000     0.000     0.000     0.000   0   0   0   0   0   0   0     0.000     0.029     0.000    -0.017    -0.003     0.003     0.023
   7 0 0 0 1 1 1 1  12  32   5   0   0   0   0    53.749     4.278    22.017     0.000     0.000     0.000     0.000   0   0   0   0   0   0   0     0.000     0.029     0.000    -0.018     0.004     0.022    -0.174
   7 0 0 0 1 1 1 1   5   5  24   0   0   0   0    22.018    22.017     5.249     0.000     0.000     0.000     0.000   0   0   0   0   0   0   0     0.000     0.029     0.000     0.000     0.129    -0.026     0.000
   7 0 0 0 1 1 1 1  25  24   5   0   0   0   0     5.847     5.249    22.017     0.000     0.000     0.000     0.000   0   0   0   0   0   0   0     0.000     0.029     0.000    -0.016    -0.001    -0.008     0.013
   7 0 0 0 1 1 1 1   5   0   5   0   0   0   0    22.017    21.263    22.018     0.000     0.000     0.000     0.000   0   0   0   0   0   0   0     0.000     0.029     0.000     0.006     0.025    -0.075     0.000
   7 0 0 0 1 1 1 1  12  23  12   0   0   0   0    53.749     5.515    53.755     0.000     0.000     0.000     0.000   0   0   0   0   0   0   0     0.000     0.029     0.000    -0.015     0.005    -0.165     0.021
   7 0 0 0 1 1 1 1   5   5   2   0   0   0   0    22.018    22.017    23.082     0.000     0.000     0.000     0.000   0   0   0   0   0   0   0     0.000     0.029     0.000     0.000     0.122     0.002    -0.011
   7 0 0 0 1 1 1 1  12  18   5   0   0   0   0    53.749    49.686    22.017     0.000     0.000     0.000     0.000   0   0   0   0   0   0   0     0.000     0.029     0.000     0.000    -0.019    -0.007     0.069
   7 0 0 0 1 1 1 1  25   3  23   0   0   0   0     5.824    22.061     5.747     0.000     0.000     0.000     0.000   0   0   0   0   0   0   0     0.000     0.029     0.000    -0.028    -0.004     0.002     0.021
   7 0 0 0 1 1 1 1  12   6  12   0   0   0   0    53.749    21.225    53.755     0.000     0.000     0.000     0.000   0   0   0   0   0   0   0     0.000     0.029     0.000    -0.001     0.035    -0.157     0.019
   7 0 0 0 1 1 1 1   5   5  24   0   0   0   0    22.018    22.017     5.249     0.000     0.000     0.000     0.000   0   0   0   0   0   0   0     0.000     0.029     0.000     0.000     0.116    -0.024     0.000
   7 0 0 0 1 1 1 1   5   5   0   0   0   0   0    22.018    22.017    21.547     0.000     0.000     0.000     0.000   0   0   0   0   0   0   0     0.000     0.029     0.000    -0.004     0.065    -0.002     0.011
   7 0 0 0 1 1 1 1   5   4   5   0   0   0   0    22.017    22.803    22.018     0.000     0.000     0.000     0.000   0   0   0   0   0   0   0     0.000     0.029     0.000     0.023     0.006    -0.071     0.000
   7 0 0 0 1 1 1 1  27   5  24   0   0   0   0     4.946    22.017     5.319     0.000     0.000     0.000     0.000   0   0   0   0   0   0   0     0.000     0.029     0.000     0.018    -0.149    -0.023     0.003
   7 0 0 0 1 1 1 1   5   5  15   0   0   0   0    22.018    22.017    51.918     0.000     0.000     0.000     0.000   0   0   0   0   0   0   0     0.000     0.029     0.000     0.000     0.110    -0.003     0.010
   7 0 0 0 1 1 1 1   5   5  14   0   0   0   0    22.018    22.017    42.944     0.000     0.000     0.000     0.000   0   0   0   0   0   0   0     0.000     0.029     0.000    -0.003     0.062     0.003    -0.004
   7 0 0 0 1 1 1 1  14   5  14   0   0   0   0    46.537    22.184    46.545     0.000     0.000     0.000     0.000   0   0   0   0   0   0   0     0.000     0.029     0.000     0.019     0.001    -0.067    -0.003
   7 0 0 0 1 1 1 1  12  27   5   0   0   0   0    53.749     5.078    22.017     0.000     0.000     0.000     0.000   0   0   0   0   0   0   0     0.000     0.029     0.000     0.030    -0.001     0.016    -0.142
   7 0 0 0 1 1 1 1   5   5  12   0   0   0   0    22.018    22.017    47.086     0.000     0.000     0.000     0.000   0   0   0   0   0   0   0     0.000     0.029     0.000     0.000     0.105    -0.021     0.001
   7 0 0 0 1 1 1 1  17  32  12   0   0   0   0    59.029     4.339    53.755     0.000     0.000     0.000     0.000   0   0   0   0   0   0   0     0.000     0.029     0.000    -0.005     0.002     0.013    -0.006
   7 0 0 1 1 1 1 1   2   5  12   0   0   0   0    23.526    22.017    53.755     0.000     0.000     0.000     0.000   0   0   0   0   0   0   0     0.000     0.029     0.022     0.019    -0.002     0.013    -0.006
   7 0 0 0 1 1 1 1  12  23   5   0   0   0   0    53.749     5.850    22.017     0.000     0.000     0.000     0.000   0   0   0   0   0   0   0     0.000     0.029     0.022    -0.003     0.014     0.015    -0.135
   7 0 0 0 1 1 1 1  27  12  28   0   0   0   0     5.210    53.755     5.736     0.000     0.000     0.000     0.000   0   0   0   0   0   0   0     0.000     0.029     0.022     0.025    -0.010    -0.005     0.005
   7 0 0 0 1 1 1 1   5   5   5   0   0   0   0    22.018    22.017    22.083     0.000     0.000     0.000     0.000   0   0   0   0   0   0   0     0.000     0.029     0.022    -0.003     0.058    -0.017     0.000
   7 0 0 0 1 1 1 1  24   2   1   0   0   0   0     5.348    21.681    22.423     0.000     0.000     0.000     0.000   0   0   0   0   0   0   0     0.000     0.029     0.022    -0.026    -0.008     0.000     0.020
   7 0 0 0 1 1 1 1  12   2   5   0   0   0   0    53.749    23.526    22.017     0.000     0.000     0.000     0.000   0   0   0   0   0   0   0     0.000     0.029     0.022    -0.001     0.035     0.014    -0.128
   7 0 0 0 1 1 1 1   5   5  24   0   0   0   0    22.018    22.017     5.348     0.000     0.000     0.000     0.000   0   0   0   0   0   0   0     0.000     0.029     0.022     0.000     0.098    -0.013     0.001
   7 0 0 0 1 1 1 1   5   5   5   0   0   0   0    22.018    22.017    22.083     0.000     0.000     0.000     0.000   0   0   0   0   0   0   0     0.000     0.029     0.022    -0.003     0.055    -0.016     0.000
   7 0 0 0 1 1 1 1  14  27  14   0   0   0   0    46.537     5.078    46.545     0.000     0.000     0.000     0.000   0   0   0   0   0   0   0     0.000     0.029     0.022     0.019     0.001    -0.064    -0.003
   7 0 0 0 1 1 1 1  12  32   5   0   0   0   0    53.749     4.278    22.017     0.000     0.000     0.000     0.000   0   0   0   0   0   0   0     0.000     0.029     0.022    -0.016     0.003     0.013    -0.122
   7 0 0 0 1 1 1 1   5   5  12   0   0   0   0    22.018    22.017    47.086     0.000     0.000     0.000     0.000   0   0   0   0   0   0   0     0.000     0.029     0.022     0.000     0.093    -0.019     0.000
   7 0 0 0 1 1 1 1   5   5  25   0   0   0   0    22.018    22.017     5.971     0.000     0.000     0.000     0.000   0   0   0   0   0   0   0     0.000     0.029     0.022    -0.002     0.053    -0.001     0.011
   7 0 0 1 1 1 1 1  12  27  25   0   0   0   0    53.755     4.946     5.971     0.000     0.000     0.000     0.000   0   0   0   0   0   0   0     0.000     0.029     0.020    -0.061     0.000    -0.001     0.011
   7 0 0 0 1 1 1 1  12  27   5   0   0   0   0    53.749     5.078    22.017     0.000     0.000     0.000     0.000   0   0   0   0   0   0   0     0.000     0.029     0.020     0.027    -0.001     0.012    -0.116
   7 0 0 0 1 1 1 1   5  12  24   0   0   0   0    22.018    53.755     5.249     0.000     0.000     0.000     0.000   0   0   0   0   0   0   0     0.000     0.029     0.020     0.072    -0.009    -0.020     0.000
   7 0 0 0 1 1 1 1   5   5  25   0   0   0   0    22.018    22.017     5.616     0.000     0.000     0.000     0.000   0   0   0   0   0   0   0     0.000     0.029     0.020    -0.002     0.050    -0.010     0.000
   7 0 0 0 1 1 1 1  24   2  14   0   0   0   0     5.369    21.681    46.537     0.000     0.000     0.000     0.000   0   0   0   0   0   0   0     0.000     0.029     0.020    -0.025    -0.006     0.004    -0.005
   7 0 0 0 1 1 1 1  30  12   1   0   0   0   0     5.640    53.749    22.423     0.000     0.000     0.000     0.000   0   0   0   0   0   0   0     0.000     0.029     0.020    -0.006    -0.035     0.005     0.032
   7 0 0 0 1 1 1 1   5   5   2   0   0   0   0    22.018    22.017    23.082     0.000     0.000     0.000     0.000   0   0   0   0   0   0   0     0.000     0.029     0.020    -0.001     0.085     0.002    -0.008
   7 0 0 0 1 1 1 1   5   5   5   0   0   0   0    22.018    22.017    22.083     0.000     0.000     0.000     0.000   0   0   0   0   0   0   0     0.000     0.029     0.020    -0.002     0.047    -0.014     0.000
   7 0 0 1 1 1 1 1  12  12   5   0   0   0   0    53.755    53.749    22.083     0.000     0.000     0.000     0.000   0   0   0   0   0   0   0     0.000     0.029     0.019     0.000    -0.058    -0.014     0.000
   7 0 0 0 1 1 1 1  30  11   1   0   0   0   0     5.640    51.862    22.423     0.000     0.000     0.000     0.000   0   0   0   0   0   0   0     0.000     0.029     0.019    -0.001    -0.017     0.004     0.030
   7 0 0 0 1 1 1 1   5   5  24   0   0   0   0    22.018    22.017     5.249     0.000     0.000     0.000     0.000   0   0   0   0   0   0   0     0.000     0.029     0.019    -0.001     0.081    -0.018     0.000
   7 0 0 0 1 1 1 1  17  13  12   0   0   0   0    59.029    48.819    53.755     0.000     0.000     0.000     0.000   0   0   0   0   0   0   0     0.000     0.029     0.019     0.002    -0.004     0.010    -0.005
   7 0 0 0 1 1 1 1  26   5   1   0   0   0   0     5.946    22.017    22.423     0.000     0.000     0.000     0.000   0   0   0   0   0   0   0     0.000     0.029     0.019     0.015    -0.002     0.006     0.018
   7 0 0 0 1 1 1 1  12  27   5   0   0   0   0    53.749     5.078    22.017     0.000     0.000     0.000     0.000   0   0   0   0   0   0   0     0.000     0.029     0.019     0.026    -0.001     0.015    -0.107
   7 0 0 0 1 1 1 1  15  25  14   0   0   0   0    51.918     5.633    46.545     0.000     0.000     0.000     0.000   0   0   0   0   0   0   0     0.000     0.029     0.019    -0.010    -0.000     0.023     0.002
   7 0 0 0 1 1 1 1   5   5   5   0   0   0   0    22.018    22.017    22.083     0.000     0.000     0.000     0.000   0   0   0   0   0   0   0     0.000     0.029     0.019    -0.002     0.045    -0.014     0.000
   7 0 0 0 1 1 1 1  24   2   1   0   0   0   0     5.348    21.681    22.423     0.000     0.000     0.000     0.000   0   0   0   0   0   0   0     0.000     0.029     0.019    -0.023    -0.007     0.000     0.017
   7 0 0 0 1 1 1 1  12  27   5   0   0   0   0    53.749     5.005    22.017     0.000     0.000     0.000     0.000   0   0   0   0   0   0   0     0.000     0.029     0.019     0.035    -0.001     0.014    -0.102
   7 0 0 0 1 1 1 1   5   5  12   0   0   0   0    22.018    22.017    47.086     0.000     0.000     0.000     0.000   0   0   0   0   0   0   0     0.000     0.029     0.019    -0.001     0.076    -0.016     0.000
   7 0 0 0 1 1 1 1   5   5   0   0   0   0   0    22.018    22.017    21.547     0.000     0.000     0.000     0.000   0   0   0   0   0   0   0     0.000     0.029     0.019    -0.002     0.042    -0.001     0.008
   7 0 0 0 1 1 1 1  14  27  14   0   0   0   0    46.537     5.078    46.545     0.000     0.000     0.000     0.000   0   0   0   0   0   0   0     0.000     0.029     0.019     0.017     0.001    -0.055    -0.002
   7 0 0 0 1 1 1 1  30  12   1   0   0   0   0     5.640    53.749    22.423     0.000     0.000     0.000     0.000   0   0   0   0   0   0   0     0.000     0.029     0.019    -0.005    -0.028     0.004     0.028
   7 0 0 0 1 1 1 1   5   5   1   0   0   0   0    22.018    22.017    22.283     0.000     0.000     0.000     0.000   0   0   0   0   0   0   0     0.000     0.029     0.019    -0.001     0.072     0.002    -0.006
   7 0 0 0 1 1 1 1   5   5  22   0   0   0   0    22.018    22.017     5.319     0.000     0.000     0.000     0.000   0   0   0   0   0   0   0     0.000     0.029     0.019    -0.002     0.040     0.001    -0.005
   7 0 0 0 1 1 1 1  24   2   7   0   0   0   0     5.386    21.681    20.202     0.000     0.000     0.000     0.000   0   0   0   0   0   0   0     0.000     0.029     0.019    -0.022    -0.005    -0.004     0.004
   7 0 0 0 1 1 1 1  23  11   0   0   0   0   0     5.835    51.862    21.157     0.000     0.000     0.000     0.000   0   0   0   0   0   0   0     0.000     0.029     0.019    -0.001    -0.014     0.005     0.026
   7 0 0 0 1 1 1 1   5  12   3   0   0   0   0    22.018    53.755    22.061     0.000     0.000     0.000     0.000   0   0   0   0   0   0   0     0.000     0.029     0.019     0.055    -0.009    -0.025     0.000
   7 0 0 0 1 1 1 1  25   3   2   0   0   0   0     5.836    22.061    21.870     0.000     0.000     0.000     0.000   0   0   0   0   0   0   0     0.000     0.029     0.019    -0.017    -0.001     0.012     0.003
   7 0 0 1 1 1 1 1  12  27   2   0   0   0   0    53.755     4.946    21.870     0.000     0.000     0.000     0.000   0   0   0   0   0   0   0     0.000     0.029     0.017    -0.052     0.000     0.012     0.003
   7 0 0 0 1 1 1 1  18  11  11   0   0   0   0    49.870    53.676    51.880     0.000     0.000     0.000     0.000   0   0   0   0   0   0   0     0.000     0.029     0.017     0.002    -0.031    -0.058     0.020
   7 0 0 0 1 1 1 1  15  22  14   0   0   0   0    51.918     5.331    46.545     0.000     0.000     0.000     0.000   0   0   0   0   0   0   0     0.000     0.029     0.017    -0.001    -0.015     0.019     0.002
   7 0 0 0 1 1 1 1  26   3   2   0   0   0   0     5.868    22.061    21.870     0.000     0.000     0.000     0.000   0   0   0   0   0   0   0     0.000     0.029     0.017    -0.016    -0.002     0.011     0.002
   7 0 0 0 1 1 1 1  26  12  11   0   0   0   0     5.946    53.755    50.230     0.000     0.000     0.000     0.000   0   0   0   0   0   0   0     0.000     0.029     0.017    -0.002     0.015     0.015     0.005
   7 0 0 0 1 1 1 1  23  12   0   0   0   0   0     5.850    53.749    21.157     0.000     0.000     0.000     0.000   0   0   0   0   0   0   0     0.000     0.029     0.017    -0.002    -0.024     0.006     0.024
   7 0 0 0 1 1 1 1   5   5  12   0   0   0   0    22.018    22.017    47.086     0.000     0.000     0.000     0.000   0   0   0   0   0   0   0     0.000     0.029     0.017    -0.002     0.065    -0.013     0.000
   7 0 0 0 1 1 1 1  17  22  12   0   0   0   0    59.029     5.331    53.755     0.000     0.000     0.000     0.000   0   0   0   0   0   0   0     0.000     0.029     0.017    -0.000    -0.009     0.008    -0.006
   7 0 0 0 1 1 1 1   2   3  12   0   0   0   0    21.765    22.061    53.755     0.000     0.000     0.000     0.000   0   0   0   0   0   0   0     0.000     0.029     0.017    -0.021    -0.005     0.000     0.014
   7 0 0 0 1 1 1 1  23  12   0   0   0   0   0     5.835    53.755    21.157     0.000     0.000     0.000     0.000   0   0   0   0   0   0   0     0.000     0.029     0.017    -0.006     0.018     0.004     0.022
   7 0 0 0 1 1 1 1   5   5   3   0   0   0   0    22.018    22.017    22.061     0.000     0.000     0.000     0.000   0   0   0   0   0   0   0     0.000     0.029     0.017    -0.002     0.061    -0.023     0.000
   7 0 0 0 1 1 1 1   5   5   5   0   0   0   0    22.018    22.017    22.083     0.000     0.000     0.000     0.000   0   0   0   0   0   0   0     0.000     0.029     0.017    -0.003     0.037    -0.012     0.000
   7 0 0 0 1 1 1 1   6   5   6   0   0   0   0    19.777    22.017    19.890     0.000     0.000     0.000     0.000   0   0   0   0   0   0   0     0.000     0.029     0.017     0.012    -0.030     0.015    -0.000
   7 0 0 0 1 1 1 1  18  11  11   0   0   0   0    49.870    53.676    51.880     0.000     0.000     0.000     0.000   0   0   0   0   0   0   0     0.000     0.029     0.017     0.002    -0.029    -0.053     0.019
   7 0 0 0 1 1 1 1  12  32  12   0   0   0   0    50.992     4.293    53.755     0.000     0.000     0.000     0.000   0   0   0   0   0   0   0     0.000     0.029     0.017    -0.009    -0.000     0.011    -0.008
   7 0 0 0 1 1 1 1  25   3   2   0   0   0   0     5.830    22.061    21.870     0.000     0.000     0.000     0.000   0   0   0   0   0   0   0     0.000     0.029     0.017    -0.015    -0.001     0.009     0.002
   7 0 0 0 1 1 1 1  26  12   1   0   0   0   0     5.946    53.755    22.423     0.000     0.000     0.000     0.000   0   0   0   0   0   0   0     0.000     0.029     0.017    -0.002     0.012     0.004     0.014
   7 0 0 0 1 1 1 1  12  27   5   0   0   0   0    53.749     5.078    22.017     0.000     0.000     0.000     0.000   0   0   0   0   0   0   0     0.000     0.029     0.017     0.023    -0.001     0.017    -0.088
   7 0 0 0 1 1 1 1   5   5   1   0   0   0   0    22.018    22.017    22.283     0.000     0.000     0.000     0.000   0   0   0   0   0   0   0     0.000     0.029     0.017    -0.001     0.058     0.002    -0.005
   7 0 0 0 1 1 1 1  25   2   4   0   0   0   0     5.616    21.681    22.800     0.000     0.000     0.000     0.000   0   0   0   0   0   0   0     0.000     0.029     0.017    -0.014    -0.004    -0.001     0.003
   7 0 0 0 1 1 1 1   6   5  22   0   0   0   0    19.777    22.017     5.342     0.000     0.000     0.000     0.000   0   0   0   0   0   0   0     0.000     0.029     0.017     0.010    -0.027    -0.000     0.013
   7 0 0 0 1 1 1 1  18  11  11   0   0   0   0    49.870    53.676    51.880     0.000     0.000     0.000     0.000   0   0   0   0   0   0   0     0.000     0.029     0.017     0.001    -0.027    -0.047     0.016
   7 0 0 0 1 1 1 1   5   5   3   0   0   0   0    22.018    22.017    22.061     0.000     0.000     0.000     0.000   0   0   0   0   0   0   0     0.000     0.029     0.017    -0.001     0.055    -0.021    -0.000
   7 0 0 0 1 1 1 1   5   5   0   0   0   0   0    22.018    22.017    21.547     0.000     0.000     0.000     0.000   0   0   0   0   0   0   0     0.000     0.029     0.017    -0.004     0.034    -0.001     0.006
   7 0 0 0 1 1 1 1  26   6   1   0   0   0   0     5.942    19.777    22.423     0.000     0.000     0.000     0.000   0   0   0   0   0   0   0     0.000     0.029     0.017    -0.009    -0.000     0.004     0.013
   7 0 0 0 1 1 1 1  23  11   0   0   0   0   0     5.856    53.676    21.157     0.000     0.000     0.000     0.000   0   0   0   0   0   0   0     0.000     0.029     0.017    -0.002    -0.025     0.006     0.020
   7 0 0 0 1 1 1 1   5  12  24   0   0   0   0    22.018    53.755     5.348     0.000     0.000     0.000     0.000   0   0   0   0   0   0   0     0.000     0.029     0.017     0.042    -0.007    -0.008     0.001
   7 0 0 0 1 1 1 1  25  14   5   0   0   0   0     5.616    47.890    22.018     0.000     0.000     0.000     0.000   0   0   0   0   0   0   0     0.000     0.029     0.017    -0.004    -0.013     0.008     0.000
   7 0 0 0 1 1 1 1  26   5  22   0   0   0   0     5.904    22.017     5.004     0.000     0.000     0.000     0.000   0   0   0   0   0   0   0     0.000     0.029     0.017     0.010    -0.003    -0.000     0.006
   7 0 0 0 1 1 1 1  12  12   5   0   0   0   0    53.749    53.591    22.017     0.000     0.000     0.000     0.000   0   0   0   0   0   0   0     0.000     0.029     0.017    -0.000     0.031     0.016    -0.081
   7 0 0 0 1 1 1 1   5   5   3   0   0   0   0    22.018    22.017    22.061     0.000     0.000     0.000     0.000   0   0   0   0   0   0   0     0.000     0.029     0.017    -0.002     0.050    -0.020     0.000
   7 0 0 0 1 1 1 1  26   3  12   0   0   0   0     5.868    22.061    53.755     0.000     0.000     0.000     0.000   0   0   0   0   0   0   0     0.000     0.029     0.017    -0.012    -0.001     0.003    -0.006
   7 0 0 0 1 1 1 1   6   5   5   0   0   0   0    19.777    22.017    22.060     0.000     0.000     0.000     0.000   0   0   0   0   0   0   0     0.000     0.029     0.017     0.009    -0.024     0.019     0.000
   7 0 0 0 1 1 1 1  18  18   5   0   0   0   0    49.870    49.392    22.017     0.000     0.000     0.000     0.000   0   0   0   0   0   0   0     0.000     0.029     0.017    -0.000     0.023     0.015    -0.043
   7 0 0 0 1 1 1 1   5   5   5   0   0   0   0    22.018    22.017    23.032     0.000     0.000     0.000     0.000   0   0   0   0   0   0   0     0.000     0.029     0.017    -0.002     0.047     0.001    -0.005
   7 0 0 0 1 1 1 1   5   5   5   0   0   0   0    22.018    22.017    22.083     0.000     0.000     0.000     0.000   0   0   0   0   0   0   0     0.000     0.029     0.017    -0.004     0.032    -0.010     0.000
   7 0 0 0 1 1 1 1  11   6  23   0   0   0   0    52.288    19.777     5.845     0.000     0.000     0.000     0.000   0   0   0   0   0   0   0     0.000     0.029     0.017    -0.008     0.002    -0.005     0.000
   7 0 0 0 1 1 1 1  30  20   1   0   0   0   0     5.640    62.748    22.335     0.000     0.000     0.000     0.000   0   0   0   0   0   0   0     0.000     0.029     0.017    -0.001    -0.012     0.002     0.017
   7 0 0 0 1 1 1 1   5   5   3   0   0   0   0    22.018    22.017    22.061     0.000     0.000     0.000     0.000   0   0   0   0   0   0   0     0.000     0.029     0.017    -0.001     0.045    -0.019     0.000
   7 0 0 0 1 1 1 1   5   5   0   0   0   0   0    22.018    22.017    21.547     0.000     0.000     0.000     0.000   0   0   0   0   0   0   0     0.000     0.029     0.017    -0.003     0.030    -0.001     0.006
   7 0 0 1 1 1 1 1   2  12   0   0   0   0   0    23.526    53.755    21.547     0.000     0.000     0.000     0.000   0   0   0   0   0   0   0     0.000     0.029     0.011    -0.001     0.010    -0.001     0.006
   7 0 0 1 1 1 1 1  11  12   0   0   0   0   0    53.676    53.749    21.547     0.000     0.000     0.000     0.000   0   0   0   0   0   0   0     0.000     0.029    -0.023     0.001    -0.018    -0.001     0.006
   7 0 0 0 1 1 1 1  15  25  14   0   0   0   0    52.116     5.633    46.545     0.000     0.000     0.000     0.000   0   0   0   0   0   0   0     0.000     0.029    -0.023    -0.007     0.000     0.014     0.002
   7 0 0 0 1 1 1 1   5   5   5   0   0   0   0    22.018    22.017    22.083     0.000     0.000     0.000     0.000   0   0   0   0   0   0   0     0.000     0.029    -0.023    -0.003     0.029    -0.009     0.000
   7 0 0 0 1 1 1 1  18  11  11   0   0   0   0    49.870    52.288    51.880     0.000     0.000     0.000     0.000   0   0   0   0   0   0   0     0.000     0.029    -0.023     0.002    -0.004    -0.026     0.011
   7 0 0 0 1 1 1 1  17   0  12   0   0   0   0    55.730    21.157    53.755     0.000     0.000     0.000     0.000   0   0   0   0   0   0   0     0.000     0.029    -0.023     0.006     0.017    -0.002     0.016
   7 0 0 0 1 1 1 1   5   5   2   0   0   0   0    22.018    22.017    23.048     0.000     0.000     0.000     0.000   0   0   0   0   0   0   0     0.000     0.029    -0.023    -0.002     0.042     0.001    -0.004
   7 0 0 0 1 1 1 1  25  22  12   0   0   0   0     5.836     5.325    53.755     0.000     0.000     0.000     0.000   0   0   0   0   0   0   0     0.000     0.029    -0.023    -0.000    -0.005     0.003    -0.005
   7 0 0 0 1 1 1 1  18  12  11   0   0   0   0    49.870    53.591    51.880     0.000     0.000     0.000     0.000   0   0   0   0   0   0   0     0.000     0.029    -0.023     0.000     0.017    -0.024     0.010
   7 0 0 0 1 1 1 1  12  27  12   0   0   0   0    53.749     5.005    53.755     0.000     0.000     0.000     0.000   0   0   0   0   0   0   0     0.000     0.029    -0.023     0.029    -0.000    -0.073     0.015
   7 0 0 0 1 1 1 1   5  12   3   0   0   0   0    22.018    53.755    22.061     0.000     0.000     0.000     0.000   0   0   0   0   0   0   0     0.000     0.029    -0.023     0.032    -0.006    -0.018     0.000
   7 0 0 0 1 1 1 1   5   5   0   0   0   0   0    22.018    22.017    21.547     0.000     0.000     0.000     0.000   0   0   0   0   0   0   0     0.000     0.029    -0.023    -0.003     0.027    -0.001     0.005
   7 0 0 1 1 1 1 1   2  12   0   0   0   0   0    23.526    53.755    21.547     0.000     0.000     0.000     0.000   0   0   0   0   0   0   0     0.000     0.029     0.010    -0.001     0.010    -0.001     0.005
   7 0 0 0 1 1 1 1  11  12   0   0   0   0   0    52.927    53.749    21.493     0.000     0.000     0.000     0.000   0   0   0   0   0   0   0     0.000     0.029     0.010     0.001    -0.017    -0.021    -0.007
   7 0 0 0 1 1 1 1   5   5   3   0   0   0   0    22.018    22.017    22.061     0.000     0.000     0.000     0.000   0   0   0   0   0   0   0     0.000     0.029     0.010    -0.002     0.038    -0.017     0.000
   7 0 0 0 1 1 1 1   5   5   5   0   0   0   0    22.018    22.017    22.083     0.000     0.000     0.000     0.000   0   0   0   0   0   0   0     0.000     0.029     0.010    -0.002     0.026    -0.008     0.000
   7 0 0 0 1 1 1 1  12  12   5   0   0   0   0    53.749    53.591    22.017     0.000     0.000     0.000     0.000   0   0   0   0   0   0   0     0.000     0.029     0.010    -0.000     0.016     0.009    -0.041
   7 0 0 0 1 1 1 1  30  12   1   0   0   0   0     5.640    53.755    22.423     0.000     0.000     0.000     0.000   0   0   0   0   0   0   0     0.000     0.029     0.010    -0.005     0.015     0.002     0.016
   7 0 0 0 1 1 1 1  12  32  12   0   0   0   0    50.992     4.293    53.755     0.000     0.000     0.000     0.000   0   0   0   0   0   0   0     0.000     0.029     0.010    -0.007     0.000     0.007    -0.006
   7 0 0 0 1 1 1 1   5   5  25   0   0   0   0    22.018    22.017     5.971     0.000     0.000     0.000     0.000   0   0   0   0   0   0   0     0.000     0.029     0.010    -0.002     0.025    -0.001     0.006
   7 0 0 0 1 1 1 1  18  22   5   0   0   0   0    49.870     5.342    22.017     0.000     0.000     0.000     0.000   0   0   0   0   0   0   0     0.000     0.029     0.010    -0.000     0.008     0.008    -0.022
   7 0 0 0 1 1 1 1  12  27   5   0   0   0   0    53.749     5.078    22.017     0.000     0.000     0.000     0.000   0   0   0   0   0   0   0     0.000     0.029     0.010     0.020    -0.001     0.014    -0.068
   7 0 0 0 1 1 1 1   5   5   2   0   0   0   0    22.018    22.017    23.095     0.000     0.000     0.000     0.000   0   0   0   0   0   0   0     0.000     0.029     0.010    -0.001     0.036     0.001    -0.004
   7 0 0 0 1 1 1 1  25  14   5   0   0   0   0     5.616    47.890    22.018     0.000     0.000     0.000     0.000   0   0   0   0   0   0   0     0.000     0.029     0.010    -0.003    -0.010     0.006     0.000
   7 0 0 0 1 1 1 1  12  12  12   0   0   0   0    53.749    53.591    53.755     0.000     0.000     0.000     0.000   0   0   0   0   0   0   0     0.000     0.029     0.010    -0.000     0.016    -0.038     0.008
   7 0 0 0 1 1 1 1  18  18   5   0   0   0   0    49.870    49.392    22.017     0.000     0.000     0.000     0.000   0   0   0   0   0   0   0     0.000     0.029     0.010    -0.000     0.020     0.013    -0.036
   7 0 0 0 1 1 1 1   5   5   3   0   0   0   0    22.018    22.017    22.061     0.000     0.000     0.000     0.000   0   0   0   0   0   0   0     0.000     0.029     0.010    -0.001     0.034    -0.015     0.000
   7 0 0 0 1 1 1 1  26  11  12   0   0   0   0     5.868    52.185    53.755     0.000     0.000     0.000     0.000   0   0   0   0   0   0   0     0.000     0.029     0.010    -0.003     0.001     0.002    -0.005
   7 0 0 0 1 1 1 1  12  12   5   0   0   0   0    53.749    53.591    22.017     0.000     0.000     0.000     0.000   0   0   0   0   0   0   0     0.000     0.029     0.010    -0.000     0.015     0.007    -0.036
   7 0 0 0 1 1 1 1  12  12   5   0   0   0   0    53.749    53.591    22.017     0.000     0.000     0.000     0.000   0   0   0   0   0   0   0     0.000     0.029     0.010    -0.000     0.027     0.012    -0.063
   7 0 0 0 1 1 1 1   2   4   7   0   0   0   0    23.048    22.778    21.616     0.000     0.000     0.000     0.000   0   0   0   0   0   0   0     0.000     0.029     0.010    -0.000     0.006    -0.002    -0.008
   7 0 0 0 1 1 1 1   5   5   5   0   0   0   0    22.018    22.017    22.083     0.000     0.000     0.000     0.000   0   0   0   0   0   0   0     0.000     0.029     0.010    -0.002     0.023    -0.007     0.000
   7 0 0 0 1 1 1 1  26  12   0   0   0   0   0     5.946    53.749    21.157     0.000     0.000     0.000     0.000   0   0   0   0   0   0   0     0.000     0.029     0.010    -0.000    -0.008    -0.001     0.007
   7 0 0 0 1 1 1 1  12  12  12   0   0   0   0    53.749    53.591    53.755     0.000     0.000     0.000     0.000   0   0   0   0   0   0   0     0.000     0.029     0.010    -0.000     0.025    -0.060     0.011
   7 0 0 0 1 1 1 1   5  12   3   0   0   0   0    22.018    53.755    22.061     0.000     0.000     0.000     0.000   0   0   0   0   0   0   0     0.000     0.029     0.010     0.026    -0.005    -0.015     0.000
   7 0 0 0 1 1 1 1  25  15   4   0   0   0   0     5.616    51.670    23.777     0.000     0.000     0.000     0.000   0   0   0   0   0   0   0     0.000     0.029     0.010    -0.006     0.000     0.000     0.006
   7 0 0 1 1 1 1 1   2  18   4   0   0   0   0    23.526    49.870    23.777     0.000     0.000     0.000     0.000   0   0   0   0   0   0   0     0.000     0.029     0.009     0.000    -0.007     0.000     0.006
   7 0 0 1 1 1 1 1  11  18   4   0   0   0   0    53.676    49.870    23.777     0.000     0.000     0.000     0.000   0   0   0   0   0   0   0     0.000     0.029    -0.019     0.001    -0.012     0.000     0.006
   7 0 0 0 1 1 1 1   2  29   7   0   0   0   0    23.048     5.777    21.616     0.000     0.000     0.000     0.000   0   0   0   0   0   0   0     0.000     0.029    -0.019    -0.002     0.004    -0.002    -0.007
   7 0 0 0 1 1 1 1   5   5   4   0   0   0   0    22.018    22.017    23.777     0.000     0.000     0.000     0.000   0   0   0   0   0   0   0     0.000     0.029    -0.019    -0.002     0.022    -0.001     0.006
   7 0 0 0 1 1 1 1  11  18  26   0   0   0   0    52.288    49.870     5.739     0.000     0.000     0.000     0.000   0   0   0   0   0   0   0     0.000     0.029    -0.019     0.002    -0.006    -0.004    -0.000
   7 0 0 0 1 1 1 1  23  11  11   0   0   0   0     5.855    53.676    50.230     0.000     0.000     0.000     0.000   0   0   0   0   0   0   0     0.000     0.029    -0.019    -0.001    -0.018     0.015     0.004
   7 0 0 0 1 1 1 1  17  22  12   0   0   0   0    56.678     5.331    53.755     0.000     0.000     0.000     0.000   0   0   0   0   0   0   0     0.000     0.029    -0.019    -0.000    -0.015     0.004    -0.005
   7 0 0 0 1 1 1 1   5   5   5   0   0   0   0    22.018    22.017    22.083     0.000     0.000     0.000     0.000   0   0   0   0   0   0   0     0.000     0.029    -0.019    -0.002     0.021    -0.007     0.000
   7 0 0 0 1 1 1 1  23   2  12   0   0   0   0     5.515    22.596    53.749     0.000     0.000     0.000     0.000   0   0   0   0   0   0   0     0.000     0.029    -0.019    -0.011    -0.002     0.001    -0.007
   7 0 0 0 1 1 1 1  23  11  22   0   0   0   0     5.835    51.862     5.331     0.000     0.000     0.000     0.000   0   0   0   0   0   0   0     0.000     0.029    -0.019     0.000    -0.007     0.005    -0.011
