  184
   1 1   0     0.000   0     5.377
   1 1   0     0.000   0     5.596
   1 1   0     0.000   0     5.488
   1 1   0     0.000   0     5.420
   7 0 1 1 0 0 0 0   3   0   0   0   0   0   0    22.185     0.000     0.000     0.000     0.000     0.000     0.000   0   0   0   0   0   0   0     0.000     0.043    -0.029     0.000     0.000     0.000     0.000
   7 0 1 1 0 0 0 0   3   0   0   0   0   0   0    22.185     0.000     0.000     0.000     0.000     0.000     0.000   0   0   0   0   0   0   0     0.000    -0.109     0.072     0.000     0.000     0.000     0.000
   7 0 1 1 0 0 0 0   3   0   0   0   0   0   0    22.185     0.000     0.000     0.000     0.000     0.000     0.000   0   0   0   0   0   0   0     0.000     0.109    -0.072     0.000     0.000     0.000     0.000
   7 0 1 1 0 0 0 0   3   0   0   0   0   0   0    22.185     0.000     0.000     0.000     0.000     0.000     0.000   0   0   0   0   0   0   0     0.000    -0.043     0.029     0.000     0.000     0.000     0.000
   7 0 1 1 0 0 0 0   3   0   0   0   0   0   0    22.185     0.000     0.000     0.000     0.000     0.000     0.000   0   0   0   0   0   0   0     0.000     0.041    -0.027     0.000     0.000     0.000     0.000
   7 0 1 1 0 0 0 0   3   0   0   0   0   0   0    22.185     0.000     0.000     0.000     0.000     0.000     0.000   0   0   0   0   0   0   0     0.000    -0.103     0.068     0.000     0.000     0.000     0.000
   7 0 1 1 0 0 0 0   3   0   0   0   0   0   0    22.185     0.000     0.000     0.000     0.000     0.000     0.000   0   0   0   0   0   0   0     0.000     0.103    -0.068     0.000     0.000     0.000     0.000
   7 0 1 1 0 0 0 0   3   0   0   0   0   0   0    22.185     0.000     0.000     0.000     0.000     0.000     0.000   0   0   0   0   0   0   0     0.000    -0.041     0.027     0.000     0.000     0.000     0.000
   7 0 1 1 0 0 0 0   3   0   0   0   0   0   0    22.185     0.000     0.000     0.000     0.000     0.000     0.000   0   0   0   0   0   0   0     0.000     0.039    -0.025     0.000     0.000     0.000     0.000
   7 0 1 1 0 0 0 0   3   0   0   0   0   0   0    22.185     0.000     0.000     0.000     0.000     0.000     0.000   0   0   0   0   0   0   0     0.000    -0.098     0.063     0.000     0.000     0.000     0.000
   7 0 1 1 0 0 0 0   3   0   0   0   0   0   0    22.185     0.000     0.000     0.000     0.000     0.000     0.000   0   0   0   0   0   0   0     0.000     0.098    -0.063     0.000     0.000     0.000     0.000
   7 0 1 1 0 0 0 0   3   0   0   0   0   0   0    22.185     0.000     0.000     0.000     0.000     0.000     0.000   0   0   0   0   0   0   0     0.000    -0.039     0.025     0.000     0.000     0.000     0.000
   7 0 1 1 0 0 0 0   3   0   0   0   0   0   0    22.185     0.000     0.000     0.000     0.000     0.000     0.000   0   0   0   0   0   0   0     0.000     0.037    -0.023     0.000     0.000     0.000     0.000
   7 0 1 1 0 0 0 0   3   0   0   0   0   0   0    22.185     0.000     0.000     0.000     0.000     0.000     0.000   0   0   0   0   0   0   0     0.000    -0.093     0.059     0.000     0.000     0.000     0.000
   7 0 1 1 0 0 0 0  11   0   0   0   0   0   0    64.484     0.000     0.000     0.000     0.000     0.000     0.000   0   0   0   0   0   0   0     0.000    -0.059     0.093     0.000     0.000     0.000     0.000
   7 0 1 1 0 0 0 0   3   0   0   0   0   0   0    22.185     0.000     0.000     0.000     0.000     0.000     0.000   0   0   0   0   0   0   0     0.000    -0.037     0.023     0.000     0.000     0.000     0.000
   7 0 1 1 0 0 0 0   3   0   0   0   0   0   0    22.185     0.000     0.000     0.000     0.000     0.000     0.000   0   0   0   0   0   0   0     0.000     0.035    -0.022     0.000     0.000     0.000     0.000
   7 0 1 1 0 0 0 0   3   0   0   0   0   0   0    22.185     0.000     0.000     0.000     0.000     0.000     0.000   0   0   0   0   0   0   0     0.000    -0.089     0.055     0.000     0.000     0.000     0.000
   7 0 1 1 0 0 0 0   3   0   0   0   0   0   0    22.185     0.000     0.000     0.000     0.000     0.000     0.000   0   0   0   0   0   0   0     0.000     0.089    -0.055     0.000     0.000     0.000     0.000
   7 0 1 1 0 0 0 0   3   0   0   0   0   0   0    22.185     0.000     0.000     0.000     0.000     0.000     0.000   0   0   0   0   0   0   0     0.000    -0.035     0.022     0.000     0.000     0.000     0.000
   7 0 1 1 0 0 0 0   3   0   0   0   0   0   0    22.185     0.000     0.000     0.000     0.000     0.000     0.000   0   0   0   0   0   0   0     0.000     0.033    -0.020     0.000     0.000     0.000     0.000
   7 0 1 1 0 0 0 0   3   0   0   0   0   0   0    22.185     0.000     0.000     0.000     0.000     0.000     0.000   0   0   0   0   0   0   0     0.000    -0.084     0.051     0.000     0.000     0.000     0.000
   7 0 1 1 0 0 0 0   3   0   0   0   0   0   0    22.185     0.000     0.000     0.000     0.000     0.000     0.000   0   0   0   0   0   0   0     0.000     0.084    -0.051     0.000     0.000     0.000     0.000
   7 0 1 1 0 0 0 0   3   0   0   0   0   0   0    22.185     0.000     0.000     0.000     0.000     0.000     0.000   0   0   0   0   0   0   0     0.000    -0.033     0.020     0.000     0.000     0.000     0.000
   7 0 1 1 0 0 0 0   3   0   0   0   0   0   0    22.185     0.000     0.000     0.000     0.000     0.000     0.000   0   0   0   0   0   0   0     0.000     0.032    -0.019     0.000     0.000     0.000     0.000
   7 0 1 1 0 0 0 0  11   0   0   0   0   0   0    64.484     0.000     0.000     0.000     0.000     0.000     0.000   0   0   0   0   0   0   0     0.000     0.048    -0.080     0.000     0.000     0.000     0.000
   7 0 1 1 0 0 0 0   3   0   0   0   0   0   0    22.185     0.000     0.000     0.000     0.000     0.000     0.000   0   0   0   0   0   0   0     0.000     0.080    -0.048     0.000     0.000     0.000     0.000
   7 0 1 1 0 0 0 0   3   0   0   0   0   0   0    22.185     0.000     0.000     0.000     0.000     0.000     0.000   0   0   0   0   0   0   0     0.000    -0.032     0.019     0.000     0.000     0.000     0.000
   7 0 1 1 0 0 0 0   3   0   0   0   0   0   0    22.185     0.000     0.000     0.000     0.000     0.000     0.000   0   0   0   0   0   0   0     0.000     0.030    -0.018     0.000     0.000     0.000     0.000
   7 0 1 1 0 0 0 0   3   0   0   0   0   0   0    22.185     0.000     0.000     0.000     0.000     0.000     0.000   0   0   0   0   0   0   0     0.000    -0.076     0.045     0.000     0.000     0.000     0.000
   7 0 1 1 0 0 0 0   3   0   0   0   0   0   0    22.185     0.000     0.000     0.000     0.000     0.000     0.000   0   0   0   0   0   0   0     0.000     0.076    -0.045     0.000     0.000     0.000     0.000
   7 0 1 1 0 0 0 0   3   0   0   0   0   0   0    22.185     0.000     0.000     0.000     0.000     0.000     0.000   0   0   0   0   0   0   0     0.000    -0.030     0.018     0.000     0.000     0.000     0.000
   7 0 1 1 0 0 0 0   3   0   0   0   0   0   0    22.185     0.000     0.000     0.000     0.000     0.000     0.000   0   0   0   0   0   0   0     0.000     0.029    -0.017     0.000     0.000     0.000     0.000
   7 0 1 1 0 0 0 0   3   0   0   0   0   0   0    22.185     0.000     0.000     0.000     0.000     0.000     0.000   0   0   0   0   0   0   0     0.000    -0.072     0.042     0.000     0.000     0.000     0.000
   7 0 1 1 0 0 0 0   3   0   0   0   0   0   0    22.185     0.000     0.000     0.000     0.000     0.000     0.000   0   0   0   0   0   0   0     0.000     0.072    -0.042     0.000     0.000     0.000     0.000
   7 0 1 1 0 0 0 0   3   0   0   0   0   0   0    22.185     0.000     0.000     0.000     0.000     0.000     0.000   0   0   0   0   0   0   0     0.000    -0.029     0.017     0.000     0.000     0.000     0.000
   7 0 1 1 0 0 0 0   3   0   0   0   0   0   0    22.185     0.000     0.000     0.000     0.000     0.000     0.000   0   0   0   0   0   0   0     0.000     0.027    -0.015     0.000     0.000     0.000     0.000
   7 0 1 1 0 0 0 0   3   0   0   0   0   0   0    22.185     0.000     0.000     0.000     0.000     0.000     0.000   0   0   0   0   0   0   0     0.000    -0.068     0.039     0.000     0.000     0.000     0.000
   7 0 1 1 0 0 0 0   3   0   0   0   0   0   0    22.185     0.000     0.000     0.000     0.000     0.000     0.000   0   0   0   0   0   0   0     0.000     0.068    -0.039     0.000     0.000     0.000     0.000
   7 0 1 1 0 0 0 0   3   0   0   0   0   0   0    22.185     0.000     0.000     0.000     0.000     0.000     0.000   0   0   0   0   0   0   0     0.000    -0.027     0.015     0.000     0.000     0.000     0.000
   7 0 1 1 0 0 0 0   3   0   0   0   0   0   0    22.185     0.000     0.000     0.000     0.000     0.000     0.000   0   0   0   0   0   0   0     0.000     0.026    -0.014     0.000     0.000     0.000     0.000
   7 0 1 1 0 0 0 0   3   0   0   0   0   0   0    22.185     0.000     0.000     0.000     0.000     0.000     0.000   0   0   0   0   0   0   0     0.000    -0.065     0.036     0.000     0.000     0.000     0.000
   7 0 1 1 0 0 0 0   3   0   0   0   0   0   0    22.185     0.000     0.000     0.000     0.000     0.000     0.000   0   0   0   0   0   0   0     0.000     0.065    -0.036     0.000     0.000     0.000     0.000
   7 0 1 1 0 0 0 0   3   0   0   0   0   0   0    22.185     0.000     0.000     0.000     0.000     0.000     0.000   0   0   0   0   0   0   0     0.000    -0.026     0.014     0.000     0.000     0.000     0.000
   7 0 1 1 0 0 0 0   3   0   0   0   0   0   0    22.185     0.000     0.000     0.000     0.000     0.000     0.000   0   0   0   0   0   0   0     0.000     0.024    -0.013     0.000     0.000     0.000     0.000
   7 0 1 1 0 0 0 0   3   0   0   0   0   0   0    22.185     0.000     0.000     0.000     0.000     0.000     0.000   0   0   0   0   0   0   0     0.000    -0.062     0.034     0.000     0.000     0.000     0.000
   7 0 1 1 0 0 0 0   3   0   0   0   0   0   0    22.185     0.000     0.000     0.000     0.000     0.000     0.000   0   0   0   0   0   0   0     0.000     0.062    -0.034     0.000     0.000     0.000     0.000
   7 0 1 1 0 0 0 0  11   0   0   0   0   0   0    64.484     0.000     0.000     0.000     0.000     0.000     0.000   0   0   0   0   0   0   0     0.000     0.013    -0.024     0.000     0.000     0.000     0.000
   7 0 1 1 0 0 0 0   3   0   0   0   0   0   0    22.185     0.000     0.000     0.000     0.000     0.000     0.000   0   0   0   0   0   0   0     0.000     0.023    -0.013     0.000     0.000     0.000     0.000
   7 0 1 1 0 0 0 0   3   0   0   0   0   0   0    22.185     0.000     0.000     0.000     0.000     0.000     0.000   0   0   0   0   0   0   0     0.000    -0.059     0.032     0.000     0.000     0.000     0.000
   7 0 1 1 0 0 0 0   3   0   0   0   0   0   0    22.185     0.000     0.000     0.000     0.000     0.000     0.000   0   0   0   0   0   0   0     0.000     0.059    -0.032     0.000     0.000     0.000     0.000
   7 0 1 1 0 0 0 0   3   0   0   0   0   0   0    22.185     0.000     0.000     0.000     0.000     0.000     0.000   0   0   0   0   0   0   0     0.000    -0.023     0.013     0.000     0.000     0.000     0.000
   7 0 1 1 0 0 0 0   3   0   0   0   0   0   0    22.185     0.000     0.000     0.000     0.000     0.000     0.000   0   0   0   0   0   0   0     0.000     0.022    -0.012     0.000     0.000     0.000     0.000
   7 0 1 1 0 0 0 0   3   0   0   0   0   0   0    22.185     0.000     0.000     0.000     0.000     0.000     0.000   0   0   0   0   0   0   0     0.000    -0.056     0.030     0.000     0.000     0.000     0.000
   7 0 1 1 0 0 0 0   3   0   0   0   0   0   0    22.185     0.000     0.000     0.000     0.000     0.000     0.000   0   0   0   0   0   0   0     0.000     0.056    -0.030     0.000     0.000     0.000     0.000
   7 0 1 1 0 0 0 0   3   0   0   0   0   0   0    22.185     0.000     0.000     0.000     0.000     0.000     0.000   0   0   0   0   0   0   0     0.000    -0.022     0.012     0.000     0.000     0.000     0.000
   7 0 1 1 0 0 0 0   3   0   0   0   0   0   0    22.185     0.000     0.000     0.000     0.000     0.000     0.000   0   0   0   0   0   0   0     0.000     0.021    -0.011     0.000     0.000     0.000     0.000
   7 0 1 1 0 0 0 0   3   0   0   0   0   0   0    22.185     0.000     0.000     0.000     0.000     0.000     0.000   0   0   0   0   0   0   0     0.000    -0.053     0.028     0.000     0.000     0.000     0.000
   7 0 1 1 0 0 0 0   3   0   0   0   0   0   0    22.185     0.000     0.000     0.000     0.000     0.000     0.000   0   0   0   0   0   0   0     0.000     0.053    -0.028     0.000     0.000     0.000     0.000
   7 0 1 1 0 0 0 0   3   0   0   0   0   0   0    22.185     0.000     0.000     0.000     0.000     0.000     0.000   0   0   0   0   0   0   0     0.000    -0.021     0.011     0.000     0.000     0.000     0.000
   7 0 1 1 0 0 0 0   3   0   0   0   0   0   0    22.185     0.000     0.000     0.000     0.000     0.000     0.000   0   0   0   0   0   0   0     0.000     0.020    -0.010     0.000     0.000     0.000     0.000
   7 0 1 1 0 0 0 0   3   0   0   0   0   0   0    22.185     0.000     0.000     0.000     0.000     0.000     0.000   0   0   0   0   0   0   0     0.000    -0.050     0.026     0.000     0.000     0.000     0.000
   7 0 1 1 0 0 0 0   3   0   0   0   0   0   0    22.185     0.000     0.000     0.000     0.000     0.000     0.000   0   0   0   0   0   0   0     0.000     0.050    -0.026     0.000     0.000     0.000     0.000
   7 0 1 1 0 0 0 0   3   0   0   0   0   0   0    22.185     0.000     0.000     0.000     0.000     0.000     0.000   0   0   0   0   0   0   0     0.000    -0.020     0.010     0.000     0.000     0.000     0.000
   7 0 1 1 0 0 0 0   3   0   0   0   0   0   0    22.185     0.000     0.000     0.000     0.000     0.000     0.000   0   0   0   0   0   0   0     0.000     0.019    -0.010     0.000     0.000     0.000     0.000
   7 0 1 1 0 0 0 0   3   0   0   0   0   0   0    22.185     0.000     0.000     0.000     0.000     0.000     0.000   0   0   0   0   0   0   0     0.000    -0.048     0.024     0.000     0.000     0.000     0.000
   7 0 1 1 0 0 0 0   3   0   0   0   0   0   0    22.185     0.000     0.000     0.000     0.000     0.000     0.000   0   0   0   0   0   0   0     0.000     0.048    -0.024     0.000     0.000     0.000     0.000
   7 0 1 1 0 0 0 0  11   0   0   0   0   0   0    64.484     0.000     0.000     0.000     0.000     0.000     0.000   0   0   0   0   0   0   0     0.000     0.010    -0.019     0.000     0.000     0.000     0.000
   7 0 1 1 0 0 0 0   3   0   0   0   0   0   0    22.185     0.000     0.000     0.000     0.000     0.000     0.000   0   0   0   0   0   0   0     0.000     0.018    -0.009     0.000     0.000     0.000     0.000
   7 0 1 1 0 0 0 0   3   0   0   0   0   0   0    22.185     0.000     0.000     0.000     0.000     0.000     0.000   0   0   0   0   0   0   0     0.000    -0.045     0.022     0.000     0.000     0.000     0.000
   7 0 1 1 0 0 0 0   3   0   0   0   0   0   0    22.185     0.000     0.000     0.000     0.000     0.000     0.000   0   0   0   0   0   0   0     0.000     0.045    -0.022     0.000     0.000     0.000     0.000
   7 0 1 1 0 0 0 0   3   0   0   0   0   0   0    22.185     0.000     0.000     0.000     0.000     0.000     0.000   0   0   0   0   0   0   0     0.000    -0.018     0.009     0.000     0.000     0.000     0.000
   7 0 1 1 0 0 0 0   3   0   0   0   0   0   0    22.185     0.000     0.000     0.000     0.000     0.000     0.000   0   0   0   0   0   0   0     0.000     0.017    -0.008     0.000     0.000     0.000     0.000
   7 0 1 1 0 0 0 0   3   0   0   0   0   0   0    22.185     0.000     0.000     0.000     0.000     0.000     0.000   0   0   0   0   0   0   0     0.000    -0.043     0.021     0.000     0.000     0.000     0.000
   7 0 1 1 0 0 0 0   3   0   0   0   0   0   0    22.185     0.000     0.000     0.000     0.000     0.000     0.000   0   0   0   0   0   0   0     0.000     0.043    -0.021     0.000     0.000     0.000     0.000
   7 0 1 1 0 0 0 0   3   0   0   0   0   0   0    22.185     0.000     0.000     0.000     0.000     0.000     0.000   0   0   0   0   0   0   0     0.000    -0.017     0.008     0.000     0.000     0.000     0.000
   7 0 1 1 0 0 0 0   3   0   0   0   0   0   0    22.185     0.000     0.000     0.000     0.000     0.000     0.000   0   0   0   0   0   0   0     0.000     0.016    -0.008     0.000     0.000     0.000     0.000
   7 0 1 1 0 0 0 0   3   0   0   0   0   0   0    22.185     0.000     0.000     0.000     0.000     0.000     0.000   0   0   0   0   0   0   0     0.000    -0.041     0.020     0.000     0.000     0.000     0.000
   7 0 1 1 0 0 0 0   3   0   0   0   0   0   0    22.185     0.000     0.000     0.000     0.000     0.000     0.000   0   0   0   0   0   0   0     0.000     0.041    -0.020     0.000     0.000     0.000     0.000
   7 0 1 1 0 0 0 0   3   0   0   0   0   0   0    22.185     0.000     0.000     0.000     0.000     0.000     0.000   0   0   0   0   0   0   0     0.000    -0.016     0.008     0.000     0.000     0.000     0.000
   7 0 1 1 0 0 0 0   3   0   0   0   0   0   0    22.185     0.000     0.000     0.000     0.000     0.000     0.000   0   0   0   0   0   0   0     0.000     0.015    -0.007     0.000     0.000     0.000     0.000
   7 0 1 1 0 0 0 0   3   0   0   0   0   0   0    22.185     0.000     0.000     0.000     0.000     0.000     0.000   0   0   0   0   0   0   0     0.000    -0.039     0.018     0.000     0.000     0.000     0.000
   7 0 1 1 0 0 0 0   3   0   0   0   0   0   0    22.185     0.000     0.000     0.000     0.000     0.000     0.000   0   0   0   0   0   0   0     0.000     0.039    -0.018     0.000     0.000     0.000     0.000
   7 0 1 1 0 0 0 0   3   0   0   0   0   0   0    22.185     0.000     0.000     0.000     0.000     0.000     0.000   0   0   0   0   0   0   0     0.000    -0.015     0.007     0.000     0.000     0.000     0.000
   7 0 1 1 0 0 0 0  11   0   0   0   0   0   0    64.484     0.000     0.000     0.000     0.000     0.000     0.000   0   0   0   0   0   0   0     0.000    -0.007     0.015     0.000     0.000     0.000     0.000
   7 0 1 1 0 0 0 0   3   0   0   0   0   0   0    22.185     0.000     0.000     0.000     0.000     0.000     0.000   0   0   0   0   0   0   0     0.000    -0.037     0.017     0.000     0.000     0.000     0.000
   7 0 1 1 0 0 0 0   3   0   0   0   0   0   0    22.185     0.000     0.000     0.000     0.000     0.000     0.000   0   0   0   0   0   0   0     0.000     0.037    -0.017     0.000     0.000     0.000     0.000
   7 0 1 1 0 0 0 0   3   0   0   0   0   0   0    22.185     0.000     0.000     0.000     0.000     0.000     0.000   0   0   0   0   0   0   0     0.000    -0.015     0.007     0.000     0.000     0.000     0.000
   7 0 1 1 0 0 0 0   3   0   0   0   0   0   0    22.185     0.000     0.000     0.000     0.000     0.000     0.000   0   0   0   0   0   0   0     0.000     0.014    -0.006     0.000     0.000     0.000     0.000
   7 0 1 1 0 0 0 0   3   0   0   0   0   0   0    22.185     0.000     0.000     0.000     0.000     0.000     0.000   0   0   0   0   0   0   0     0.000    -0.035     0.016     0.000     0.000     0.000     0.000
   7 0 1 1 0 0 0 0   3   0   0   0   0   0   0    22.185     0.000     0.000     0.000     0.000     0.000     0.000   0   0   0   0   0   0   0     0.000     0.035    -0.016     0.000     0.000     0.000     0.000
   7 0 1 1 0 0 0 0   3   0   0   0   0   0   0    22.185     0.000     0.000     0.000     0.000     0.000     0.000   0   0   0   0   0   0   0     0.000    -0.014     0.006     0.000     0.000     0.000     0.000
   7 0 1 1 0 0 0 0  11   0   0   0   0   0   0    64.484     0.000     0.000     0.000     0.000     0.000     0.000   0   0   0   0   0   0   0     0.000    -0.006     0.013     0.000     0.000     0.000     0.000
   7 0 1 1 0 0 0 0   3   0   0   0   0   0   0    22.185     0.000     0.000     0.000     0.000     0.000     0.000   0   0   0   0   0   0   0     0.000    -0.033     0.015     0.000     0.000     0.000     0.000
   7 0 1 1 0 0 0 0   3   0   0   0   0   0   0    22.185     0.000     0.000     0.000     0.000     0.000     0.000   0   0   0   0   0   0   0     0.000     0.033    -0.015     0.000     0.000     0.000     0.000
   7 0 1 1 0 0 0 0  11   0   0   0   0   0   0    64.484     0.000     0.000     0.000     0.000     0.000     0.000   0   0   0   0   0   0   0     0.000     0.006    -0.013     0.000     0.000     0.000     0.000
   7 0 1 1 0 0 0 0   3   0   0   0   0   0   0    22.185     0.000     0.000     0.000     0.000     0.000     0.000   0   0   0   0   0   0   0     0.000     0.013    -0.005     0.000     0.000     0.000     0.000
   7 0 1 1 0 0 0 0   3   0   0   0   0   0   0    22.185     0.000     0.000     0.000     0.000     0.000     0.000   0   0   0   0   0   0   0     0.000    -0.032     0.014     0.000     0.000     0.000     0.000
   7 0 1 1 0 0 0 0   3   0   0   0   0   0   0    22.185     0.000     0.000     0.000     0.000     0.000     0.000   0   0   0   0   0   0   0     0.000     0.032    -0.014     0.000     0.000     0.000     0.000
   7 0 1 1 0 0 0 0   3   0   0   0   0   0   0    22.185     0.000     0.000     0.000     0.000     0.000     0.000   0   0   0   0   0   0   0     0.000    -0.013     0.005     0.000     0.000     0.000     0.000
   7 0 1 1 0 0 0 0   3   0   0   0   0   0   0    22.185     0.000     0.000     0.000     0.000     0.000     0.000   0   0   0   0   0   0   0     0.000     0.012    -0.005     0.000     0.000     0.000     0.000
   7 0 1 1 0 0 0 0   3   0   0   0   0   0   0    22.185     0.000     0.000     0.000     0.000     0.000     0.000   0   0   0   0   0   0   0     0.000    -0.030     0.013     0.000     0.000     0.000     0.000
   7 0 1 1 0 0 0 0   3   0   0   0   0   0   0    22.185     0.000     0.000     0.000     0.000     0.000     0.000   0   0   0   0   0   0   0     0.000     0.030    -0.013     0.000     0.000     0.000     0.000
   7 0 1 1 0 0 0 0   3   0   0   0   0   0   0    22.185     0.000     0.000     0.000     0.000     0.000     0.000   0   0   0   0   0   0   0     0.000    -0.012     0.005     0.000     0.000     0.000     0.000
   7 0 1 1 0 0 0 0   3   0   0   0   0   0   0    22.185     0.000     0.000     0.000     0.000     0.000     0.000   0   0   0   0   0   0   0     0.000     0.011    -0.005     0.000     0.000     0.000     0.000
   7 0 1 1 0 0 0 0   3   0   0   0   0   0   0    22.185     0.000     0.000     0.000     0.000     0.000     0.000   0   0   0   0   0   0   0     0.000    -0.029     0.012     0.000     0.000     0.000     0.000
   7 0 1 1 0 0 0 0   3   0   0   0   0   0   0    22.185     0.000     0.000     0.000     0.000     0.000     0.000   0   0   0   0   0   0   0     0.000     0.029    -0.012     0.000     0.000     0.000     0.000
   7 0 1 1 0 0 0 0   3   0   0   0   0   0   0    22.185     0.000     0.000     0.000     0.000     0.000     0.000   0   0   0   0   0   0   0     0.000    -0.011     0.005     0.000     0.000     0.000     0.000
   7 0 1 1 0 0 0 0   3   0   0   0   0   0   0    22.185     0.000     0.000     0.000     0.000     0.000     0.000   0   0   0   0   0   0   0     0.000     0.011    -0.004     0.000     0.000     0.000     0.000
   7 0 1 1 0 0 0 0   3   0   0   0   0   0   0    22.185     0.000     0.000     0.000     0.000     0.000     0.000   0   0   0   0   0   0   0     0.000    -0.027     0.011     0.000     0.000     0.000     0.000
   7 0 1 1 0 0 0 0   3   0   0   0   0   0   0    22.185     0.000     0.000     0.000     0.000     0.000     0.000   0   0   0   0   0   0   0     0.000     0.027    -0.011     0.000     0.000     0.000     0.000
   7 0 1 1 0 0 0 0   3   0   0   0   0   0   0    22.185     0.000     0.000     0.000     0.000     0.000     0.000   0   0   0   0   0   0   0     0.000    -0.011     0.004     0.000     0.000     0.000     0.000
   7 0 1 1 0 0 0 0   3   0   0   0   0   0   0    22.185     0.000     0.000     0.000     0.000     0.000     0.000   0   0   0   0   0   0   0     0.000     0.010    -0.004     0.000     0.000     0.000     0.000
   7 0 1 1 0 0 0 0   3   0   0   0   0   0   0    22.185     0.000     0.000     0.000     0.000     0.000     0.000   0   0   0   0   0   0   0     0.000    -0.026     0.010     0.000     0.000     0.000     0.000
   7 0 1 1 0 0 0 0   3   0   0   0   0   0   0    22.185     0.000     0.000     0.000     0.000     0.000     0.000   0   0   0   0   0   0   0     0.000     0.026    -0.010     0.000     0.000     0.000     0.000
   7 0 1 1 0 0 0 0   3   0   0   0   0   0   0    22.185     0.000     0.000     0.000     0.000     0.000     0.000   0   0   0   0   0   0   0     0.000    -0.010     0.004     0.000     0.000     0.000     0.000
   7 0 1 1 0 0 0 0   3   0   0   0   0   0   0    22.185     0.000     0.000     0.000     0.000     0.000     0.000   0   0   0   0   0   0   0     0.000     0.010    -0.004     0.000     0.000     0.000     0.000
   7 0 1 1 0 0 0 0  11   0   0   0   0   0   0    64.484     0.000     0.000     0.000     0.000     0.000     0.000   0   0   0   0   0   0   0     0.000     0.010    -0.025     0.000     0.000     0.000     0.000
   7 0 1 1 0 0 0 0  11   0   0   0   0   0   0    64.484     0.000     0.000     0.000     0.000     0.000     0.000   0   0   0   0   0   0   0     0.000    -0.010     0.025     0.000     0.000     0.000     0.000
   7 0 1 1 0 0 0 0   3   0   0   0   0   0   0    22.185     0.000     0.000     0.000     0.000     0.000     0.000   0   0   0   0   0   0   0     0.000    -0.010     0.004     0.000     0.000     0.000     0.000
   7 0 1 1 0 0 0 0   3   0   0   0   0   0   0    22.185     0.000     0.000     0.000     0.000     0.000     0.000   0   0   0   0   0   0   0     0.000     0.009    -0.004     0.000     0.000     0.000     0.000
   7 0 1 1 0 0 0 0   3   0   0   0   0   0   0    22.185     0.000     0.000     0.000     0.000     0.000     0.000   0   0   0   0   0   0   0     0.000    -0.023     0.009     0.000     0.000     0.000     0.000
   7 0 1 1 0 0 0 0   3   0   0   0   0   0   0    22.185     0.000     0.000     0.000     0.000     0.000     0.000   0   0   0   0   0   0   0     0.000     0.023    -0.009     0.000     0.000     0.000     0.000
   7 0 1 1 0 0 0 0  11   0   0   0   0   0   0    64.484     0.000     0.000     0.000     0.000     0.000     0.000   0   0   0   0   0   0   0     0.000     0.004    -0.009     0.000     0.000     0.000     0.000
   7 0 1 1 0 0 0 0  11   0   0   0   0   0   0    64.484     0.000     0.000     0.000     0.000     0.000     0.000   0   0   0   0   0   0   0     0.000    -0.003     0.009     0.000     0.000     0.000     0.000
   7 0 1 1 0 0 0 0   3   0   0   0   0   0   0    22.185     0.000     0.000     0.000     0.000     0.000     0.000   0   0   0   0   0   0   0     0.000    -0.022     0.009     0.000     0.000     0.000     0.000
   7 0 1 1 0 0 0 0   3   0   0   0   0   0   0    22.185     0.000     0.000     0.000     0.000     0.000     0.000   0   0   0   0   0   0   0     0.000     0.022    -0.009     0.000     0.000     0.000     0.000
   7 0 1 1 0 0 0 0   3   0   0   0   0   0   0    22.185     0.000     0.000     0.000     0.000     0.000     0.000   0   0   0   0   0   0   0     0.000    -0.009     0.003     0.000     0.000     0.000     0.000
   7 0 1 1 0 0 0 0   3   0   0   0   0   0   0    22.185     0.000     0.000     0.000     0.000     0.000     0.000   0   0   0   0   0   0   0     0.000     0.008    -0.003     0.000     0.000     0.000     0.000
   7 0 1 1 0 0 0 0   3   0   0   0   0   0   0    22.185     0.000     0.000     0.000     0.000     0.000     0.000   0   0   0   0   0   0   0     0.000    -0.021     0.008     0.000     0.000     0.000     0.000
   7 0 1 1 0 0 0 0   3   0   0   0   0   0   0    22.185     0.000     0.000     0.000     0.000     0.000     0.000   0   0   0   0   0   0   0     0.000     0.021    -0.008     0.000     0.000     0.000     0.000
   7 0 1 1 0 0 0 0   3   0   0   0   0   0   0    22.185     0.000     0.000     0.000     0.000     0.000     0.000   0   0   0   0   0   0   0     0.000    -0.008     0.003     0.000     0.000     0.000     0.000
   7 0 1 1 0 0 0 0   3   0   0   0   0   0   0    22.185     0.000     0.000     0.000     0.000     0.000     0.000   0   0   0   0   0   0   0     0.000     0.008    -0.003     0.000     0.000     0.000     0.000
   7 0 1 1 0 0 0 0   3   0   0   0   0   0   0    22.185     0.000     0.000     0.000     0.000     0.000     0.000   0   0   0   0   0   0   0     0.000    -0.020     0.007     0.000     0.000     0.000     0.000
   7 0 1 1 0 0 0 0   3   0   0   0   0   0   0    22.185     0.000     0.000     0.000     0.000     0.000     0.000   0   0   0   0   0   0   0     0.000     0.020    -0.007     0.000     0.000     0.000     0.000
   7 0 1 1 0 0 0 0   3   0   0   0   0   0   0    22.185     0.000     0.000     0.000     0.000     0.000     0.000   0   0   0   0   0   0   0     0.000    -0.008     0.003     0.000     0.000     0.000     0.000
   7 0 1 1 0 0 0 0   3   0   0   0   0   0   0    22.185     0.000     0.000     0.000     0.000     0.000     0.000   0   0   0   0   0   0   0     0.000     0.008    -0.003     0.000     0.000     0.000     0.000
   7 0 1 1 0 0 0 0   3   0   0   0   0   0   0    22.185     0.000     0.000     0.000     0.000     0.000     0.000   0   0   0   0   0   0   0     0.000    -0.019     0.007     0.000     0.000     0.000     0.000
   7 0 1 1 0 0 0 0   3   0   0   0   0   0   0    22.185     0.000     0.000     0.000     0.000     0.000     0.000   0   0   0   0   0   0   0     0.000     0.019    -0.007     0.000     0.000     0.000     0.000
   7 0 1 1 0 0 0 0   3   0   0   0   0   0   0    22.185     0.000     0.000     0.000     0.000     0.000     0.000   0   0   0   0   0   0   0     0.000    -0.008     0.003     0.000     0.000     0.000     0.000
   7 0 1 1 0 0 0 0  11   0   0   0   0   0   0    64.484     0.000     0.000     0.000     0.000     0.000     0.000   0   0   0   0   0   0   0     0.000    -0.003     0.007     0.000     0.000     0.000     0.000
   7 0 1 1 0 0 0 0   3   0   0   0   0   0   0    22.185     0.000     0.000     0.000     0.000     0.000     0.000   0   0   0   0   0   0   0     0.000    -0.018     0.006     0.000     0.000     0.000     0.000
   7 0 1 1 0 0 0 0   3   0   0   0   0   0   0    22.185     0.000     0.000     0.000     0.000     0.000     0.000   0   0   0   0   0   0   0     0.000     0.018    -0.006     0.000     0.000     0.000     0.000
   7 0 1 1 0 0 0 0   3   0   0   0   0   0   0    22.185     0.000     0.000     0.000     0.000     0.000     0.000   0   0   0   0   0   0   0     0.000    -0.007     0.003     0.000     0.000     0.000     0.000
   7 0 1 1 0 0 0 0   3   0   0   0   0   0   0    22.185     0.000     0.000     0.000     0.000     0.000     0.000   0   0   0   0   0   0   0     0.000     0.007    -0.002     0.000     0.000     0.000     0.000
   7 0 1 1 0 0 0 0   3   0   0   0   0   0   0    22.185     0.000     0.000     0.000     0.000     0.000     0.000   0   0   0   0   0   0   0     0.000    -0.017     0.006     0.000     0.000     0.000     0.000
   7 0 1 1 0 0 0 0   3   0   0   0   0   0   0    22.185     0.000     0.000     0.000     0.000     0.000     0.000   0   0   0   0   0   0   0     0.000     0.017    -0.006     0.000     0.000     0.000     0.000
   7 0 1 1 0 0 0 0   3   0   0   0   0   0   0    22.185     0.000     0.000     0.000     0.000     0.000     0.000   0   0   0   0   0   0   0     0.000    -0.007     0.002     0.000     0.000     0.000     0.000
   7 0 1 1 0 0 0 0   3   0   0   0   0   0   0    22.185     0.000     0.000     0.000     0.000     0.000     0.000   0   0   0   0   0   0   0     0.000     0.006    -0.002     0.000     0.000     0.000     0.000
   7 0 1 1 0 0 0 0   3   0   0   0   0   0   0    22.185     0.000     0.000     0.000     0.000     0.000     0.000   0   0   0   0   0   0   0     0.000    -0.016     0.006     0.000     0.000     0.000     0.000
   7 0 1 1 0 0 0 0   3   0   0   0   0   0   0    22.185     0.000     0.000     0.000     0.000     0.000     0.000   0   0   0   0   0   0   0     0.000     0.016    -0.006     0.000     0.000     0.000     0.000
   7 0 1 1 0 0 0 0   3   0   0   0   0   0   0    22.185     0.000     0.000     0.000     0.000     0.000     0.000   0   0   0   0   0   0   0     0.000    -0.006     0.002     0.000     0.000     0.000     0.000
   7 0 1 1 0 0 0 0   3   0   0   0   0   0   0    22.185     0.000     0.000     0.000     0.000     0.000     0.000   0   0   0   0   0   0   0     0.000     0.006    -0.002     0.000     0.000     0.000     0.000
   7 0 1 1 0 0 0 0   3   0   0   0   0   0   0    22.185     0.000     0.000     0.000     0.000     0.000     0.000   0   0   0   0   0   0   0     0.000    -0.015     0.005     0.000     0.000     0.000     0.000
   7 0 1 1 0 0 0 0   3   0   0   0   0   0   0    22.185     0.000     0.000     0.000     0.000     0.000     0.000   0   0   0   0   0   0   0     0.000     0.015    -0.005     0.000     0.000     0.000     0.000
   7 0 1 1 0 0 0 0  11   0   0   0   0   0   0    64.484     0.000     0.000     0.000     0.000     0.000     0.000   0   0   0   0   0   0   0     0.000     0.002    -0.006     0.000     0.000     0.000     0.000
   7 0 1 1 0 0 0 0   3   0   0   0   0   0   0    22.185     0.000     0.000     0.000     0.000     0.000     0.000   0   0   0   0   0   0   0     0.000     0.006    -0.002     0.000     0.000     0.000     0.000
   7 0 1 1 0 0 0 0  11   0   0   0   0   0   0    64.484     0.000     0.000     0.000     0.000     0.000     0.000   0   0   0   0   0   0   0     0.000     0.005    -0.015     0.000     0.000     0.000     0.000
   7 0 1 1 0 0 0 0  11   0   0   0   0   0   0    64.484     0.000     0.000     0.000     0.000     0.000     0.000   0   0   0   0   0   0   0     0.000    -0.005     0.015     0.000     0.000     0.000     0.000
   7 0 1 1 0 0 0 0   3   0   0   0   0   0   0    22.185     0.000     0.000     0.000     0.000     0.000     0.000   0   0   0   0   0   0   0     0.000    -0.006     0.002     0.000     0.000     0.000     0.000
   7 0 1 1 0 0 0 0   3   0   0   0   0   0   0    22.185     0.000     0.000     0.000     0.000     0.000     0.000   0   0   0   0   0   0   0     0.000     0.006    -0.002     0.000     0.000     0.000     0.000
   7 0 1 1 0 0 0 0   3   0   0   0   0   0   0    22.185     0.000     0.000     0.000     0.000     0.000     0.000   0   0   0   0   0   0   0     0.000    -0.014     0.005     0.000     0.000     0.000     0.000
   7 0 1 1 0 0 0 0   3   0   0   0   0   0   0    22.185     0.000     0.000     0.000     0.000     0.000     0.000   0   0   0   0   0   0   0     0.000     0.014    -0.005     0.000     0.000     0.000     0.000
   7 0 1 1 0 0 0 0   3   0   0   0   0   0   0    22.185     0.000     0.000     0.000     0.000     0.000     0.000   0   0   0   0   0   0   0     0.000    -0.006     0.002     0.000     0.000     0.000     0.000
   7 0 1 1 0 0 0 0   3   0   0   0   0   0   0    22.185     0.000     0.000     0.000     0.000     0.000     0.000   0   0   0   0   0   0   0     0.000     0.005    -0.002     0.000     0.000     0.000     0.000
   7 0 1 1 0 0 0 0   3   0   0   0   0   0   0    22.185     0.000     0.000     0.000     0.000     0.000     0.000   0   0   0   0   0   0   0     0.000    -0.013     0.004     0.000     0.000     0.000     0.000
   7 0 1 1 0 0 0 0   3   0   0   0   0   0   0    22.185     0.000     0.000     0.000     0.000     0.000     0.000   0   0   0   0   0   0   0     0.000     0.013    -0.004     0.000     0.000     0.000     0.000
   7 0 1 1 0 0 0 0   3   0   0   0   0   0   0    22.185     0.000     0.000     0.000     0.000     0.000     0.000   0   0   0   0   0   0   0     0.000    -0.005     0.002     0.000     0.000     0.000     0.000
   7 0 1 1 0 0 0 0   3   0   0   0   0   0   0    22.185     0.000     0.000     0.000     0.000     0.000     0.000   0   0   0   0   0   0   0     0.000     0.005    -0.002     0.000     0.000     0.000     0.000
   7 0 1 1 0 0 0 0   3   0   0   0   0   0   0    22.185     0.000     0.000     0.000     0.000     0.000     0.000   0   0   0   0   0   0   0     0.000    -0.013     0.004     0.000     0.000     0.000     0.000
   7 0 1 1 0 0 0 0   3   0   0   0   0   0   0    22.185     0.000     0.000     0.000     0.000     0.000     0.000   0   0   0   0   0   0   0     0.000     0.013    -0.004     0.000     0.000     0.000     0.000
   7 0 1 1 0 0 0 0   3   0   0   0   0   0   0    22.185     0.000     0.000     0.000     0.000     0.000     0.000   0   0   0   0   0   0   0     0.000    -0.005     0.002     0.000     0.000     0.000     0.000
   7 0 1 1 0 0 0 0   3   0   0   0   0   0   0    22.185     0.000     0.000     0.000     0.000     0.000     0.000   0   0   0   0   0   0   0     0.000     0.005    -0.001     0.000     0.000     0.000     0.000
   7 0 1 1 0 0 0 0   3   0   0   0   0   0   0    22.185     0.000     0.000     0.000     0.000     0.000     0.000   0   0   0   0   0   0   0     0.000    -0.012     0.004     0.000     0.000     0.000     0.000
   7 0 1 1 0 0 0 0   3   0   0   0   0   0   0    22.185     0.000     0.000     0.000     0.000     0.000     0.000   0   0   0   0   0   0   0     0.000     0.012    -0.004     0.000     0.000     0.000     0.000
   7 0 1 1 0 0 0 0   3   0   0   0   0   0   0    22.185     0.000     0.000     0.000     0.000     0.000     0.000   0   0   0   0   0   0   0     0.000    -0.005     0.001     0.000     0.000     0.000     0.000
   7 0 1 1 0 0 0 0   3   0   0   0   0   0   0    22.185     0.000     0.000     0.000     0.000     0.000     0.000   0   0   0   0   0   0   0     0.000     0.005    -0.001     0.000     0.000     0.000     0.000
   7 0 1 1 0 0 0 0   3   0   0   0   0   0   0    22.185     0.000     0.000     0.000     0.000     0.000     0.000   0   0   0   0   0   0   0     0.000    -0.011     0.003     0.000     0.000     0.000     0.000
   7 0 1 1 0 0 0 0   3   0   0   0   0   0   0    22.185     0.000     0.000     0.000     0.000     0.000     0.000   0   0   0   0   0   0   0     0.000     0.011    -0.003     0.000     0.000     0.000     0.000
   7 0 1 1 0 0 0 0   3   0   0   0   0   0   0    22.185     0.000     0.000     0.000     0.000     0.000     0.000   0   0   0   0   0   0   0     0.000    -0.005     0.001     0.000     0.000     0.000     0.000
