  240
   1 1   0     0.000   0     4.882
   1 1   0     0.000   0     5.578
   1 1   0     0.000   0     5.899
   1 1   0     0.000   0     6.263
   7 0 0 1 1 1 0 0  22   0   0   0   0   0   0     5.316    20.855     0.000     0.000     0.000     0.000     0.000   0   0   0   0   0   0   0     0.000     0.000     0.707     0.002    -0.059     0.000     0.000
   7 0 1 0 1 1 1 1   0   0   0   0   0   0   0    20.572    20.855    20.878     0.000     0.000     0.000     0.000   0   0   0   0   0   0   0     0.000    -0.093     0.707     0.002    -0.059     0.097     0.004
   7 0 1 0 1 1 1 1   0   0   2   0   0   0   0    20.878    20.855    23.400     0.000     0.000     0.000     0.000   0   0   0   0   0   0   0     0.000    -0.182     0.707     0.002    -0.059     0.017     0.060
   7 0 0 1 1 1 1 1  22  11   2   0   0   0   0     5.316    50.669    23.400     0.000     0.000     0.000     0.000   0   0   0   0   0   0   0     0.000    -0.182    -0.693     0.096     0.036     0.017     0.060
   7 0 0 1 1 1 1 1  22   0   2   0   0   0   0     5.316    20.855    23.400     0.000     0.000     0.000     0.000   0   0   0   0   0   0   0     0.000    -0.182     0.672     0.002    -0.053     0.017     0.060
   7 0 1 0 1 1 1 1   0   0  11   0   0   0   0    20.572    20.855    51.749     0.000     0.000     0.000     0.000   0   0   0   0   0   0   0     0.000    -0.087     0.672     0.002    -0.053     0.003     0.092
   7 0 0 0 1 1 1 1   0   0   2   0   0   0   0    20.878    20.572    23.400     0.000     0.000     0.000     0.000   0   0   0   0   0   0   0     0.000    -0.087     0.672    -0.077    -0.222     0.015     0.055
   7 0 0 1 1 1 1 1  22  11   2   0   0   0   0     5.316    50.775    23.400     0.000     0.000     0.000     0.000   0   0   0   0   0   0   0     0.000    -0.087    -0.658     0.079     0.028     0.015     0.055
   7 0 0 1 1 1 1 1  22  11   2   0   0   0   0     5.316    51.834    23.400     0.000     0.000     0.000     0.000   0   0   0   0   0   0   0     0.000    -0.087     0.638    -0.048     0.001     0.015     0.055
   7 0 1 0 1 1 1 1   0  11   0   0   0   0   0    20.572    51.834    20.878     0.000     0.000     0.000     0.000   0   0   0   0   0   0   0     0.000    -0.081     0.638    -0.048     0.001     0.088     0.003
   7 0 0 0 1 1 1 1   0   0   2   0   0   0   0    20.878    20.572    23.400     0.000     0.000     0.000     0.000   0   0   0   0   0   0   0     0.000    -0.081     0.638    -0.072    -0.211     0.014     0.051
   7 0 0 1 1 1 1 1  22   2   2   0   0   0   0     5.316    23.400    23.400     0.000     0.000     0.000     0.000   0   0   0   0   0   0   0     0.000    -0.081    -0.626     0.029     0.081     0.014     0.051
   7 0 0 1 1 1 1 1  22  11   2   0   0   0   0     5.316    51.834    23.400     0.000     0.000     0.000     0.000   0   0   0   0   0   0   0     0.000    -0.081     0.606    -0.044     0.001     0.014     0.051
   7 0 1 0 1 1 1 1   0  11   0   0   0   0   0    20.572    51.834    20.878     0.000     0.000     0.000     0.000   0   0   0   0   0   0   0     0.000    -0.076     0.606    -0.044     0.001     0.083     0.003
   7 0 0 0 1 1 1 1   0   0  11   0   0   0   0    20.878    20.572    50.837     0.000     0.000     0.000     0.000   0   0   0   0   0   0   0     0.000    -0.076     0.606    -0.067    -0.200     0.032    -0.000
   7 0 0 1 1 1 1 1  22   2  11   0   0   0   0     5.316    23.400    50.837     0.000     0.000     0.000     0.000   0   0   0   0   0   0   0     0.000    -0.076    -0.594     0.026     0.074     0.032    -0.000
   7 0 0 1 1 1 1 1  22   0  11   0   0   0   0     5.316    20.855    50.837     0.000     0.000     0.000     0.000   0   0   0   0   0   0   0     0.000    -0.076     0.576     0.001    -0.040     0.032    -0.000
   7 0 1 0 1 1 1 1   0   0   0   0   0   0   0    20.572    20.855    20.878     0.000     0.000     0.000     0.000   0   0   0   0   0   0   0     0.000    -0.070     0.576     0.001    -0.040     0.079     0.002
   7 0 0 0 1 1 1 1   0   0   2   0   0   0   0    20.878    20.572    23.400     0.000     0.000     0.000     0.000   0   0   0   0   0   0   0     0.000    -0.070     0.576    -0.062    -0.190     0.011     0.043
   7 0 0 1 1 1 1 1  22  23   2   0   0   0   0     5.316     5.828    23.400     0.000     0.000     0.000     0.000   0   0   0   0   0   0   0     0.000    -0.070    -0.565     0.001     0.047     0.011     0.043
   7 0 0 1 1 1 1 1  22   0   2   0   0   0   0     5.316    20.855    23.400     0.000     0.000     0.000     0.000   0   0   0   0   0   0   0     0.000    -0.070     0.547     0.001    -0.036     0.011     0.043
   7 0 1 0 1 1 1 1   0   0  22   0   0   0   0    20.572    20.855     5.091     0.000     0.000     0.000     0.000   0   0   0   0   0   0   0     0.000    -0.066     0.547     0.001    -0.036    -0.002     0.048
   7 0 0 0 1 1 1 1   0  11   1   0   0   0   0    20.878    52.519    22.380     0.000     0.000     0.000     0.000   0   0   0   0   0   0   0     0.000    -0.066     0.547    -0.181    -0.058     0.009     0.038
   7 0 0 1 1 1 1 1  22  23   1   0   0   0   0     5.316     5.886    22.380     0.000     0.000     0.000     0.000   0   0   0   0   0   0   0     0.000    -0.066    -0.536     0.018     0.059     0.009     0.038
   7 0 0 1 1 1 1 1  22   0   1   0   0   0   0     5.316    20.855    22.380     0.000     0.000     0.000     0.000   0   0   0   0   0   0   0     0.000    -0.066     0.520     0.001    -0.032     0.009     0.038
   7 0 1 0 1 1 1 1   0   0   0   0   0   0   0    20.572    20.855    20.878     0.000     0.000     0.000     0.000   0   0   0   0   0   0   0     0.000    -0.061     0.520     0.001    -0.032     0.073     0.002
   7 0 0 0 1 1 1 1   0   0   6   0   0   0   0    20.878    20.572    21.056     0.000     0.000     0.000     0.000   0   0   0   0   0   0   0     0.000    -0.061     0.520    -0.054    -0.172    -0.004     0.024
   7 0 0 1 1 1 1 1  22   2   6   0   0   0   0     5.316    23.400    21.056     0.000     0.000     0.000     0.000   0   0   0   0   0   0   0     0.000    -0.061    -0.510     0.018     0.059    -0.004     0.024
   7 0 0 1 1 1 1 1  22  11   6   0   0   0   0     5.316    51.834    21.056     0.000     0.000     0.000     0.000   0   0   0   0   0   0   0     0.000    -0.061     0.494    -0.029     0.001    -0.004     0.024
   7 0 1 0 1 1 1 1   0  11   0   0   0   0   0    20.572    51.834    20.878     0.000     0.000     0.000     0.000   0   0   0   0   0   0   0     0.000    -0.057     0.494    -0.029     0.001     0.069     0.002
   7 0 0 0 1 1 1 1   0   0   1   0   0   0   0    20.878    20.572    22.444     0.000     0.000     0.000     0.000   0   0   0   0   0   0   0     0.000    -0.057     0.494    -0.051    -0.163     0.010     0.043
   7 0 0 1 1 1 1 1  22  22   1   0   0   0   0     5.316     5.049    22.444     0.000     0.000     0.000     0.000   0   0   0   0   0   0   0     0.000    -0.057    -0.484     0.000     0.037     0.010     0.043
   7 0 0 1 1 1 1 1  22   0   1   0   0   0   0     5.316    20.855    22.444     0.000     0.000     0.000     0.000   0   0   0   0   0   0   0     0.000    -0.057     0.469     0.001    -0.026     0.010     0.043
   7 0 1 0 1 1 1 1   0   0   0   0   0   0   0    20.572    20.855    20.878     0.000     0.000     0.000     0.000   0   0   0   0   0   0   0     0.000    -0.053     0.469     0.001    -0.026     0.066     0.001
   7 0 0 0 1 1 1 1   0  11   2   0   0   0   0    20.878    52.519    23.400     0.000     0.000     0.000     0.000   0   0   0   0   0   0   0     0.000    -0.053     0.469    -0.155    -0.047     0.007     0.032
   7 0 0 1 1 1 1 1  22   2   2   0   0   0   0     5.316    23.400    23.400     0.000     0.000     0.000     0.000   0   0   0   0   0   0   0     0.000    -0.053    -0.460     0.014     0.050     0.007     0.032
   7 0 0 1 1 1 1 1  22   0   2   0   0   0   0     5.316    20.855    23.400     0.000     0.000     0.000     0.000   0   0   0   0   0   0   0     0.000    -0.053     0.446     0.001    -0.024     0.007     0.032
   7 0 1 0 1 1 1 1   0   0  22   0   0   0   0    20.572    20.855     5.091     0.000     0.000     0.000     0.000   0   0   0   0   0   0   0     0.000    -0.050     0.446     0.001    -0.024    -0.002     0.040
   7 0 0 0 1 1 1 1  11  23   0   0   0   0   0    51.749     5.854    20.572     0.000     0.000     0.000     0.000   0   0   0   0   0   0   0     0.000    -0.050     0.446    -0.002     0.021    -0.044    -0.147
   7 0 0 1 1 1 1 1  22   1   0   0   0   0   0     5.316    22.444    20.572     0.000     0.000     0.000     0.000   0   0   0   0   0   0   0     0.000    -0.050    -0.437     0.015     0.058    -0.044    -0.147
   7 0 1 0 1 1 1 1  30   1  20   0   0   0   0     5.659    22.444    59.421     0.000     0.000     0.000     0.000   0   0   0   0   0   0   0     0.000     0.423    -0.437     0.015     0.058    -0.023    -0.004
   7 0 0 1 1 1 1 1  22   0  20   0   0   0   0     5.316    20.855    59.421     0.000     0.000     0.000     0.000   0   0   0   0   0   0   0     0.000     0.423     0.060    -0.047     0.001    -0.023    -0.004
   7 0 0 0 1 1 1 1   0   0   1   0   0   0   0    20.878    20.572    22.444     0.000     0.000     0.000     0.000   0   0   0   0   0   0   0     0.000     0.423     0.060    -0.041    -0.140     0.007     0.036
   7 0 0 1 1 1 1 1  22  23   1   0   0   0   0     5.316     5.828    22.444     0.000     0.000     0.000     0.000   0   0   0   0   0   0   0     0.000     0.423    -0.415    -0.005     0.028     0.007     0.036
   7 0 0 1 1 1 1 1  22   1   1   0   0   0   0     5.316    22.335    22.444     0.000     0.000     0.000     0.000   0   0   0   0   0   0   0     0.000     0.423     0.402    -0.006    -0.021     0.007     0.036
   7 0 0 1 1 1 1 1  22   0   1   0   0   0   0     5.316    20.855    22.444     0.000     0.000     0.000     0.000   0   0   0   0   0   0   0     0.000     0.423     0.057    -0.043     0.001     0.007     0.036
   7 0 0 0 1 1 1 1   0  11   1   0   0   0   0    20.878    52.519    22.444     0.000     0.000     0.000     0.000   0   0   0   0   0   0   0     0.000     0.423     0.057    -0.133    -0.039     0.006     0.033
   7 0 0 1 1 1 1 1  22   1   1   0   0   0   0     5.316    22.444    22.444     0.000     0.000     0.000     0.000   0   0   0   0   0   0   0     0.000     0.423    -0.394     0.012     0.051     0.006     0.033
   7 0 0 1 1 1 1 1  22  11   1   0   0   0   0     5.316    51.834    22.444     0.000     0.000     0.000     0.000   0   0   0   0   0   0   0     0.000     0.423     0.382    -0.018     0.002     0.006     0.033
   7 0 0 1 1 1 1 1  22   0   1   0   0   0   0     5.316    20.855    22.444     0.000     0.000     0.000     0.000   0   0   0   0   0   0   0     0.000     0.423     0.054    -0.041     0.001     0.006     0.033
   7 0 0 0 1 1 1 1   0  11   6   0   0   0   0    20.878    52.519    21.056     0.000     0.000     0.000     0.000   0   0   0   0   0   0   0     0.000     0.423     0.054    -0.126    -0.036    -0.006     0.015
   7 0 0 1 1 1 1 1  22  11   6   0   0   0   0     5.316    50.814    21.056     0.000     0.000     0.000     0.000   0   0   0   0   0   0   0     0.000     0.423    -0.375     0.027     0.000    -0.006     0.015
   7 0 0 1 1 1 1 1  22  18   6   0   0   0   0     5.316    41.903    21.056     0.000     0.000     0.000     0.000   0   0   0   0   0   0   0     0.000     0.423     0.363    -0.017    -0.005    -0.006     0.015
   7 0 0 1 1 1 1 1  22   0   6   0   0   0   0     5.316    20.855    21.056     0.000     0.000     0.000     0.000   0   0   0   0   0   0   0     0.000     0.423     0.052    -0.038     0.001    -0.006     0.015
   7 0 0 0 1 1 1 1   0  11   1   0   0   0   0    20.878    52.519    22.444     0.000     0.000     0.000     0.000   0   0   0   0   0   0   0     0.000     0.423     0.052    -0.120    -0.034     0.005     0.029
   7 0 0 1 1 1 1 1  22   1   1   0   0   0   0     5.316    22.444    22.444     0.000     0.000     0.000     0.000   0   0   0   0   0   0   0     0.000     0.423    -0.356     0.009     0.045     0.005     0.029
   7 0 0 1 1 1 1 1  22   0   1   0   0   0   0     5.316    20.855    22.444     0.000     0.000     0.000     0.000   0   0   0   0   0   0   0     0.000     0.423     0.345     0.002    -0.015     0.005     0.029
   7 0 0 1 1 1 1 1  22  11   1   0   0   0   0     5.316    50.915    22.444     0.000     0.000     0.000     0.000   0   0   0   0   0   0   0     0.000     0.423     0.049     0.003    -0.023     0.005     0.029
   7 0 0 0 1 1 1 1   0   0  11   0   0   0   0    20.878    20.572    50.775     0.000     0.000     0.000     0.000   0   0   0   0   0   0   0     0.000     0.423     0.049    -0.031    -0.114     0.018     0.001
   7 0 0 1 1 1 1 1  22   1  11   0   0   0   0     5.316    22.444    50.775     0.000     0.000     0.000     0.000   0   0   0   0   0   0   0     0.000     0.423    -0.338     0.009     0.042     0.018     0.001
   7 0 0 1 1 1 1 1  22  18  11   0   0   0   0     5.316    41.903    50.775     0.000     0.000     0.000     0.000   0   0   0   0   0   0   0     0.000     0.423     0.328    -0.014    -0.004     0.018     0.001
   7 0 0 1 1 1 1 1  22   0  11   0   0   0   0     5.316    20.855    50.775     0.000     0.000     0.000     0.000   0   0   0   0   0   0   0     0.000     0.423     0.047    -0.034     0.001     0.018     0.001
   7 0 0 0 1 1 1 1   0   0   1   0   0   0   0    20.878    20.572    22.444     0.000     0.000     0.000     0.000   0   0   0   0   0   0   0     0.000     0.423     0.047    -0.029    -0.108     0.004     0.026
   7 0 0 1 1 1 1 1  22  23   1   0   0   0   0     5.316     5.828    22.444     0.000     0.000     0.000     0.000   0   0   0   0   0   0   0     0.000     0.423    -0.321    -0.007     0.019     0.004     0.026
   7 0 0 1 1 1 1 1  22   0   1   0   0   0   0     5.316    20.855    22.444     0.000     0.000     0.000     0.000   0   0   0   0   0   0   0     0.000     0.423     0.311     0.002    -0.012     0.004     0.026
   7 0 0 1 1 1 1 1  22   6   1   0   0   0   0     5.316    21.013    22.444     0.000     0.000     0.000     0.000   0   0   0   0   0   0   0     0.000     0.423     0.044    -0.027     0.001     0.004     0.026
   7 0 0 0 1 1 1 1  11   6  11   0   0   0   0    51.749    21.056    52.519     0.000     0.000     0.000     0.000   0   0   0   0   0   0   0     0.000     0.423     0.044    -0.006     0.011    -0.103    -0.027
   7 0 0 1 1 1 1 1  22   1  11   0   0   0   0     5.316    22.444    52.519     0.000     0.000     0.000     0.000   0   0   0   0   0   0   0     0.000     0.423    -0.305     0.007     0.037    -0.103    -0.027
   7 0 0 1 1 1 1 1  22   1  11   0   0   0   0     5.316    22.335    52.519     0.000     0.000     0.000     0.000   0   0   0   0   0   0   0     0.000     0.423     0.296    -0.003    -0.012    -0.103    -0.027
   7 0 0 1 1 1 1 1  22   0  11   0   0   0   0     5.316    20.855    52.519     0.000     0.000     0.000     0.000   0   0   0   0   0   0   0     0.000     0.423     0.042    -0.030     0.001    -0.103    -0.027
   7 0 0 0 1 1 1 1   0   0  11   0   0   0   0    20.878    20.572    50.367     0.000     0.000     0.000     0.000   0   0   0   0   0   0   0     0.000     0.423     0.042    -0.025    -0.098     0.023     0.003
   7 0 0 1 1 1 1 1  22  11  11   0   0   0   0     5.316    50.782    50.367     0.000     0.000     0.000     0.000   0   0   0   0   0   0   0     0.000     0.423    -0.290     0.023     0.002     0.023     0.003
   7 0 0 1 1 1 1 1  22   0  11   0   0   0   0     5.316    21.162    50.367     0.000     0.000     0.000     0.000   0   0   0   0   0   0   0     0.000     0.423     0.281     0.000    -0.010     0.023     0.003
   7 0 0 1 1 1 1 1  22  11  11   0   0   0   0     5.316    50.915    50.367     0.000     0.000     0.000     0.000   0   0   0   0   0   0   0     0.000     0.423     0.040     0.003    -0.018     0.023     0.003
   7 0 0 1 1 1 1 1  22  11  11   0   0   0   0     5.316    50.915    50.367     0.000     0.000     0.000     0.000   0   0   0   0   0   0   0     0.000     0.423    -0.093     0.009    -0.016     0.023     0.003
   7 0 0 1 1 1 1 1  22   1  11   0   0   0   0     5.316    22.444    50.367     0.000     0.000     0.000     0.000   0   0   0   0   0   0   0     0.000     0.423    -0.275     0.005     0.033     0.023     0.003
   7 0 0 1 1 1 1 1  22  18  11   0   0   0   0     5.316    41.903    50.367     0.000     0.000     0.000     0.000   0   0   0   0   0   0   0     0.000     0.423     0.267    -0.010    -0.002     0.023     0.003
   7 0 0 1 1 1 1 1  22   2  11   0   0   0   0     5.316    23.400    50.367     0.000     0.000     0.000     0.000   0   0   0   0   0   0   0     0.000     0.423     0.038    -0.008     0.012     0.023     0.003
   7 0 1 0 1 1 1 1  30   2  11   0   0   0   0     5.659    23.400    50.977     0.000     0.000     0.000     0.000   0   0   0   0   0   0   0     0.000    -0.088     0.038    -0.008     0.012     0.008    -0.017
   7 0 0 1 1 1 1 1  22  22  11   0   0   0   0     5.316     5.038    50.977     0.000     0.000     0.000     0.000   0   0   0   0   0   0   0     0.000    -0.088    -0.262    -0.012     0.013     0.008    -0.017
   7 0 0 1 1 1 1 1  22  11  11   0   0   0   0     5.316    51.834    50.977     0.000     0.000     0.000     0.000   0   0   0   0   0   0   0     0.000    -0.088     0.253    -0.008     0.002     0.008    -0.017
   7 0 0 1 1 1 1 1  22   0  11   0   0   0   0     5.316    20.855    50.977     0.000     0.000     0.000     0.000   0   0   0   0   0   0   0     0.000    -0.088     0.036    -0.026     0.001     0.008    -0.017
   7 0 0 1 1 1 1 1  22  11  11   0   0   0   0     5.316    50.915    50.977     0.000     0.000     0.000     0.000   0   0   0   0   0   0   0     0.000    -0.088    -0.084     0.007    -0.014     0.008    -0.017
   7 0 0 1 1 1 1 1  22  11  11   0   0   0   0     5.316    50.581    50.977     0.000     0.000     0.000     0.000   0   0   0   0   0   0   0     0.000    -0.088    -0.248     0.027     0.003     0.008    -0.017
   7 0 0 1 1 1 1 1  22  20  11   0   0   0   0     5.316    59.421    50.977     0.000     0.000     0.000     0.000   0   0   0   0   0   0   0     0.000    -0.088     0.241    -0.008    -0.000     0.008    -0.017
   7 0 0 1 1 1 1 1  22   0  11   0   0   0   0     5.316    20.855    50.977     0.000     0.000     0.000     0.000   0   0   0   0   0   0   0     0.000    -0.088     0.034    -0.024     0.001     0.008    -0.017
   7 0 0 1 1 1 1 1  22   6  11   0   0   0   0     5.316    21.013    50.977     0.000     0.000     0.000     0.000   0   0   0   0   0   0   0     0.000    -0.088    -0.079    -0.019     0.005     0.008    -0.017
   7 0 1 0 1 1 1 1  30   6  23   0   0   0   0     5.659    21.013     5.861     0.000     0.000     0.000     0.000   0   0   0   0   0   0   0     0.000    -0.236    -0.079    -0.019     0.005    -0.002     0.015
   7 0 0 1 1 1 1 1  22   0  23   0   0   0   0     5.316    20.855     5.861     0.000     0.000     0.000     0.000   0   0   0   0   0   0   0     0.000    -0.236     0.229     0.002    -0.007    -0.002     0.015
   7 0 0 0 1 1 1 1  23  11  22   0   0   0   0     5.840    51.834     5.091     0.000     0.000     0.000     0.000   0   0   0   0   0   0   0     0.000    -0.236     0.229    -0.006    -0.023     0.001     0.024
   7 0 0 1 1 1 1 1  22  11  22   0   0   0   0     5.316    50.915     5.091     0.000     0.000     0.000     0.000   0   0   0   0   0   0   0     0.000    -0.236    -0.075     0.006    -0.012     0.001     0.024
   7 0 0 1 1 1 1 1  22   1  22   0   0   0   0     5.316    22.444     5.091     0.000     0.000     0.000     0.000   0   0   0   0   0   0   0     0.000    -0.236    -0.224     0.003     0.026     0.001     0.024
   7 0 0 1 1 1 1 1  22   1  22   0   0   0   0     5.316    22.335     5.091     0.000     0.000     0.000     0.000   0   0   0   0   0   0   0     0.000    -0.236     0.217    -0.001    -0.007     0.001     0.024
   7 0 0 1 1 1 1 1  22   2  22   0   0   0   0     5.316    23.400     5.091     0.000     0.000     0.000     0.000   0   0   0   0   0   0   0     0.000    -0.236     0.031    -0.006     0.010     0.001     0.024
   7 0 0 1 1 1 1 1  22   6  22   0   0   0   0     5.316    21.013     5.091     0.000     0.000     0.000     0.000   0   0   0   0   0   0   0     0.000    -0.236    -0.072    -0.017     0.004     0.001     0.024
   7 0 0 1 1 1 1 1  22  22  22   0   0   0   0     5.316     5.038     5.091     0.000     0.000     0.000     0.000   0   0   0   0   0   0   0     0.000    -0.236    -0.213    -0.011     0.010     0.001     0.024
   7 0 0 1 1 1 1 1  22   1  22   0   0   0   0     5.316    22.335     5.091     0.000     0.000     0.000     0.000   0   0   0   0   0   0   0     0.000    -0.236     0.206    -0.001    -0.006     0.001     0.024
   7 0 1 0 1 1 1 1  30   1  11   0   0   0   0     5.659    22.335    51.834     0.000     0.000     0.000     0.000   0   0   0   0   0   0   0     0.000     0.030     0.206    -0.001    -0.006     0.001    -0.021
   7 0 0 1 1 1 1 1  22   1  11   0   0   0   0     5.316    22.444    51.834     0.000     0.000     0.000     0.000   0   0   0   0   0   0   0     0.000     0.030    -0.068    -0.002     0.018     0.001    -0.021
   7 0 1 0 1 1 1 1  30   1   1   0   0   0   0     5.659    22.444    22.444     0.000     0.000     0.000     0.000   0   0   0   0   0   0   0     0.000    -0.202    -0.068    -0.002     0.018     0.002     0.024
   7 0 0 1 1 1 1 1  22  11   1   0   0   0   0     5.316    51.834    22.444     0.000     0.000     0.000     0.000   0   0   0   0   0   0   0     0.000    -0.202     0.196    -0.005     0.002     0.002     0.024
   7 0 0 1 1 1 1 1  22  11   1   0   0   0   0     5.316    50.837    22.444     0.000     0.000     0.000     0.000   0   0   0   0   0   0   0     0.000    -0.202     0.028     0.003    -0.010     0.002     0.024
   7 0 0 0 1 1 1 1   0   0   1   0   0   0   0    20.878    20.572    22.444     0.000     0.000     0.000     0.000   0   0   0   0   0   0   0     0.000    -0.202     0.028    -0.017    -0.065     0.001     0.017
   7 0 0 1 1 1 1 1  22  23   1   0   0   0   0     5.316     5.828    22.444     0.000     0.000     0.000     0.000   0   0   0   0   0   0   0     0.000    -0.202    -0.192    -0.007     0.009     0.001     0.017
   7 0 0 1 1 1 1 1  22   1   1   0   0   0   0     5.316    22.348    22.444     0.000     0.000     0.000     0.000   0   0   0   0   0   0   0     0.000    -0.202     0.186    -0.001    -0.005     0.001     0.017
   7 0 1 0 1 1 1 1  30   1   2   0   0   0   0     5.659    22.348    23.400     0.000     0.000     0.000     0.000   0   0   0   0   0   0   0     0.000     0.027     0.186    -0.001    -0.005    -0.005     0.009
   7 0 0 1 1 1 1 1  22   6   2   0   0   0   0     5.316    21.056    23.400     0.000     0.000     0.000     0.000   0   0   0   0   0   0   0     0.000     0.027    -0.061    -0.008     0.006    -0.005     0.009
   7 0 0 1 1 1 1 1  22   1   2   0   0   0   0     5.316    22.444    23.400     0.000     0.000     0.000     0.000   0   0   0   0   0   0   0     0.000     0.027    -0.183     0.001     0.021    -0.005     0.009
   7 0 0 1 1 1 1 1  22   0   2   0   0   0   0     5.316    20.855    23.400     0.000     0.000     0.000     0.000   0   0   0   0   0   0   0     0.000     0.027     0.177     0.002    -0.004    -0.005     0.009
   7 0 0 1 1 1 1 1  22   0   2   0   0   0   0     5.316    20.855    23.400     0.000     0.000     0.000     0.000   0   0   0   0   0   0   0     0.000     0.027     0.026    -0.018     0.001    -0.005     0.009
   7 0 0 0 1 1 1 1  11   1   0   0   0   0   0    51.749    22.444    20.572     0.000     0.000     0.000     0.000   0   0   0   0   0   0   0     0.000     0.027     0.026     0.000     0.015    -0.016    -0.058
   7 0 0 1 1 1 1 1  22  22   0   0   0   0   0     5.316     5.038    20.572     0.000     0.000     0.000     0.000   0   0   0   0   0   0   0     0.000     0.027    -0.174    -0.010     0.007    -0.016    -0.058
   7 0 0 1 1 1 1 1  22   3   0   0   0   0   0     5.316    24.347    20.572     0.000     0.000     0.000     0.000   0   0   0   0   0   0   0     0.000     0.027     0.168    -0.002    -0.006    -0.016    -0.058
   7 0 0 1 1 1 1 1  22   0   0   0   0   0   0     5.316    20.855    20.572     0.000     0.000     0.000     0.000   0   0   0   0   0   0   0     0.000     0.027     0.024    -0.017     0.001    -0.016    -0.058
   7 0 0 1 1 1 1 1  22  11   0   0   0   0   0     5.316    50.797    20.572     0.000     0.000     0.000     0.000   0   0   0   0   0   0   0     0.000     0.027    -0.055     0.006    -0.005    -0.016    -0.058
   7 0 0 1 1 1 1 1  22   1   0   0   0   0   0     5.316    22.444    20.572     0.000     0.000     0.000     0.000   0   0   0   0   0   0   0     0.000     0.027    -0.165     0.001     0.019    -0.016    -0.058
   7 0 0 1 1 1 1 1  22   1   0   0   0   0   0     5.316    22.335    20.572     0.000     0.000     0.000     0.000   0   0   0   0   0   0   0     0.000     0.027     0.160    -0.000    -0.004    -0.016    -0.058
   7 0 0 0 1 1 1 1  23   0  22   0   0   0   0     5.840    20.876     5.091     0.000     0.000     0.000     0.000   0   0   0   0   0   0   0     0.000     0.027     0.160    -0.016    -0.004     0.000     0.017
   7 0 0 0 1 1 1 1   0   0   1   0   0   0   0    20.878    20.572    22.444     0.000     0.000     0.000     0.000   0   0   0   0   0   0   0     0.000     0.027     0.160    -0.014    -0.053     0.000     0.014
   7 0 0 1 1 1 1 1  22  11   1   0   0   0   0     5.316    50.775    22.444     0.000     0.000     0.000     0.000   0   0   0   0   0   0   0     0.000     0.027    -0.157     0.011    -0.001     0.000     0.014
   7 0 0 1 1 1 1 1  22   3   1   0   0   0   0     5.316    24.347    22.444     0.000     0.000     0.000     0.000   0   0   0   0   0   0   0     0.000     0.027     0.152    -0.002    -0.006     0.000     0.014
   7 0 0 1 1 1 1 1  22   1   1   0   0   0   0     5.316    22.380    22.444     0.000     0.000     0.000     0.000   0   0   0   0   0   0   0     0.000     0.027     0.022    -0.004     0.007     0.000     0.014
   7 0 0 0 1 1 1 1   0  11   1   0   0   0   0    20.878    52.519    22.444     0.000     0.000     0.000     0.000   0   0   0   0   0   0   0     0.000     0.027     0.022    -0.050    -0.013     0.000     0.013
   7 0 0 1 1 1 1 1  22  11   1   0   0   0   0     5.316    50.367    22.444     0.000     0.000     0.000     0.000   0   0   0   0   0   0   0     0.000     0.027    -0.149     0.017     0.001     0.000     0.013
   7 0 0 1 1 1 1 1  22   0   1   0   0   0   0     5.316    20.855    22.444     0.000     0.000     0.000     0.000   0   0   0   0   0   0   0     0.000     0.027     0.144     0.002    -0.003     0.000     0.013
   7 0 0 1 1 1 1 1  22   0   1   0   0   0   0     5.316    20.855    22.444     0.000     0.000     0.000     0.000   0   0   0   0   0   0   0     0.000     0.027     0.021    -0.015     0.001     0.000     0.013
   7 0 0 1 1 1 1 1  22  11   1   0   0   0   0     5.316    50.992    22.444     0.000     0.000     0.000     0.000   0   0   0   0   0   0   0     0.000     0.027    -0.048     0.003    -0.010     0.000     0.013
   7 0 0 1 1 1 1 1  22  22   1   0   0   0   0     5.316     5.038    22.444     0.000     0.000     0.000     0.000   0   0   0   0   0   0   0     0.000     0.027    -0.141    -0.009     0.005     0.000     0.013
   7 0 0 1 1 1 1 1  22   3   1   0   0   0   0     5.316    24.347    22.444     0.000     0.000     0.000     0.000   0   0   0   0   0   0   0     0.000     0.027     0.137    -0.001    -0.005     0.000     0.013
   7 0 0 1 1 1 1 1  22  11   1   0   0   0   0     5.316    50.977    22.444     0.000     0.000     0.000     0.000   0   0   0   0   0   0   0     0.000     0.027     0.020     0.001    -0.010     0.000     0.013
   7 0 0 1 1 1 1 1  22   2   1   0   0   0   0     5.316    23.400    22.444     0.000     0.000     0.000     0.000   0   0   0   0   0   0   0     0.000     0.027    -0.045    -0.002     0.009     0.000     0.013
   7 0 0 1 1 1 1 1  22  11   1   0   0   0   0     5.316    50.367    22.444     0.000     0.000     0.000     0.000   0   0   0   0   0   0   0     0.000     0.027    -0.134     0.015     0.000     0.000     0.013
   7 0 0 1 1 1 1 1  22   1   1   0   0   0   0     5.316    22.366    22.444     0.000     0.000     0.000     0.000   0   0   0   0   0   0   0     0.000     0.027     0.130    -0.000    -0.003     0.000     0.013
   7 0 0 1 1 1 1 1  22   2   1   0   0   0   0     5.316    23.400    22.444     0.000     0.000     0.000     0.000   0   0   0   0   0   0   0     0.000     0.027     0.019    -0.004     0.007     0.000     0.013
   7 0 0 0 1 1 1 1   0   0   1   0   0   0   0    20.878    20.572    22.444     0.000     0.000     0.000     0.000   0   0   0   0   0   0   0     0.000     0.027     0.019    -0.012    -0.043     0.000     0.011
   7 0 0 1 1 1 1 1  22  11   1   0   0   0   0     5.316    50.837    22.444     0.000     0.000     0.000     0.000   0   0   0   0   0   0   0     0.000     0.027    -0.128     0.006    -0.004     0.000     0.011
   7 0 0 1 1 1 1 1  22   3   1   0   0   0   0     5.316    24.347    22.444     0.000     0.000     0.000     0.000   0   0   0   0   0   0   0     0.000     0.027     0.124    -0.001    -0.004     0.000     0.011
   7 0 0 1 1 1 1 1  22   0   1   0   0   0   0     5.316    20.855    22.444     0.000     0.000     0.000     0.000   0   0   0   0   0   0   0     0.000     0.027     0.018    -0.013     0.001     0.000     0.011
   7 0 0 1 1 1 1 1  22   6   1   0   0   0   0     5.316    21.013    22.444     0.000     0.000     0.000     0.000   0   0   0   0   0   0   0     0.000     0.027    -0.041    -0.010     0.002     0.000     0.011
   7 0 0 1 1 1 1 1  22  22   1   0   0   0   0     5.316     5.029    22.444     0.000     0.000     0.000     0.000   0   0   0   0   0   0   0     0.000     0.027    -0.121    -0.009     0.004     0.000     0.011
   7 0 0 1 1 1 1 1  22   0   1   0   0   0   0     5.316    20.855    22.444     0.000     0.000     0.000     0.000   0   0   0   0   0   0   0     0.000     0.027     0.117     0.002    -0.002     0.000     0.011
   7 0 1 0 1 1 1 1  30   0   2   0   0   0   0     5.659    20.855    23.400     0.000     0.000     0.000     0.000   0   0   0   0   0   0   0     0.000     0.017     0.117     0.002    -0.002    -0.003     0.006
   7 0 0 1 1 1 1 1  22  11   2   0   0   0   0     5.316    50.767    23.400     0.000     0.000     0.000     0.000   0   0   0   0   0   0   0     0.000     0.017    -0.039     0.006    -0.003    -0.003     0.006
   7 0 0 1 1 1 1 1  22   1   2   0   0   0   0     5.316    22.444    23.400     0.000     0.000     0.000     0.000   0   0   0   0   0   0   0     0.000     0.017    -0.115    -0.000     0.013    -0.003     0.006
   7 0 0 1 1 1 1 1  22   3   2   0   0   0   0     5.316    24.347    23.400     0.000     0.000     0.000     0.000   0   0   0   0   0   0   0     0.000     0.017     0.112    -0.001    -0.004    -0.003     0.006
   7 0 0 0 1 1 1 1  23   0  22   0   0   0   0     5.840    20.876     5.091     0.000     0.000     0.000     0.000   0   0   0   0   0   0   0     0.000     0.017     0.112    -0.012    -0.003     0.001     0.012
   7 0 0 0 1 1 1 1   0   0   1   0   0   0   0    20.878    20.572    22.444     0.000     0.000     0.000     0.000   0   0   0   0   0   0   0     0.000     0.017     0.112    -0.010    -0.037     0.000     0.009
   7 0 0 1 1 1 1 1  22   2   1   0   0   0   0     5.316    23.400    22.444     0.000     0.000     0.000     0.000   0   0   0   0   0   0   0     0.000     0.017    -0.109    -0.001     0.009     0.000     0.009
   7 0 0 1 1 1 1 1  22   0   1   0   0   0   0     5.316    20.855    22.444     0.000     0.000     0.000     0.000   0   0   0   0   0   0   0     0.000     0.017     0.106     0.002    -0.002     0.000     0.009
   7 0 0 1 1 1 1 1  22   0   1   0   0   0   0     5.316    20.855    22.444     0.000     0.000     0.000     0.000   0   0   0   0   0   0   0     0.000     0.017     0.016    -0.011     0.001     0.000     0.009
   7 0 0 0 1 1 1 1   0   0   1   0   0   0   0    20.878    20.572    22.444     0.000     0.000     0.000     0.000   0   0   0   0   0   0   0     0.000     0.017     0.016    -0.009    -0.035     0.000     0.009
   7 0 0 1 1 1 1 1  22  22   1   0   0   0   0     5.316     5.029    22.444     0.000     0.000     0.000     0.000   0   0   0   0   0   0   0     0.000     0.017    -0.104    -0.009     0.003     0.000     0.009
   7 0 0 1 1 1 1 1  22   3   1   0   0   0   0     5.316    24.347    22.444     0.000     0.000     0.000     0.000   0   0   0   0   0   0   0     0.000     0.017     0.101    -0.001    -0.003     0.000     0.009
   7 0 0 1 1 1 1 1  22  11   1   0   0   0   0     5.316    50.814    22.444     0.000     0.000     0.000     0.000   0   0   0   0   0   0   0     0.000     0.017     0.015     0.002    -0.005     0.000     0.009
   7 0 1 0 1 1 1 1  30  11  11   0   0   0   0     5.659    50.814    50.977     0.000     0.000     0.000     0.000   0   0   0   0   0   0   0     0.000    -0.033     0.015     0.002    -0.005     0.002    -0.006
   7 0 0 1 1 1 1 1  22   1  11   0   0   0   0     5.316    22.444    50.977     0.000     0.000     0.000     0.000   0   0   0   0   0   0   0     0.000    -0.033    -0.099    -0.000     0.011     0.002    -0.006
   7 0 0 1 1 1 1 1  22   1  11   0   0   0   0     5.316    22.348    50.977     0.000     0.000     0.000     0.000   0   0   0   0   0   0   0     0.000    -0.033     0.096     0.000    -0.002     0.002    -0.006
   7 0 0 1 1 1 1 1  22   0  11   0   0   0   0     5.316    20.855    50.977     0.000     0.000     0.000     0.000   0   0   0   0   0   0   0     0.000    -0.033     0.014    -0.010     0.001     0.002    -0.006
   7 0 0 1 1 1 1 1  22   6  11   0   0   0   0     5.316    21.205    50.977     0.000     0.000     0.000     0.000   0   0   0   0   0   0   0     0.000    -0.033    -0.032    -0.002     0.006     0.002    -0.006
   7 0 0 1 1 1 1 1  22  23  11   0   0   0   0     5.316     5.816    50.977     0.000     0.000     0.000     0.000   0   0   0   0   0   0   0     0.000    -0.033    -0.094    -0.006     0.003     0.002    -0.006
   7 0 0 1 1 1 1 1  22   0  11   0   0   0   0     5.316    20.855    50.977     0.000     0.000     0.000     0.000   0   0   0   0   0   0   0     0.000    -0.033     0.091     0.002    -0.001     0.002    -0.006
   7 0 0 1 1 1 1 1  22   2  11   0   0   0   0     5.316    23.400    50.977     0.000     0.000     0.000     0.000   0   0   0   0   0   0   0     0.000    -0.033     0.014    -0.002     0.005     0.002    -0.006
   7 0 0 0 1 1 1 1   0   0   1   0   0   0   0    20.878    20.572    22.444     0.000     0.000     0.000     0.000   0   0   0   0   0   0   0     0.000    -0.033     0.014    -0.008    -0.030     0.000     0.007
   7 0 0 1 1 1 1 1  22   1   1   0   0   0   0     5.316    22.444    22.444     0.000     0.000     0.000     0.000   0   0   0   0   0   0   0     0.000    -0.033    -0.089    -0.000     0.010     0.000     0.007
   7 0 0 1 1 1 1 1  22   3   1   0   0   0   0     5.316    24.347    22.444     0.000     0.000     0.000     0.000   0   0   0   0   0   0   0     0.000    -0.033     0.086    -0.000    -0.003     0.000     0.007
   7 0 0 1 1 1 1 1  22   0   1   0   0   0   0     5.316    20.855    22.444     0.000     0.000     0.000     0.000   0   0   0   0   0   0   0     0.000    -0.033     0.013    -0.009     0.001     0.000     0.007
   7 0 0 0 1 1 1 1   0  11   1   0   0   0   0    20.878    52.519    22.444     0.000     0.000     0.000     0.000   0   0   0   0   0   0   0     0.000    -0.033     0.013    -0.028    -0.008     0.000     0.007
   7 0 0 1 1 1 1 1  22  11   1   0   0   0   0     5.316    50.806    22.444     0.000     0.000     0.000     0.000   0   0   0   0   0   0   0     0.000    -0.033    -0.085     0.004    -0.003     0.000     0.007
   7 0 0 1 1 1 1 1  22   0   1   0   0   0   0     5.316    21.167    22.444     0.000     0.000     0.000     0.000   0   0   0   0   0   0   0     0.000    -0.033     0.082     0.001    -0.001     0.000     0.007
   7 0 0 1 1 1 1 1  22   6   1   0   0   0   0     5.316    21.013    22.444     0.000     0.000     0.000     0.000   0   0   0   0   0   0   0     0.000    -0.033     0.012    -0.007     0.001     0.000     0.007
   7 0 0 1 1 1 1 1  22  11   1   0   0   0   0     5.316    50.806    22.444     0.000     0.000     0.000     0.000   0   0   0   0   0   0   0     0.000    -0.033    -0.027     0.003    -0.003     0.000     0.007
   7 0 0 1 1 1 1 1  22  22   1   0   0   0   0     5.316     5.029    22.444     0.000     0.000     0.000     0.000   0   0   0   0   0   0   0     0.000    -0.033    -0.080    -0.007     0.002     0.000     0.007
   7 0 0 1 1 1 1 1  22   1   1   0   0   0   0     5.316    22.444    22.444     0.000     0.000     0.000     0.000   0   0   0   0   0   0   0     0.000    -0.033     0.078    -0.000    -0.003     0.000     0.007
   7 0 0 1 1 1 1 1  22   1   1   0   0   0   0     5.316    22.380    22.444     0.000     0.000     0.000     0.000   0   0   0   0   0   0   0     0.000    -0.033     0.012    -0.002     0.004     0.000     0.007
   7 0 0 0 1 1 1 1   0   0   1   0   0   0   0    20.878    20.572    22.444     0.000     0.000     0.000     0.000   0   0   0   0   0   0   0     0.000    -0.033     0.012    -0.007    -0.026     0.000     0.006
   7 0 0 1 1 1 1 1  22   1   1   0   0   0   0     5.316    22.444    22.444     0.000     0.000     0.000     0.000   0   0   0   0   0   0   0     0.000    -0.033    -0.076    -0.001     0.009     0.000     0.006
   7 0 0 1 1 1 1 1  22   3   1   0   0   0   0     5.316    24.315    22.444     0.000     0.000     0.000     0.000   0   0   0   0   0   0   0     0.000    -0.033     0.074     0.000    -0.002     0.000     0.006
   7 0 0 0 1 1 1 1  23   0  22   0   0   0   0     5.840    20.876     5.091     0.000     0.000     0.000     0.000   0   0   0   0   0   0   0     0.000    -0.033     0.074    -0.008    -0.002     0.000     0.008
   7 0 1 0 1 1 1 1  30   0   6   0   0   0   0     5.659    20.876    21.013     0.000     0.000     0.000     0.000   0   0   0   0   0   0   0     0.000    -0.024     0.074    -0.008    -0.002    -0.006     0.001
   7 0 0 1 1 1 1 1  22  22   6   0   0   0   0     5.316     5.029    21.013     0.000     0.000     0.000     0.000   0   0   0   0   0   0   0     0.000    -0.024    -0.073    -0.007     0.002    -0.006     0.001
   7 0 0 1 1 1 1 1  22   1   6   0   0   0   0     5.316    22.444    21.013     0.000     0.000     0.000     0.000   0   0   0   0   0   0   0     0.000    -0.024     0.070    -0.000    -0.003    -0.006     0.001
   7 0 0 1 1 1 1 1  22   0   6   0   0   0   0     5.316    20.855    21.013     0.000     0.000     0.000     0.000   0   0   0   0   0   0   0     0.000    -0.024     0.011    -0.007     0.000    -0.006     0.001
   7 0 0 1 1 1 1 1  22  11   6   0   0   0   0     5.316    50.786    21.013     0.000     0.000     0.000     0.000   0   0   0   0   0   0   0     0.000    -0.024    -0.023     0.003    -0.002    -0.006     0.001
   7 0 1 0 1 1 1 1  30  11   1   0   0   0   0     5.659    50.786    22.444     0.000     0.000     0.000     0.000   0   0   0   0   0   0   0     0.000    -0.069    -0.023     0.003    -0.002    -0.001     0.008
   7 0 0 1 1 1 1 1  22   0   1   0   0   0   0     5.316    20.855    22.444     0.000     0.000     0.000     0.000   0   0   0   0   0   0   0     0.000    -0.069     0.067     0.002    -0.001    -0.001     0.008
   7 0 0 1 1 1 1 1  22  11   1   0   0   0   0     5.316    50.797    22.444     0.000     0.000     0.000     0.000   0   0   0   0   0   0   0     0.000    -0.069     0.010     0.002    -0.003    -0.001     0.008
   7 0 0 0 1 1 1 1   0   0   1   0   0   0   0    20.878    20.572    22.444     0.000     0.000     0.000     0.000   0   0   0   0   0   0   0     0.000    -0.069     0.010    -0.006    -0.022    -0.000     0.005
   7 0 0 1 1 1 1 1  22  11   1   0   0   0   0     5.316    50.767    22.444     0.000     0.000     0.000     0.000   0   0   0   0   0   0   0     0.000    -0.069    -0.065     0.005    -0.001    -0.000     0.005
   7 0 0 1 1 1 1 1  22   1   1   0   0   0   0     5.316    22.444    22.444     0.000     0.000     0.000     0.000   0   0   0   0   0   0   0     0.000    -0.069     0.063    -0.000    -0.002    -0.000     0.005
   7 0 0 1 1 1 1 1  22   0   1   0   0   0   0     5.316    20.855    22.444     0.000     0.000     0.000     0.000   0   0   0   0   0   0   0     0.000    -0.069     0.010    -0.007     0.000    -0.000     0.005
   7 0 0 1 1 1 1 1  22  11   1   0   0   0   0     5.316    50.977    22.444     0.000     0.000     0.000     0.000   0   0   0   0   0   0   0     0.000    -0.069    -0.021     0.001    -0.004    -0.000     0.005
   7 0 0 1 1 1 1 1  22  22   1   0   0   0   0     5.316     5.029    22.444     0.000     0.000     0.000     0.000   0   0   0   0   0   0   0     0.000    -0.069    -0.062    -0.006     0.002    -0.000     0.005
   7 0 0 1 1 1 1 1  22   0   1   0   0   0   0     5.316    20.855    22.444     0.000     0.000     0.000     0.000   0   0   0   0   0   0   0     0.000    -0.069     0.060     0.002    -0.001    -0.000     0.005
   7 0 0 1 1 1 1 1  22   2   1   0   0   0   0     5.316    23.400    22.444     0.000     0.000     0.000     0.000   0   0   0   0   0   0   0     0.000    -0.069     0.009    -0.002     0.003    -0.000     0.005
   7 0 0 1 1 1 1 1  22  11   1   0   0   0   0     5.316    50.581    22.444     0.000     0.000     0.000     0.000   0   0   0   0   0   0   0     0.000    -0.069    -0.020     0.004    -0.001    -0.000     0.005
   7 0 1 0 1 1 1 1  30  11   1   0   0   0   0     5.659    50.581    22.444     0.000     0.000     0.000     0.000   0   0   0   0   0   0   0     0.000    -0.059    -0.020     0.004    -0.001    -0.001     0.007
   7 0 0 1 1 1 1 1  22   1   1   0   0   0   0     5.316    22.444    22.444     0.000     0.000     0.000     0.000   0   0   0   0   0   0   0     0.000    -0.059     0.057    -0.000    -0.002    -0.001     0.007
   7 0 0 1 1 1 1 1  22   0   1   0   0   0   0     5.316    20.855    22.444     0.000     0.000     0.000     0.000   0   0   0   0   0   0   0     0.000    -0.059     0.009    -0.006     0.000    -0.001     0.007
   7 0 0 0 1 1 1 1   0   0   1   0   0   0   0    20.878    20.572    22.444     0.000     0.000     0.000     0.000   0   0   0   0   0   0   0     0.000    -0.059     0.009    -0.005    -0.019    -0.000     0.005
   7 0 0 1 1 1 1 1  22  22   1   0   0   0   0     5.316     5.029    22.444     0.000     0.000     0.000     0.000   0   0   0   0   0   0   0     0.000    -0.059    -0.056    -0.006     0.002    -0.000     0.005
   7 0 1 0 1 1 1 1  30  22   1   0   0   0   0     5.659     5.029    22.335     0.000     0.000     0.000     0.000   0   0   0   0   0   0   0     0.000     0.054    -0.056    -0.006     0.002     0.001    -0.001
   7 0 0 0 1 1 1 1  23  11  22   0   0   0   0     5.840    51.834     5.091     0.000     0.000     0.000     0.000   0   0   0   0   0   0   0     0.000     0.054    -0.056    -0.001    -0.006     0.000     0.006
   7 0 0 0 1 1 1 1   0  11   1   0   0   0   0    20.878    52.519    22.444     0.000     0.000     0.000     0.000   0   0   0   0   0   0   0     0.000     0.054    -0.056    -0.018    -0.005    -0.000     0.004
   7 0 0 1 1 1 1 1  22   1   1   0   0   0   0     5.316    22.444    22.444     0.000     0.000     0.000     0.000   0   0   0   0   0   0   0     0.000     0.054    -0.053    -0.001     0.006    -0.000     0.004
   7 0 0 1 1 1 1 1  22   3   1   0   0   0   0     5.316    24.317    22.444     0.000     0.000     0.000     0.000   0   0   0   0   0   0   0     0.000     0.054     0.052     0.000    -0.001    -0.000     0.004
   7 0 0 1 1 1 1 1  22  11   1   0   0   0   0     5.316    50.977    22.444     0.000     0.000     0.000     0.000   0   0   0   0   0   0   0     0.000     0.054     0.008     0.001    -0.004    -0.000     0.004
   7 0 0 1 1 1 1 1  22  11   1   0   0   0   0     5.316    50.837    22.444     0.000     0.000     0.000     0.000   0   0   0   0   0   0   0     0.000     0.054    -0.017     0.001    -0.002    -0.000     0.004
   7 0 0 1 1 1 1 1  22  11   1   0   0   0   0     5.316    50.814    22.444     0.000     0.000     0.000     0.000   0   0   0   0   0   0   0     0.000     0.054    -0.051     0.002    -0.002    -0.000     0.004
   7 0 0 1 1 1 1 1  22   0   1   0   0   0   0     5.316    20.855    22.444     0.000     0.000     0.000     0.000   0   0   0   0   0   0   0     0.000     0.054     0.049     0.001    -0.001    -0.000     0.004
   7 0 0 1 1 1 1 1  22  11   1   0   0   0   0     5.316    51.834    22.444     0.000     0.000     0.000     0.000   0   0   0   0   0   0   0     0.000     0.054     0.007     0.000    -0.005    -0.000     0.004
   7 0 0 0 1 1 1 1   0   0   1   0   0   0   0    20.878    20.572    22.444     0.000     0.000     0.000     0.000   0   0   0   0   0   0   0     0.000     0.054     0.007    -0.004    -0.016    -0.000     0.004
   7 0 0 1 1 1 1 1  22  11   1   0   0   0   0     5.316    50.581    22.444     0.000     0.000     0.000     0.000   0   0   0   0   0   0   0     0.000     0.054    -0.048     0.005    -0.001    -0.000     0.004
   7 0 0 1 1 1 1 1  22   1   1   0   0   0   0     5.316    22.444    22.444     0.000     0.000     0.000     0.000   0   0   0   0   0   0   0     0.000     0.054     0.047    -0.000    -0.002    -0.000     0.004
   7 0 0 1 1 1 1 1  22   2   1   0   0   0   0     5.316    23.400    22.444     0.000     0.000     0.000     0.000   0   0   0   0   0   0   0     0.000     0.054     0.007    -0.001     0.003    -0.000     0.004
   7 0 1 0 1 1 1 1  30   2   6   0   0   0   0     5.659    23.400    21.013     0.000     0.000     0.000     0.000   0   0   0   0   0   0   0     0.000    -0.015     0.007    -0.001     0.003    -0.004     0.001
   7 0 0 1 1 1 1 1  22  22   6   0   0   0   0     5.316     5.029    21.013     0.000     0.000     0.000     0.000   0   0   0   0   0   0   0     0.000    -0.015    -0.046    -0.005     0.001    -0.004     0.001
   7 0 0 1 1 1 1 1  22   0   6   0   0   0   0     5.316    20.535    21.013     0.000     0.000     0.000     0.000   0   0   0   0   0   0   0     0.000    -0.015     0.044     0.002    -0.000    -0.004     0.001
   7 0 0 1 1 1 1 1  22   0   6   0   0   0   0     5.316    20.855    21.013     0.000     0.000     0.000     0.000   0   0   0   0   0   0   0     0.000    -0.015     0.007    -0.005     0.000    -0.004     0.001
   7 0 1 0 1 1 1 1  30   0  11   0   0   0   0     5.659    20.855    50.786     0.000     0.000     0.000     0.000   0   0   0   0   0   0   0     0.000    -0.015     0.007    -0.005     0.000     0.002    -0.001
   7 0 0 1 1 1 1 1  22   0  11   0   0   0   0     5.316    21.214    50.786     0.000     0.000     0.000     0.000   0   0   0   0   0   0   0     0.000    -0.015    -0.043     0.001    -0.007     0.002    -0.001
   7 0 0 1 1 1 1 1  22   1  11   0   0   0   0     5.316    22.444    50.786     0.000     0.000     0.000     0.000   0   0   0   0   0   0   0     0.000    -0.015     0.042     0.000    -0.002     0.002    -0.001
   7 0 0 1 1 1 1 1  22   2  11   0   0   0   0     5.316    23.400    50.786     0.000     0.000     0.000     0.000   0   0   0   0   0   0   0     0.000    -0.015     0.006    -0.001     0.002     0.002    -0.001
   7 0 0 0 1 1 1 1  11   1   0   0   0   0   0    51.749    22.444    20.572     0.000     0.000     0.000     0.000   0   0   0   0   0   0   0     0.000    -0.015     0.006    -0.000     0.003    -0.004    -0.014
   7 0 0 1 1 1 1 1  22   1   0   0   0   0   0     5.316    22.444    20.572     0.000     0.000     0.000     0.000   0   0   0   0   0   0   0     0.000    -0.015    -0.041    -0.001     0.005    -0.004    -0.014
   7 0 0 1 1 1 1 1  22   1   0   0   0   0   0     5.316    22.366    20.572     0.000     0.000     0.000     0.000   0   0   0   0   0   0   0     0.000    -0.015     0.040     0.000    -0.001    -0.004    -0.014
   7 0 0 1 1 1 1 1  22   0   0   0   0   0   0     5.316    20.855    20.572     0.000     0.000     0.000     0.000   0   0   0   0   0   0   0     0.000    -0.015     0.006    -0.004     0.000    -0.004    -0.014
   7 0 0 1 1 1 1 1  22  11   0   0   0   0   0     5.316    51.030    20.572     0.000     0.000     0.000     0.000   0   0   0   0   0   0   0     0.000    -0.015    -0.013     0.001    -0.003    -0.004    -0.014
   7 0 0 1 1 1 1 1  22   0   0   0   0   0   0     5.316    21.214    20.572     0.000     0.000     0.000     0.000   0   0   0   0   0   0   0     0.000    -0.015    -0.039     0.001    -0.007    -0.004    -0.014
   7 0 0 1 1 1 1 1  22   0   0   0   0   0   0     5.316    20.535    20.572     0.000     0.000     0.000     0.000   0   0   0   0   0   0   0     0.000    -0.015     0.038     0.002    -0.000    -0.004    -0.014
   7 0 0 0 1 1 1 1  23   0  22   0   0   0   0     5.840    20.876     5.091     0.000     0.000     0.000     0.000   0   0   0   0   0   0   0     0.000    -0.015     0.038    -0.004    -0.001     0.000     0.005
   7 0 0 1 1 1 1 1  22  11  22   0   0   0   0     5.316    50.581     5.091     0.000     0.000     0.000     0.000   0   0   0   0   0   0   0     0.000    -0.015    -0.013     0.003    -0.001     0.000     0.005
   7 0 0 1 1 1 1 1  22  11  22   0   0   0   0     5.316    50.786     5.091     0.000     0.000     0.000     0.000   0   0   0   0   0   0   0     0.000    -0.015    -0.037     0.002    -0.002     0.000     0.005
   7 0 0 1 1 1 1 1  22   4  22   0   0   0   0     5.316    23.454     5.091     0.000     0.000     0.000     0.000   0   0   0   0   0   0   0     0.000    -0.015     0.036     0.000    -0.001     0.000     0.005
   7 0 0 1 1 1 1 1  22  25  22   0   0   0   0     5.316     5.833     5.091     0.000     0.000     0.000     0.000   0   0   0   0   0   0   0     0.000    -0.015     0.006    -0.002     0.001     0.000     0.005
   7 0 0 0 1 1 1 1   0  11   1   0   0   0   0    20.878    52.519    22.444     0.000     0.000     0.000     0.000   0   0   0   0   0   0   0     0.000    -0.015     0.006    -0.012    -0.003    -0.000     0.003
   7 0 0 1 1 1 1 1  22   1   1   0   0   0   0     5.316    22.444    22.444     0.000     0.000     0.000     0.000   0   0   0   0   0   0   0     0.000    -0.015    -0.035    -0.001     0.005    -0.000     0.003
