  364
   1 1   0     0.000   0     4.832
   1 1   0     0.000   0     5.559
   1 1   0     0.000   0     5.781
   1 1   0     0.000   0     5.962
   7 0 0 0 1 1 1 1  24  14  23   0   0   0   0     5.286    44.272     5.789     0.000     0.000     0.000     0.000   0   0   0   0   0   0   0     0.000     0.000     0.000    -0.046    -0.103     0.025     0.278
   7 0 0 0 1 1 1 1  25   2  25   0   0   0   0     5.715    21.826     5.836     0.000     0.000     0.000     0.000   0   0   0   0   0   0   0     0.000     0.000     0.000    -0.266    -0.086    -0.021     0.064
   7 0 0 0 1 1 1 1  24  24  26   0   0   0   0     5.268     5.198     5.887     0.000     0.000     0.000     0.000   0   0   0   0   0   0   0     0.000     0.000     0.000    -0.133    -0.054     0.017     0.054
   7 0 0 0 1 1 1 1  24  25  18   0   0   0   0     5.286     5.659    47.193     0.000     0.000     0.000     0.000   0   0   0   0   0   0   0     0.000     0.000     0.000    -0.256    -0.129     0.072     0.249
   7 0 0 0 1 1 1 1  31  31   9   0   0   0   0     5.411     5.344    17.956     0.000     0.000     0.000     0.000   0   0   0   0   0   0   0     0.000     0.000     0.000    -0.079    -0.003     0.263     0.054
   7 0 0 0 1 1 1 1  25   0  25   0   0   0   0     5.659    20.941     5.836     0.000     0.000     0.000     0.000   0   0   0   0   0   0   0     0.000     0.000     0.000    -0.099    -0.241    -0.028     0.058
   7 0 0 0 1 1 1 1  24  17  26   0   0   0   0     5.261    57.819     5.887     0.000     0.000     0.000     0.000   0   0   0   0   0   0   0     0.000     0.000     0.000    -0.122    -0.052     0.015     0.049
   7 0 0 0 1 1 1 1  24  31  14   0   0   0   0     5.286     5.316    44.920     0.000     0.000     0.000     0.000   0   0   0   0   0   0   0     0.000     0.000     0.000    -0.228    -0.113     0.065     0.226
   7 0 0 0 1 1 1 1  31  14  29   0   0   0   0     5.377    44.180     5.818     0.000     0.000     0.000     0.000   0   0   0   0   0   0   0     0.000     0.000     0.000    -0.024    -0.084     0.028     0.217
   7 0 0 0 1 1 1 1  24   0  25   0   0   0   0     5.204    20.941     5.854     0.000     0.000     0.000     0.000   0   0   0   0   0   0   0     0.000     0.000     0.000    -0.087    -0.219    -0.021     0.054
   7 0 0 0 1 1 1 1  24  14  26   0   0   0   0     5.286    44.386     5.887     0.000     0.000     0.000     0.000   0   0   0   0   0   0   0     0.000     0.000     0.000    -0.042    -0.108     0.015     0.044
   7 0 0 0 1 1 1 1  29  17  18   0   0   0   0     5.651    57.819    47.193     0.000     0.000     0.000     0.000   0   0   0   0   0   0   0     0.000     0.000     0.000    -0.211    -0.106     0.058     0.205
   7 0 0 0 1 1 1 1  31  31   9   0   0   0   0     5.411     5.339    17.956     0.000     0.000     0.000     0.000   0   0   0   0   0   0   0     0.000     0.000     0.000    -0.069    -0.006     0.233     0.045
   7 0 0 0 1 1 1 1  25   0  25   0   0   0   0     5.715    21.034     5.869     0.000     0.000     0.000     0.000   0   0   0   0   0   0   0     0.000     0.000     0.000    -0.065    -0.199    -0.010     0.049
   7 0 0 0 1 1 1 1  29  17  26   0   0   0   0     5.615    57.628     5.887     0.000     0.000     0.000     0.000   0   0   0   0   0   0   0     0.000     0.000     0.000    -0.102    -0.045     0.010     0.040
   7 0 0 0 1 1 1 1  24  24  18   0   0   0   0     5.312     5.216    47.193     0.000     0.000     0.000     0.000   0   0   0   0   0   0   0     0.000     0.000     0.000    -0.180    -0.073     0.058     0.186
   7 0 0 0 1 1 1 1  29  31  11   0   0   0   0     5.818     5.362    51.060     0.000     0.000     0.000     0.000   0   0   0   0   0   0   0     0.000     0.000     0.000    -0.054     0.015     0.474     0.015
   7 0 0 0 1 1 1 1  24   0  25   0   0   0   0     5.184    20.941     5.815     0.000     0.000     0.000     0.000   0   0   0   0   0   0   0     0.000     0.000     0.000    -0.079    -0.180    -0.022     0.042
   7 0 0 0 1 1 1 1  24  17  25   0   0   0   0     5.286    57.628     5.963     0.000     0.000     0.000     0.000   0   0   0   0   0   0   0     0.000     0.000     0.000    -0.092    -0.038     0.019     0.044
   7 0 0 0 1 1 1 1  29  29  14   0   0   0   0     5.674     5.584    44.920     0.000     0.000     0.000     0.000   0   0   0   0   0   0   0     0.000     0.000     0.000    -0.159    -0.062     0.052     0.169
   7 0 0 0 1 1 1 1  29  26  11   0   0   0   0     5.818     5.818    51.060     0.000     0.000     0.000     0.000   0   0   0   0   0   0   0     0.000     0.000     0.000    -0.048     0.014     0.443     0.014
   7 0 0 0 1 1 1 1  24   0  25   0   0   0   0     5.191    20.941     5.815     0.000     0.000     0.000     0.000   0   0   0   0   0   0   0     0.000     0.000     0.000    -0.070    -0.164    -0.020     0.038
   7 0 0 0 1 1 1 1  26   0  26   0   0   0   0     5.804    21.115     5.845     0.000     0.000     0.000     0.000   0   0   0   0   0   0   0     0.000     0.000     0.000    -0.053    -0.123    -0.007     0.029
   7 0 0 0 1 1 1 1  24  25  14   0   0   0   0     5.342     5.728    44.920     0.000     0.000     0.000     0.000   0   0   0   0   0   0   0     0.000     0.000     0.000    -0.141    -0.041     0.056     0.153
   7 0 0 0 1 1 1 1  23  31   0   0   0   0   0     5.789     5.377    20.976     0.000     0.000     0.000     0.000   0   0   0   0   0   0   0     0.000     0.000     0.000    -0.033     0.021    -0.011     0.611
   7 0 0 0 1 1 1 1  25   0  25   0   0   0   0     5.686    20.990     5.912     0.000     0.000     0.000     0.000   0   0   0   0   0   0   0     0.000     0.000     0.000    -0.057    -0.149    -0.007     0.039
   7 0 0 0 1 1 1 1  24   3  26   0   0   0   0     5.243    21.824     5.845     0.000     0.000     0.000     0.000   0   0   0   0   0   0   0     0.000     0.000     0.000    -0.171    -0.055    -0.009     0.026
   7 0 0 0 1 1 1 1  24  17  14   0   0   0   0     5.268    57.628    44.920     0.000     0.000     0.000     0.000   0   0   0   0   0   0   0     0.000     0.000     0.000    -0.147    -0.072     0.038     0.139
   7 0 0 0 1 1 1 1  23  31   0   0   0   0   0     5.789     5.367    20.976     0.000     0.000     0.000     0.000   0   0   0   0   0   0   0     0.000     0.000     0.000    -0.037     0.014    -0.010     0.581
   7 0 0 0 1 1 1 1  25   0  25   0   0   0   0     5.715    21.034     5.891     0.000     0.000     0.000     0.000   0   0   0   0   0   0   0     0.000     0.000     0.000    -0.045    -0.135    -0.004     0.035
   7 0 0 0 1 1 1 1  24  14  27   0   0   0   0     5.286    44.386     5.300     0.000     0.000     0.000     0.000   0   0   0   0   0   0   0     0.000     0.000     0.000    -0.023    -0.068     0.040     0.015
   7 0 0 0 1 1 1 1  24  17  17   0   0   0   0     5.342    57.973    57.227     0.000     0.000     0.000     0.000   0   0   0   0   0   0   0     0.000     0.000     0.000    -0.121    -0.041     0.173     0.050
   7 0 0 0 1 1 1 1  23  31   0   0   0   0   0     5.789     5.332    20.976     0.000     0.000     0.000     0.000   0   0   0   0   0   0   0     0.000     0.000     0.000    -0.051     0.007    -0.009     0.552
   7 0 0 0 1 1 1 1  24   0  25   0   0   0   0     5.172    20.921     5.810     0.000     0.000     0.000     0.000   0   0   0   0   0   0   0     0.000     0.000     0.000    -0.056    -0.122    -0.016     0.028
   7 0 0 0 1 1 1 1  24   0  24   0   0   0   0     5.242    21.133     5.316     0.000     0.000     0.000     0.000   0   0   0   0   0   0   0     0.000     0.000     0.000    -0.045    -0.159    -0.011     0.021
   7 0 0 0 1 1 1 1  24  17  14   0   0   0   0     5.342    57.731    44.920     0.000     0.000     0.000     0.000   0   0   0   0   0   0   0     0.000     0.000     0.000    -0.120    -0.043     0.041     0.119
   7 0 0 0 1 1 1 1  23  31   0   0   0   0   0     5.789     5.383    20.976     0.000     0.000     0.000     0.000   0   0   0   0   0   0   0     0.000     0.000     0.000    -0.021     0.023    -0.008     0.524
   7 0 0 0 1 1 1 1  24   0  17   0   0   0   0     5.172    21.068    58.486     0.000     0.000     0.000     0.000   0   0   0   0   0   0   0     0.000     0.000     0.000    -0.053    -0.114    -0.014     0.025
   7 0 0 0 1 1 1 1  26   3  26   0   0   0   0     5.781    21.824     5.845     0.000     0.000     0.000     0.000   0   0   0   0   0   0   0     0.000     0.000     0.000    -0.151    -0.044    -0.009     0.020
   7 0 0 0 1 1 1 1  24   3  17   0   0   0   0     5.268    21.824    57.227     0.000     0.000     0.000     0.000   0   0   0   0   0   0   0     0.000     0.000     0.000    -0.234    -0.074     0.152     0.031
   7 0 0 0 1 1 1 1  23  26   0   0   0   0   0     5.789     5.848    20.976     0.000     0.000     0.000     0.000   0   0   0   0   0   0   0     0.000     0.000     0.000    -0.030     0.012    -0.008     0.498
   7 0 0 0 1 1 1 1  25   0  25   0   0   0   0     5.715    21.034     5.959     0.000     0.000     0.000     0.000   0   0   0   0   0   0   0     0.000     0.000     0.000    -0.035    -0.101     0.003     0.036
   7 0 0 0 1 1 1 1  24   0  24   0   0   0   0     5.225    21.133     5.319     0.000     0.000     0.000     0.000   0   0   0   0   0   0   0     0.000     0.000     0.000    -0.042    -0.143    -0.010     0.018
   7 0 0 0 1 1 1 1  24  17   3   0   0   0   0     5.342    57.628    22.953     0.000     0.000     0.000     0.000   0   0   0   0   0   0   0     0.000     0.000     0.000    -0.102    -0.036    -0.065     0.049
   7 0 0 0 1 1 1 1  23  31   0   0   0   0   0     5.789     5.411    20.976     0.000     0.000     0.000     0.000   0   0   0   0   0   0   0     0.000     0.000     0.000    -0.015     0.029    -0.007     0.473
   7 0 0 0 1 1 1 1  24   3  25   0   0   0   0     5.162    22.167     5.944     0.000     0.000     0.000     0.000   0   0   0   0   0   0   0     0.000     0.000     0.000    -0.096    -0.046    -0.004     0.028
   7 0 0 0 1 1 1 1  25   0  31   0   0   0   0     5.716    20.976     5.377     0.000     0.000     0.000     0.000   0   0   0   0   0   0   0     0.000     0.000     0.000    -0.024    -0.071    -0.004     0.020
   7 0 0 0 1 1 1 1  24  17  14   0   0   0   0     5.319    57.567    44.920     0.000     0.000     0.000     0.000   0   0   0   0   0   0   0     0.000     0.000     0.000    -0.093    -0.037     0.026     0.102
   7 0 0 0 1 1 1 1  23  31   0   0   0   0   0     5.789     5.313    20.976     0.000     0.000     0.000     0.000   0   0   0   0   0   0   0     0.000     0.000     0.000    -0.045     0.005    -0.006     0.449
   7 0 0 0 1 1 1 1  25  24  28   0   0   0   0     5.750     5.130     5.451     0.000     0.000     0.000     0.000   0   0   0   0   0   0   0     0.000     0.000     0.000    -0.078    -0.021     0.040     0.011
   7 0 0 0 1 1 1 1  24   0  27   0   0   0   0     5.312    21.133     5.230     0.000     0.000     0.000     0.000   0   0   0   0   0   0   0     0.000     0.000     0.000    -0.024    -0.133     0.033     0.010
   7 0 0 0 1 1 1 1  26   0  17   0   0   0   0     5.806    21.133    57.227     0.000     0.000     0.000     0.000   0   0   0   0   0   0   0     0.000     0.000     0.000    -0.059    -0.212     0.136     0.021
   7 0 0 0 1 1 1 1  23  31   0   0   0   0   0     5.789     5.411    20.976     0.000     0.000     0.000     0.000   0   0   0   0   0   0   0     0.000     0.000     0.000    -0.013     0.026    -0.006     0.427
   7 0 0 0 1 1 1 1  25   0  25   0   0   0   0     5.686    21.133     5.963     0.000     0.000     0.000     0.000   0   0   0   0   0   0   0     0.000     0.000     0.000    -0.041    -0.142     0.001     0.028
   7 0 0 0 1 1 1 1  24   0  11   0   0   0   0     5.223    21.133    51.055     0.000     0.000     0.000     0.000   0   0   0   0   0   0   0     0.000     0.000     0.000    -0.033    -0.126     0.025     0.003
   7 0 0 0 1 1 1 1  24   3   3   0   0   0   0     5.342    21.824    22.953     0.000     0.000     0.000     0.000   0   0   0   0   0   0   0     0.000     0.000     0.000    -0.202    -0.041    -0.073     0.038
   7 0 0 0 1 1 1 1  23  26   0   0   0   0   0     5.789     5.848    20.976     0.000     0.000     0.000     0.000   0   0   0   0   0   0   0     0.000     0.000     0.000    -0.024     0.010    -0.005     0.406
   7 0 0 0 1 1 1 1  25  24  23   0   0   0   0     5.761     5.137     5.406     0.000     0.000     0.000     0.000   0   0   0   0   0   0   0     0.000     0.000     0.000    -0.064    -0.016     0.038     0.010
   7 0 0 0 1 1 1 1  25  15  31   0   0   0   0     5.716    51.508     5.377     0.000     0.000     0.000     0.000   0   0   0   0   0   0   0     0.000     0.000     0.000    -0.091    -0.023    -0.003     0.016
   7 0 0 0 1 1 1 1  26   0  14   0   0   0   0     5.802    21.133    44.920     0.000     0.000     0.000     0.000   0   0   0   0   0   0   0     0.000     0.000     0.000    -0.051    -0.192     0.014     0.089
   7 0 0 0 1 1 1 1  23  31   0   0   0   0   0     5.789     5.307    20.976     0.000     0.000     0.000     0.000   0   0   0   0   0   0   0     0.000     0.000     0.000    -0.038     0.004    -0.005     0.385
   7 0 0 0 1 1 1 1  24   0  25   0   0   0   0     5.162    21.133     5.885     0.000     0.000     0.000     0.000   0   0   0   0   0   0   0     0.000     0.000     0.000    -0.039    -0.132    -0.007     0.016
   7 0 0 0 1 1 1 1  24   0  26   0   0   0   0     5.216    21.133     5.911     0.000     0.000     0.000     0.000   0   0   0   0   0   0   0     0.000     0.000     0.000    -0.028    -0.115     0.001     0.020
   7 0 0 0 1 1 1 1  25  26  29   0   0   0   0     5.716     5.839     5.745     0.000     0.000     0.000     0.000   0   0   0   0   0   0   0     0.000     0.000     0.000    -0.038    -0.333     0.002     0.055
   7 0 0 0 1 1 1 1  23  31  11   0   0   0   0     5.789     5.411    51.060     0.000     0.000     0.000     0.000   0   0   0   0   0   0   0     0.000     0.000     0.000    -0.011     0.022     0.366    -0.005
   7 0 0 0 1 1 1 1  25   2   0   0   0   0   0     5.769    21.826    21.563     0.000     0.000     0.000     0.000   0   0   0   0   0   0   0     0.000     0.000     0.000    -0.062    -0.015     0.009     0.033
   7 0 0 0 1 1 1 1  24   0  11   0   0   0   0     5.308    21.133    51.055     0.000     0.000     0.000     0.000   0   0   0   0   0   0   0     0.000     0.000     0.000    -0.017    -0.109     0.020     0.005
   7 0 0 0 1 1 1 1  24   3  17   0   0   0   0     5.342    21.824    57.227     0.000     0.000     0.000     0.000   0   0   0   0   0   0   0     0.000     0.000     0.000    -0.180    -0.032     0.125     0.020
   7 0 0 0 1 1 1 1  23  26   0   0   0   0   0     5.789     5.848    20.976     0.000     0.000     0.000     0.000   0   0   0   0   0   0   0     0.000     0.000     0.000    -0.019     0.009    -0.004     0.348
   7 0 0 0 1 1 1 1  24   0  25   0   0   0   0     5.156    21.133     5.955     0.000     0.000     0.000     0.000   0   0   0   0   0   0   0     0.000     0.000     0.000    -0.034    -0.122    -0.001     0.020
   7 0 0 0 1 1 1 1  24   0  26   0   0   0   0     5.216    21.133     5.911     0.000     0.000     0.000     0.000   0   0   0   0   0   0   0     0.000     0.000     0.000    -0.023    -0.104     0.001     0.017
   7 0 0 0 1 1 1 1  25  26  29   0   0   0   0     5.716     5.839     5.745     0.000     0.000     0.000     0.000   0   0   0   0   0   0   0     0.000     0.000     0.000    -0.032    -0.312     0.002     0.048
   7 0 0 0 1 1 1 1  23  31   0   0   0   0   0     5.789     5.411    20.976     0.000     0.000     0.000     0.000   0   0   0   0   0   0   0     0.000     0.000     0.000    -0.009     0.020    -0.004     0.330
   7 0 0 0 1 1 1 1  14  14   1   0   0   0   0    44.908    44.903    22.013     0.000     0.000     0.000     0.000   0   0   0   0   0   0   0     0.000     0.000     0.000     0.004     0.144    -0.029    -0.116
   7 0 0 0 1 1 1 1  26  26  24   0   0   0   0     5.845     5.839     5.410     0.000     0.000     0.000     0.000   0   0   0   0   0   0   0     0.000     0.000     0.000    -0.013    -0.138     0.006     0.023
   7 0 0 0 1 1 1 1  24   3  17   0   0   0   0     5.342    21.824    57.227     0.000     0.000     0.000     0.000   0   0   0   0   0   0   0     0.000     0.000     0.000    -0.170    -0.027     0.116     0.016
   7 0 0 0 1 1 1 1  23   3   0   0   0   0   0     5.789    21.824    20.976     0.000     0.000     0.000     0.000   0   0   0   0   0   0   0     0.000     0.000     0.000    -0.128    -0.000    -0.004     0.314
   7 0 0 0 1 1 1 1  26   3  23   0   0   0   0     5.839    21.824     5.784     0.000     0.000     0.000     0.000   0   0   0   0   0   0   0     0.000     0.000     0.000    -0.110    -0.016     0.009     0.137
   7 0 0 0 1 1 1 1  24   0  24   0   0   0   0     5.156    21.133     5.332     0.000     0.000     0.000     0.000   0   0   0   0   0   0   0     0.000     0.000     0.000    -0.025    -0.098    -0.006     0.009
   7 0 0 0 1 1 1 1  25  26  29   0   0   0   0     5.716     5.839     5.756     0.000     0.000     0.000     0.000   0   0   0   0   0   0   0     0.000     0.000     0.000    -0.027    -0.292     0.004     0.049
   7 0 0 0 1 1 1 1  23  31  11   0   0   0   0     5.789     5.302    51.060     0.000     0.000     0.000     0.000   0   0   0   0   0   0   0     0.000     0.000     0.000    -0.033     0.004     0.298    -0.003
   7 0 0 0 1 1 1 1  25   0   0   0   0   0   0     5.750    21.133    21.563     0.000     0.000     0.000     0.000   0   0   0   0   0   0   0     0.000     0.000     0.000    -0.016    -0.105     0.006     0.027
   7 0 0 0 1 1 1 1  24   0  11   0   0   0   0     5.156    21.133    51.055     0.000     0.000     0.000     0.000   0   0   0   0   0   0   0     0.000     0.000     0.000    -0.022    -0.093     0.016    -0.000
   7 0 0 0 1 1 1 1  26   0   3   0   0   0   0     5.799    21.133    22.952     0.000     0.000     0.000     0.000   0   0   0   0   0   0   0     0.000     0.000     0.000    -0.033    -0.160     0.110     0.009
   7 0 0 0 1 1 1 1  29   3   5   0   0   0   0     5.818    21.824    22.374     0.000     0.000     0.000     0.000   0   0   0   0   0   0   0     0.000     0.000     0.000    -0.120    -0.000     0.168    -0.007
   7 0 0 0 1 1 1 1  14  14   1   0   0   0   0    44.908    44.903    22.013     0.000     0.000     0.000     0.000   0   0   0   0   0   0   0     0.000     0.000     0.000     0.003     0.131    -0.024    -0.099
   7 0 0 0 1 1 1 1  24   0  26   0   0   0   0     5.156    21.133     5.911     0.000     0.000     0.000     0.000   0   0   0   0   0   0   0     0.000     0.000     0.000    -0.020    -0.089    -0.001     0.013
   7 0 0 0 1 1 1 1  25  26  29   0   0   0   0     5.716     5.839     5.745     0.000     0.000     0.000     0.000   0   0   0   0   0   0   0     0.000     0.000     0.000    -0.023    -0.277     0.001     0.037
   7 0 0 0 1 1 1 1  23   4  11   0   0   0   0     5.789    22.449    51.060     0.000     0.000     0.000     0.000   0   0   0   0   0   0   0     0.000     0.000     0.000    -0.061     0.001     0.275    -0.003
   7 0 0 0 1 1 1 1  26   3   4   0   0   0   0     5.839    21.824    22.520     0.000     0.000     0.000     0.000   0   0   0   0   0   0   0     0.000     0.000     0.000    -0.094    -0.013     0.124     0.007
   7 0 0 0 1 1 1 1  25  15  24   0   0   0   0     5.716    51.508     5.410     0.000     0.000     0.000     0.000   0   0   0   0   0   0   0     0.000     0.000     0.000    -0.069    -0.010     0.002     0.019
   7 0 0 0 1 1 1 1  24   3   3   0   0   0   0     5.342    21.824    22.952     0.000     0.000     0.000     0.000   0   0   0   0   0   0   0     0.000     0.000     0.000    -0.151    -0.020     0.107     0.012
   7 0 0 0 1 1 1 1  31   3   3   0   0   0   0     5.435    21.824    22.953     0.000     0.000     0.000     0.000   0   0   0   0   0   0   0     0.000     0.000     0.000    -0.111    -0.006     0.165     0.018
   7 0 0 0 1 1 1 1  14  14   1   0   0   0   0    44.908    44.903    22.013     0.000     0.000     0.000     0.000   0   0   0   0   0   0   0     0.000     0.000     0.000     0.003     0.118    -0.021    -0.090
   7 0 0 0 1 1 1 1  24   0  29   0   0   0   0     5.312    21.133     5.819     0.000     0.000     0.000     0.000   0   0   0   0   0   0   0     0.000     0.000     0.000    -0.010    -0.081     0.005     0.034
   7 0 0 0 1 1 1 1  25  26  24   0   0   0   0     5.716     5.839     5.416     0.000     0.000     0.000     0.000   0   0   0   0   0   0   0     0.000     0.000     0.000    -0.019    -0.262     0.006     0.061
   7 0 0 0 1 1 1 1  24   3   0   0   0   0   0     5.416    21.824    20.976     0.000     0.000     0.000     0.000   0   0   0   0   0   0   0     0.000     0.000     0.000    -0.106    -0.002    -0.006     0.064
   7 0 0 0 1 1 1 1  26   0   4   0   0   0   0     5.794    21.133    23.821     0.000     0.000     0.000     0.000   0   0   0   0   0   0   0     0.000     0.000     0.000    -0.016    -0.085     0.003     0.022
   7 0 0 0 1 1 1 1   4   2  24   0   0   0   0    22.449    21.521     5.332     0.000     0.000     0.000     0.000   0   0   0   0   0   0   0     0.000     0.000     0.000    -0.077    -0.026    -0.007     0.006
   7 0 0 0 1 1 1 1  26  26  30   0   0   0   0     5.845     5.839     5.403     0.000     0.000     0.000     0.000   0   0   0   0   0   0   0     0.000     0.000     0.000    -0.011    -0.484     0.008     0.066
   7 0 0 0 1 1 1 1  23  26  11   0   0   0   0     5.789     5.848    51.060     0.000     0.000     0.000     0.000   0   0   0   0   0   0   0     0.000     0.000     0.000    -0.014     0.007     0.250    -0.006
   7 0 0 0 1 1 1 1  17   0  23   0   0   0   0    57.225    21.133     5.789     0.000     0.000     0.000     0.000   0   0   0   0   0   0   0     0.000     0.000     0.000    -0.026    -0.081     0.001     0.112
   7 0 0 0 1 1 1 1   4   0   0   0   0   0   0    22.449    21.133    20.992     0.000     0.000     0.000     0.000   0   0   0   0   0   0   0     0.000     0.000     0.000    -0.024    -0.073    -0.008     0.005
   7 0 0 0 1 1 1 1  24  23  12   0   0   0   0     5.623     5.789    50.315     0.000     0.000     0.000     0.000   0   0   0   0   0   0   0     0.000     0.000     0.000     0.001    -0.459     0.119     0.028
   7 0 0 0 1 1 1 1  23   3   0   0   0   0   0     5.789    21.824    20.976     0.000     0.000     0.000     0.000   0   0   0   0   0   0   0     0.000     0.000     0.000    -0.100    -0.000    -0.005     0.237
   7 0 0 0 1 1 1 1  26   3  23   0   0   0   0     5.830    21.824     5.789     0.000     0.000     0.000     0.000   0   0   0   0   0   0   0     0.000     0.000     0.000    -0.077    -0.011     0.005     0.070
   7 0 0 0 1 1 1 1  24   0  17   0   0   0   0     5.148    21.133    57.227     0.000     0.000     0.000     0.000   0   0   0   0   0   0   0     0.000     0.000     0.000    -0.016    -0.069     0.032     0.001
   7 0 0 0 1 1 1 1  24   3   3   0   0   0   0     5.345    21.824    22.952     0.000     0.000     0.000     0.000   0   0   0   0   0   0   0     0.000     0.000     0.000    -0.142    -0.017     0.101     0.009
   7 0 0 0 1 1 1 1  23   3   0   0   0   0   0     5.789    21.824    20.976     0.000     0.000     0.000     0.000   0   0   0   0   0   0   0     0.000     0.000     0.000    -0.095    -0.000    -0.005     0.225
   7 0 0 0 1 1 1 1  14  14   1   0   0   0   0    44.908    44.903    22.013     0.000     0.000     0.000     0.000   0   0   0   0   0   0   0     0.000     0.000     0.000     0.002     0.103    -0.017    -0.073
   7 0 0 0 1 1 1 1   4   0   0   0   0   0   0    22.449    21.133    20.992     0.000     0.000     0.000     0.000   0   0   0   0   0   0   0     0.000     0.000     0.000    -0.021    -0.066    -0.007     0.005
   7 0 0 0 1 1 1 1  17  26  29   0   0   0   0    57.425     5.839     5.754     0.000     0.000     0.000     0.000   0   0   0   0   0   0   0     0.000     0.000     0.000    -0.010    -0.437    -0.002     0.034
   7 0 0 0 1 1 1 1  31   3   3   0   0   0   0     5.435    21.824    22.953     0.000     0.000     0.000     0.000   0   0   0   0   0   0   0     0.000     0.000     0.000    -0.090    -0.005     0.129     0.015
   7 0 0 0 1 1 1 1  25   0   0   0   0   0   0     5.750    21.133    21.563     0.000     0.000     0.000     0.000   0   0   0   0   0   0   0     0.000     0.000     0.000    -0.010    -0.069     0.003     0.020
   7 0 0 0 1 1 1 1  24   0  14   0   0   0   0     5.148    21.133    44.920     0.000     0.000     0.000     0.000   0   0   0   0   0   0   0     0.000     0.000     0.000    -0.013    -0.062     0.000     0.020
   7 0 0 1 1 1 1 1  23  23  14   0   0   0   0     5.790     5.789    44.920     0.000     0.000     0.000     0.000   0   0   0   0   0   0   0     0.000     0.000     0.108     0.001    -0.262     0.000     0.020
   7 0 0 0 1 1 1 1  31  14  26   0   0   0   0     5.433    48.831     5.839     0.000     0.000     0.000     0.000   0   0   0   0   0   0   0     0.000     0.000     0.108    -0.005    -0.086    -0.017     0.029
   7 0 0 0 1 1 1 1  17   0  23   0   0   0   0    57.225    21.133     5.789     0.000     0.000     0.000     0.000   0   0   0   0   0   0   0     0.000     0.000     0.108    -0.021    -0.066     0.001     0.098
   7 0 0 0 1 1 1 1  26  26  31   0   0   0   0     5.845     5.839     5.458     0.000     0.000     0.000     0.000   0   0   0   0   0   0   0     0.000     0.000     0.108    -0.005    -0.128     0.002     0.016
   7 0 0 0 1 1 1 1  26   0   3   0   0   0   0     5.799    21.133    22.952     0.000     0.000     0.000     0.000   0   0   0   0   0   0   0     0.000     0.000     0.108    -0.022    -0.134     0.095     0.005
   7 0 0 0 1 1 1 1  23  32   0   0   0   0   0     5.789     4.140    20.976     0.000     0.000     0.000     0.000   0   0   0   0   0   0   0     0.000     0.000     0.108    -0.023     0.002    -0.006     0.206
   7 0 0 0 1 1 1 1  24   0  25   0   0   0   0     5.184    21.133     5.968     0.000     0.000     0.000     0.000   0   0   0   0   0   0   0     0.000     0.000     0.108    -0.015    -0.063    -0.000     0.013
   7 0 0 0 1 1 1 1   4   0  29   0   0   0   0    22.449    21.133     5.819     0.000     0.000     0.000     0.000   0   0   0   0   0   0   0     0.000     0.000     0.108    -0.017    -0.059    -0.000     0.028
   7 0 0 0 1 1 1 1  17  26  24   0   0   0   0    57.425     5.839     5.416     0.000     0.000     0.000     0.000   0   0   0   0   0   0   0     0.000     0.000     0.108    -0.008    -0.402     0.001     0.052
   7 0 0 0 1 1 1 1  23   4   0   0   0   0   0     5.789    22.449    20.976     0.000     0.000     0.000     0.000   0   0   0   0   0   0   0     0.000     0.000     0.108    -0.043     0.001    -0.006     0.196
   7 0 0 0 1 1 1 1  18  11   1   0   0   0   0    47.288    51.060    22.013     0.000     0.000     0.000     0.000   0   0   0   0   0   0   0     0.000     0.000     0.108     0.017    -0.001    -0.016    -0.060
   7 0 1 0 1 1 1 1   3  11  26   0   0   0   0    21.824    51.060     5.887     0.000     0.000     0.000     0.000   0   0   0   0   0   0   0     0.000    -0.056     0.108     0.017    -0.001    -0.004     0.005
   7 0 0 1 1 1 1 1  24  23  26   0   0   0   0     5.623     5.789     5.887     0.000     0.000     0.000     0.000   0   0   0   0   0   0   0     0.000    -0.056     0.091     0.001    -0.382    -0.004     0.005
   7 0 0 0 1 1 1 1  23   3   0   0   0   0   0     5.789    21.824    20.976     0.000     0.000     0.000     0.000   0   0   0   0   0   0   0     0.000    -0.056     0.091    -0.078    -0.000    -0.005     0.186
   7 0 0 0 1 1 1 1  17   0  23   0   0   0   0    57.213    21.133     5.789     0.000     0.000     0.000     0.000   0   0   0   0   0   0   0     0.000    -0.056     0.091    -0.019    -0.057     0.001     0.060
   7 0 0 0 1 1 1 1   4   0  24   0   0   0   0    22.449    21.133     5.623     0.000     0.000     0.000     0.000   0   0   0   0   0   0   0     0.000    -0.056     0.091    -0.016    -0.053    -0.000     0.029
   7 0 0 0 1 1 1 1  24   3   3   0   0   0   0     5.344    21.824    22.952     0.000     0.000     0.000     0.000   0   0   0   0   0   0   0     0.000    -0.056     0.091    -0.127    -0.014     0.084     0.007
   7 0 0 0 1 1 1 1  23  26  11   0   0   0   0     5.789     5.848    51.060     0.000     0.000     0.000     0.000   0   0   0   0   0   0   0     0.000    -0.056     0.091    -0.011     0.005     0.177    -0.005
   7 0 0 0 1 1 1 1  25  29   0   0   0   0   0     5.773     5.818    21.740     0.000     0.000     0.000     0.000   0   0   0   0   0   0   0     0.000    -0.056     0.091    -0.010     0.022     0.003     0.019
   7 0 0 0 1 1 1 1  17  26  24   0   0   0   0    57.425     5.839     5.406     0.000     0.000     0.000     0.000   0   0   0   0   0   0   0     0.000    -0.056     0.091    -0.005    -0.121    -0.000     0.011
   7 0 0 0 1 1 1 1  17  26  24   0   0   0   0    57.425     5.839     5.416     0.000     0.000     0.000     0.000   0   0   0   0   0   0   0     0.000    -0.056     0.091    -0.009    -0.363     0.001     0.046
   7 0 0 0 1 1 1 1  24  25   0   0   0   0   0     5.416     5.968    20.976     0.000     0.000     0.000     0.000   0   0   0   0   0   0   0     0.000    -0.056     0.091    -0.007     0.012    -0.003     0.042
   7 0 0 0 1 1 1 1  17   0  23   0   0   0   0    57.225    21.133     5.789     0.000     0.000     0.000     0.000   0   0   0   0   0   0   0     0.000    -0.056     0.091    -0.016    -0.053     0.001     0.088
   7 0 1 0 1 1 1 1   3   0  27   0   0   0   0    21.824    21.133     5.295     0.000     0.000     0.000     0.000   0   0   0   0   0   0   0     0.000    -0.050     0.091    -0.016    -0.053     0.010    -0.002
   7 0 0 0 1 1 1 1  24  23   0   0   0   0   0     5.623     5.789    20.974     0.000     0.000     0.000     0.000   0   0   0   0   0   0   0     0.000    -0.050     0.091     0.000    -0.345     0.023     0.089
   7 0 0 0 1 1 1 1  23   3   0   0   0   0   0     5.789    21.824    20.976     0.000     0.000     0.000     0.000   0   0   0   0   0   0   0     0.000    -0.050     0.091    -0.073    -0.000    -0.004     0.166
   7 0 0 0 1 1 1 1  25  10  27   0   0   0   0     5.737    15.518     5.214     0.000     0.000     0.000     0.000   0   0   0   0   0   0   0     0.000    -0.050     0.091    -0.011     0.019     0.016     0.002
   7 0 0 0 1 1 1 1  24   0  17   0   0   0   0     5.158    21.133    57.227     0.000     0.000     0.000     0.000   0   0   0   0   0   0   0     0.000    -0.050     0.091    -0.009    -0.048     0.027     0.001
   7 0 0 0 1 1 1 1  24   0   3   0   0   0   0     5.158    21.133    22.952     0.000     0.000     0.000     0.000   0   0   0   0   0   0   0     0.000    -0.050     0.091    -0.026    -0.120     0.075     0.001
   7 0 0 0 1 1 1 1  23   3   0   0   0   0   0     5.789    21.824    20.976     0.000     0.000     0.000     0.000   0   0   0   0   0   0   0     0.000    -0.050     0.091    -0.069    -0.000    -0.004     0.158
   7 0 0 0 1 1 1 1  17   0  23   0   0   0   0    57.211    21.133     5.789     0.000     0.000     0.000     0.000   0   0   0   0   0   0   0     0.000    -0.050     0.091    -0.016    -0.050     0.000     0.053
   7 0 0 0 1 1 1 1  17  17  24   0   0   0   0    57.235    57.227     5.405     0.000     0.000     0.000     0.000   0   0   0   0   0   0   0     0.000    -0.050     0.091    -0.002    -0.115    -0.001     0.010
   7 0 0 0 1 1 1 1  17  26  30   0   0   0   0    57.425     5.839     5.370     0.000     0.000     0.000     0.000   0   0   0   0   0   0   0     0.000    -0.050     0.091    -0.008    -0.328    -0.001     0.028
   7 0 0 0 1 1 1 1  23   4   0   0   0   0   0     5.789    23.846    20.976     0.000     0.000     0.000     0.000   0   0   0   0   0   0   0     0.000    -0.050     0.091    -0.003     0.019    -0.004     0.150
   7 0 0 0 1 1 1 1  17   0  23   0   0   0   0    57.225    21.133     5.789     0.000     0.000     0.000     0.000   0   0   0   0   0   0   0     0.000    -0.050     0.091    -0.013    -0.047     0.001     0.080
   7 0 1 0 1 1 1 1   3   0  29   0   0   0   0    21.824    21.133     5.819     0.000     0.000     0.000     0.000   0   0   0   0   0   0   0     0.000    -0.045     0.091    -0.013    -0.047    -0.001     0.023
   7 0 0 0 1 1 1 1  29   0   3   0   0   0   0     5.615    21.133    22.952     0.000     0.000     0.000     0.000   0   0   0   0   0   0   0     0.000    -0.045     0.091    -0.016    -0.114     0.068     0.004
   7 0 0 0 1 1 1 1  23   3   0   0   0   0   0     5.789    21.824    20.976     0.000     0.000     0.000     0.000   0   0   0   0   0   0   0     0.000    -0.045     0.091    -0.066     0.000    -0.003     0.142
   7 0 0 0 1 1 1 1  26   3   0   0   0   0   0     5.900    21.824    21.740     0.000     0.000     0.000     0.000   0   0   0   0   0   0   0     0.000    -0.045     0.091    -0.045    -0.004     0.004     0.016
   7 0 0 0 1 1 1 1   4   0   6   0   0   0   0    22.449    21.133    20.291     0.000     0.000     0.000     0.000   0   0   0   0   0   0   0     0.000    -0.045     0.091    -0.013    -0.043     0.003    -0.006
   7 0 0 1 1 1 1 1  23  23   6   0   0   0   0     5.790     5.789    20.291     0.000     0.000     0.000     0.000   0   0   0   0   0   0   0     0.000    -0.045     0.080     0.000    -0.198     0.003    -0.006
   7 0 0 0 1 1 1 1  31   1   5   0   0   0   0     5.396    21.977    23.032     0.000     0.000     0.000     0.000   0   0   0   0   0   0   0     0.000    -0.045     0.080    -0.004    -0.063     0.016    -0.021
   7 0 0 0 1 1 1 1  14  14   1   0   0   0   0    44.908    44.903    22.013     0.000     0.000     0.000     0.000   0   0   0   0   0   0   0     0.000    -0.045     0.080     0.001     0.076    -0.009    -0.043
   7 0 0 0 1 1 1 1  17  26  14   0   0   0   0    57.362     5.839    45.001     0.000     0.000     0.000     0.000   0   0   0   0   0   0   0     0.000    -0.045     0.080    -0.002    -0.109     0.000     0.024
   7 0 0 0 1 1 1 1  17  26  29   0   0   0   0    57.425     5.839     5.745     0.000     0.000     0.000     0.000   0   0   0   0   0   0   0     0.000    -0.045     0.080    -0.007    -0.302    -0.003     0.021
   7 0 0 0 1 1 1 1  23  30   0   0   0   0   0     5.789     5.088    20.976     0.000     0.000     0.000     0.000   0   0   0   0   0   0   0     0.000    -0.045     0.080    -0.015     0.002    -0.004     0.134
   7 0 0 0 1 1 1 1  25  13  27   0   0   0   0     5.769    50.459     5.200     0.000     0.000     0.000     0.000   0   0   0   0   0   0   0     0.000    -0.045     0.080    -0.027    -0.004     0.014     0.002
   7 0 0 0 1 1 1 1  31   0   0   0   0   0   0     5.383    21.133    20.976     0.000     0.000     0.000     0.000   0   0   0   0   0   0   0     0.000    -0.045     0.080    -0.003    -0.041     0.025     0.003
   7 0 0 1 1 1 1 1  24  23   0   0   0   0   0     5.623     5.789    20.976     0.000     0.000     0.000     0.000   0   0   0   0   0   0   0     0.000    -0.045     0.069     0.000    -0.287     0.025     0.003
   7 0 0 0 1 1 1 1  23   4   0   0   0   0   0     5.789    22.449    20.976     0.000     0.000     0.000     0.000   0   0   0   0   0   0   0     0.000    -0.045     0.069    -0.031     0.001    -0.004     0.128
   7 0 0 0 1 1 1 1  26  18   0   0   0   0   0     5.901    47.288    21.740     0.000     0.000     0.000     0.000   0   0   0   0   0   0   0     0.000    -0.045     0.069    -0.001    -0.014     0.004     0.013
   7 0 0 0 1 1 1 1  17  26  27   0   0   0   0    57.425     5.839     5.238     0.000     0.000     0.000     0.000   0   0   0   0   0   0   0     0.000    -0.045     0.069    -0.003    -0.104     0.010    -0.000
   7 0 1 0 1 1 1 1   3  26  24   0   0   0   0    21.824     5.839     5.623     0.000     0.000     0.000     0.000   0   0   0   0   0   0   0     0.000    -0.108     0.069    -0.003    -0.104    -0.001     0.064
   7 0 0 0 1 1 1 1  23  14   0   0   0   0   0     5.789    48.831    20.976     0.000     0.000     0.000     0.000   0   0   0   0   0   0   0     0.000    -0.108     0.069     0.000    -0.057    -0.004     0.121
   7 0 0 0 1 1 1 1  17   0  23   0   0   0   0    57.211    21.133     5.789     0.000     0.000     0.000     0.000   0   0   0   0   0   0   0     0.000    -0.108     0.069    -0.011    -0.039     0.000     0.046
   7 0 1 0 1 1 1 1   3   0  24   0   0   0   0    21.824    21.133     5.623     0.000     0.000     0.000     0.000   0   0   0   0   0   0   0     0.000    -0.039     0.069    -0.011    -0.039    -0.001     0.023
   7 0 0 0 1 1 1 1  17  26  24   0   0   0   0    57.425     5.839     5.410     0.000     0.000     0.000     0.000   0   0   0   0   0   0   0     0.000    -0.039     0.069    -0.008    -0.272    -0.000     0.027
   7 0 0 0 1 1 1 1  24  17   4   0   0   0   0     5.416    58.010    22.511     0.000     0.000     0.000     0.000   0   0   0   0   0   0   0     0.000    -0.039     0.069    -0.012     0.002    -0.011     0.028
   7 0 0 0 1 1 1 1  32  17   5   0   0   0   0     4.302    57.651    22.374     0.000     0.000     0.000     0.000   0   0   0   0   0   0   0     0.000    -0.039     0.069    -0.010     0.000     0.071     0.004
   7 0 0 0 1 1 1 1  17  26  24   0   0   0   0    57.425     5.839     5.410     0.000     0.000     0.000     0.000   0   0   0   0   0   0   0     0.000    -0.039     0.069    -0.003    -0.099    -0.000     0.010
   7 0 0 0 1 1 1 1  24   3   3   0   0   0   0     5.345    21.824    22.952     0.000     0.000     0.000     0.000   0   0   0   0   0   0   0     0.000    -0.039     0.069    -0.102    -0.010     0.061     0.005
   7 0 0 0 1 1 1 1  23   0   0   0   0   0   0     5.789    21.563    20.976     0.000     0.000     0.000     0.000   0   0   0   0   0   0   0     0.000    -0.039     0.069    -0.002     0.016    -0.004     0.114
   7 0 0 0 1 1 1 1  25   3  11   0   0   0   0     5.951    21.824    48.735     0.000     0.000     0.000     0.000   0   0   0   0   0   0   0     0.000    -0.039     0.069    -0.036    -0.002     0.011     0.004
   7 0 1 0 1 1 1 1   4   3  24   0   0   0   0    22.436    21.824     5.623     0.000     0.000     0.000     0.000   0   0   0   0   0   0   0     0.000    -0.030     0.069    -0.036    -0.002    -0.000     0.021
   7 0 0 0 1 1 1 1  17  26  30   0   0   0   0    57.425     5.839     5.370     0.000     0.000     0.000     0.000   0   0   0   0   0   0   0     0.000    -0.030     0.069    -0.007    -0.259    -0.001     0.022
   7 0 0 0 1 1 1 1  23   3   0   0   0   0   0     5.789    21.824    20.976     0.000     0.000     0.000     0.000   0   0   0   0   0   0   0     0.000    -0.030     0.069    -0.054     0.000    -0.004     0.108
   7 0 0 0 1 1 1 1  17  13  23   0   0   0   0    57.217    50.459     5.789     0.000     0.000     0.000     0.000   0   0   0   0   0   0   0     0.000    -0.030     0.069    -0.025    -0.006     0.000     0.067
   7 0 0 0 1 1 1 1  26  24   2   0   0   0   0     5.915     5.623    21.965     0.000     0.000     0.000     0.000   0   0   0   0   0   0   0     0.000    -0.030     0.069    -0.003     0.020     0.027     0.005
   7 0 1 0 1 1 1 1   3  24  24   0   0   0   0    21.824     5.623     5.623     0.000     0.000     0.000     0.000   0   0   0   0   0   0   0     0.000    -0.097     0.069    -0.003     0.020    -0.001     0.057
   7 0 0 0 1 1 1 1  31   0   5   0   0   0   0     5.386    21.133    23.032     0.000     0.000     0.000     0.000   0   0   0   0   0   0   0     0.000    -0.097     0.069    -0.003    -0.051     0.010    -0.018
   7 0 0 0 1 1 1 1  32  17   5   0   0   0   0     4.302    57.904    22.374     0.000     0.000     0.000     0.000   0   0   0   0   0   0   0     0.000    -0.097     0.069    -0.008     0.001     0.064     0.004
   7 0 0 0 1 1 1 1  17  17  11   0   0   0   0    57.235    57.227    52.941     0.000     0.000     0.000     0.000   0   0   0   0   0   0   0     0.000    -0.097     0.069    -0.001    -0.094     0.006    -0.001
   7 0 0 0 1 1 1 1  17  26  29   0   0   0   0    57.425     5.839     5.732     0.000     0.000     0.000     0.000   0   0   0   0   0   0   0     0.000    -0.097     0.069    -0.007    -0.246    -0.003     0.014
   7 0 0 0 1 1 1 1  23  14   0   0   0   0   0     5.789    48.831    20.976     0.000     0.000     0.000     0.000   0   0   0   0   0   0   0     0.000    -0.097     0.069    -0.000    -0.048    -0.004     0.102
   7 0 1 0 1 1 1 1   3  14  25   0   0   0   0    21.824    48.831     5.963     0.000     0.000     0.000     0.000   0   0   0   0   0   0   0     0.000    -0.033     0.069    -0.000    -0.048    -0.001     0.005
   7 0 0 0 1 1 1 1  17  26  14   0   0   0   0    57.362     5.839    45.001     0.000     0.000     0.000     0.000   0   0   0   0   0   0   0     0.000    -0.033     0.069    -0.002    -0.089     0.000     0.020
   7 0 1 0 1 1 1 1   3  26  23   0   0   0   0    21.824     5.839     5.790     0.000     0.000     0.000     0.000   0   0   0   0   0   0   0     0.000    -0.091     0.069    -0.002    -0.089    -0.001     0.060
   7 0 0 0 1 1 1 1  23  26   0   0   0   0   0     5.789     5.911    20.976     0.000     0.000     0.000     0.000   0   0   0   0   0   0   0     0.000    -0.091     0.069    -0.003     0.008    -0.004     0.097
   7 0 1 0 1 1 1 1   3  26  32   0   0   0   0    21.824     5.911     4.302     0.000     0.000     0.000     0.000   0   0   0   0   0   0   0     0.000    -0.031     0.069    -0.003     0.008    -0.001     0.006
   7 0 1 0 1 1 1 1   3  26  26   0   0   0   0    21.824     5.911     5.915     0.000     0.000     0.000     0.000   0   0   0   0   0   0   0     0.000    -0.035     0.069    -0.003     0.008    -0.002     0.005
   7 0 0 0 1 1 1 1  26  26   3   0   0   0   0     5.845     5.839    22.954     0.000     0.000     0.000     0.000   0   0   0   0   0   0   0     0.000    -0.035     0.069    -0.006    -0.234     0.077     0.005
   7 0 0 0 1 1 1 1  24  17  11   0   0   0   0     5.416    58.010    51.055     0.000     0.000     0.000     0.000   0   0   0   0   0   0   0     0.000    -0.035     0.069    -0.009     0.002     0.005     0.034
   7 0 0 0 1 1 1 1  17  13  23   0   0   0   0    57.217    50.459     5.789     0.000     0.000     0.000     0.000   0   0   0   0   0   0   0     0.000    -0.035     0.069    -0.022    -0.004     0.000     0.060
   7 0 1 0 1 1 1 1   3  13  24   0   0   0   0    21.824    50.459     5.623     0.000     0.000     0.000     0.000   0   0   0   0   0   0   0     0.000    -0.033     0.069    -0.022    -0.004    -0.000     0.018
   7 0 0 0 1 1 1 1  24   5   3   0   0   0   0     5.162    21.914    22.952     0.000     0.000     0.000     0.000   0   0   0   0   0   0   0     0.000    -0.033     0.069     0.010    -0.032     0.052     0.001
   7 0 0 0 1 1 1 1  30   0  11   0   0   0   0     5.098    21.133    51.060     0.000     0.000     0.000     0.000   0   0   0   0   0   0   0     0.000    -0.033     0.069    -0.006    -0.045     0.012    -0.001
   7 0 0 0 1 1 1 1  17   3  27   0   0   0   0    59.207    21.824     5.200     0.000     0.000     0.000     0.000   0   0   0   0   0   0   0     0.000    -0.033     0.069    -0.028    -0.002     0.009     0.002
   7 0 0 0 1 1 1 1  17  26  31   0   0   0   0    57.425     5.839     5.479     0.000     0.000     0.000     0.000   0   0   0   0   0   0   0     0.000    -0.033     0.069    -0.002    -0.084     0.000     0.015
   7 0 1 0 1 1 1 1   3  26  23   0   0   0   0    21.824     5.839     5.790     0.000     0.000     0.000     0.000   0   0   0   0   0   0   0     0.000    -0.085     0.069    -0.002    -0.084    -0.001     0.054
   7 0 1 0 1 1 1 1   3  26  23   0   0   0   0    21.824     5.839     5.789     0.000     0.000     0.000     0.000   0   0   0   0   0   0   0     0.000    -0.043     0.069    -0.002    -0.084    -0.000     0.025
   7 0 1 0 1 1 1 1   3  26  16   0   0   0   0    21.824     5.839    56.120     0.000     0.000     0.000     0.000   0   0   0   0   0   0   0     0.000    -0.027     0.069    -0.002    -0.084     0.006    -0.001
   7 0 0 0 1 1 1 1  32   0   3   0   0   0   0     4.179    21.133    22.952     0.000     0.000     0.000     0.000   0   0   0   0   0   0   0     0.000    -0.027     0.069    -0.005    -0.031     0.019     0.001
   7 0 0 0 1 1 1 1  17  26  30   0   0   0   0    57.425     5.839     5.370     0.000     0.000     0.000     0.000   0   0   0   0   0   0   0     0.000    -0.027     0.069    -0.006    -0.222    -0.001     0.019
   7 0 0 0 1 1 1 1  17   2  23   0   0   0   0    57.211    22.128     5.789     0.000     0.000     0.000     0.000   0   0   0   0   0   0   0     0.000    -0.027     0.069    -0.023     0.006     0.000     0.057
   7 0 0 0 1 1 1 1  17  29  27   0   0   0   0    58.280     5.818     5.200     0.000     0.000     0.000     0.000   0   0   0   0   0   0   0     0.000    -0.027     0.069    -0.005     0.011     0.007     0.001
   7 0 0 0 1 1 1 1   4   0  18   0   0   0   0    22.449    21.133    47.193     0.000     0.000     0.000     0.000   0   0   0   0   0   0   0     0.000    -0.027     0.069    -0.009    -0.030    -0.001     0.009
   7 0 1 0 1 1 1 1   3   0  24   0   0   0   0    21.824    21.133     5.623     0.000     0.000     0.000     0.000   0   0   0   0   0   0   0     0.000    -0.080     0.069    -0.009    -0.030    -0.001     0.045
   7 0 0 0 1 1 1 1   6  10   0   0   0   0   0    20.483    15.518    21.527     0.000     0.000     0.000     0.000   0   0   0   0   0   0   0     0.000    -0.080     0.069    -0.001     0.016    -0.015     0.003
   7 0 0 0 1 1 1 1  17  13  23   0   0   0   0    57.217    50.459     5.789     0.000     0.000     0.000     0.000   0   0   0   0   0   0   0     0.000    -0.080     0.069    -0.020    -0.003     0.000     0.057
   7 0 0 0 1 1 1 1  17  26  27   0   0   0   0    57.425     5.839     5.322     0.000     0.000     0.000     0.000   0   0   0   0   0   0   0     0.000    -0.080     0.069    -0.002    -0.080     0.006    -0.000
   7 0 0 0 1 1 1 1  17  17   3   0   0   0   0    57.235    57.227    22.954     0.000     0.000     0.000     0.000   0   0   0   0   0   0   0     0.000    -0.080     0.069    -0.002    -0.211     0.050     0.000
   7 0 1 0 1 1 1 1   3  17  11   0   0   0   0    21.824    57.227    51.060     0.000     0.000     0.000     0.000   0   0   0   0   0   0   0     0.000    -0.040     0.069    -0.002    -0.211     0.007    -0.002
   7 0 1 0 1 1 1 1   3  17  26   0   0   0   0    21.824    57.227     5.907     0.000     0.000     0.000     0.000   0   0   0   0   0   0   0     0.000    -0.024     0.069    -0.002    -0.211    -0.001     0.003
   7 0 0 0 1 1 1 1  24   5   4   0   0   0   0     5.146    21.914    22.511     0.000     0.000     0.000     0.000   0   0   0   0   0   0   0     0.000    -0.024     0.069     0.003    -0.013     0.019     0.000
   7 0 0 0 1 1 1 1  17  26   3   0   0   0   0    57.425     5.839    22.954     0.000     0.000     0.000     0.000   0   0   0   0   0   0   0     0.000    -0.024     0.069    -0.006    -0.200     0.067     0.002
   7 0 0 0 1 1 1 1  17   0  23   0   0   0   0    57.217    21.133     5.789     0.000     0.000     0.000     0.000   0   0   0   0   0   0   0     0.000    -0.024     0.069    -0.010    -0.038     0.000     0.085
   7 0 0 1 1 1 1 1  14  16  23   0   0   0   0    48.831    56.426     5.789     0.000     0.000     0.000     0.000   0   0   0   0   0   0   0     0.000    -0.024    -0.023     0.004    -0.001     0.000     0.085
   7 0 0 0 1 1 1 1  17  19   0   0   0   0   0    59.794    61.622    21.162     0.000     0.000     0.000     0.000   0   0   0   0   0   0   0     0.000    -0.024    -0.023     0.003    -0.003     0.004     0.018
   7 0 1 0 1 1 1 1   3  19  23   0   0   0   0    21.824    61.622     5.790     0.000     0.000     0.000     0.000   0   0   0   0   0   0   0     0.000    -0.076    -0.023     0.003    -0.003    -0.001     0.048
   7 0 0 0 1 1 1 1  17   0  23   0   0   0   0    57.225    21.133     5.789     0.000     0.000     0.000     0.000   0   0   0   0   0   0   0     0.000    -0.076    -0.023    -0.009    -0.036     0.000     0.080
   7 0 0 0 1 1 1 1  17   5  23   0   0   0   0    57.217    22.024     5.789     0.000     0.000     0.000     0.000   0   0   0   0   0   0   0     0.000    -0.076    -0.023    -0.002    -0.017     0.000     0.054
   7 0 1 0 1 1 1 1   3   5  24   0   0   0   0    21.824    22.024     5.623     0.000     0.000     0.000     0.000   0   0   0   0   0   0   0     0.000    -0.027    -0.023    -0.002    -0.017    -0.000     0.015
   7 0 0 0 1 1 1 1  26  26   3   0   0   0   0     5.845     5.839    22.954     0.000     0.000     0.000     0.000   0   0   0   0   0   0   0     0.000    -0.027    -0.023    -0.005    -0.190     0.064     0.004
   7 0 0 0 1 1 1 1   6  10   0   0   0   0   0    20.483    15.518    21.527     0.000     0.000     0.000     0.000   0   0   0   0   0   0   0     0.000    -0.027    -0.023    -0.001     0.014    -0.014     0.003
   7 0 0 0 1 1 1 1  17  29  27   0   0   0   0    58.280     5.818     5.200     0.000     0.000     0.000     0.000   0   0   0   0   0   0   0     0.000    -0.027    -0.023    -0.004     0.010     0.006     0.001
   7 0 0 0 1 1 1 1  17  26   5   0   0   0   0    57.362     5.839    22.226     0.000     0.000     0.000     0.000   0   0   0   0   0   0   0     0.000    -0.027    -0.023    -0.001    -0.076     0.018     0.000
   7 0 1 0 1 1 1 1   3  26  23   0   0   0   0    21.824     5.839     5.790     0.000     0.000     0.000     0.000   0   0   0   0   0   0   0     0.000    -0.072    -0.023    -0.001    -0.076    -0.001     0.045
   7 0 0 0 1 1 1 1  17   2  23   0   0   0   0    57.217    22.128     5.789     0.000     0.000     0.000     0.000   0   0   0   0   0   0   0     0.000    -0.072    -0.023    -0.017     0.005     0.000     0.076
   7 0 0 0 1 1 1 1  17   5  23   0   0   0   0    57.211    22.024     5.789     0.000     0.000     0.000     0.000   0   0   0   0   0   0   0     0.000    -0.072    -0.023    -0.002    -0.017     0.000     0.031
   7 0 0 0 1 1 1 1  17  26  14   0   0   0   0    57.362     5.839    45.001     0.000     0.000     0.000     0.000   0   0   0   0   0   0   0     0.000    -0.072    -0.023    -0.001    -0.072     0.000     0.015
   7 0 0 0 1 1 1 1  17  26  24   0   0   0   0    57.425     5.839     5.405     0.000     0.000     0.000     0.000   0   0   0   0   0   0   0     0.000    -0.072    -0.023    -0.005    -0.181    -0.001     0.016
   7 0 1 0 1 1 1 1   3  26   6   0   0   0   0    21.824     5.839    20.483     0.000     0.000     0.000     0.000   0   0   0   0   0   0   0     0.000    -0.033    -0.023    -0.005    -0.181     0.001    -0.011
   7 0 0 0 1 1 1 1  14  18  16   0   0   0   0    44.928    47.180    56.808     0.000     0.000     0.000     0.000   0   0   0   0   0   0   0     0.000    -0.033    -0.023     0.000     0.049    -0.010    -0.001
   7 0 1 0 1 1 1 1   3  18  17   0   0   0   0    21.824    47.180    59.794     0.000     0.000     0.000     0.000   0   0   0   0   0   0   0     0.000    -0.026    -0.023     0.000     0.049    -0.001     0.005
   7 0 0 0 1 1 1 1  26   0   3   0   0   0   0     5.791    21.133    22.952     0.000     0.000     0.000     0.000   0   0   0   0   0   0   0     0.000    -0.026    -0.023    -0.010    -0.068     0.041     0.002
   7 0 0 1 1 1 1 1  13  27   3   0   0   0   0    55.339     5.176    22.952     0.000     0.000     0.000     0.000   0   0   0   0   0   0   0     0.000    -0.026     0.033    -0.036     0.000     0.041     0.002
   7 0 1 0 1 1 1 1   3  27  17   0   0   0   0    21.824     5.176    59.207     0.000     0.000     0.000     0.000   0   0   0   0   0   0   0     0.000    -0.020     0.033    -0.036     0.000    -0.001     0.002
   7 0 1 0 1 1 1 1   3  27  24   0   0   0   0    21.824     5.176     5.623     0.000     0.000     0.000     0.000   0   0   0   0   0   0   0     0.000    -0.025     0.033    -0.036     0.000    -0.000     0.014
   7 0 1 0 1 1 1 1   3  27   0   0   0   0   0    21.824     5.176    20.984     0.000     0.000     0.000     0.000   0   0   0   0   0   0   0     0.000    -0.065     0.033    -0.036     0.000    -0.009     0.004
   7 0 0 0 1 1 1 1  24   0   4   0   0   0   0     5.410    21.527    22.511     0.000     0.000     0.000     0.000   0   0   0   0   0   0   0     0.000    -0.065     0.033    -0.002     0.008    -0.013     0.011
   7 0 0 0 1 1 1 1  17   5  23   0   0   0   0    57.217    22.024     5.789     0.000     0.000     0.000     0.000   0   0   0   0   0   0   0     0.000    -0.065     0.033    -0.001    -0.014     0.000     0.047
   7 0 0 0 1 1 1 1  17  26  31   0   0   0   0    57.425     5.839     5.479     0.000     0.000     0.000     0.000   0   0   0   0   0   0   0     0.000    -0.065     0.033    -0.001    -0.068     0.000     0.011
   7 0 0 0 1 1 1 1  17  26  30   0   0   0   0    57.425     5.839     5.336     0.000     0.000     0.000     0.000   0   0   0   0   0   0   0     0.000    -0.065     0.033    -0.004    -0.171    -0.001     0.013
   7 0 0 1 1 1 1 1  13  27  30   0   0   0   0    55.339     5.176     5.336     0.000     0.000     0.000     0.000   0   0   0   0   0   0   0     0.000    -0.065     0.031    -0.034     0.000    -0.001     0.013
   7 0 1 0 1 1 1 1   3  27  16   0   0   0   0    21.824     5.176    56.426     0.000     0.000     0.000     0.000   0   0   0   0   0   0   0     0.000    -0.018     0.031    -0.034     0.000     0.004    -0.001
   7 0 0 0 1 1 1 1  26  24  31   0   0   0   0     5.887     5.623     5.383     0.000     0.000     0.000     0.000   0   0   0   0   0   0   0     0.000    -0.018     0.031    -0.003     0.013    -0.001     0.005
   7 0 1 0 1 1 1 1   3  24  23   0   0   0   0    21.824     5.623     5.790     0.000     0.000     0.000     0.000   0   0   0   0   0   0   0     0.000    -0.061     0.031    -0.003     0.013    -0.001     0.042
   7 0 0 0 1 1 1 1  30   0  11   0   0   0   0     5.100    21.133    51.060     0.000     0.000     0.000     0.000   0   0   0   0   0   0   0     0.000    -0.061     0.031    -0.004    -0.028     0.008    -0.000
   7 0 0 0 1 1 1 1  17  29  26   0   0   0   0    57.938     5.818     5.921     0.000     0.000     0.000     0.000   0   0   0   0   0   0   0     0.000    -0.061     0.031    -0.004     0.008     0.000     0.004
   7 0 1 0 1 1 1 1   3  29   6   0   0   0   0    21.824     5.818    20.291     0.000     0.000     0.000     0.000   0   0   0   0   0   0   0     0.000    -0.023     0.031    -0.004     0.008     0.001    -0.003
   7 0 0 0 1 1 1 1  24   5   3   0   0   0   0     5.153    21.914    22.952     0.000     0.000     0.000     0.000   0   0   0   0   0   0   0     0.000    -0.023     0.031     0.011    -0.025     0.038     0.000
   7 0 0 1 1 1 1 1  13  27   3   0   0   0   0    55.339     5.176    22.952     0.000     0.000     0.000     0.000   0   0   0   0   0   0   0     0.000    -0.023     0.030    -0.031     0.000     0.038     0.000
   7 0 1 0 1 1 1 1   3  27   6   0   0   0   0    21.824     5.176    20.293     0.000     0.000     0.000     0.000   0   0   0   0   0   0   0     0.000    -0.017     0.030    -0.031     0.000     0.001    -0.002
   7 0 0 0 1 1 1 1  17  17  18   0   0   0   0    57.235    57.227    46.721     0.000     0.000     0.000     0.000   0   0   0   0   0   0   0     0.000    -0.017     0.030     0.000    -0.065    -0.000     0.007
   7 0 0 0 1 1 1 1  17  17   3   0   0   0   0    57.235    57.227    22.954     0.000     0.000     0.000     0.000   0   0   0   0   0   0   0     0.000    -0.017     0.030    -0.000    -0.163     0.041     0.000
   7 0 0 0 1 1 1 1   6  10   0   0   0   0   0    20.495    15.518    21.527     0.000     0.000     0.000     0.000   0   0   0   0   0   0   0     0.000    -0.017     0.030    -0.000     0.010    -0.013     0.003
   7 0 0 0 1 1 1 1  17   5  23   0   0   0   0    57.217    22.024     5.789     0.000     0.000     0.000     0.000   0   0   0   0   0   0   0     0.000    -0.017     0.030    -0.001    -0.013    -0.000     0.044
   7 0 0 0 1 1 1 1  30  20   4   0   0   0   0     5.084    62.740    22.511     0.000     0.000     0.000     0.000   0   0   0   0   0   0   0     0.000    -0.017     0.030    -0.011     0.001     0.016     0.000
   7 0 0 0 1 1 1 1  17  26  24   0   0   0   0    57.425     5.839     5.393     0.000     0.000     0.000     0.000   0   0   0   0   0   0   0     0.000    -0.017     0.030    -0.004    -0.155    -0.001     0.012
   7 0 0 0 1 1 1 1  17   2  23   0   0   0   0    57.211    22.128     5.789     0.000     0.000     0.000     0.000   0   0   0   0   0   0   0     0.000    -0.017     0.030    -0.015     0.003     0.000     0.045
   7 0 0 0 1 1 1 1  18  18  16   0   0   0   0    47.288    47.180    57.399     0.000     0.000     0.000     0.000   0   0   0   0   0   0   0     0.000    -0.017     0.030     0.000     0.016    -0.010     0.000
   7 0 1 0 1 1 1 1   3  18  31   0   0   0   0    21.824    47.180     5.482     0.000     0.000     0.000     0.000   0   0   0   0   0   0   0     0.000    -0.021     0.030     0.000     0.016    -0.000     0.011
   7 0 1 0 1 1 1 1   3  18  23   0   0   0   0    21.824    47.180     5.790     0.000     0.000     0.000     0.000   0   0   0   0   0   0   0     0.000    -0.057     0.030     0.000     0.016    -0.001     0.038
   7 0 0 1 1 1 1 1  13  27  23   0   0   0   0    55.339     5.176     5.790     0.000     0.000     0.000     0.000   0   0   0   0   0   0   0     0.000    -0.057     0.028    -0.029     0.000    -0.001     0.038
   7 0 0 0 1 1 1 1  17   5  23   0   0   0   0    57.217    22.024     5.789     0.000     0.000     0.000     0.000   0   0   0   0   0   0   0     0.000    -0.057     0.028    -0.000    -0.012    -0.000     0.041
   7 0 0 0 1 1 1 1  17  26   2   0   0   0   0    57.362     5.839    21.965     0.000     0.000     0.000     0.000   0   0   0   0   0   0   0     0.000    -0.057     0.028    -0.000    -0.061     0.017     0.000
   7 0 0 0 1 1 1 1  17  26   3   0   0   0   0    57.425     5.839    22.954     0.000     0.000     0.000     0.000   0   0   0   0   0   0   0     0.000    -0.057     0.028    -0.003    -0.147     0.052     0.001
   7 0 0 1 1 1 1 1  13  27   3   0   0   0   0    55.339     5.176    22.954     0.000     0.000     0.000     0.000   0   0   0   0   0   0   0     0.000    -0.057     0.027    -0.027     0.000     0.052     0.001
   7 0 0 0 1 1 1 1  26  29  27   0   0   0   0     5.909     5.818     5.200     0.000     0.000     0.000     0.000   0   0   0   0   0   0   0     0.000    -0.057     0.027    -0.001     0.006     0.005     0.002
   7 0 1 0 1 1 1 1   3  29  24   0   0   0   0    21.824     5.818     5.623     0.000     0.000     0.000     0.000   0   0   0   0   0   0   0     0.000    -0.020     0.027    -0.001     0.006    -0.000     0.012
   7 0 0 1 1 1 1 1  14  23  24   0   0   0   0    48.831     5.790     5.623     0.000     0.000     0.000     0.000   0   0   0   0   0   0   0     0.000    -0.020    -0.054    -0.001     0.035    -0.000     0.012
   7 0 0 0 1 1 1 1   6  31   0   0   0   0   0    20.490     5.435    21.527     0.000     0.000     0.000     0.000   0   0   0   0   0   0   0     0.000    -0.020    -0.054    -0.001     0.007    -0.011     0.002
   7 0 0 0 1 1 1 1  18  18  16   0   0   0   0    47.193    47.180    57.532     0.000     0.000     0.000     0.000   0   0   0   0   0   0   0     0.000    -0.020    -0.054     0.000     0.038    -0.006     0.002
   7 0 0 0 1 1 1 1  17  26   2   0   0   0   0    57.362     5.839    21.965     0.000     0.000     0.000     0.000   0   0   0   0   0   0   0     0.000    -0.020    -0.054    -0.000    -0.058     0.016     0.000
   7 0 0 0 1 1 1 1  24   3   9   0   0   0   0     5.345    21.824    17.956     0.000     0.000     0.000     0.000   0   0   0   0   0   0   0     0.000    -0.020    -0.054    -0.051    -0.005    -0.002     0.012
   7 0 0 0 1 1 1 1  17  13  23   0   0   0   0    57.225    50.459     5.789     0.000     0.000     0.000     0.000   0   0   0   0   0   0   0     0.000    -0.020    -0.054    -0.017    -0.005     0.000     0.068
   7 0 1 0 1 1 1 1   3  13  16   0   0   0   0    21.824    50.459    56.426     0.000     0.000     0.000     0.000   0   0   0   0   0   0   0     0.000    -0.014    -0.054    -0.017    -0.005     0.003    -0.000
   7 0 0 0 1 1 1 1  30  20   4   0   0   0   0     5.084    62.679    22.511     0.000     0.000     0.000     0.000   0   0   0   0   0   0   0     0.000    -0.014    -0.054    -0.012    -0.001     0.015     0.000
   7 0 0 0 1 1 1 1  17  26   3   0   0   0   0    57.425     5.839    22.954     0.000     0.000     0.000     0.000   0   0   0   0   0   0   0     0.000    -0.014    -0.054    -0.003    -0.139     0.049     0.001
   7 0 0 1 1 1 1 1  13  27   3   0   0   0   0    55.339     5.176    22.954     0.000     0.000     0.000     0.000   0   0   0   0   0   0   0     0.000    -0.014     0.025    -0.025     0.000     0.049     0.001
   7 0 0 0 1 1 1 1  17  27  26   0   0   0   0    57.938     5.444     5.921     0.000     0.000     0.000     0.000   0   0   0   0   0   0   0     0.000    -0.014     0.025    -0.003     0.004     0.000     0.003
   7 0 0 0 1 1 1 1  17  17  18   0   0   0   0    57.235    57.227    46.721     0.000     0.000     0.000     0.000   0   0   0   0   0   0   0     0.000    -0.014     0.025     0.000    -0.055    -0.000     0.005
   7 0 1 0 1 1 1 1   3  17  24   0   0   0   0    21.824    57.227     5.623     0.000     0.000     0.000     0.000   0   0   0   0   0   0   0     0.000    -0.048     0.025     0.000    -0.055    -0.001     0.029
   7 0 0 0 1 1 1 1   6  21  12   0   0   0   0    20.472    66.510    49.672     0.000     0.000     0.000     0.000   0   0   0   0   0   0   0     0.000    -0.048     0.025     0.006    -0.001    -0.012    -0.004
   7 0 1 0 1 1 1 1   3  21  24   0   0   0   0    21.824    66.510     5.623     0.000     0.000     0.000     0.000   0   0   0   0   0   0   0     0.000    -0.013     0.025     0.006    -0.001     0.000    -0.008
   7 0 0 1 1 1 1 1  14  27  24   0   0   0   0    48.831     5.295     5.623     0.000     0.000     0.000     0.000   0   0   0   0   0   0   0     0.000    -0.013    -0.019     0.004    -0.001     0.000    -0.008
   7 0 0 0 1 1 1 1  17  26   3   0   0   0   0    57.425     5.839    22.954     0.000     0.000     0.000     0.000   0   0   0   0   0   0   0     0.000    -0.013    -0.019    -0.003    -0.132     0.047     0.001
   7 0 0 0 1 1 1 1  24   6   4   0   0   0   0     5.410    20.495    22.511     0.000     0.000     0.000     0.000   0   0   0   0   0   0   0     0.000    -0.013    -0.019    -0.000    -0.009    -0.013     0.009
   7 0 1 0 1 1 1 1   3   6  24   0   0   0   0    21.824    20.495     5.623     0.000     0.000     0.000     0.000   0   0   0   0   0   0   0     0.000    -0.012    -0.019    -0.000    -0.009     0.000    -0.008
   7 0 1 0 1 1 1 1   3   6  17   0   0   0   0    21.824    20.495    59.794     0.000     0.000     0.000     0.000   0   0   0   0   0   0   0     0.000    -0.018    -0.019    -0.000    -0.009    -0.001     0.004
   7 0 0 0 1 1 1 1  31  23   0   0   0   0   0     5.377     5.393    20.976     0.000     0.000     0.000     0.000   0   0   0   0   0   0   0     0.000    -0.018    -0.019    -0.018    -0.002     0.027     0.002
   7 0 1 0 1 1 1 1  27  23  27   0   0   0   0     5.134     5.393     5.176     0.000     0.000     0.000     0.000   0   0   0   0   0   0   0     0.000     0.023    -0.019    -0.018    -0.002    -0.023     0.000
   7 0 0 0 1 1 1 1  17  29  27   0   0   0   0    59.224     5.818     5.200     0.000     0.000     0.000     0.000   0   0   0   0   0   0   0     0.000     0.023    -0.019    -0.001     0.006     0.004     0.001
   7 0 0 0 1 1 1 1  24  23  12   0   0   0   0     5.623     5.789    50.302     0.000     0.000     0.000     0.000   0   0   0   0   0   0   0     0.000     0.023    -0.019     0.000    -0.053    -0.000     0.013
   7 0 0 0 1 1 1 1  17  17   3   0   0   0   0    57.235    57.227    22.954     0.000     0.000     0.000     0.000   0   0   0   0   0   0   0     0.000     0.023    -0.019    -0.000    -0.126     0.035     0.000
   7 0 0 0 1 1 1 1  17  12  23   0   0   0   0    57.225    50.308     5.789     0.000     0.000     0.000     0.000   0   0   0   0   0   0   0     0.000     0.023    -0.019    -0.005    -0.019     0.000     0.064
   7 0 1 0 1 1 1 1   3  12  24   0   0   0   0    21.824    50.308     5.623     0.000     0.000     0.000     0.000   0   0   0   0   0   0   0     0.000    -0.012    -0.019    -0.005    -0.019     0.000    -0.007
   7 0 0 0 1 1 1 1  32   0   4   0   0   0   0     4.179    21.133    22.511     0.000     0.000     0.000     0.000   0   0   0   0   0   0   0     0.000    -0.012    -0.019    -0.002    -0.017     0.013     0.000
   7 0 1 0 1 1 1 1   4   0   7   0   0   0   0    22.436    21.133    20.404     0.000     0.000     0.000     0.000   0   0   0   0   0   0   0     0.000    -0.037    -0.019    -0.002    -0.017     0.007    -0.002
   7 0 0 0 1 1 1 1  23  13   0   0   0   0   0     5.789    55.339    20.976     0.000     0.000     0.000     0.000   0   0   0   0   0   0   0     0.000    -0.037    -0.019    -0.001     0.022    -0.009     0.060
   7 0 1 0 1 1 1 1   3  13  16   0   0   0   0    21.824    55.339    56.426     0.000     0.000     0.000     0.000   0   0   0   0   0   0   0     0.000    -0.011    -0.019    -0.001     0.022     0.002    -0.000
   7 0 0 0 1 1 1 1  31   6  32   0   0   0   0     5.482    20.483     4.354     0.000     0.000     0.000     0.000   0   0   0   0   0   0   0     0.000    -0.011    -0.019     0.000    -0.007     0.016     0.002
   7 0 0 0 1 1 1 1  17  26  30   0   0   0   0    57.425     5.839     5.370     0.000     0.000     0.000     0.000   0   0   0   0   0   0   0     0.000    -0.011    -0.019    -0.003    -0.119    -0.001     0.011
   7 0 0 0 1 1 1 1  23  13   0   0   0   0   0     5.789    55.339    20.976     0.000     0.000     0.000     0.000   0   0   0   0   0   0   0     0.000    -0.011    -0.019    -0.001     0.021    -0.008     0.057
   7 0 0 0 1 1 1 1  18  18  16   0   0   0   0    47.193    47.180    57.418     0.000     0.000     0.000     0.000   0   0   0   0   0   0   0     0.000    -0.011    -0.019     0.000     0.036    -0.006     0.001
   7 0 0 0 1 1 1 1  17  17   2   0   0   0   0    57.235    57.227    21.965     0.000     0.000     0.000     0.000   0   0   0   0   0   0   0     0.000    -0.011    -0.019     0.000    -0.050     0.012     0.000
   7 0 0 0 1 1 1 1   4   0  18   0   0   0   0    22.449    21.133    47.193     0.000     0.000     0.000     0.000   0   0   0   0   0   0   0     0.000    -0.011    -0.019    -0.012    -0.043    -0.001     0.014
   7 0 0 0 1 1 1 1  30   0  14   0   0   0   0     5.097    21.133    44.903     0.000     0.000     0.000     0.000   0   0   0   0   0   0   0     0.000    -0.011    -0.019    -0.003    -0.018     0.000     0.009
   7 0 0 1 1 1 1 1  24  23  14   0   0   0   0     5.623     5.789    44.903     0.000     0.000     0.000     0.000   0   0   0   0   0   0   0     0.000    -0.011    -0.007    -0.000     0.034     0.000     0.009
   7 0 0 1 1 1 1 1  14  27  14   0   0   0   0    48.831     5.215    44.903     0.000     0.000     0.000     0.000   0   0   0   0   0   0   0     0.000    -0.011    -0.016     0.005    -0.000     0.000     0.009
   7 0 0 0 1 1 1 1  24   5   3   0   0   0   0     5.151    21.914    22.952     0.000     0.000     0.000     0.000   0   0   0   0   0   0   0     0.000    -0.011    -0.016     0.008    -0.019     0.025     0.000
   7 0 0 0 1 1 1 1  23  13   0   0   0   0   0     5.789    55.339    20.976     0.000     0.000     0.000     0.000   0   0   0   0   0   0   0     0.000    -0.011    -0.016    -0.000     0.020    -0.008     0.054
   7 0 0 0 1 1 1 1  17   3  26   0   0   0   0    57.795    22.953     5.921     0.000     0.000     0.000     0.000   0   0   0   0   0   0   0     0.000    -0.011    -0.016     0.002    -0.004     0.000     0.002
   7 0 0 0 1 1 1 1  17  26   2   0   0   0   0    57.362     5.839    21.965     0.000     0.000     0.000     0.000   0   0   0   0   0   0   0     0.000    -0.011    -0.016    -0.000    -0.047     0.013     0.000
   7 0 0 1 1 1 1 1  24  23   2   0   0   0   0     5.624     5.789    21.965     0.000     0.000     0.000     0.000   0   0   0   0   0   0   0     0.000    -0.011     0.033     0.000    -0.052     0.013     0.000
   7 0 0 0 1 1 1 1   6  21  12   0   0   0   0    20.423    66.510    49.672     0.000     0.000     0.000     0.000   0   0   0   0   0   0   0     0.000    -0.011     0.033     0.005    -0.001    -0.010    -0.003
   7 0 0 1 1 1 1 1  14  24  12   0   0   0   0    48.831     5.623    49.672     0.000     0.000     0.000     0.000   0   0   0   0   0   0   0     0.000    -0.011    -0.010     0.000    -0.006    -0.010    -0.003
   7 0 0 0 1 1 1 1  30   5   3   0   0   0   0     5.084    21.914    22.952     0.000     0.000     0.000     0.000   0   0   0   0   0   0   0     0.000    -0.011    -0.010     0.002    -0.007     0.011     0.000
   7 0 0 0 1 1 1 1  23  23  12   0   0   0   0     5.790     5.789    50.308     0.000     0.000     0.000     0.000   0   0   0   0   0   0   0     0.000    -0.011    -0.010     0.000    -0.070     0.031     0.009
   7 0 0 0 1 1 1 1  23  13   0   0   0   0   0     5.789    55.339    20.976     0.000     0.000     0.000     0.000   0   0   0   0   0   0   0     0.000    -0.011    -0.010    -0.000     0.019    -0.007     0.051
   7 0 0 0 1 1 1 1  23  17   0   0   0   0   0     5.789    57.795    20.976     0.000     0.000     0.000     0.000   0   0   0   0   0   0   0     0.000    -0.011    -0.010    -0.003     0.001    -0.006     0.032
   7 0 0 0 1 1 1 1  17  21   0   0   0   0   0    59.794    66.498    21.217     0.000     0.000     0.000     0.000   0   0   0   0   0   0   0     0.000    -0.011    -0.010     0.002    -0.002     0.002     0.012
   7 0 1 0 1 1 1 1   3  21  24   0   0   0   0    21.824    66.498     5.623     0.000     0.000     0.000     0.000   0   0   0   0   0   0   0     0.000    -0.040    -0.010     0.002    -0.002    -0.000     0.025
   7 0 0 0 1 1 1 1  23  27   0   0   0   0   0     5.789     5.134    20.976     0.000     0.000     0.000     0.000   0   0   0   0   0   0   0     0.000    -0.040    -0.010     0.018    -0.000    -0.007     0.049
   7 0 0 0 1 1 1 1  23  17   0   0   0   0   0     5.789    57.795    20.976     0.000     0.000     0.000     0.000   0   0   0   0   0   0   0     0.000    -0.040    -0.010    -0.002     0.000    -0.005     0.030
   7 0 1 0 1 1 1 1   3  17  27   0   0   0   0    21.824    57.795     5.475     0.000     0.000     0.000     0.000   0   0   0   0   0   0   0     0.000    -0.015    -0.010    -0.002     0.000     0.000    -0.008
   7 0 0 0 1 1 1 1  17  26   3   0   0   0   0    57.425     5.839    22.954     0.000     0.000     0.000     0.000   0   0   0   0   0   0   0     0.000    -0.015    -0.010    -0.002    -0.107     0.040     0.001
   7 0 0 0 1 1 1 1   6  21  12   0   0   0   0    20.423    66.510    49.672     0.000     0.000     0.000     0.000   0   0   0   0   0   0   0     0.000    -0.015    -0.010     0.004    -0.001    -0.009    -0.002
   7 0 0 0 1 1 1 1  23  17   0   0   0   0   0     5.789    57.795    20.976     0.000     0.000     0.000     0.000   0   0   0   0   0   0   0     0.000    -0.015    -0.010    -0.002     0.000    -0.005     0.029
   7 0 0 0 1 1 1 1  23  23   1   0   0   0   0     5.790     5.789    21.775     0.000     0.000     0.000     0.000   0   0   0   0   0   0   0     0.000    -0.015    -0.010     0.000    -0.028     0.014     0.000
   7 0 0 0 1 1 1 1  24   3   3   0   0   0   0     5.345    21.824    22.952     0.000     0.000     0.000     0.000   0   0   0   0   0   0   0     0.000    -0.015    -0.010    -0.038    -0.004     0.024     0.002
   7 0 0 0 1 1 1 1  17  12  23   0   0   0   0    57.211    50.308     5.789     0.000     0.000     0.000     0.000   0   0   0   0   0   0   0     0.000    -0.015    -0.010    -0.004    -0.021     0.000     0.029
   7 0 1 0 1 1 1 1   3  12   3   0   0   0   0    21.824    50.308    22.953     0.000     0.000     0.000     0.000   0   0   0   0   0   0   0     0.000    -0.009    -0.010    -0.004    -0.021     0.003    -0.000
   7 0 0 0 1 1 1 1  24  23   1   0   0   0   0     5.623     5.789    21.775     0.000     0.000     0.000     0.000   0   0   0   0   0   0   0     0.000    -0.009    -0.010     0.000    -0.043     0.012     0.000
   7 0 0 0 1 1 1 1  17  26   3   0   0   0   0    57.362     5.839    22.954     0.000     0.000     0.000     0.000   0   0   0   0   0   0   0     0.000    -0.009    -0.010    -0.001    -0.102     0.033     0.000
   7 0 0 0 1 1 1 1  17   2  23   0   0   0   0    57.225    22.128     5.789     0.000     0.000     0.000     0.000   0   0   0   0   0   0   0     0.000    -0.009    -0.010    -0.008     0.005     0.000     0.044
   7 0 0 0 1 1 1 1  23  14   0   0   0   0   0     5.789    44.793    20.976     0.000     0.000     0.000     0.000   0   0   0   0   0   0   0     0.000    -0.009    -0.010     0.000    -0.002    -0.005     0.027
   7 0 0 0 1 1 1 1  31   6  11   0   0   0   0     5.482    20.485    51.257     0.000     0.000     0.000     0.000   0   0   0   0   0   0   0     0.000    -0.009    -0.010     0.000    -0.006     0.002     0.013
   7 0 0 0 1 1 1 1  31   0   0   0   0   0   0     5.377    21.133    20.976     0.000     0.000     0.000     0.000   0   0   0   0   0   0   0     0.000    -0.009    -0.010    -0.003    -0.036     0.021     0.002
   7 0 0 1 1 1 1 1  13  27   0   0   0   0   0    55.339     5.176    20.976     0.000     0.000     0.000     0.000   0   0   0   0   0   0   0     0.000    -0.009     0.017    -0.021     0.000     0.021     0.002
   7 0 0 0 1 1 1 1  23  17   0   0   0   0   0     5.789    58.280    20.976     0.000     0.000     0.000     0.000   0   0   0   0   0   0   0     0.000    -0.009     0.017    -0.001     0.001    -0.004     0.026
   7 0 1 0 1 1 1 1   3  17  24   0   0   0   0    21.824    58.280     5.623     0.000     0.000     0.000     0.000   0   0   0   0   0   0   0     0.000    -0.014     0.017    -0.001     0.001    -0.000     0.009
   7 0 0 0 1 1 1 1  17  26  24   0   0   0   0    57.425     5.839     5.384     0.000     0.000     0.000     0.000   0   0   0   0   0   0   0     0.000    -0.014     0.017    -0.002    -0.097    -0.001     0.007
   7 0 0 0 1 1 1 1   6  31  12   0   0   0   0    20.408     5.482    49.672     0.000     0.000     0.000     0.000   0   0   0   0   0   0   0     0.000    -0.014     0.017     0.000     0.014    -0.008    -0.002
   7 0 1 0 1 1 1 1   3  31   3   0   0   0   0    21.824     5.482    22.953     0.000     0.000     0.000     0.000   0   0   0   0   0   0   0     0.000    -0.009     0.017     0.000     0.014     0.003    -0.000
   7 0 1 0 1 1 1 1   3  31  27   0   0   0   0    21.824     5.482     5.475     0.000     0.000     0.000     0.000   0   0   0   0   0   0   0     0.000    -0.013     0.017     0.000     0.014     0.000    -0.007
   7 0 1 0 1 1 1 1   3  31  11   0   0   0   0    21.824     5.482    50.921     0.000     0.000     0.000     0.000   0   0   0   0   0   0   0     0.000    -0.034     0.017     0.000     0.014     0.006    -0.002
   7 0 0 0 1 1 1 1  32   0   4   0   0   0   0     4.185    21.133    22.511     0.000     0.000     0.000     0.000   0   0   0   0   0   0   0     0.000    -0.034     0.017    -0.002    -0.015    -0.010     0.002
   7 0 0 0 1 1 1 1  23  14  11   0   0   0   0     5.789    44.793    51.060     0.000     0.000     0.000     0.000   0   0   0   0   0   0   0     0.000    -0.034     0.017     0.000    -0.002     0.024    -0.004
   7 0 0 0 1 1 1 1  24  23  12   0   0   0   0     5.623     5.789    50.302     0.000     0.000     0.000     0.000   0   0   0   0   0   0   0     0.000    -0.034     0.017     0.000    -0.041    -0.000     0.011
   7 0 0 0 1 1 1 1  17  26   3   0   0   0   0    57.425     5.839    22.954     0.000     0.000     0.000     0.000   0   0   0   0   0   0   0     0.000    -0.034     0.017    -0.002    -0.092     0.034     0.001
   7 0 0 0 1 1 1 1  23  27   0   0   0   0   0     5.789     5.134    20.976     0.000     0.000     0.000     0.000   0   0   0   0   0   0   0     0.000    -0.034     0.017     0.015    -0.000    -0.006     0.042
   7 0 1 0 1 1 1 1   3  27  16   0   0   0   0    21.824     5.134    56.426     0.000     0.000     0.000     0.000   0   0   0   0   0   0   0     0.000    -0.008     0.017     0.015    -0.000     0.002    -0.000
   7 0 0 0 1 1 1 1  31   6   1   0   0   0   0     5.482    20.490    22.400     0.000     0.000     0.000     0.000   0   0   0   0   0   0   0     0.000    -0.008     0.017     0.000    -0.006     0.010    -0.002
   7 0 0 0 1 1 1 1  24  23  12   0   0   0   0     5.623     5.789    50.308     0.000     0.000     0.000     0.000   0   0   0   0   0   0   0     0.000    -0.008     0.017     0.000    -0.087     0.027     0.008
