  240
   1 1   0     0.000   0     4.870
   1 1   0     0.000   0     5.568
   1 1   0     0.000   0     5.785
   1 1   0     0.000   0     5.962
   7 0 0 0 1 1 1 1   2   0  11   0   0   0   0    21.883    21.249    55.085     0.000     0.000     0.000     0.000   0   0   0   0   0   0   0     0.000     0.000     0.000     0.695     0.166    -0.001    -0.122
   7 0 0 0 1 1 1 1  17   0  11   0   0   0   0    58.192    20.913    52.172     0.000     0.000     0.000     0.000   0   0   0   0   0   0   0     0.000     0.000     0.000    -0.104    -0.046     0.128     0.038
   7 0 0 0 1 1 1 1  11  11   0   0   0   0   0    56.197    52.172    20.913     0.000     0.000     0.000     0.000   0   0   0   0   0   0   0     0.000     0.000     0.000    -0.016     0.051    -0.116    -0.029
   7 0 0 0 1 1 1 1  11   3  11   0   0   0   0    55.085    23.124    57.345     0.000     0.000     0.000     0.000   0   0   0   0   0   0   0     0.000     0.000     0.000     0.251     0.056    -0.067    -0.223
   7 0 0 0 1 1 1 1   2   0  11   0   0   0   0    21.883    21.249    55.085     0.000     0.000     0.000     0.000   0   0   0   0   0   0   0     0.000     0.000     0.000     0.660     0.152    -0.001    -0.110
   7 0 0 0 1 1 1 1  17  14  11   0   0   0   0    58.192    44.016    52.172     0.000     0.000     0.000     0.000   0   0   0   0   0   0   0     0.000     0.000     0.000    -0.021    -0.091     0.119     0.034
   7 0 0 0 1 1 1 1  11   2  11   0   0   0   0    55.085    21.650    57.345     0.000     0.000     0.000     0.000   0   0   0   0   0   0   0     0.000     0.000     0.000     0.098     0.033    -0.029    -0.105
   7 0 0 0 1 1 1 1  11   3  17   0   0   0   0    54.007    23.124    58.324     0.000     0.000     0.000     0.000   0   0   0   0   0   0   0     0.000     0.000     0.000     0.230     0.054    -0.198    -0.040
   7 0 0 0 1 1 1 1   2   0  11   0   0   0   0    21.883    21.249    56.197     0.000     0.000     0.000     0.000   0   0   0   0   0   0   0     0.000     0.000     0.000     0.627     0.140    -0.002    -0.103
   7 0 0 0 1 1 1 1  17  11  11   0   0   0   0    58.192    57.345    52.172     0.000     0.000     0.000     0.000   0   0   0   0   0   0   0     0.000     0.000     0.000    -0.038    -0.086     0.111     0.031
   7 0 0 0 1 1 1 1  11  11   0   0   0   0   0    55.085    52.172    20.911     0.000     0.000     0.000     0.000   0   0   0   0   0   0   0     0.000     0.000     0.000    -0.018     0.044    -0.095    -0.027
   7 0 0 0 1 1 1 1  11   3   0   0   0   0   0    54.007    23.124    20.911     0.000     0.000     0.000     0.000   0   0   0   0   0   0   0     0.000     0.000     0.000     0.210     0.048    -0.184    -0.055
   7 0 0 0 1 1 1 1   2   0  11   0   0   0   0    21.883    21.249    55.085     0.000     0.000     0.000     0.000   0   0   0   0   0   0   0     0.000     0.000     0.000     0.596     0.129    -0.000    -0.091
   7 0 0 0 1 1 1 1  17  11  11   0   0   0   0    58.192    57.345    52.172     0.000     0.000     0.000     0.000   0   0   0   0   0   0   0     0.000     0.000     0.000    -0.035    -0.078     0.104     0.028
   7 0 0 0 1 1 1 1  11   2   0   0   0   0   0    54.007    21.650    20.911     0.000     0.000     0.000     0.000   0   0   0   0   0   0   0     0.000     0.000     0.000     0.087     0.028    -0.086    -0.025
   7 0 0 0 1 1 1 1  11   3   0   0   0   0   0    54.007    23.124    20.911     0.000     0.000     0.000     0.000   0   0   0   0   0   0   0     0.000     0.000     0.000     0.192     0.044    -0.167    -0.051
   7 0 0 0 1 1 1 1   2   0   0   0   0   0   0    21.883    21.249    20.911     0.000     0.000     0.000     0.000   0   0   0   0   0   0   0     0.000     0.000     0.000     0.566     0.119    -0.088    -0.002
   7 0 0 0 1 1 1 1   0  14  11   0   0   0   0    21.054    44.016    52.172     0.000     0.000     0.000     0.000   0   0   0   0   0   0   0     0.000     0.000     0.000    -0.018    -0.068     0.097     0.026
   7 0 0 0 1 1 1 1  11  11   0   0   0   0   0    54.007    52.172    20.911     0.000     0.000     0.000     0.000   0   0   0   0   0   0   0     0.000     0.000     0.000    -0.018     0.038    -0.078    -0.023
   7 0 0 0 1 1 1 1  11  11  17   0   0   0   0    54.007    52.172    58.324     0.000     0.000     0.000     0.000   0   0   0   0   0   0   0     0.000     0.000     0.000    -0.084     0.082    -0.148    -0.030
   7 0 0 0 1 1 1 1   2   0  11   0   0   0   0    21.883    21.249    54.007     0.000     0.000     0.000     0.000   0   0   0   0   0   0   0     0.000     0.000     0.000     0.538     0.109     0.001    -0.073
   7 0 0 0 1 1 1 1   6  11  11   0   0   0   0    19.934    52.172    57.345     0.000     0.000     0.000     0.000   0   0   0   0   0   0   0     0.000     0.000     0.000     0.145     0.025    -0.024    -0.064
   7 0 0 0 1 1 1 1  11   0  17   0   0   0   0    54.007    21.249    58.324     0.000     0.000     0.000     0.000   0   0   0   0   0   0   0     0.000     0.000     0.000     0.021     0.073    -0.069    -0.014
   7 0 0 0 1 1 1 1  24   0  10   0   0   0   0     5.325    20.911    15.293     0.000     0.000     0.000     0.000   0   0   0   0   0   0   0     0.000     0.000     0.000    -0.137    -0.042     0.030     0.165
   7 0 0 0 1 1 1 1   2   0   0   0   0   0   0    21.883    21.249    20.911     0.000     0.000     0.000     0.000   0   0   0   0   0   0   0     0.000     0.000     0.000     0.511     0.100    -0.073    -0.002
   7 0 0 0 1 1 1 1   6  11  14   0   0   0   0    19.934    52.172    44.016     0.000     0.000     0.000     0.000   0   0   0   0   0   0   0     0.000     0.000     0.000     0.137     0.022    -0.015    -0.056
   7 0 0 0 1 1 1 1  11  11   0   0   0   0   0    54.007    52.172    20.826     0.000     0.000     0.000     0.000   0   0   0   0   0   0   0     0.000     0.000     0.000    -0.020     0.032    -0.069    -0.030
   7 0 0 0 1 1 1 1  12  11   0   0   0   0   0    53.870    51.892    21.249     0.000     0.000     0.000     0.000   0   0   0   0   0   0   0     0.000     0.000     0.000     0.115     0.053    -0.158     0.149
   7 0 0 0 1 1 1 1   2   0  24   0   0   0   0    21.883    21.249     5.325     0.000     0.000     0.000     0.000   0   0   0   0   0   0   0     0.000     0.000     0.000     0.485     0.092    -0.060     0.001
   7 0 0 0 1 1 1 1  25  11  11   0   0   0   0     5.896    58.345    52.172     0.000     0.000     0.000     0.000   0   0   0   0   0   0   0     0.000     0.000     0.000    -0.025    -0.056     0.082     0.021
   7 0 0 0 1 1 1 1  11   0   0   0   0   0   0    54.007    21.249    20.779     0.000     0.000     0.000     0.000   0   0   0   0   0   0   0     0.000     0.000     0.000     0.016     0.065    -0.064    -0.030
   7 0 0 0 1 1 1 1  12   0   0   0   0   0   0    53.870    21.054    21.249     0.000     0.000     0.000     0.000   0   0   0   0   0   0   0     0.000     0.000     0.000     0.116     0.048    -0.143     0.137
   7 0 0 0 1 1 1 1   2   0   0   0   0   0   0    21.883    21.249    20.911     0.000     0.000     0.000     0.000   0   0   0   0   0   0   0     0.000     0.000     0.000     0.461     0.085    -0.060    -0.001
   7 0 0 0 1 1 1 1  16  11  11   0   0   0   0    57.670    57.345    52.172     0.000     0.000     0.000     0.000   0   0   0   0   0   0   0     0.000     0.000     0.000    -0.018    -0.048     0.126     0.018
   7 0 0 0 1 1 1 1  11  30   0   0   0   0   0    56.197     5.313    20.779     0.000     0.000     0.000     0.000   0   0   0   0   0   0   0     0.000     0.000     0.000     0.012     0.053    -0.058    -0.032
   7 0 0 0 1 1 1 1  12  24  11   0   0   0   0    54.302     5.325    52.172     0.000     0.000     0.000     0.000   0   0   0   0   0   0   0     0.000     0.000     0.000    -0.019     0.053    -0.435    -0.045
   7 0 0 0 1 1 1 1  13   0   0   0   0   0   0    56.640    20.911    21.249     0.000     0.000     0.000     0.000   0   0   0   0   0   0   0     0.000     0.000     0.000    -0.054    -0.001     0.438     0.078
   7 0 0 0 1 1 1 1   6  11  25   0   0   0   0    19.934    52.172     5.619     0.000     0.000     0.000     0.000   0   0   0   0   0   0   0     0.000     0.000     0.000     0.120     0.016    -0.049    -0.023
   7 0 0 0 1 1 1 1  11  11   0   0   0   0   0    54.007    52.172    20.911     0.000     0.000     0.000     0.000   0   0   0   0   0   0   0     0.000     0.000     0.000    -0.024     0.025    -0.049    -0.014
   7 0 0 0 1 1 1 1  12   6   0   0   0   0   0    54.302    20.273    21.249     0.000     0.000     0.000     0.000   0   0   0   0   0   0   0     0.000     0.000     0.000     0.037     0.096    -0.130     0.130
   7 0 0 0 1 1 1 1   2   0  11   0   0   0   0    21.883    21.249    54.007     0.000     0.000     0.000     0.000   0   0   0   0   0   0   0     0.000     0.000     0.000     0.416     0.072     0.001    -0.046
   7 0 0 0 1 1 1 1  12   2  25   0   0   0   0    54.394    21.883     5.619     0.000     0.000     0.000     0.000   0   0   0   0   0   0   0     0.000     0.000     0.000     0.114     0.014    -0.044    -0.023
   7 0 0 0 1 1 1 1  11  10   0   0   0   0   0    54.007    15.293    20.779     0.000     0.000     0.000     0.000   0   0   0   0   0   0   0     0.000     0.000     0.000     0.010     0.048    -0.048    -0.022
   7 0 0 0 1 1 1 1  12   2  11   0   0   0   0    54.302    22.167    52.172     0.000     0.000     0.000     0.000   0   0   0   0   0   0   0     0.000     0.000     0.000     0.098     0.034    -0.407    -0.034
   7 0 0 0 1 1 1 1   2   0   0   0   0   0   0    21.883    21.249    20.839     0.000     0.000     0.000     0.000   0   0   0   0   0   0   0     0.000     0.000     0.000     0.395     0.066    -0.048    -0.002
   7 0 0 0 1 1 1 1   6  11   0   0   0   0   0    19.934    52.172    20.621     0.000     0.000     0.000     0.000   0   0   0   0   0   0   0     0.000     0.000     0.000     0.108     0.014    -0.053    -0.025
   7 0 0 0 1 1 1 1  11  11   0   0   0   0   0    56.197    52.172    20.621     0.000     0.000     0.000     0.000   0   0   0   0   0   0   0     0.000     0.000     0.000    -0.025     0.020    -0.056    -0.032
   7 0 0 0 1 1 1 1  12   0  11   0   0   0   0    53.870    21.054    52.172     0.000     0.000     0.000     0.000   0   0   0   0   0   0   0     0.000     0.000     0.000     0.092     0.032    -0.387    -0.030
   7 0 0 0 1 1 1 1   2   0  24   0   0   0   0    21.883    21.249     5.325     0.000     0.000     0.000     0.000   0   0   0   0   0   0   0     0.000     0.000     0.000     0.375     0.061    -0.038     0.001
   7 0 0 0 1 1 1 1  12   2   0   0   0   0   0    54.394    21.883    20.621     0.000     0.000     0.000     0.000   0   0   0   0   0   0   0     0.000     0.000     0.000     0.103     0.012    -0.049    -0.024
   7 0 0 0 1 1 1 1  11  10   0   0   0   0   0    54.007    15.293    20.779     0.000     0.000     0.000     0.000   0   0   0   0   0   0   0     0.000     0.000     0.000     0.007     0.044    -0.040    -0.019
   7 0 0 0 1 1 1 1  30   0   0   0   0   0   0     5.313    21.239    21.426     0.000     0.000     0.000     0.000   0   0   0   0   0   0   0     0.000     0.000     0.000    -0.005    -0.367     0.125     0.027
   7 0 0 0 1 1 1 1   2   0  11   0   0   0   0    21.883    21.249    58.764     0.000     0.000     0.000     0.000   0   0   0   0   0   0   0     0.000     0.000     0.000     0.357     0.056    -0.002    -0.044
   7 0 0 0 1 1 1 1  16   0  11   0   0   0   0    57.670    20.621    52.172     0.000     0.000     0.000     0.000   0   0   0   0   0   0   0     0.000     0.000     0.000    -0.045    -0.022     0.098     0.012
   7 0 0 0 1 1 1 1  11  11   0   0   0   0   0    54.007    52.172    20.621     0.000     0.000     0.000     0.000   0   0   0   0   0   0   0     0.000     0.000     0.000    -0.026     0.018    -0.049    -0.024
   7 0 0 0 1 1 1 1  12  24   0   0   0   0   0    54.302     5.325    21.249     0.000     0.000     0.000     0.000   0   0   0   0   0   0   0     0.000     0.000     0.000    -0.022     0.036    -0.105     0.114
   7 0 0 0 1 1 1 1  13   0   0   0   0   0   0    56.640    20.779    21.249     0.000     0.000     0.000     0.000   0   0   0   0   0   0   0     0.000     0.000     0.000    -0.040    -0.002     0.339     0.052
   7 0 0 0 1 1 1 1  12   2   0   0   0   0   0    54.394    21.883    20.621     0.000     0.000     0.000     0.000   0   0   0   0   0   0   0     0.000     0.000     0.000     0.093     0.010    -0.042    -0.021
   7 0 0 0 1 1 1 1  11  30   0   0   0   0   0    56.197     5.313    20.621     0.000     0.000     0.000     0.000   0   0   0   0   0   0   0     0.000     0.000     0.000     0.004     0.040    -0.045    -0.024
   7 0 0 0 1 1 1 1  13  11  11   0   0   0   0    53.502    54.007    52.172     0.000     0.000     0.000     0.000   0   0   0   0   0   0   0     0.000     0.000     0.000     0.033    -0.018    -0.344    -0.024
   7 0 0 0 1 1 1 1   2   0  24   0   0   0   0    21.883    21.249     5.325     0.000     0.000     0.000     0.000   0   0   0   0   0   0   0     0.000     0.000     0.000     0.322     0.047    -0.029     0.001
   7 0 0 0 1 1 1 1   6  11  28   0   0   0   0    19.934    52.172     5.638     0.000     0.000     0.000     0.000   0   0   0   0   0   0   0     0.000     0.000     0.000     0.088     0.010    -0.013    -0.029
   7 0 0 0 1 1 1 1  11  11   0   0   0   0   0    54.007    52.172    20.637     0.000     0.000     0.000     0.000   0   0   0   0   0   0   0     0.000     0.000     0.000    -0.026     0.016    -0.039    -0.019
   7 0 0 0 1 1 1 1  30   2   0   0   0   0   0     5.313    21.936    21.426     0.000     0.000     0.000     0.000   0   0   0   0   0   0   0     0.000     0.000     0.000    -0.326    -0.005     0.108     0.022
   7 0 0 0 1 1 1 1   2   0   0   0   0   0   0    21.883    21.249    20.779     0.000     0.000     0.000     0.000   0   0   0   0   0   0   0     0.000     0.000     0.000     0.306     0.044    -0.034    -0.001
   7 0 0 0 1 1 1 1  12   2   0   0   0   0   0    54.394    21.883    20.621     0.000     0.000     0.000     0.000   0   0   0   0   0   0   0     0.000     0.000     0.000     0.084     0.009    -0.036    -0.017
   7 0 0 0 1 1 1 1  24   0  30   0   0   0   0     5.257    20.621     5.313     0.000     0.000     0.000     0.000   0   0   0   0   0   0   0     0.000     0.000     0.000    -0.039    -0.020     0.003     0.037
   7 0 0 0 1 1 1 1  13  24  11   0   0   0   0    53.502     5.363    52.172     0.000     0.000     0.000     0.000   0   0   0   0   0   0   0     0.000     0.000     0.000    -0.006     0.031    -0.310    -0.024
   7 0 0 0 1 1 1 1   2   0  11   0   0   0   0    21.883    21.249    54.007     0.000     0.000     0.000     0.000   0   0   0   0   0   0   0     0.000     0.000     0.000     0.290     0.040     0.001    -0.025
   7 0 0 0 1 1 1 1   6  11  14   0   0   0   0    19.934    52.172    44.960     0.000     0.000     0.000     0.000   0   0   0   0   0   0   0     0.000     0.000     0.000     0.080     0.008    -0.015    -0.030
   7 0 0 0 1 1 1 1  11  11   0   0   0   0   0    54.007    52.172    20.621     0.000     0.000     0.000     0.000   0   0   0   0   0   0   0     0.000     0.000     0.000    -0.026     0.014    -0.036    -0.016
   7 0 1 0 1 1 1 1   3  11  13   0   0   0   0    23.124    52.172    56.640     0.000     0.000     0.000     0.000   0   0   0   0   0   0   0     0.000     0.099     0.000    -0.026     0.014    -0.004    -0.295
   7 0 0 0 1 1 1 1   2   0   0   0   0   0   0    21.883    21.249    20.779     0.000     0.000     0.000     0.000   0   0   0   0   0   0   0     0.000     0.099     0.000     0.276     0.037    -0.028    -0.001
   7 0 0 0 1 1 1 1  12   2   0   0   0   0   0    54.394    21.883    20.621     0.000     0.000     0.000     0.000   0   0   0   0   0   0   0     0.000     0.099     0.000     0.076     0.007    -0.031    -0.015
   7 0 0 1 1 1 1 1  30  14   0   0   0   0   0     5.313    45.074    20.621     0.000     0.000     0.000     0.000   0   0   0   0   0   0   0     0.000     0.099     0.034     0.001    -0.067    -0.031    -0.015
   7 0 0 0 1 1 1 1  13  11   0   0   0   0   0    53.502    54.007    21.249     0.000     0.000     0.000     0.000   0   0   0   0   0   0   0     0.000     0.099     0.034     0.026    -0.016    -0.087     0.092
   7 0 0 0 1 1 1 1   2   0  11   0   0   0   0    21.883    21.249    54.007     0.000     0.000     0.000     0.000   0   0   0   0   0   0   0     0.000     0.099     0.034     0.262     0.034     0.001    -0.021
   7 0 0 0 1 1 1 1   6  11  14   0   0   0   0    19.934    52.172    44.960     0.000     0.000     0.000     0.000   0   0   0   0   0   0   0     0.000     0.099     0.034     0.072     0.007    -0.012    -0.026
   7 0 0 1 1 1 1 1  30  13  14   0   0   0   0     5.313    55.122    44.960     0.000     0.000     0.000     0.000   0   0   0   0   0   0   0     0.000     0.099     0.031    -0.001    -0.081    -0.012    -0.026
   7 0 0 0 1 1 1 1  30   0   0   0   0   0   0     5.313    21.239    21.426     0.000     0.000     0.000     0.000   0   0   0   0   0   0   0     0.000     0.099     0.031    -0.004    -0.276     0.084     0.018
   7 0 0 0 1 1 1 1   2   2   0   0   0   0   0    21.883    21.650    20.779     0.000     0.000     0.000     0.000   0   0   0   0   0   0   0     0.000     0.099     0.031     0.031     0.249    -0.024    -0.001
   7 0 0 0 1 1 1 1  12   2   0   0   0   0   0    54.394    21.883    20.621     0.000     0.000     0.000     0.000   0   0   0   0   0   0   0     0.000     0.099     0.031     0.068     0.006    -0.027    -0.013
   7 0 0 0 1 1 1 1  12  29   0   0   0   0   0    53.870     5.717    21.249     0.000     0.000     0.000     0.000   0   0   0   0   0   0   0     0.000     0.099     0.031     0.001     0.010    -0.028     0.033
   7 0 0 0 1 1 1 1  13  24  11   0   0   0   0    53.502     5.367    52.172     0.000     0.000     0.000     0.000   0   0   0   0   0   0   0     0.000     0.099     0.031    -0.002     0.026    -0.262    -0.020
   7 0 0 0 1 1 1 1   2   0  11   0   0   0   0    21.883    21.249    54.007     0.000     0.000     0.000     0.000   0   0   0   0   0   0   0     0.000     0.099     0.031     0.237     0.029     0.001    -0.017
   7 0 0 0 1 1 1 1   6  11  14   0   0   0   0    19.934    52.172    44.960     0.000     0.000     0.000     0.000   0   0   0   0   0   0   0     0.000     0.099     0.031     0.065     0.006    -0.010    -0.023
   7 0 0 0 1 1 1 1  12  24  11   0   0   0   0    54.302     5.367    52.172     0.000     0.000     0.000     0.000   0   0   0   0   0   0   0     0.000     0.099     0.031    -0.000     0.009    -0.094    -0.006
   7 0 0 0 1 1 1 1  30  14  11   0   0   0   0     5.313    45.074    50.544     0.000     0.000     0.000     0.000   0   0   0   0   0   0   0     0.000     0.099     0.031     0.002    -0.161     0.016     0.077
   7 0 0 0 1 1 1 1   2   0   0   0   0   0   0    21.883    21.249    20.688     0.000     0.000     0.000     0.000   0   0   0   0   0   0   0     0.000     0.099     0.031     0.225     0.026    -0.028    -0.002
   7 0 0 0 1 1 1 1  12   2  11   0   0   0   0    54.394    21.883    60.237     0.000     0.000     0.000     0.000   0   0   0   0   0   0   0     0.000     0.099     0.031     0.062     0.005    -0.011    -0.026
   7 0 0 0 1 1 1 1  30   0  23   0   0   0   0     5.313    21.239     5.778     0.000     0.000     0.000     0.000   0   0   0   0   0   0   0     0.000     0.099     0.031    -0.001    -0.089     0.029     0.011
   7 0 0 0 1 1 1 1  13  11  11   0   0   0   0    53.502    54.007    52.172     0.000     0.000     0.000     0.000   0   0   0   0   0   0   0     0.000     0.099     0.031     0.021    -0.014    -0.241    -0.017
   7 0 0 0 1 1 1 1   2   0   0   0   0   0   0    21.883    21.249    20.779     0.000     0.000     0.000     0.000   0   0   0   0   0   0   0     0.000     0.099     0.031     0.214     0.024    -0.019    -0.000
   7 0 0 0 1 1 1 1  12   2  11   0   0   0   0    54.394    21.883    60.237     0.000     0.000     0.000     0.000   0   0   0   0   0   0   0     0.000     0.099     0.031     0.059     0.005    -0.010    -0.024
   7 0 0 0 1 1 1 1  12  24  11   0   0   0   0    54.302     5.367    52.172     0.000     0.000     0.000     0.000   0   0   0   0   0   0   0     0.000     0.099     0.031     0.000     0.008    -0.084    -0.006
   7 0 0 0 1 1 1 1  30   0  11   0   0   0   0     5.313    21.239    50.544     0.000     0.000     0.000     0.000   0   0   0   0   0   0   0     0.000     0.099     0.031    -0.004    -0.229     0.014     0.071
   7 0 0 0 1 1 1 1   2   0   0   0   0   0   0    21.883    21.249    20.688     0.000     0.000     0.000     0.000   0   0   0   0   0   0   0     0.000     0.099     0.031     0.203     0.022    -0.024    -0.001
   7 0 0 0 1 1 1 1   6  11  14   0   0   0   0    19.934    52.172    44.960     0.000     0.000     0.000     0.000   0   0   0   0   0   0   0     0.000     0.099     0.031     0.056     0.005    -0.008    -0.019
   7 0 0 0 1 1 1 1  30   0  23   0   0   0   0     5.313    21.239     5.778     0.000     0.000     0.000     0.000   0   0   0   0   0   0   0     0.000     0.099     0.031    -0.002    -0.080     0.027     0.010
   7 0 0 0 1 1 1 1  13  11  11   0   0   0   0    53.502    54.007    52.172     0.000     0.000     0.000     0.000   0   0   0   0   0   0   0     0.000     0.099     0.031     0.019    -0.013    -0.217    -0.017
   7 0 0 0 1 1 1 1   2   0  11   0   0   0   0    21.883    21.249    53.626     0.000     0.000     0.000     0.000   0   0   0   0   0   0   0     0.000     0.099     0.031     0.193     0.021     0.002    -0.012
   7 0 0 0 1 1 1 1  12   2  28   0   0   0   0    54.394    21.883     5.641     0.000     0.000     0.000     0.000   0   0   0   0   0   0   0     0.000     0.099     0.031     0.053     0.004    -0.004    -0.014
   7 0 0 0 1 1 1 1  11  11  25   0   0   0   0    56.197    52.172     5.619     0.000     0.000     0.000     0.000   0   0   0   0   0   0   0     0.000     0.099     0.031    -0.021     0.008    -0.019    -0.008
   7 0 1 0 1 1 1 1   3  11  14   0   0   0   0    23.124    52.172    45.074     0.000     0.000     0.000     0.000   0   0   0   0   0   0   0     0.000     0.066     0.031    -0.021     0.008     0.001    -0.132
   7 0 0 0 1 1 1 1  11   2  31   0   0   0   0    52.172    21.883     5.411     0.000     0.000     0.000     0.000   0   0   0   0   0   0   0     0.000     0.066     0.031     0.183     0.015    -0.006     0.012
   7 0 0 0 1 1 1 1  16  17  11   0   0   0   0    57.670    57.453    52.172     0.000     0.000     0.000     0.000   0   0   0   0   0   0   0     0.000     0.066     0.031    -0.019    -0.007     0.050     0.004
   7 0 0 1 1 1 1 1  30   0  11   0   0   0   0     5.313    21.239    52.172     0.000     0.000     0.000     0.000   0   0   0   0   0   0   0     0.000     0.066     0.023    -0.001    -0.075     0.050     0.004
   7 0 0 0 1 1 1 1  30   0   0   0   0   0   0     5.313    21.239    21.426     0.000     0.000     0.000     0.000   0   0   0   0   0   0   0     0.000     0.066     0.023    -0.004    -0.200     0.060     0.012
   7 0 0 0 1 1 1 1  11   2  31   0   0   0   0    52.172    21.883     5.403     0.000     0.000     0.000     0.000   0   0   0   0   0   0   0     0.000     0.066     0.023     0.174     0.014    -0.009     0.004
   7 0 0 0 1 1 1 1  12   2  14   0   0   0   0    54.394    21.883    45.074     0.000     0.000     0.000     0.000   0   0   0   0   0   0   0     0.000     0.066     0.023     0.048     0.004    -0.006    -0.014
   7 0 0 1 1 1 1 1  30  14  14   0   0   0   0     5.313    45.074    45.074     0.000     0.000     0.000     0.000   0   0   0   0   0   0   0     0.000     0.066     0.021     0.000    -0.045    -0.006    -0.014
   7 0 0 0 1 1 1 1  13  29  11   0   0   0   0    53.502     5.717    52.172     0.000     0.000     0.000     0.000   0   0   0   0   0   0   0     0.000     0.066     0.021    -0.001     0.019    -0.190    -0.015
   7 0 0 0 1 1 1 1   2   0   0   0   0   0   0    21.883    21.249    20.688     0.000     0.000     0.000     0.000   0   0   0   0   0   0   0     0.000     0.066     0.021     0.165     0.018    -0.020    -0.001
   7 0 0 0 1 1 1 1   6  11  17   0   0   0   0    19.934    52.172    57.453     0.000     0.000     0.000     0.000   0   0   0   0   0   0   0     0.000     0.066     0.021     0.045     0.004    -0.017    -0.006
   7 0 0 0 1 1 1 1  12  29  11   0   0   0   0    53.870     5.720    52.172     0.000     0.000     0.000     0.000   0   0   0   0   0   0   0     0.000     0.066     0.021     0.002     0.007    -0.069    -0.005
   7 0 0 0 1 1 1 1  11  11  25   0   0   0   0    54.007    52.172     5.619     0.000     0.000     0.000     0.000   0   0   0   0   0   0   0     0.000     0.066     0.021    -0.053     0.020    -0.044    -0.017
   7 0 0 0 1 1 1 1  11   2  31   0   0   0   0    52.172    21.883     5.414     0.000     0.000     0.000     0.000   0   0   0   0   0   0   0     0.000     0.066     0.021     0.157     0.013    -0.004     0.013
   7 0 0 0 1 1 1 1   6  11  17   0   0   0   0    19.934    52.172    57.453     0.000     0.000     0.000     0.000   0   0   0   0   0   0   0     0.000     0.066     0.021     0.043     0.003    -0.015    -0.005
   7 0 0 0 1 1 1 1  30   0   2   0   0   0   0     5.313    21.239    21.880     0.000     0.000     0.000     0.000   0   0   0   0   0   0   0     0.000     0.066     0.021    -0.001    -0.066     0.023     0.009
   7 0 0 0 1 1 1 1  30   0   0   0   0   0   0     5.313    21.239    21.426     0.000     0.000     0.000     0.000   0   0   0   0   0   0   0     0.000     0.066     0.021    -0.004    -0.178     0.055     0.013
   7 0 0 0 1 1 1 1  11   2   0   0   0   0   0    52.172    21.883    20.688     0.000     0.000     0.000     0.000   0   0   0   0   0   0   0     0.000     0.066     0.021     0.149     0.012    -0.018     0.000
   7 0 0 0 1 1 1 1  12   2  14   0   0   0   0    54.394    21.883    45.074     0.000     0.000     0.000     0.000   0   0   0   0   0   0   0     0.000     0.066     0.021     0.041     0.003    -0.004    -0.012
   7 0 0 0 1 1 1 1  12  24  11   0   0   0   0    53.870     5.363    52.172     0.000     0.000     0.000     0.000   0   0   0   0   0   0   0     0.000     0.066     0.021    -0.001     0.006    -0.062    -0.005
   7 0 0 0 1 1 1 1  30   0  11   0   0   0   0     5.313    21.239    50.544     0.000     0.000     0.000     0.000   0   0   0   0   0   0   0     0.000     0.066     0.021    -0.004    -0.169     0.013     0.051
   7 0 0 0 1 1 1 1   2   0   0   0   0   0   0    21.883    21.249    20.637     0.000     0.000     0.000     0.000   0   0   0   0   0   0   0     0.000     0.066     0.021     0.142     0.015    -0.018    -0.001
   7 0 0 0 1 1 1 1   6  11  17   0   0   0   0    19.934    52.172    57.453     0.000     0.000     0.000     0.000   0   0   0   0   0   0   0     0.000     0.066     0.021     0.039     0.003    -0.014    -0.004
   7 0 0 0 1 1 1 1  30   0  11   0   0   0   0     5.313    21.239    51.612     0.000     0.000     0.000     0.000   0   0   0   0   0   0   0     0.000     0.066     0.021    -0.001    -0.059     0.008     0.021
   7 0 0 0 1 1 1 1  13  29   0   0   0   0   0    53.502     5.720    21.249     0.000     0.000     0.000     0.000   0   0   0   0   0   0   0     0.000     0.066     0.021     0.002     0.017    -0.050     0.052
   7 0 0 0 1 1 1 1  11   2  16   0   0   0   0    52.172    21.883    58.115     0.000     0.000     0.000     0.000   0   0   0   0   0   0   0     0.000     0.066     0.021     0.135     0.011    -0.008     0.003
   7 0 0 0 1 1 1 1  12   2  28   0   0   0   0    54.394    21.883     5.641     0.000     0.000     0.000     0.000   0   0   0   0   0   0   0     0.000     0.066     0.021     0.037     0.002    -0.001    -0.009
   7 0 0 0 1 1 1 1   0  28  11   0   0   0   0    20.851     5.638    52.172     0.000     0.000     0.000     0.000   0   0   0   0   0   0   0     0.000     0.066     0.021    -0.007    -0.014    -0.017     0.006
   7 0 0 0 1 1 1 1  13  11  11   0   0   0   0    53.502    54.007    52.172     0.000     0.000     0.000     0.000   0   0   0   0   0   0   0     0.000     0.066     0.021     0.012    -0.010    -0.158    -0.011
   7 0 0 0 1 1 1 1  11   2  27   0   0   0   0    52.172    21.883     5.307     0.000     0.000     0.000     0.000   0   0   0   0   0   0   0     0.000     0.066     0.021     0.128     0.010     0.007    -0.004
   7 0 0 0 1 1 1 1   6  11  22   0   0   0   0    19.934    52.172     4.965     0.000     0.000     0.000     0.000   0   0   0   0   0   0   0     0.000     0.066     0.021     0.035     0.002    -0.013    -0.004
   7 0 0 0 1 1 1 1  30   0  23   0   0   0   0     5.313    21.239     5.778     0.000     0.000     0.000     0.000   0   0   0   0   0   0   0     0.000     0.066     0.021    -0.001    -0.055     0.018     0.007
   7 0 0 0 1 1 1 1  30   2   2   0   0   0   0     5.313    21.936    21.880     0.000     0.000     0.000     0.000   0   0   0   0   0   0   0     0.000     0.066     0.021    -0.150    -0.003     0.049     0.020
   7 0 0 0 1 1 1 1   2   0  11   0   0   0   0    21.883    21.249    59.484     0.000     0.000     0.000     0.000   0   0   0   0   0   0   0     0.000     0.066     0.021     0.121     0.013    -0.000    -0.016
   7 0 0 0 1 1 1 1  12  12  14   0   0   0   0    54.394    54.302    45.074     0.000     0.000     0.000     0.000   0   0   0   0   0   0   0     0.000     0.066     0.021     0.002     0.033    -0.003    -0.010
   7 0 0 0 1 1 1 1  11  11   0   0   0   0   0    54.007    52.172    20.779     0.000     0.000     0.000     0.000   0   0   0   0   0   0   0     0.000     0.066     0.021    -0.015     0.006    -0.013    -0.005
   7 0 0 0 1 1 1 1  13  24  11   0   0   0   0    53.762     5.367    52.172     0.000     0.000     0.000     0.000   0   0   0   0   0   0   0     0.000     0.066     0.021    -0.003     0.013    -0.142    -0.011
   7 0 0 0 1 1 1 1  11   2  25   0   0   0   0    52.172    21.883     5.638     0.000     0.000     0.000     0.000   0   0   0   0   0   0   0     0.000     0.066     0.021     0.115     0.010    -0.009     0.001
   7 0 0 0 1 1 1 1  16  17  11   0   0   0   0    58.115    57.453    52.172     0.000     0.000     0.000     0.000   0   0   0   0   0   0   0     0.000     0.066     0.021    -0.011    -0.003     0.032     0.002
   7 0 0 1 1 1 1 1  30   2  11   0   0   0   0     5.313    21.936    52.172     0.000     0.000     0.000     0.000   0   0   0   0   0   0   0     0.000     0.066     0.015    -0.052    -0.001     0.032     0.002
   7 0 0 0 1 1 1 1  30  14   2   0   0   0   0     5.313    45.074    21.880     0.000     0.000     0.000     0.000   0   0   0   0   0   0   0     0.000     0.066     0.015     0.000    -0.087     0.045     0.018
   7 0 0 0 1 1 1 1   2   0   0   0   0   0   0    21.883    21.249    20.621     0.000     0.000     0.000     0.000   0   0   0   0   0   0   0     0.000     0.066     0.015     0.110     0.012    -0.016    -0.000
   7 0 0 0 1 1 1 1  12   2  14   0   0   0   0    54.394    21.883    45.074     0.000     0.000     0.000     0.000   0   0   0   0   0   0   0     0.000     0.066     0.015     0.030     0.002    -0.002    -0.009
   7 0 0 0 1 1 1 1  12  24  11   0   0   0   0    54.302     5.370    52.172     0.000     0.000     0.000     0.000   0   0   0   0   0   0   0     0.000     0.066     0.015    -0.000     0.005    -0.049    -0.004
   7 0 0 0 1 1 1 1  30   0  11   0   0   0   0     5.313    21.239    51.612     0.000     0.000     0.000     0.000   0   0   0   0   0   0   0     0.000     0.066     0.015    -0.002    -0.131     0.016     0.042
   7 0 0 0 1 1 1 1  11   2  31   0   0   0   0    52.172    21.883     5.414     0.000     0.000     0.000     0.000   0   0   0   0   0   0   0     0.000     0.066     0.015     0.104     0.009    -0.002     0.009
   7 0 0 0 1 1 1 1  17  17  11   0   0   0   0    59.672    57.453    52.172     0.000     0.000     0.000     0.000   0   0   0   0   0   0   0     0.000     0.066     0.015    -0.010    -0.002     0.029     0.002
   7 0 0 0 1 1 1 1  30  14  23   0   0   0   0     5.313    45.074     5.778     0.000     0.000     0.000     0.000   0   0   0   0   0   0   0     0.000     0.066     0.015    -0.000    -0.030     0.016     0.006
   7 0 0 0 1 1 1 1  13  11  11   0   0   0   0    53.762    54.007    52.172     0.000     0.000     0.000     0.000   0   0   0   0   0   0   0     0.000     0.066     0.015     0.010    -0.008    -0.124    -0.010
   7 0 0 0 1 1 1 1  11   2   0   0   0   0   0    52.172    21.883    20.637     0.000     0.000     0.000     0.000   0   0   0   0   0   0   0     0.000     0.066     0.015     0.099     0.008    -0.013     0.000
   7 0 0 0 1 1 1 1  17  22  11   0   0   0   0    59.672     4.965    52.172     0.000     0.000     0.000     0.000   0   0   0   0   0   0   0     0.000     0.066     0.015    -0.010    -0.002     0.027     0.002
   7 0 0 0 1 1 1 1  30   0   2   0   0   0   0     5.313    21.239    21.880     0.000     0.000     0.000     0.000   0   0   0   0   0   0   0     0.000     0.066     0.015    -0.001    -0.045     0.015     0.007
   7 0 0 0 1 1 1 1   0  28  11   0   0   0   0    20.826     5.638    52.172     0.000     0.000     0.000     0.000   0   0   0   0   0   0   0     0.000     0.066     0.015    -0.011    -0.029    -0.036     0.010
   7 0 0 0 1 1 1 1   2   0   0   0   0   0   0    21.883    21.249    20.621     0.000     0.000     0.000     0.000   0   0   0   0   0   0   0     0.000     0.066     0.015     0.094     0.010    -0.013    -0.000
   7 0 0 0 1 1 1 1  12   2  14   0   0   0   0    54.394    21.883    44.416     0.000     0.000     0.000     0.000   0   0   0   0   0   0   0     0.000     0.066     0.015     0.026     0.002     0.002    -0.005
   7 0 0 0 1 1 1 1  12  29  11   0   0   0   0    53.870     5.720    52.172     0.000     0.000     0.000     0.000   0   0   0   0   0   0   0     0.000     0.066     0.015     0.001     0.005    -0.043    -0.004
   7 0 0 0 1 1 1 1  30   0   0   0   0   0   0     5.313    21.239    21.426     0.000     0.000     0.000     0.000   0   0   0   0   0   0   0     0.000     0.066     0.015    -0.003    -0.116     0.035     0.009
   7 0 0 0 1 1 1 1  11   2  11   0   0   0   0    52.172    21.883    53.501     0.000     0.000     0.000     0.000   0   0   0   0   0   0   0     0.000     0.066     0.015     0.089     0.008     0.003    -0.004
   7 0 0 1 1 1 1 1  30   2  11   0   0   0   0     5.313    21.936    53.501     0.000     0.000     0.000     0.000   0   0   0   0   0   0   0     0.000     0.066    -0.007     0.024     0.001     0.003    -0.004
   7 0 0 0 1 1 1 1  11  11  11   0   0   0   0    54.007    52.172    58.217     0.000     0.000     0.000     0.000   0   0   0   0   0   0   0     0.000     0.066    -0.007    -0.012     0.005    -0.003    -0.009
   7 0 0 0 1 1 1 1  30  13   2   0   0   0   0     5.313    55.122    21.880     0.000     0.000     0.000     0.000   0   0   0   0   0   0   0     0.000     0.066    -0.007    -0.001    -0.091     0.036     0.015
   7 0 0 0 1 1 1 1  11   2  27   0   0   0   0    52.172    21.883     5.306     0.000     0.000     0.000     0.000   0   0   0   0   0   0   0     0.000     0.066    -0.007     0.085     0.007     0.005    -0.003
   7 0 0 0 1 1 1 1  17  17  11   0   0   0   0    59.717    57.453    52.172     0.000     0.000     0.000     0.000   0   0   0   0   0   0   0     0.000     0.066    -0.007    -0.008    -0.001     0.023     0.002
   7 0 0 1 1 1 1 1  30   0  11   0   0   0   0     5.313    21.239    52.172     0.000     0.000     0.000     0.000   0   0   0   0   0   0   0     0.000     0.066     0.012    -0.001    -0.040     0.023     0.002
   7 0 0 0 1 1 1 1  13  29  11   0   0   0   0    53.502     5.720    52.172     0.000     0.000     0.000     0.000   0   0   0   0   0   0   0     0.000     0.066     0.012     0.000     0.011    -0.106    -0.008
   7 0 0 0 1 1 1 1   2   0   0   0   0   0   0    21.883    21.249    20.621     0.000     0.000     0.000     0.000   0   0   0   0   0   0   0     0.000     0.066     0.012     0.081     0.009    -0.012    -0.000
   7 0 0 0 1 1 1 1  12   2  14   0   0   0   0    54.394    21.883    45.074     0.000     0.000     0.000     0.000   0   0   0   0   0   0   0     0.000     0.066     0.012     0.022     0.001    -0.001    -0.007
   7 0 0 0 1 1 1 1  30   0  11   0   0   0   0     5.313    21.239    51.612     0.000     0.000     0.000     0.000   0   0   0   0   0   0   0     0.000     0.066     0.012    -0.001    -0.038     0.006     0.013
   7 0 0 0 1 1 1 1  11  11  25   0   0   0   0    54.007    52.172     5.619     0.000     0.000     0.000     0.000   0   0   0   0   0   0   0     0.000     0.066     0.012    -0.030     0.011    -0.024    -0.009
   7 0 0 0 1 1 1 1  11   2  17   0   0   0   0    52.172    21.883    59.672     0.000     0.000     0.000     0.000   0   0   0   0   0   0   0     0.000     0.066     0.012     0.077     0.007    -0.004     0.002
   7 0 0 0 1 1 1 1  30   0   2   0   0   0   0     5.313    21.239    21.628     0.000     0.000     0.000     0.000   0   0   0   0   0   0   0     0.000     0.066     0.012     0.001     0.021    -0.002    -0.007
   7 0 0 0 1 1 1 1  13  24   0   0   0   0   0    53.502     5.363    21.249     0.000     0.000     0.000     0.000   0   0   0   0   0   0   0     0.000     0.066     0.012    -0.002     0.003    -0.012     0.012
   7 0 0 0 1 1 1 1  30   2  11   0   0   0   0     5.313    21.936    50.544     0.000     0.000     0.000     0.000   0   0   0   0   0   0   0     0.000     0.066     0.012    -0.099    -0.002     0.008     0.030
   7 0 0 0 1 1 1 1   2   3   0   0   0   0   0    22.167    23.124    20.621     0.000     0.000     0.000     0.000   0   0   0   0   0   0   0     0.000     0.066     0.012     0.010     0.073    -0.011    -0.001
   7 0 0 0 1 1 1 1  17  22  11   0   0   0   0    59.717     4.965    52.172     0.000     0.000     0.000     0.000   0   0   0   0   0   0   0     0.000     0.066     0.012    -0.008    -0.001     0.020     0.002
   7 0 0 0 1 1 1 1  13  29  11   0   0   0   0    53.762     5.717    52.172     0.000     0.000     0.000     0.000   0   0   0   0   0   0   0     0.000     0.066     0.012    -0.001     0.003    -0.036    -0.003
   7 0 0 0 1 1 1 1  30   0  11   0   0   0   0     5.313    21.239    51.612     0.000     0.000     0.000     0.000   0   0   0   0   0   0   0     0.000     0.066     0.012    -0.002    -0.094     0.014     0.030
   7 0 0 0 1 1 1 1  11   2   0   0   0   0   0    52.172    21.883    20.726     0.000     0.000     0.000     0.000   0   0   0   0   0   0   0     0.000     0.066     0.012     0.069     0.006    -0.007     0.000
   7 0 0 0 1 1 1 1  27   0  17   0   0   0   0     5.395    21.249    57.453     0.000     0.000     0.000     0.000   0   0   0   0   0   0   0     0.000     0.066     0.012     0.003    -0.006    -0.007    -0.002
   7 0 0 0 1 1 1 1  30   0   2   0   0   0   0     5.313    21.239    21.880     0.000     0.000     0.000     0.000   0   0   0   0   0   0   0     0.000     0.066     0.012    -0.001    -0.034     0.011     0.005
   7 0 0 0 1 1 1 1  13  29   0   0   0   0   0    53.834     5.720    21.249     0.000     0.000     0.000     0.000   0   0   0   0   0   0   0     0.000     0.066     0.012    -0.000     0.010    -0.030     0.028
   7 0 0 0 1 1 1 1   2   3   0   0   0   0   0    22.167    23.124    20.621     0.000     0.000     0.000     0.000   0   0   0   0   0   0   0     0.000     0.066     0.012     0.009     0.066    -0.009    -0.001
   7 0 0 0 1 1 1 1  17  22  11   0   0   0   0    59.717     4.965    52.172     0.000     0.000     0.000     0.000   0   0   0   0   0   0   0     0.000     0.066     0.012    -0.007    -0.001     0.019     0.001
   7 0 0 0 1 1 1 1  13  24   0   0   0   0   0    53.762     5.363    21.249     0.000     0.000     0.000     0.000   0   0   0   0   0   0   0     0.000     0.066     0.012    -0.001     0.003    -0.010     0.010
   7 0 0 0 1 1 1 1  13  24  11   0   0   0   0    53.762     5.363    52.172     0.000     0.000     0.000     0.000   0   0   0   0   0   0   0     0.000     0.066     0.012    -0.004     0.007    -0.088    -0.006
   7 0 0 0 1 1 1 1   2   3  11   0   0   0   0    22.167    23.124    59.903     0.000     0.000     0.000     0.000   0   0   0   0   0   0   0     0.000     0.066     0.012     0.008     0.062    -0.001    -0.009
   7 0 0 0 1 1 1 1  30   2   2   0   0   0   0     5.313    21.936    21.628     0.000     0.000     0.000     0.000   0   0   0   0   0   0   0     0.000     0.066     0.012     0.018     0.000    -0.002    -0.005
   7 0 0 0 1 1 1 1  13  29  11   0   0   0   0    53.834     5.720    52.172     0.000     0.000     0.000     0.000   0   0   0   0   0   0   0     0.000     0.066     0.012    -0.000     0.003    -0.032    -0.002
   7 0 0 0 1 1 1 1  30   1   2   0   0   0   0     5.313    21.889    21.880     0.000     0.000     0.000     0.000   0   0   0   0   0   0   0     0.000     0.066     0.012    -0.001    -0.069     0.026     0.011
   7 0 0 0 1 1 1 1  11   2  11   0   0   0   0    52.172    21.883    53.561     0.000     0.000     0.000     0.000   0   0   0   0   0   0   0     0.000     0.066     0.012     0.059     0.004     0.002    -0.003
   7 0 0 0 1 1 1 1  27   0  17   0   0   0   0     5.395    21.249    57.453     0.000     0.000     0.000     0.000   0   0   0   0   0   0   0     0.000     0.066     0.012     0.002    -0.005    -0.006    -0.002
   7 0 0 0 1 1 1 1  30  13  11   0   0   0   0     5.313    55.122    51.612     0.000     0.000     0.000     0.000   0   0   0   0   0   0   0     0.000     0.066     0.012    -0.000    -0.025     0.004     0.010
   7 0 0 0 1 1 1 1  13  29  11   0   0   0   0    53.834     5.723    52.172     0.000     0.000     0.000     0.000   0   0   0   0   0   0   0     0.000     0.066     0.012     0.000     0.008    -0.080    -0.006
   7 0 0 0 1 1 1 1   2   3  11   0   0   0   0    22.167    23.124    59.903     0.000     0.000     0.000     0.000   0   0   0   0   0   0   0     0.000     0.066     0.012     0.007     0.056    -0.000    -0.008
   7 0 0 0 1 1 1 1  17  22  11   0   0   0   0    59.722     4.965    52.172     0.000     0.000     0.000     0.000   0   0   0   0   0   0   0     0.000     0.066     0.012    -0.006    -0.001     0.017     0.001
   7 0 0 0 1 1 1 1  13  24  11   0   0   0   0    53.834     5.363    52.172     0.000     0.000     0.000     0.000   0   0   0   0   0   0   0     0.000     0.066     0.012    -0.001     0.002    -0.029    -0.002
   7 0 0 0 1 1 1 1  30  14   2   0   0   0   0     5.313    45.074    21.880     0.000     0.000     0.000     0.000   0   0   0   0   0   0   0     0.000     0.066     0.012     0.000    -0.049     0.024     0.010
   7 0 0 0 1 1 1 1  11   2  31   0   0   0   0    52.172    21.883     5.406     0.000     0.000     0.000     0.000   0   0   0   0   0   0   0     0.000     0.066     0.012     0.053     0.004    -0.002     0.002
   7 0 0 0 1 1 1 1  17  22  11   0   0   0   0    59.722     4.965    52.172     0.000     0.000     0.000     0.000   0   0   0   0   0   0   0     0.000     0.066     0.012    -0.006    -0.001     0.016     0.001
   7 0 0 0 1 1 1 1  30   0  11   0   0   0   0     5.313    21.239    51.612     0.000     0.000     0.000     0.000   0   0   0   0   0   0   0     0.000     0.066     0.012    -0.001    -0.028     0.004     0.009
   7 0 0 0 1 1 1 1  30   0   2   0   0   0   0     5.313    21.239    21.880     0.000     0.000     0.000     0.000   0   0   0   0   0   0   0     0.000     0.066     0.012    -0.001    -0.074     0.022     0.009
   7 0 0 0 1 1 1 1   2   3   0   0   0   0   0    22.167    23.124    20.621     0.000     0.000     0.000     0.000   0   0   0   0   0   0   0     0.000     0.066     0.012     0.006     0.051    -0.007    -0.000
   7 0 0 1 1 1 1 1  30   0   0   0   0   0   0     5.313    21.239    20.621     0.000     0.000     0.000     0.000   0   0   0   0   0   0   0     0.000     0.066    -0.004     0.000     0.015    -0.007    -0.000
   7 0 0 0 1 1 1 1  13  29   0   0   0   0   0    53.834     5.720    21.249     0.000     0.000     0.000     0.000   0   0   0   0   0   0   0     0.000     0.066    -0.004    -0.000     0.003    -0.009     0.008
   7 0 0 0 1 1 1 1  13   2  11   0   0   0   0    53.762    22.596    52.172     0.000     0.000     0.000     0.000   0   0   0   0   0   0   0     0.000     0.066    -0.004     0.005    -0.007    -0.070    -0.005
   7 0 0 0 1 1 1 1  11   2  17   0   0   0   0    52.172    21.883    59.672     0.000     0.000     0.000     0.000   0   0   0   0   0   0   0     0.000     0.066    -0.004     0.048     0.003    -0.002     0.001
   7 0 0 0 1 1 1 1  27   0  17   0   0   0   0     5.395    21.249    57.453     0.000     0.000     0.000     0.000   0   0   0   0   0   0   0     0.000     0.066    -0.004     0.002    -0.004    -0.005    -0.001
   7 0 0 0 1 1 1 1  30   0   2   0   0   0   0     5.313    21.239    21.880     0.000     0.000     0.000     0.000   0   0   0   0   0   0   0     0.000     0.066    -0.004    -0.000    -0.026     0.008     0.003
   7 0 0 0 1 1 1 1  30   1  11   0   0   0   0     5.313    21.889    51.612     0.000     0.000     0.000     0.000   0   0   0   0   0   0   0     0.000     0.066    -0.004    -0.001    -0.055     0.008     0.021
   7 0 0 0 1 1 1 1   2   3  11   0   0   0   0    22.167    23.124    59.903     0.000     0.000     0.000     0.000   0   0   0   0   0   0   0     0.000     0.066    -0.004     0.006     0.046    -0.000    -0.006
   7 0 0 0 1 1 1 1  17  22  11   0   0   0   0    59.741     4.965    52.172     0.000     0.000     0.000     0.000   0   0   0   0   0   0   0     0.000     0.066    -0.004    -0.005    -0.001     0.014     0.001
   7 0 0 0 1 1 1 1  13  24  11   0   0   0   0    53.834     5.363    52.172     0.000     0.000     0.000     0.000   0   0   0   0   0   0   0     0.000     0.066    -0.004    -0.001     0.002    -0.024    -0.002
   7 0 0 0 1 1 1 1  13  24   0   0   0   0   0    53.834     5.370    21.249     0.000     0.000     0.000     0.000   0   0   0   0   0   0   0     0.000     0.066    -0.004    -0.001     0.006    -0.021     0.019
   7 0 0 0 1 1 1 1  13  23   0   0   0   0   0    56.640     5.428    21.249     0.000     0.000     0.000     0.000   0   0   0   0   0   0   0     0.000     0.066    -0.004    -0.003     0.001     0.044     0.004
   7 0 0 0 1 1 1 1  27   0  17   0   0   0   0     5.384    21.249    57.453     0.000     0.000     0.000     0.000   0   0   0   0   0   0   0     0.000     0.066    -0.004     0.002    -0.004    -0.004    -0.001
   7 0 0 0 1 1 1 1  30  14   2   0   0   0   0     5.313    45.074    21.880     0.000     0.000     0.000     0.000   0   0   0   0   0   0   0     0.000     0.066    -0.004     0.000    -0.015     0.007     0.003
   7 0 0 0 1 1 1 1  13   2  11   0   0   0   0    54.171    22.593    52.172     0.000     0.000     0.000     0.000   0   0   0   0   0   0   0     0.000     0.066    -0.004     0.004    -0.005    -0.063    -0.004
   7 0 0 0 1 1 1 1  11   2   0   0   0   0   0    52.172    21.883    20.611     0.000     0.000     0.000     0.000   0   0   0   0   0   0   0     0.000     0.066    -0.004     0.041     0.003    -0.007     0.000
   7 0 0 0 1 1 1 1  17  22  11   0   0   0   0    59.758     4.965    52.172     0.000     0.000     0.000     0.000   0   0   0   0   0   0   0     0.000     0.066    -0.004    -0.004    -0.001     0.014     0.001
   7 0 0 0 1 1 1 1  13  29  11   0   0   0   0    53.834     5.730    52.172     0.000     0.000     0.000     0.000   0   0   0   0   0   0   0     0.000     0.066    -0.004     0.001     0.003    -0.022    -0.001
   7 0 0 0 1 1 1 1  30   0   2   0   0   0   0     5.313    21.239    21.880     0.000     0.000     0.000     0.000   0   0   0   0   0   0   0     0.000     0.066    -0.004    -0.001    -0.060     0.018     0.007
   7 0 0 0 1 1 1 1   2   3  22   0   0   0   0    22.167    23.124     4.965     0.000     0.000     0.000     0.000   0   0   0   0   0   0   0     0.000     0.066    -0.004     0.005     0.039    -0.006    -0.000
   7 0 0 0 1 1 1 1  17  17  11   0   0   0   0    59.758    57.644    52.172     0.000     0.000     0.000     0.000   0   0   0   0   0   0   0     0.000     0.066    -0.004    -0.003    -0.000     0.013     0.001
   7 0 0 0 1 1 1 1  30   0  11   0   0   0   0     5.313    21.239    51.612     0.000     0.000     0.000     0.000   0   0   0   0   0   0   0     0.000     0.066    -0.004    -0.000    -0.021     0.002     0.007
   7 0 0 0 1 1 1 1  13   2   0   0   0   0   0    54.171    22.593    21.249     0.000     0.000     0.000     0.000   0   0   0   0   0   0   0     0.000     0.066    -0.004     0.004    -0.005    -0.020     0.017
   7 0 0 0 1 1 1 1  11   2  31   0   0   0   0    52.172    21.883     5.405     0.000     0.000     0.000     0.000   0   0   0   0   0   0   0     0.000     0.066    -0.004     0.037     0.002    -0.002     0.001
   7 0 0 0 1 1 1 1  30   0  11   0   0   0   0     5.313    21.239    52.179     0.000     0.000     0.000     0.000   0   0   0   0   0   0   0     0.000     0.066    -0.004     0.000     0.012    -0.003    -0.001
   7 0 0 0 1 1 1 1  13  25  11   0   0   0   0    53.834     5.943    52.172     0.000     0.000     0.000     0.000   0   0   0   0   0   0   0     0.000     0.066    -0.004     0.000     0.003    -0.020    -0.001
   7 0 0 0 1 1 1 1  13  29  11   0   0   0   0    54.171     5.723    52.172     0.000     0.000     0.000     0.000   0   0   0   0   0   0   0     0.000     0.066    -0.004    -0.000     0.006    -0.056    -0.003
   7 0 0 0 1 1 1 1   2   3  22   0   0   0   0    22.167    23.124     4.965     0.000     0.000     0.000     0.000   0   0   0   0   0   0   0     0.000     0.066    -0.004     0.004     0.035    -0.005    -0.000
   7 0 0 0 1 1 1 1  17   9  11   0   0   0   0    59.758    18.056    52.172     0.000     0.000     0.000     0.000   0   0   0   0   0   0   0     0.000     0.066    -0.004    -0.002     0.000     0.012     0.001
   7 0 0 0 1 1 1 1  30  13  11   0   0   0   0     5.313    54.731    51.612     0.000     0.000     0.000     0.000   0   0   0   0   0   0   0     0.000     0.066    -0.004     0.000    -0.011     0.002     0.006
   7 0 0 0 1 1 1 1  30  13  11   0   0   0   0     5.313    55.122    51.612     0.000     0.000     0.000     0.000   0   0   0   0   0   0   0     0.000     0.066    -0.004    -0.000    -0.043     0.006     0.016
