  212
   1 1   0     0.000   0     4.911
   1 1   0     0.000   0     5.579
   1 1   0     0.000   0     5.853
   1 1   0     0.000   0     6.153
   7 0 0 0 1 1 1 1  16  27  11   0   0   0   0    60.022     5.201    51.814     0.000     0.000     0.000     0.000   0   0   0   0   0   0   0     0.000     0.000     0.000     0.013    -0.081     0.097     0.147
   7 0 0 0 1 1 1 1  25  25  25   0   0   0   0     5.785     5.622     5.961     0.000     0.000     0.000     0.000   0   0   0   0   0   0   0     0.000     0.000     0.000    -0.191    -0.063     0.006     0.064
   7 0 0 0 1 1 1 1  24   2  26   0   0   0   0     5.303    22.035     5.891     0.000     0.000     0.000     0.000   0   0   0   0   0   0   0     0.000     0.000     0.000    -0.382    -0.185    -0.050     0.035
   7 0 0 0 1 1 1 1  24  29  23   0   0   0   0     5.441     5.512     5.830     0.000     0.000     0.000     0.000   0   0   0   0   0   0   0     0.000     0.000     0.000    -0.700    -0.080     0.081     0.198
   7 0 0 0 1 1 1 1  16  27  17   0   0   0   0    59.626     5.201    61.603     0.000     0.000     0.000     0.000   0   0   0   0   0   0   0     0.000     0.000     0.000     0.012    -0.074     0.084     0.132
   7 0 0 0 1 1 1 1  25  25  25   0   0   0   0     5.772     5.622     5.929     0.000     0.000     0.000     0.000   0   0   0   0   0   0   0     0.000     0.000     0.000    -0.173    -0.064    -0.000     0.053
   7 0 0 0 1 1 1 1  24   2  26   0   0   0   0     5.303    22.035     5.891     0.000     0.000     0.000     0.000   0   0   0   0   0   0   0     0.000     0.000     0.000    -0.354    -0.168    -0.045     0.032
   7 0 0 0 1 1 1 1  24  24  23   0   0   0   0     5.465     5.216     5.830     0.000     0.000     0.000     0.000   0   0   0   0   0   0   0     0.000     0.000     0.000    -0.596    -0.068     0.076     0.178
   7 0 0 0 1 1 1 1  17  27   2   0   0   0   0    60.164     5.201    22.158     0.000     0.000     0.000     0.000   0   0   0   0   0   0   0     0.000     0.000     0.000     0.009    -0.066     0.112     0.045
   7 0 0 0 1 1 1 1  25  25   0   0   0   0   0     5.818     5.622    21.521     0.000     0.000     0.000     0.000   0   0   0   0   0   0   0     0.000     0.000     0.000    -0.157    -0.048     0.009     0.054
   7 0 0 0 1 1 1 1  24   2  31   0   0   0   0     5.303    22.035     5.517     0.000     0.000     0.000     0.000   0   0   0   0   0   0   0     0.000     0.000     0.000    -0.327    -0.153    -0.010     0.061
   7 0 0 0 1 1 1 1  24  24  23   0   0   0   0     5.433     5.156     5.854     0.000     0.000     0.000     0.000   0   0   0   0   0   0   0     0.000     0.000     0.000    -0.596    -0.065     0.069     0.170
   7 0 0 0 1 1 1 1  17   5  11   0   0   0   0    59.894    23.075    51.174     0.000     0.000     0.000     0.000   0   0   0   0   0   0   0     0.000     0.000     0.000    -0.017    -0.087     0.034     0.101
   7 0 0 0 1 1 1 1  25  25  25   0   0   0   0     5.758     5.527     5.924     0.000     0.000     0.000     0.000   0   0   0   0   0   0   0     0.000     0.000     0.000    -0.167    -0.061    -0.002     0.042
   7 0 0 0 1 1 1 1  26  25  31   0   0   0   0     5.816     5.527     5.499     0.000     0.000     0.000     0.000   0   0   0   0   0   0   0     0.000     0.000     0.000    -0.219    -0.069    -0.009     0.051
   7 0 0 0 1 1 1 1  24  24  23   0   0   0   0     5.477     5.216     5.888     0.000     0.000     0.000     0.000   0   0   0   0   0   0   0     0.000     0.000     0.000    -0.506    -0.054     0.070     0.160
   7 0 0 0 1 1 1 1  16  27  12   0   0   0   0    58.614     5.201    53.142     0.000     0.000     0.000     0.000   0   0   0   0   0   0   0     0.000     0.000     0.000     0.009    -0.057     0.047     0.096
   7 0 0 0 1 1 1 1  25  25   0   0   0   0   0     5.818     5.671    21.538     0.000     0.000     0.000     0.000   0   0   0   0   0   0   0     0.000     0.000     0.000    -0.119    -0.035     0.008     0.046
   7 0 0 0 1 1 1 1  26   3  31   0   0   0   0     5.816    21.919     5.499     0.000     0.000     0.000     0.000   0   0   0   0   0   0   0     0.000     0.000     0.000    -0.286    -0.078    -0.008     0.046
   7 0 0 0 1 1 1 1  24   7  23   0   0   0   0     5.420    20.038     5.830     0.000     0.000     0.000     0.000   0   0   0   0   0   0   0     0.000     0.000     0.000    -0.568    -0.056     0.051     0.133
   7 0 0 0 1 1 1 1  19  24   0   0   0   0   0    66.200     5.303    21.190     0.000     0.000     0.000     0.000   0   0   0   0   0   0   0     0.000     0.000     0.000    -0.177    -0.013     0.263     0.087
   7 0 0 0 1 1 1 1  25  25   0   0   0   0   0     5.818     5.527    21.559     0.000     0.000     0.000     0.000   0   0   0   0   0   0   0     0.000     0.000     0.000    -0.141    -0.039     0.007     0.042
   7 0 0 0 1 1 1 1  25   2  26   0   0   0   0     5.582    22.035     5.891     0.000     0.000     0.000     0.000   0   0   0   0   0   0   0     0.000     0.000     0.000    -0.265    -0.120    -0.034     0.023
   7 0 0 0 1 1 1 1  23  14  23   0   0   0   0     5.659    47.639     5.917     0.000     0.000     0.000     0.000   0   0   0   0   0   0   0     0.000     0.000     0.000    -0.045    -0.525     0.059     0.133
   7 0 0 0 1 1 1 1  27   0  25   0   0   0   0     5.201    21.406     5.582     0.000     0.000     0.000     0.000   0   0   0   0   0   0   0     0.000     0.000     0.000     0.080     0.005    -0.167    -0.034
   7 0 0 0 1 1 1 1  25   3  25   0   0   0   0     5.743    21.919     5.919     0.000     0.000     0.000     0.000   0   0   0   0   0   0   0     0.000     0.000     0.000    -0.187    -0.055    -0.004     0.030
   7 0 0 0 1 1 1 1  25   2  29   0   0   0   0     5.582    22.035     5.852     0.000     0.000     0.000     0.000   0   0   0   0   0   0   0     0.000     0.000     0.000    -0.245    -0.109    -0.009     0.041
   7 0 0 0 1 1 1 1  24  29  30   0   0   0   0     5.409     5.512     5.652     0.000     0.000     0.000     0.000   0   0   0   0   0   0   0     0.000     0.000     0.000    -0.441    -0.046     0.040     0.108
   7 0 0 0 1 1 1 1  27   0  25   0   0   0   0     5.201    21.392     5.582     0.000     0.000     0.000     0.000   0   0   0   0   0   0   0     0.000     0.000     0.000     0.073     0.005    -0.152    -0.031
   7 0 0 0 1 1 1 1  25   3  25   0   0   0   0     5.691    21.919     5.914     0.000     0.000     0.000     0.000   0   0   0   0   0   0   0     0.000     0.000     0.000    -0.173    -0.065    -0.008     0.027
   7 0 0 0 1 1 1 1  26  25  28   0   0   0   0     5.844     5.527     5.584     0.000     0.000     0.000     0.000   0   0   0   0   0   0   0     0.000     0.000     0.000    -0.158    -0.045    -0.004     0.039
   7 0 0 0 1 1 1 1  24  29  28   0   0   0   0     5.403     5.316     5.643     0.000     0.000     0.000     0.000   0   0   0   0   0   0   0     0.000     0.000     0.000    -0.453    -0.044     0.016     0.079
   7 0 0 0 1 1 1 1  27   0  25   0   0   0   0     5.201    21.458     5.582     0.000     0.000     0.000     0.000   0   0   0   0   0   0   0     0.000     0.000     0.000     0.065     0.003    -0.138    -0.028
   7 0 0 0 1 1 1 1  25  25   4   0   0   0   0     5.820     5.457    23.710     0.000     0.000     0.000     0.000   0   0   0   0   0   0   0     0.000     0.000     0.000    -0.132    -0.032     0.006     0.035
   7 0 0 0 1 1 1 1  26   3  28   0   0   0   0     5.844    21.919     5.631     0.000     0.000     0.000     0.000   0   0   0   0   0   0   0     0.000     0.000     0.000    -0.215    -0.050    -0.001     0.038
   7 0 0 0 1 1 1 1  24  14  28   0   0   0   0     5.216    48.949     5.601     0.000     0.000     0.000     0.000   0   0   0   0   0   0   0     0.000     0.000     0.000    -0.189    -0.581    -0.027     0.066
   7 0 0 0 1 1 1 1  19  24   0   0   0   0   0    66.193     5.303    21.175     0.000     0.000     0.000     0.000   0   0   0   0   0   0   0     0.000     0.000     0.000    -0.121    -0.009     0.239     0.057
   7 0 0 0 1 1 1 1  25   3  29   0   0   0   0     5.694    21.919     5.755     0.000     0.000     0.000     0.000   0   0   0   0   0   0   0     0.000     0.000     0.000    -0.150    -0.053     0.026    -0.003
   7 0 0 0 1 1 1 1  24   2  26   0   0   0   0     5.303    22.035     5.891     0.000     0.000     0.000     0.000   0   0   0   0   0   0   0     0.000     0.000     0.000    -0.199    -0.081    -0.024     0.016
   7 0 0 0 1 1 1 1  24   2  23   0   0   0   0     5.216    21.495     5.691     0.000     0.000     0.000     0.000   0   0   0   0   0   0   0     0.000     0.000     0.000    -0.552    -0.174    -0.025     0.058
   7 0 0 0 1 1 1 1  27   0  25   0   0   0   0     5.201    21.521     5.527     0.000     0.000     0.000     0.000   0   0   0   0   0   0   0     0.000     0.000     0.000     0.052     0.002    -0.123    -0.025
   7 0 0 0 1 1 1 1  25   3  25   0   0   0   0     5.671    21.919     5.869     0.000     0.000     0.000     0.000   0   0   0   0   0   0   0     0.000     0.000     0.000    -0.139    -0.056    -0.014     0.015
   7 0 0 0 1 1 1 1  24   2  23   0   0   0   0     5.303    21.495     5.524     0.000     0.000     0.000     0.000   0   0   0   0   0   0   0     0.000     0.000     0.000    -0.231    -0.083    -0.013     0.022
   7 0 0 0 1 1 1 1  24   2  24   0   0   0   0     5.216    21.495     5.398     0.000     0.000     0.000     0.000   0   0   0   0   0   0   0     0.000     0.000     0.000    -0.524    -0.160    -0.033     0.041
   7 0 0 0 1 1 1 1  27   0  25   0   0   0   0     5.201    21.190     5.582     0.000     0.000     0.000     0.000   0   0   0   0   0   0   0     0.000     0.000     0.000     0.225     0.022    -0.104    -0.022
   7 0 0 0 1 1 1 1  25   3  11   0   0   0   0     5.764    21.919    50.298     0.000     0.000     0.000     0.000   0   0   0   0   0   0   0     0.000     0.000     0.000    -0.128    -0.034     0.023    -0.000
   7 0 0 0 1 1 1 1  26   3  31   0   0   0   0     5.816    21.919     5.507     0.000     0.000     0.000     0.000   0   0   0   0   0   0   0     0.000     0.000     0.000    -0.174    -0.045    -0.004     0.030
   7 0 0 0 1 1 1 1  24   2  23   0   0   0   0     5.216    21.495     5.711     0.000     0.000     0.000     0.000   0   0   0   0   0   0   0     0.000     0.000     0.000    -0.498    -0.147    -0.020     0.050
   7 0 0 0 1 1 1 1  21  24   2   0   0   0   0    67.883     5.343    21.563     0.000     0.000     0.000     0.000   0   0   0   0   0   0   0     0.000     0.000     0.000    -0.059    -0.004     0.214     0.042
   7 0 0 0 1 1 1 1  25  10  25   0   0   0   0     5.671    15.185     5.911     0.000     0.000     0.000     0.000   0   0   0   0   0   0   0     0.000     0.000     0.000     0.006    -0.072    -0.007     0.017
   7 0 0 0 1 1 1 1  26  10   6   0   0   0   0     5.844    15.313    21.105     0.000     0.000     0.000     0.000   0   0   0   0   0   0   0     0.000     0.000     0.000    -0.148    -0.035     0.005     0.060
   7 0 1 0 1 1 1 1   2  10  24   0   0   0   0    21.495    15.313     5.376     0.000     0.000     0.000     0.000   0   0   0   0   0   0   0     0.000    -0.473     0.000    -0.148    -0.035    -0.045     0.027
   7 0 0 0 1 1 1 1  27  27   2   0   0   0   0     5.165     5.002    21.495     0.000     0.000     0.000     0.000   0   0   0   0   0   0   0     0.000    -0.473     0.000     0.043     0.018     0.203    -0.020
   7 0 0 0 1 1 1 1  25   3   4   0   0   0   0     5.707    21.919    23.766     0.000     0.000     0.000     0.000   0   0   0   0   0   0   0     0.000    -0.473     0.000    -0.115    -0.033     0.001     0.027
   7 0 0 0 1 1 1 1  25   2  12   0   0   0   0     5.553    21.495    46.724     0.000     0.000     0.000     0.000   0   0   0   0   0   0   0     0.000    -0.473     0.000    -0.203    -0.068     0.053    -0.001
   7 0 0 0 1 1 1 1  24   2  28   0   0   0   0     5.216    21.495     5.631     0.000     0.000     0.000     0.000   0   0   0   0   0   0   0     0.000    -0.473     0.000    -0.450    -0.132    -0.017     0.045
   7 0 0 0 1 1 1 1  15   7   2   0   0   0   0    48.258    21.208    21.495     0.000     0.000     0.000     0.000   0   0   0   0   0   0   0     0.000    -0.473     0.000    -0.013    -0.041     0.193     0.016
   7 0 0 0 1 1 1 1  25  20   1   0   0   0   0     5.832    62.411    22.367     0.000     0.000     0.000     0.000   0   0   0   0   0   0   0     0.000    -0.473     0.000    -0.017    -0.071     0.005     0.027
   7 0 0 0 1 1 1 1  26   2  28   0   0   0   0     5.816    21.495     5.584     0.000     0.000     0.000     0.000   0   0   0   0   0   0   0     0.000    -0.473     0.000    -0.193    -0.038    -0.005     0.023
   7 0 1 0 1 1 1 1   2   2  24   0   0   0   0    21.495    21.495     5.366     0.000     0.000     0.000     0.000   0   0   0   0   0   0   0     0.000    -0.427     0.000    -0.193    -0.038    -0.041     0.022
   7 0 0 0 1 1 1 1  19  24   0   0   0   0   0    66.193     5.266    21.175     0.000     0.000     0.000     0.000   0   0   0   0   0   0   0     0.000    -0.427     0.000    -0.090    -0.006     0.183     0.035
   7 0 0 0 1 1 1 1  25   3  11   0   0   0   0     5.671    21.919    50.380     0.000     0.000     0.000     0.000   0   0   0   0   0   0   0     0.000    -0.427     0.000    -0.103    -0.034     0.016    -0.004
   7 0 0 0 1 1 1 1  25   2  23   0   0   0   0     5.527    21.495     5.524     0.000     0.000     0.000     0.000   0   0   0   0   0   0   0     0.000    -0.427     0.000    -0.183    -0.060    -0.010     0.015
   7 0 0 0 1 1 1 1  24  14  28   0   0   0   0     5.216    48.949     5.643     0.000     0.000     0.000     0.000   0   0   0   0   0   0   0     0.000    -0.427     0.000    -0.118    -0.406    -0.013     0.040
   7 0 0 0 1 1 1 1  15   5   2   0   0   0   0    48.258    23.053    21.495     0.000     0.000     0.000     0.000   0   0   0   0   0   0   0     0.000    -0.427     0.000    -0.010    -0.035     0.174     0.014
   7 0 0 0 1 1 1 1  25  25   3   0   0   0   0     5.832     5.489    24.275     0.000     0.000     0.000     0.000   0   0   0   0   0   0   0     0.000    -0.427     0.000    -0.066    -0.014     0.004     0.022
   7 0 0 0 1 1 1 1  26   2   6   0   0   0   0     5.882    21.495    21.153     0.000     0.000     0.000     0.000   0   0   0   0   0   0   0     0.000    -0.427     0.000    -0.174    -0.024     0.006     0.048
   7 0 1 0 1 1 1 1   2   2  24   0   0   0   0    21.495    21.495     5.361     0.000     0.000     0.000     0.000   0   0   0   0   0   0   0     0.000    -0.386     0.000    -0.174    -0.024    -0.038     0.017
   7 0 0 0 1 1 1 1  27  16   2   0   0   0   0     5.156    63.844    21.495     0.000     0.000     0.000     0.000   0   0   0   0   0   0   0     0.000    -0.386     0.000     0.018     0.038     0.165    -0.014
   7 0 0 0 1 1 1 1  25   3  31   0   0   0   0     5.785    21.919     5.472     0.000     0.000     0.000     0.000   0   0   0   0   0   0   0     0.000    -0.386     0.000    -0.090    -0.017     0.016     0.001
   7 0 0 0 1 1 1 1  25   2  23   0   0   0   0     5.622    21.495     5.595     0.000     0.000     0.000     0.000   0   0   0   0   0   0   0     0.000    -0.386     0.000    -0.165    -0.046    -0.007     0.015
   7 0 0 0 1 1 1 1  29   2  17   0   0   0   0     5.694    21.495    54.802     0.000     0.000     0.000     0.000   0   0   0   0   0   0   0     0.000    -0.386     0.000    -0.366    -0.093     0.067    -0.003
   7 0 0 0 1 1 1 1  27   0   3   0   0   0   0     5.201    21.190    21.919     0.000     0.000     0.000     0.000   0   0   0   0   0   0   0     0.000    -0.386     0.000     0.157     0.013    -0.142    -0.014
   7 0 0 0 1 1 1 1  25  26  25   0   0   0   0     5.635     5.748     5.869     0.000     0.000     0.000     0.000   0   0   0   0   0   0   0     0.000    -0.386     0.000    -0.022    -0.108    -0.008     0.008
   7 0 0 0 1 1 1 1  24   2   6   0   0   0   0     5.323    21.495    21.105     0.000     0.000     0.000     0.000   0   0   0   0   0   0   0     0.000    -0.386     0.000    -0.157    -0.042    -0.000     0.040
   7 0 1 0 1 1 1 1   2   2  24   0   0   0   0    21.495    21.495     5.382     0.000     0.000     0.000     0.000   0   0   0   0   0   0   0     0.000    -0.348     0.000    -0.157    -0.042    -0.027     0.019
   7 0 0 0 1 1 1 1  15   5   2   0   0   0   0    48.121    23.106    21.495     0.000     0.000     0.000     0.000   0   0   0   0   0   0   0     0.000    -0.348     0.000    -0.011    -0.031     0.149     0.010
   7 0 0 0 1 1 1 1  26  23   1   0   0   0   0     5.834     5.436    22.367     0.000     0.000     0.000     0.000   0   0   0   0   0   0   0     0.000    -0.348     0.000    -0.013    -0.051     0.001     0.018
   7 0 0 0 1 1 1 1  26   2   6   0   0   0   0     5.882    21.495    21.153     0.000     0.000     0.000     0.000   0   0   0   0   0   0   0     0.000    -0.348     0.000    -0.149    -0.020     0.005     0.038
   7 0 0 0 1 1 1 1   3   2  11   0   0   0   0    21.919    21.495    52.930     0.000     0.000     0.000     0.000   0   0   0   0   0   0   0     0.000    -0.348     0.000    -0.331    -0.093     0.008    -0.066
   7 0 0 0 1 1 1 1  16   2   4   0   0   0   0    58.614    21.495    22.771     0.000     0.000     0.000     0.000   0   0   0   0   0   0   0     0.000    -0.348     0.000     0.142    -0.010     0.033     0.017
   7 0 0 0 1 1 1 1  25  20  25   0   0   0   0     5.489    62.411     5.908     0.000     0.000     0.000     0.000   0   0   0   0   0   0   0     0.000    -0.348     0.000    -0.015    -0.131    -0.006     0.008
   7 0 0 0 1 1 1 1  25   2  16   0   0   0   0     5.527    21.495    59.519     0.000     0.000     0.000     0.000   0   0   0   0   0   0   0     0.000    -0.348     0.000    -0.142    -0.043    -0.004     0.017
   7 0 0 0 1 1 1 1   3   2  23   0   0   0   0    21.919    21.495     5.830     0.000     0.000     0.000     0.000   0   0   0   0   0   0   0     0.000    -0.348     0.000    -0.314    -0.087    -0.007     0.048
   7 0 0 0 1 1 1 1  12   2  11   0   0   0   0    49.597    21.495    52.930     0.000     0.000     0.000     0.000   0   0   0   0   0   0   0     0.000    -0.348     0.000     0.135    -0.016     0.017    -0.021
   7 0 0 0 1 1 1 1  25  20  11   0   0   0   0     5.489    62.411    50.420     0.000     0.000     0.000     0.000   0   0   0   0   0   0   0     0.000    -0.348     0.000    -0.013    -0.122     0.010    -0.004
   7 0 0 0 1 1 1 1  24  14  12   0   0   0   0     5.233    48.949    47.042     0.000     0.000     0.000     0.000   0   0   0   0   0   0   0     0.000    -0.348     0.000    -0.042    -0.135     0.030    -0.001
   7 0 0 0 1 1 1 1  29   2  17   0   0   0   0     5.694    21.495    54.802     0.000     0.000     0.000     0.000   0   0   0   0   0   0   0     0.000    -0.348     0.000    -0.298    -0.077     0.053    -0.002
   7 0 0 0 1 1 1 1  19  22   2   0   0   0   0    57.479     4.890    21.495     0.000     0.000     0.000     0.000   0   0   0   0   0   0   0     0.000    -0.348     0.000    -0.035    -0.017     0.128     0.006
   7 0 0 0 1 1 1 1  25  23  25   0   0   0   0     5.527     5.436     5.847     0.000     0.000     0.000     0.000   0   0   0   0   0   0   0     0.000    -0.348     0.000    -0.013    -0.114    -0.008     0.005
   7 0 0 0 1 1 1 1  26   2  28   0   0   0   0     5.844    21.495     5.635     0.000     0.000     0.000     0.000   0   0   0   0   0   0   0     0.000    -0.348     0.000    -0.128    -0.020    -0.001     0.016
   7 0 1 0 1 1 1 1   2   2  23   0   0   0   0    21.495    21.495     5.636     0.000     0.000     0.000     0.000   0   0   0   0   0   0   0     0.000    -0.283     0.000    -0.128    -0.020    -0.015     0.020
   7 0 0 0 1 1 1 1  16   2   4   0   0   0   0    58.614    21.495    22.771     0.000     0.000     0.000     0.000   0   0   0   0   0   0   0     0.000    -0.283     0.000     0.121    -0.008     0.028     0.013
   7 0 0 0 1 1 1 1  25  26  29   0   0   0   0     5.614     5.748     5.743     0.000     0.000     0.000     0.000   0   0   0   0   0   0   0     0.000    -0.283     0.000    -0.014    -0.107     0.009    -0.002
   7 0 0 0 1 1 1 1  25   2  22   0   0   0   0     5.622    21.495     5.097     0.000     0.000     0.000     0.000   0   0   0   0   0   0   0     0.000    -0.283     0.000    -0.122    -0.031    -0.005     0.010
   7 0 0 0 1 1 1 1  29   2  17   0   0   0   0     5.694    21.495    54.802     0.000     0.000     0.000     0.000   0   0   0   0   0   0   0     0.000    -0.283     0.000    -0.269    -0.069     0.046    -0.002
   7 0 0 0 1 1 1 1   8   2  11   0   0   0   0    18.598    21.495    51.854     0.000     0.000     0.000     0.000   0   0   0   0   0   0   0     0.000    -0.283     0.000     0.115     0.006    -0.011    -0.028
   7 0 0 0 1 1 1 1  26   2   1   0   0   0   0     5.859    21.495    22.398     0.000     0.000     0.000     0.000   0   0   0   0   0   0   0     0.000    -0.283     0.000     0.050    -0.016     0.001     0.014
   7 0 0 0 1 1 1 1  24   2   6   0   0   0   0     5.338    21.495    21.179     0.000     0.000     0.000     0.000   0   0   0   0   0   0   0     0.000    -0.283     0.000    -0.116    -0.022     0.001     0.030
   7 0 1 0 1 1 1 1   2   2  11   0   0   0   0    21.529    21.495    52.930     0.000     0.000     0.000     0.000   0   0   0   0   0   0   0     0.000    -0.209     0.000    -0.116    -0.022     0.006    -0.055
   7 0 0 0 1 1 1 1  27  17   2   0   0   0   0     5.150    62.156    21.495     0.000     0.000     0.000     0.000   0   0   0   0   0   0   0     0.000    -0.209     0.000     0.011     0.025     0.110    -0.008
   7 0 0 0 1 1 1 1  25  20  25   0   0   0   0     5.489    62.411     5.910     0.000     0.000     0.000     0.000   0   0   0   0   0   0   0     0.000    -0.209     0.000    -0.009    -0.098    -0.004     0.006
   7 0 0 0 1 1 1 1  24   2  26   0   0   0   0     5.156    21.495     5.891     0.000     0.000     0.000     0.000   0   0   0   0   0   0   0     0.000    -0.209     0.000    -0.110    -0.035    -0.011     0.005
   7 0 1 0 1 1 1 1   2   2  24   0   0   0   0    21.495    21.495     5.359     0.000     0.000     0.000     0.000   0   0   0   0   0   0   0     0.000    -0.245     0.000    -0.110    -0.035    -0.024     0.010
   7 0 0 0 1 1 1 1  24  20  15   0   0   0   0     5.343    62.411    48.521     0.000     0.000     0.000     0.000   0   0   0   0   0   0   0     0.000    -0.245     0.000    -0.014    -0.116    -0.007     0.011
   7 0 0 0 1 1 1 1  25  23  29   0   0   0   0     5.527     5.436     5.730     0.000     0.000     0.000     0.000   0   0   0   0   0   0   0     0.000    -0.245     0.000    -0.009    -0.092     0.009    -0.002
   7 0 0 0 1 1 1 1   3   2  16   0   0   0   0    21.919    21.495    59.519     0.000     0.000     0.000     0.000   0   0   0   0   0   0   0     0.000    -0.245     0.000    -0.104    -0.031    -0.004     0.013
   7 0 1 0 1 1 1 1   2   2  29   0   0   0   0    21.495    21.495     5.707     0.000     0.000     0.000     0.000   0   0   0   0   0   0   0     0.000    -0.233     0.000    -0.104    -0.031    -0.037     0.006
   7 0 0 0 1 1 1 1  17   2  23   0   0   0   0    57.814    21.495     5.569     0.000     0.000     0.000     0.000   0   0   0   0   0   0   0     0.000    -0.233     0.000     0.105    -0.016    -0.000     0.016
   7 0 0 0 1 1 1 1  25  26   1   0   0   0   0     5.614     5.748    22.427     0.000     0.000     0.000     0.000   0   0   0   0   0   0   0     0.000    -0.233     0.000    -0.010    -0.086    -0.000     0.012
   7 0 0 0 1 1 1 1  25   2   8   0   0   0   0     5.457    21.495    17.219     0.000     0.000     0.000     0.000   0   0   0   0   0   0   0     0.000    -0.233     0.000    -0.099    -0.030     0.021    -0.002
   7 0 1 0 1 1 1 1   2   2  29   0   0   0   0    21.495    21.495     5.845     0.000     0.000     0.000     0.000   0   0   0   0   0   0   0     0.000    -0.221     0.000    -0.099    -0.030    -0.010     0.019
   7 0 0 0 1 1 1 1  24  20  15   0   0   0   0     5.343    62.411    48.521     0.000     0.000     0.000     0.000   0   0   0   0   0   0   0     0.000    -0.221     0.000    -0.012    -0.106    -0.005     0.009
   7 0 0 0 1 1 1 1  25   2  29   0   0   0   0     5.707    21.495     5.717     0.000     0.000     0.000     0.000   0   0   0   0   0   0   0     0.000    -0.221     0.000     0.049    -0.018     0.009    -0.000
   7 0 0 0 1 1 1 1  25   2  28   0   0   0   0     5.785    21.495     5.657     0.000     0.000     0.000     0.000   0   0   0   0   0   0   0     0.000    -0.221     0.000    -0.094    -0.013     0.000     0.025
   7 0 0 0 1 1 1 1  24   2  12   0   0   0   0     5.320    21.495    46.724     0.000     0.000     0.000     0.000   0   0   0   0   0   0   0     0.000    -0.221     0.000    -0.210    -0.051     0.047    -0.001
   7 0 0 1 1 1 1 1  14  14  12   0   0   0   0    48.949    48.129    46.724     0.000     0.000     0.000     0.000   0   0   0   0   0   0   0     0.000    -0.221     0.100     0.001    -0.115     0.047    -0.001
   7 0 0 0 1 1 1 1  25   2  11   0   0   0   0     5.489    21.495    50.500     0.000     0.000     0.000     0.000   0   0   0   0   0   0   0     0.000    -0.221     0.100     0.047    -0.042     0.006    -0.002
   7 0 0 0 1 1 1 1  25   2   8   0   0   0   0     5.635    21.495    17.211     0.000     0.000     0.000     0.000   0   0   0   0   0   0   0     0.000    -0.221     0.100    -0.089    -0.021     0.023    -0.000
   7 0 0 0 1 1 1 1  14  11  14   0   0   0   0    48.129    52.930    48.949     0.000     0.000     0.000     0.000   0   0   0   0   0   0   0     0.000    -0.221     0.100     0.005    -0.042    -0.056    -0.200
   7 0 1 0 1 1 1 1   2  11  24   0   0   0   0    21.495    52.930     5.233     0.000     0.000     0.000     0.000   0   0   0   0   0   0   0     0.000     0.095     0.100     0.005    -0.042    -0.066     0.001
   7 0 0 0 1 1 1 1  25   2   1   0   0   0   0     5.660    21.495    22.427     0.000     0.000     0.000     0.000   0   0   0   0   0   0   0     0.000     0.095     0.100     0.045    -0.022    -0.000     0.010
   7 0 0 0 1 1 1 1  24   2  10   0   0   0   0     5.156    21.495    16.150     0.000     0.000     0.000     0.000   0   0   0   0   0   0   0     0.000     0.095     0.100    -0.085    -0.026    -0.001     0.026
   7 0 1 0 1 1 1 1   2   2  28   0   0   0   0    21.495    21.495     5.694     0.000     0.000     0.000     0.000   0   0   0   0   0   0   0     0.000    -0.190     0.100    -0.085    -0.026    -0.005     0.029
   7 0 0 0 1 1 1 1   5   2   3   0   0   0   0    23.053    21.495    24.463     0.000     0.000     0.000     0.000   0   0   0   0   0   0   0     0.000    -0.190     0.100     0.090     0.003    -0.011    -0.022
   7 0 0 0 1 1 1 1  25  20   6   0   0   0   0     5.489    62.411    20.389     0.000     0.000     0.000     0.000   0   0   0   0   0   0   0     0.000    -0.190     0.100    -0.002    -0.074     0.003    -0.004
   7 0 0 0 1 1 1 1  24   2   6   0   0   0   0     5.338    21.495    21.209     0.000     0.000     0.000     0.000   0   0   0   0   0   0   0     0.000    -0.190     0.100    -0.081    -0.016     0.001     0.024
   7 0 0 0 1 1 1 1  29   2  10   0   0   0   0     5.694    21.495    16.091     0.000     0.000     0.000     0.000   0   0   0   0   0   0   0     0.000    -0.190     0.100    -0.180    -0.048    -0.001     0.041
   7 0 0 0 1 1 1 1  18   3   0   0   0   0   0    50.642    21.919    21.196     0.000     0.000     0.000     0.000   0   0   0   0   0   0   0     0.000    -0.190     0.100    -0.104    -0.000     0.086     0.023
   7 0 0 0 1 1 1 1   4   2   6   0   0   0   0    22.682    21.495    20.345     0.000     0.000     0.000     0.000   0   0   0   0   0   0   0     0.000    -0.190     0.100     0.042    -0.018     0.004    -0.003
   7 0 0 0 1 1 1 1  26   2   6   0   0   0   0     5.882    21.495    19.548     0.000     0.000     0.000     0.000   0   0   0   0   0   0   0     0.000    -0.190     0.100    -0.077    -0.010     0.030     0.002
   7 0 0 0 1 1 1 1   3  14  11   0   0   0   0    21.919    48.949    52.930     0.000     0.000     0.000     0.000   0   0   0   0   0   0   0     0.000    -0.190     0.100    -0.048    -0.171     0.004    -0.036
   7 0 0 0 1 1 1 1  24   2   2   0   0   0   0     5.343    21.495    21.749     0.000     0.000     0.000     0.000   0   0   0   0   0   0   0     0.000    -0.190     0.100     0.082    -0.022     0.018     0.000
   7 0 0 0 1 1 1 1  25  20  26   0   0   0   0     5.489    62.411     5.902     0.000     0.000     0.000     0.000   0   0   0   0   0   0   0     0.000    -0.190     0.100    -0.002    -0.068    -0.003     0.003
   7 0 0 0 1 1 1 1   3   2  17   0   0   0   0    22.294    21.495    59.659     0.000     0.000     0.000     0.000   0   0   0   0   0   0   0     0.000    -0.190     0.100    -0.073    -0.023    -0.004     0.008
   7 0 0 0 1 1 1 1   3  14  23   0   0   0   0    21.919    48.949     5.636     0.000     0.000     0.000     0.000   0   0   0   0   0   0   0     0.000    -0.190     0.100    -0.045    -0.163    -0.008     0.012
   7 0 0 0 1 1 1 1  19   7   2   0   0   0   0    57.479    21.384    21.495     0.000     0.000     0.000     0.000   0   0   0   0   0   0   0     0.000    -0.190     0.100    -0.007    -0.017     0.078     0.003
   7 0 0 0 1 1 1 1  25   2  11   0   0   0   0     5.489    21.495    50.507     0.000     0.000     0.000     0.000   0   0   0   0   0   0   0     0.000    -0.190     0.100     0.040    -0.032     0.004    -0.002
   7 0 0 0 1 1 1 1  24   2  10   0   0   0   0     5.233    21.495    16.071     0.000     0.000     0.000     0.000   0   0   0   0   0   0   0     0.000    -0.190     0.100    -0.069    -0.020    -0.001     0.018
   7 0 0 0 1 1 1 1  29   2  23   0   0   0   0     5.694    21.495     5.959     0.000     0.000     0.000     0.000   0   0   0   0   0   0   0     0.000    -0.190     0.100    -0.155    -0.040    -0.001     0.034
   7 0 0 0 1 1 1 1  24  20  26   0   0   0   0     5.370    62.411     5.911     0.000     0.000     0.000     0.000   0   0   0   0   0   0   0     0.000    -0.190     0.100    -0.005    -0.076     0.010    -0.003
   7 0 0 0 1 1 1 1  25   2  25   0   0   0   0     5.457    21.495     5.847     0.000     0.000     0.000     0.000   0   0   0   0   0   0   0     0.000    -0.190     0.100     0.038    -0.039    -0.004     0.002
   7 0 0 0 1 1 1 1  25   2  28   0   0   0   0     5.785    21.495     5.657     0.000     0.000     0.000     0.000   0   0   0   0   0   0   0     0.000    -0.190     0.100    -0.066    -0.009    -0.000     0.018
   7 0 1 0 1 1 1 1   2   2  29   0   0   0   0    21.495    21.495     5.709     0.000     0.000     0.000     0.000   0   0   0   0   0   0   0     0.000    -0.147     0.100    -0.066    -0.009    -0.022     0.004
   7 0 1 0 1 1 1 1   2   2   3   0   0   0   0    21.495    21.495    21.919     0.000     0.000     0.000     0.000   0   0   0   0   0   0   0     0.000     0.074     0.100    -0.066    -0.009    -0.090     0.001
   7 0 0 0 1 1 1 1   4   2   9   0   0   0   0    22.658    21.495    18.035     0.000     0.000     0.000     0.000   0   0   0   0   0   0   0     0.000     0.074     0.100     0.037    -0.015     0.010     0.000
   7 0 0 0 1 1 1 1  17  13   9   0   0   0   0    59.599    45.309    18.036     0.000     0.000     0.000     0.000   0   0   0   0   0   0   0     0.000     0.074     0.100     0.014    -0.007     0.023     0.005
   7 0 0 1 1 1 1 1  14  11   9   0   0   0   0    48.949    52.930    18.036     0.000     0.000     0.000     0.000   0   0   0   0   0   0   0     0.000     0.074    -0.140     0.003    -0.030     0.023     0.005
   7 0 1 0 1 1 1 1   2  11   3   0   0   0   0    21.495    52.930    21.919     0.000     0.000     0.000     0.000   0   0   0   0   0   0   0     0.000     0.070    -0.140     0.003    -0.030    -0.084     0.001
   7 0 0 0 1 1 1 1  25  23  29   0   0   0   0     5.527     5.436     5.717     0.000     0.000     0.000     0.000   0   0   0   0   0   0   0     0.000     0.070    -0.140    -0.001    -0.058     0.006    -0.001
   7 0 0 0 1 1 1 1   3  14   6   0   0   0   0    22.294    48.949    19.629     0.000     0.000     0.000     0.000   0   0   0   0   0   0   0     0.000     0.070    -0.140    -0.019    -0.062     0.013    -0.001
   7 0 0 0 1 1 1 1   3  14  10   0   0   0   0    21.919    48.949    16.091     0.000     0.000     0.000     0.000   0   0   0   0   0   0   0     0.000     0.070    -0.140    -0.038    -0.133    -0.002     0.031
   7 0 0 0 1 1 1 1   8   2   7   0   0   0   0    18.598    21.495    21.384     0.000     0.000     0.000     0.000   0   0   0   0   0   0   0     0.000     0.070    -0.140     0.067     0.003    -0.005    -0.015
   7 0 0 0 1 1 1 1  25   2  24   0   0   0   0     5.806    21.495     5.347     0.000     0.000     0.000     0.000   0   0   0   0   0   0   0     0.000     0.070    -0.140     0.035    -0.007     0.010     0.001
   7 0 0 0 1 1 1 1  24  14  16   0   0   0   0     5.156    48.949    58.614     0.000     0.000     0.000     0.000   0   0   0   0   0   0   0     0.000     0.070    -0.140    -0.018    -0.059    -0.002     0.007
   7 0 0 0 1 1 1 1  29   2  30   0   0   0   0     5.694    21.495     5.652     0.000     0.000     0.000     0.000   0   0   0   0   0   0   0     0.000     0.070    -0.140    -0.126    -0.033    -0.002     0.019
   7 0 0 0 1 1 1 1  27  13   2   0   0   0   0     5.033    57.668    21.495     0.000     0.000     0.000     0.000   0   0   0   0   0   0   0     0.000     0.070    -0.140     0.008     0.015     0.063    -0.003
   7 0 0 0 1 1 1 1  24  23  26   0   0   0   0     5.244     5.436     5.916     0.000     0.000     0.000     0.000   0   0   0   0   0   0   0     0.000     0.070    -0.140    -0.001    -0.054    -0.001     0.004
   7 0 0 0 1 1 1 1  24   2   2   0   0   0   0     5.326    21.495    23.305     0.000     0.000     0.000     0.000   0   0   0   0   0   0   0     0.000     0.070    -0.140    -0.056    -0.013     0.000     0.022
   7 0 0 0 1 1 1 1   3   2  11   0   0   0   0    21.919    21.495    52.930     0.000     0.000     0.000     0.000   0   0   0   0   0   0   0     0.000     0.070    -0.140    -0.120    -0.033     0.003    -0.026
   7 0 0 0 1 1 1 1  25   2   3   0   0   0   0     5.614    21.495    23.604     0.000     0.000     0.000     0.000   0   0   0   0   0   0   0     0.000     0.070    -0.140     0.060    -0.032     0.009    -0.002
   7 0 0 0 1 1 1 1  24  23  30   0   0   0   0     5.289     5.436     5.287     0.000     0.000     0.000     0.000   0   0   0   0   0   0   0     0.000     0.070    -0.140    -0.002    -0.050     0.006    -0.000
   7 0 0 0 1 1 1 1   3   2   6   0   0   0   0    22.294    21.495    19.548     0.000     0.000     0.000     0.000   0   0   0   0   0   0   0     0.000     0.070    -0.140    -0.053    -0.016     0.019    -0.001
   7 0 1 0 1 1 1 1   2   2  29   0   0   0   0    21.495    21.495     5.736     0.000     0.000     0.000     0.000   0   0   0   0   0   0   0     0.000    -0.114    -0.140    -0.053    -0.016    -0.012     0.005
   7 0 0 0 1 1 1 1  24   2   8   0   0   0   0     5.266    21.495    18.592     0.000     0.000     0.000     0.000   0   0   0   0   0   0   0     0.000    -0.114    -0.140     0.057    -0.037     0.004    -0.006
   7 0 0 1 1 1 1 1  14   3   8   0   0   0   0    48.949    21.919    18.592     0.000     0.000     0.000     0.000   0   0   0   0   0   0   0     0.000    -0.114     0.033    -0.047     0.000     0.004    -0.006
   7 0 0 0 1 1 1 1  24   2   2   0   0   0   0     5.338    21.495    23.305     0.000     0.000     0.000     0.000   0   0   0   0   0   0   0     0.000    -0.114     0.033    -0.051    -0.010     0.000     0.020
   7 0 0 0 1 1 1 1   3   2  31   0   0   0   0    21.919    21.495     5.511     0.000     0.000     0.000     0.000   0   0   0   0   0   0   0     0.000    -0.114     0.033    -0.108    -0.030    -0.005     0.011
   7 0 0 0 1 1 1 1  18   3   0   0   0   0   0    50.642    21.919    21.196     0.000     0.000     0.000     0.000   0   0   0   0   0   0   0     0.000    -0.114     0.033    -0.074    -0.000     0.054     0.015
   7 0 1 0 1 1 1 1   2   3   3   0   0   0   0    21.495    21.919    21.919     0.000     0.000     0.000     0.000   0   0   0   0   0   0   0     0.000     0.031     0.033    -0.074    -0.000    -0.044     0.000
   7 0 0 0 1 1 1 1  17  13   9   0   0   0   0    59.599    45.309    18.036     0.000     0.000     0.000     0.000   0   0   0   0   0   0   0     0.000     0.031     0.033     0.012    -0.006     0.018     0.004
   7 0 0 0 1 1 1 1  24   2   6   0   0   0   0     5.324    21.495    21.153     0.000     0.000     0.000     0.000   0   0   0   0   0   0   0     0.000     0.031     0.033    -0.103    -0.024    -0.000     0.026
   7 0 0 0 1 1 1 1  24  20  26   0   0   0   0     5.370    62.411     5.911     0.000     0.000     0.000     0.000   0   0   0   0   0   0   0     0.000     0.031     0.033    -0.004    -0.056     0.007    -0.002
   7 0 0 0 1 1 1 1  26   2   9   0   0   0   0     5.901    21.495    18.617     0.000     0.000     0.000     0.000   0   0   0   0   0   0   0     0.000     0.031     0.033     0.030    -0.003     0.001     0.008
   7 0 0 0 1 1 1 1  25   2   8   0   0   0   0     5.457    21.495    17.211     0.000     0.000     0.000     0.000   0   0   0   0   0   0   0     0.000     0.031     0.033    -0.048    -0.014     0.013    -0.001
   7 0 0 0 1 1 1 1  32   2  10   0   0   0   0     4.284    21.495    16.139     0.000     0.000     0.000     0.000   0   0   0   0   0   0   0     0.000     0.031     0.033    -0.097    -0.019     0.001     0.025
   7 0 1 0 1 1 1 1   2   2  14   0   0   0   0    21.495    21.495    48.129     0.000     0.000     0.000     0.000   0   0   0   0   0   0   0     0.000     0.052     0.033    -0.097    -0.019     0.000    -0.065
   7 0 0 0 1 1 1 1  24   2  30   0   0   0   0     5.289    21.495     5.287     0.000     0.000     0.000     0.000   0   0   0   0   0   0   0     0.000     0.052     0.033     0.028    -0.017     0.006    -0.000
   7 0 0 0 1 1 1 1   3  14  27   0   0   0   0    22.294    48.949     5.287     0.000     0.000     0.000     0.000   0   0   0   0   0   0   0     0.000     0.052     0.033    -0.013    -0.045     0.003    -0.004
   7 0 0 0 1 1 1 1  24   2  23   0   0   0   0     5.326    21.495     5.751     0.000     0.000     0.000     0.000   0   0   0   0   0   0   0     0.000     0.052     0.033    -0.093    -0.020    -0.002     0.010
   7 0 0 0 1 1 1 1  19   7  32   0   0   0   0    57.479    21.384     4.267     0.000     0.000     0.000     0.000   0   0   0   0   0   0   0     0.000     0.052     0.033    -0.005    -0.011    -0.012     0.004
   7 0 0 0 1 1 1 1   4   2   9   0   0   0   0    22.682    21.495    18.035     0.000     0.000     0.000     0.000   0   0   0   0   0   0   0     0.000     0.052     0.033     0.027    -0.010     0.008     0.000
   7 0 1 0 1 1 1 1   2   2  12   0   0   0   0    21.495    21.495    45.613     0.000     0.000     0.000     0.000   0   0   0   0   0   0   0     0.000    -0.043     0.033     0.027    -0.010     0.019    -0.001
   7 0 1 0 1 1 1 1   2   2  29   0   0   0   0    21.495    21.495     5.736     0.000     0.000     0.000     0.000   0   0   0   0   0   0   0     0.000    -0.088     0.033     0.027    -0.010    -0.009     0.004
   7 0 0 0 1 1 1 1   6   1   3   0   0   0   0    19.367    21.866    21.919     0.000     0.000     0.000     0.000   0   0   0   0   0   0   0     0.000    -0.088     0.033     0.006     0.044    -0.060     0.000
   7 0 0 0 1 1 1 1  25   2  26   0   0   0   0     5.847    21.495     5.919     0.000     0.000     0.000     0.000   0   0   0   0   0   0   0     0.000    -0.088     0.033     0.026    -0.004     0.000     0.005
   7 0 0 0 1 1 1 1  25   2   6   0   0   0   0     5.635    21.495    19.548     0.000     0.000     0.000     0.000   0   0   0   0   0   0   0     0.000    -0.088     0.033    -0.041    -0.010     0.016    -0.000
   7 0 0 0 1 1 1 1   3  14  11   0   0   0   0    21.919    48.949    53.203     0.000     0.000     0.000     0.000   0   0   0   0   0   0   0     0.000    -0.088     0.033    -0.024    -0.084     0.002    -0.021
   7 0 0 0 1 1 1 1  18  14   1   0   0   0   0    50.642    48.052    21.978     0.000     0.000     0.000     0.000   0   0   0   0   0   0   0     0.000    -0.088     0.033    -0.000    -0.056     0.012     0.048
   7 0 0 0 1 1 1 1  24  23  14   0   0   0   0     5.244     5.436    39.508     0.000     0.000     0.000     0.000   0   0   0   0   0   0   0     0.000    -0.088     0.033    -0.001    -0.038     0.004    -0.000
   7 0 0 0 1 1 1 1  17  13   1   0   0   0   0    59.599    45.309    21.891     0.000     0.000     0.000     0.000   0   0   0   0   0   0   0     0.000    -0.088     0.033     0.010    -0.005     0.016     0.003
   7 0 0 0 1 1 1 1   3  14  23   0   0   0   0    21.919    48.949     5.595     0.000     0.000     0.000     0.000   0   0   0   0   0   0   0     0.000    -0.088     0.033    -0.022    -0.079    -0.005     0.006
   7 0 0 0 1 1 1 1  24  20  28   0   0   0   0     5.387    62.411     5.659     0.000     0.000     0.000     0.000   0   0   0   0   0   0   0     0.000    -0.088     0.033    -0.003    -0.043     0.007    -0.004
   7 0 1 0 1 1 1 1   2  20   3   0   0   0   0    21.495    62.411    21.919     0.000     0.000     0.000     0.000   0   0   0   0   0   0   0     0.000     0.024     0.033    -0.003    -0.043    -0.036     0.000
   7 0 1 0 1 1 1 1   2  20   6   0   0   0   0    21.495    62.411    21.263     0.000     0.000     0.000     0.000   0   0   0   0   0   0   0     0.000    -0.039     0.033    -0.003    -0.043    -0.000     0.019
   7 0 0 0 1 1 1 1  29  15  12   0   0   0   0     5.694    52.313    46.285     0.000     0.000     0.000     0.000   0   0   0   0   0   0   0     0.000    -0.039     0.033    -0.041     0.006     0.019    -0.001
   7 0 0 0 1 1 1 1   6  27   3   0   0   0   0    19.367     5.283    21.919     0.000     0.000     0.000     0.000   0   0   0   0   0   0   0     0.000    -0.039     0.033     0.040     0.006    -0.050     0.000
   7 0 0 0 1 1 1 1  17   2   9   0   0   0   0    58.360    21.495    18.035     0.000     0.000     0.000     0.000   0   0   0   0   0   0   0     0.000    -0.039     0.033     0.023    -0.003     0.008     0.001
   7 0 0 0 1 1 1 1  27   9  13   0   0   0   0     5.199    18.036    45.664     0.000     0.000     0.000     0.000   0   0   0   0   0   0   0     0.000    -0.039     0.033     0.013     0.002     0.008    -0.007
   7 0 1 0 1 1 1 1   2   9  11   0   0   0   0    21.495    18.036    53.203     0.000     0.000     0.000     0.000   0   0   0   0   0   0   0     0.000    -0.073     0.033     0.013     0.002     0.001    -0.018
   7 0 0 0 1 1 1 1   5   2  22   0   0   0   0    23.053    21.495     4.885     0.000     0.000     0.000     0.000   0   0   0   0   0   0   0     0.000    -0.073     0.033     0.043     0.002    -0.011    -0.005
   7 0 0 0 1 1 1 1   4   2   9   0   0   0   0    22.732    21.495    18.035     0.000     0.000     0.000     0.000   0   0   0   0   0   0   0     0.000    -0.073     0.033     0.022    -0.007     0.007     0.000
   7 0 0 1 1 1 1 1  14  27   9   0   0   0   0    48.949     5.287    18.035     0.000     0.000     0.000     0.000   0   0   0   0   0   0   0     0.000    -0.073    -0.036     0.002    -0.003     0.007     0.000
   7 0 0 1 1 1 1 1  14  24   9   0   0   0   0    48.949     5.704    18.035     0.000     0.000     0.000     0.000   0   0   0   0   0   0   0     0.000    -0.073    -0.070    -0.002     0.012     0.007     0.000
   7 0 0 0 1 1 1 1  11  12  11   0   0   0   0    53.438    49.707    53.963     0.000     0.000     0.000     0.000   0   0   0   0   0   0   0     0.000    -0.073    -0.070    -0.003     0.005    -0.008    -0.018
   7 0 0 0 1 1 1 1  24  23  14   0   0   0   0     5.244     5.436    39.508     0.000     0.000     0.000     0.000   0   0   0   0   0   0   0     0.000    -0.073    -0.070    -0.001    -0.033     0.004    -0.000
   7 0 0 0 1 1 1 1  31   2   6   0   0   0   0     5.374    21.495    19.548     0.000     0.000     0.000     0.000   0   0   0   0   0   0   0     0.000    -0.073    -0.070    -0.035    -0.009     0.015    -0.000
   7 0 1 0 1 1 1 1   2   2  29   0   0   0   0    21.495    21.495     5.736     0.000     0.000     0.000     0.000   0   0   0   0   0   0   0     0.000    -0.066    -0.070    -0.035    -0.009    -0.007     0.003
