  268
   1 1   0     0.000   0     5.095
   1 1   0     0.000   0     5.692
   1 1   0     0.000   0     5.821
   1 1   0     0.000   0     5.867
   7 0 1 1 0 0 0 0  17   0   0   0   0   0   0    59.272     0.000     0.000     0.000     0.000     0.000     0.000   0   0   0   0   0   0   0     0.000     0.482    -0.161     0.000     0.000     0.000     0.000
   7 0 1 1 0 0 0 0  17   0   0   0   0   0   0    59.272     0.000     0.000     0.000     0.000     0.000     0.000   0   0   0   0   0   0   0     0.000     0.080    -0.027     0.000     0.000     0.000     0.000
   7 0 1 1 0 0 0 0  17   0   0   0   0   0   0    59.272     0.000     0.000     0.000     0.000     0.000     0.000   0   0   0   0   0   0   0     0.000    -0.081     0.027     0.000     0.000     0.000     0.000
   7 0 1 1 0 0 0 0  17   0   0   0   0   0   0    59.272     0.000     0.000     0.000     0.000     0.000     0.000   0   0   0   0   0   0   0     0.000    -0.482     0.161     0.000     0.000     0.000     0.000
   7 0 1 1 0 0 0 0  17   0   0   0   0   0   0    59.272     0.000     0.000     0.000     0.000     0.000     0.000   0   0   0   0   0   0   0     0.000     0.458    -0.147     0.000     0.000     0.000     0.000
   7 0 1 1 0 0 0 0  17   0   0   0   0   0   0    59.272     0.000     0.000     0.000     0.000     0.000     0.000   0   0   0   0   0   0   0     0.000     0.076    -0.025     0.000     0.000     0.000     0.000
   7 0 1 1 0 0 0 0  17   0   0   0   0   0   0    59.272     0.000     0.000     0.000     0.000     0.000     0.000   0   0   0   0   0   0   0     0.000    -0.077     0.025     0.000     0.000     0.000     0.000
   7 0 1 1 0 0 0 0  17   0   0   0   0   0   0    59.272     0.000     0.000     0.000     0.000     0.000     0.000   0   0   0   0   0   0   0     0.000    -0.458     0.147     0.000     0.000     0.000     0.000
   7 0 1 1 0 0 0 0  17   0   0   0   0   0   0    59.272     0.000     0.000     0.000     0.000     0.000     0.000   0   0   0   0   0   0   0     0.000     0.435    -0.135     0.000     0.000     0.000     0.000
   7 0 1 1 0 0 0 0  17   0   0   0   0   0   0    59.272     0.000     0.000     0.000     0.000     0.000     0.000   0   0   0   0   0   0   0     0.000     0.073    -0.023     0.000     0.000     0.000     0.000
   7 0 1 1 0 0 0 0  17   0   0   0   0   0   0    59.272     0.000     0.000     0.000     0.000     0.000     0.000   0   0   0   0   0   0   0     0.000    -0.073     0.023     0.000     0.000     0.000     0.000
   7 0 1 1 0 0 0 0  17   0   0   0   0   0   0    59.272     0.000     0.000     0.000     0.000     0.000     0.000   0   0   0   0   0   0   0     0.000    -0.435     0.135     0.000     0.000     0.000     0.000
   7 0 1 1 0 0 0 0  17   0   0   0   0   0   0    59.272     0.000     0.000     0.000     0.000     0.000     0.000   0   0   0   0   0   0   0     0.000     0.414    -0.124     0.000     0.000     0.000     0.000
   7 0 1 1 0 0 0 0  17   0   0   0   0   0   0    59.272     0.000     0.000     0.000     0.000     0.000     0.000   0   0   0   0   0   0   0     0.000     0.069    -0.021     0.000     0.000     0.000     0.000
   7 0 1 1 0 0 0 0  17   0   0   0   0   0   0    59.272     0.000     0.000     0.000     0.000     0.000     0.000   0   0   0   0   0   0   0     0.000    -0.069     0.021     0.000     0.000     0.000     0.000
   7 0 1 1 0 0 0 0  17   0   0   0   0   0   0    59.272     0.000     0.000     0.000     0.000     0.000     0.000   0   0   0   0   0   0   0     0.000    -0.414     0.124     0.000     0.000     0.000     0.000
   7 0 1 1 0 0 0 0  17   0   0   0   0   0   0    59.272     0.000     0.000     0.000     0.000     0.000     0.000   0   0   0   0   0   0   0     0.000     0.393    -0.114     0.000     0.000     0.000     0.000
   7 0 1 1 0 0 0 0  17   0   0   0   0   0   0    59.272     0.000     0.000     0.000     0.000     0.000     0.000   0   0   0   0   0   0   0     0.000     0.065    -0.019     0.000     0.000     0.000     0.000
   7 0 1 1 0 0 0 0  17   0   0   0   0   0   0    59.272     0.000     0.000     0.000     0.000     0.000     0.000   0   0   0   0   0   0   0     0.000    -0.066     0.019     0.000     0.000     0.000     0.000
   7 0 1 1 0 0 0 0  17   0   0   0   0   0   0    59.272     0.000     0.000     0.000     0.000     0.000     0.000   0   0   0   0   0   0   0     0.000    -0.393     0.114     0.000     0.000     0.000     0.000
   7 0 1 1 0 0 0 0  17   0   0   0   0   0   0    59.272     0.000     0.000     0.000     0.000     0.000     0.000   0   0   0   0   0   0   0     0.000     0.373    -0.104     0.000     0.000     0.000     0.000
   7 0 1 1 0 0 0 0  17   0   0   0   0   0   0    59.272     0.000     0.000     0.000     0.000     0.000     0.000   0   0   0   0   0   0   0     0.000     0.062    -0.017     0.000     0.000     0.000     0.000
   7 0 1 1 0 0 0 0  17   0   0   0   0   0   0    59.272     0.000     0.000     0.000     0.000     0.000     0.000   0   0   0   0   0   0   0     0.000    -0.062     0.017     0.000     0.000     0.000     0.000
   7 0 1 1 0 0 0 0  17   0   0   0   0   0   0    59.272     0.000     0.000     0.000     0.000     0.000     0.000   0   0   0   0   0   0   0     0.000    -0.373     0.104     0.000     0.000     0.000     0.000
   7 0 1 1 0 0 0 0  17   0   0   0   0   0   0    59.272     0.000     0.000     0.000     0.000     0.000     0.000   0   0   0   0   0   0   0     0.000     0.355    -0.095     0.000     0.000     0.000     0.000
   7 0 1 1 0 0 0 0  17   0   0   0   0   0   0    59.272     0.000     0.000     0.000     0.000     0.000     0.000   0   0   0   0   0   0   0     0.000     0.059    -0.016     0.000     0.000     0.000     0.000
   7 0 1 1 0 0 0 0  17   0   0   0   0   0   0    59.272     0.000     0.000     0.000     0.000     0.000     0.000   0   0   0   0   0   0   0     0.000    -0.059     0.016     0.000     0.000     0.000     0.000
   7 0 1 1 0 0 0 0  17   0   0   0   0   0   0    59.272     0.000     0.000     0.000     0.000     0.000     0.000   0   0   0   0   0   0   0     0.000    -0.355     0.095     0.000     0.000     0.000     0.000
   7 0 1 1 0 0 0 0  17   0   0   0   0   0   0    59.272     0.000     0.000     0.000     0.000     0.000     0.000   0   0   0   0   0   0   0     0.000     0.337    -0.087     0.000     0.000     0.000     0.000
   7 0 1 1 0 0 0 0  17   0   0   0   0   0   0    59.272     0.000     0.000     0.000     0.000     0.000     0.000   0   0   0   0   0   0   0     0.000     0.056    -0.015     0.000     0.000     0.000     0.000
   7 0 1 1 0 0 0 0  17   0   0   0   0   0   0    59.272     0.000     0.000     0.000     0.000     0.000     0.000   0   0   0   0   0   0   0     0.000    -0.056     0.015     0.000     0.000     0.000     0.000
   7 0 1 1 0 0 0 0  17   0   0   0   0   0   0    59.272     0.000     0.000     0.000     0.000     0.000     0.000   0   0   0   0   0   0   0     0.000    -0.337     0.087     0.000     0.000     0.000     0.000
   7 0 1 1 0 0 0 0  17   0   0   0   0   0   0    59.272     0.000     0.000     0.000     0.000     0.000     0.000   0   0   0   0   0   0   0     0.000     0.320    -0.080     0.000     0.000     0.000     0.000
   7 0 1 1 0 0 0 0  17   0   0   0   0   0   0    59.272     0.000     0.000     0.000     0.000     0.000     0.000   0   0   0   0   0   0   0     0.000     0.053    -0.013     0.000     0.000     0.000     0.000
   7 0 1 1 0 0 0 0  17   0   0   0   0   0   0    59.272     0.000     0.000     0.000     0.000     0.000     0.000   0   0   0   0   0   0   0     0.000    -0.053     0.013     0.000     0.000     0.000     0.000
   7 0 1 1 0 0 0 0  17   0   0   0   0   0   0    59.272     0.000     0.000     0.000     0.000     0.000     0.000   0   0   0   0   0   0   0     0.000    -0.320     0.080     0.000     0.000     0.000     0.000
   7 0 1 1 0 0 0 0  17   0   0   0   0   0   0    59.272     0.000     0.000     0.000     0.000     0.000     0.000   0   0   0   0   0   0   0     0.000     0.304    -0.073     0.000     0.000     0.000     0.000
   7 0 1 1 0 0 0 0  17   0   0   0   0   0   0    59.272     0.000     0.000     0.000     0.000     0.000     0.000   0   0   0   0   0   0   0     0.000     0.051    -0.012     0.000     0.000     0.000     0.000
   7 0 1 1 0 0 0 0  17   0   0   0   0   0   0    59.272     0.000     0.000     0.000     0.000     0.000     0.000   0   0   0   0   0   0   0     0.000    -0.051     0.012     0.000     0.000     0.000     0.000
   7 0 1 1 0 0 0 0  17   0   0   0   0   0   0    59.272     0.000     0.000     0.000     0.000     0.000     0.000   0   0   0   0   0   0   0     0.000    -0.304     0.073     0.000     0.000     0.000     0.000
   7 0 1 1 0 0 0 0  17   0   0   0   0   0   0    59.272     0.000     0.000     0.000     0.000     0.000     0.000   0   0   0   0   0   0   0     0.000     0.289    -0.067     0.000     0.000     0.000     0.000
   7 0 1 1 0 0 0 0  17   0   0   0   0   0   0    59.272     0.000     0.000     0.000     0.000     0.000     0.000   0   0   0   0   0   0   0     0.000     0.048    -0.011     0.000     0.000     0.000     0.000
   7 0 1 1 0 0 0 0  17   0   0   0   0   0   0    59.272     0.000     0.000     0.000     0.000     0.000     0.000   0   0   0   0   0   0   0     0.000    -0.048     0.011     0.000     0.000     0.000     0.000
   7 0 1 1 0 0 0 0  17   0   0   0   0   0   0    59.272     0.000     0.000     0.000     0.000     0.000     0.000   0   0   0   0   0   0   0     0.000    -0.289     0.067     0.000     0.000     0.000     0.000
   7 0 1 1 0 0 0 0  17   0   0   0   0   0   0    59.272     0.000     0.000     0.000     0.000     0.000     0.000   0   0   0   0   0   0   0     0.000     0.274    -0.062     0.000     0.000     0.000     0.000
   7 0 1 1 0 0 0 0  17   0   0   0   0   0   0    59.272     0.000     0.000     0.000     0.000     0.000     0.000   0   0   0   0   0   0   0     0.000     0.046    -0.010     0.000     0.000     0.000     0.000
   7 0 1 1 0 0 0 0  17   0   0   0   0   0   0    59.272     0.000     0.000     0.000     0.000     0.000     0.000   0   0   0   0   0   0   0     0.000    -0.046     0.010     0.000     0.000     0.000     0.000
   7 0 1 1 0 0 0 0  17   0   0   0   0   0   0    59.272     0.000     0.000     0.000     0.000     0.000     0.000   0   0   0   0   0   0   0     0.000    -0.274     0.062     0.000     0.000     0.000     0.000
   7 0 1 1 0 0 0 0  17   0   0   0   0   0   0    59.272     0.000     0.000     0.000     0.000     0.000     0.000   0   0   0   0   0   0   0     0.000     0.261    -0.057     0.000     0.000     0.000     0.000
   7 0 1 1 0 0 0 0  17   0   0   0   0   0   0    59.272     0.000     0.000     0.000     0.000     0.000     0.000   0   0   0   0   0   0   0     0.000     0.043    -0.009     0.000     0.000     0.000     0.000
   7 0 1 1 0 0 0 0  17   0   0   0   0   0   0    59.272     0.000     0.000     0.000     0.000     0.000     0.000   0   0   0   0   0   0   0     0.000    -0.044     0.009     0.000     0.000     0.000     0.000
   7 0 1 1 0 0 0 0  17   0   0   0   0   0   0    59.272     0.000     0.000     0.000     0.000     0.000     0.000   0   0   0   0   0   0   0     0.000    -0.261     0.057     0.000     0.000     0.000     0.000
   7 0 1 1 0 0 0 0  17   0   0   0   0   0   0    59.272     0.000     0.000     0.000     0.000     0.000     0.000   0   0   0   0   0   0   0     0.000     0.248    -0.052     0.000     0.000     0.000     0.000
   7 0 1 1 0 0 0 0  17   0   0   0   0   0   0    59.272     0.000     0.000     0.000     0.000     0.000     0.000   0   0   0   0   0   0   0     0.000     0.041    -0.009     0.000     0.000     0.000     0.000
   7 0 1 1 0 0 0 0  17   0   0   0   0   0   0    59.272     0.000     0.000     0.000     0.000     0.000     0.000   0   0   0   0   0   0   0     0.000    -0.041     0.009     0.000     0.000     0.000     0.000
   7 0 1 1 0 0 0 0  17   0   0   0   0   0   0    59.272     0.000     0.000     0.000     0.000     0.000     0.000   0   0   0   0   0   0   0     0.000    -0.248     0.052     0.000     0.000     0.000     0.000
   7 0 1 1 0 0 0 0  17   0   0   0   0   0   0    59.272     0.000     0.000     0.000     0.000     0.000     0.000   0   0   0   0   0   0   0     0.000     0.235    -0.048     0.000     0.000     0.000     0.000
   7 0 1 1 0 0 0 0  17   0   0   0   0   0   0    59.272     0.000     0.000     0.000     0.000     0.000     0.000   0   0   0   0   0   0   0     0.000     0.039    -0.008     0.000     0.000     0.000     0.000
   7 0 1 1 0 0 0 0  17   0   0   0   0   0   0    59.272     0.000     0.000     0.000     0.000     0.000     0.000   0   0   0   0   0   0   0     0.000    -0.039     0.008     0.000     0.000     0.000     0.000
   7 0 1 1 0 0 0 0  17   0   0   0   0   0   0    59.272     0.000     0.000     0.000     0.000     0.000     0.000   0   0   0   0   0   0   0     0.000    -0.235     0.048     0.000     0.000     0.000     0.000
   7 0 1 1 0 0 0 0  17   0   0   0   0   0   0    59.272     0.000     0.000     0.000     0.000     0.000     0.000   0   0   0   0   0   0   0     0.000     0.224    -0.044     0.000     0.000     0.000     0.000
   7 0 1 1 0 0 0 0  17   0   0   0   0   0   0    59.272     0.000     0.000     0.000     0.000     0.000     0.000   0   0   0   0   0   0   0     0.000     0.037    -0.007     0.000     0.000     0.000     0.000
   7 0 1 1 0 0 0 0  17   0   0   0   0   0   0    59.272     0.000     0.000     0.000     0.000     0.000     0.000   0   0   0   0   0   0   0     0.000    -0.037     0.007     0.000     0.000     0.000     0.000
   7 0 1 1 0 0 0 0  17   0   0   0   0   0   0    59.272     0.000     0.000     0.000     0.000     0.000     0.000   0   0   0   0   0   0   0     0.000    -0.224     0.044     0.000     0.000     0.000     0.000
   7 0 1 1 0 0 0 0  17   0   0   0   0   0   0    59.272     0.000     0.000     0.000     0.000     0.000     0.000   0   0   0   0   0   0   0     0.000     0.212    -0.040     0.000     0.000     0.000     0.000
   7 0 1 1 0 0 0 0  17   0   0   0   0   0   0    59.272     0.000     0.000     0.000     0.000     0.000     0.000   0   0   0   0   0   0   0     0.000     0.035    -0.007     0.000     0.000     0.000     0.000
   7 0 1 1 0 0 0 0  17   0   0   0   0   0   0    59.272     0.000     0.000     0.000     0.000     0.000     0.000   0   0   0   0   0   0   0     0.000    -0.035     0.007     0.000     0.000     0.000     0.000
   7 0 1 1 0 0 0 0  17   0   0   0   0   0   0    59.272     0.000     0.000     0.000     0.000     0.000     0.000   0   0   0   0   0   0   0     0.000    -0.212     0.040     0.000     0.000     0.000     0.000
   7 0 1 1 0 0 0 0  17   0   0   0   0   0   0    59.272     0.000     0.000     0.000     0.000     0.000     0.000   0   0   0   0   0   0   0     0.000     0.202    -0.037     0.000     0.000     0.000     0.000
   7 0 1 1 0 0 0 0  17   0   0   0   0   0   0    59.272     0.000     0.000     0.000     0.000     0.000     0.000   0   0   0   0   0   0   0     0.000     0.034    -0.006     0.000     0.000     0.000     0.000
   7 0 1 1 0 0 0 0  17   0   0   0   0   0   0    59.272     0.000     0.000     0.000     0.000     0.000     0.000   0   0   0   0   0   0   0     0.000    -0.034     0.006     0.000     0.000     0.000     0.000
   7 0 1 1 0 0 0 0  17   0   0   0   0   0   0    59.272     0.000     0.000     0.000     0.000     0.000     0.000   0   0   0   0   0   0   0     0.000    -0.202     0.037     0.000     0.000     0.000     0.000
   7 0 1 1 0 0 0 0  17   0   0   0   0   0   0    59.272     0.000     0.000     0.000     0.000     0.000     0.000   0   0   0   0   0   0   0     0.000     0.192    -0.034     0.000     0.000     0.000     0.000
   7 0 1 1 0 0 0 0  17   0   0   0   0   0   0    59.272     0.000     0.000     0.000     0.000     0.000     0.000   0   0   0   0   0   0   0     0.000     0.032    -0.006     0.000     0.000     0.000     0.000
   7 0 1 1 0 0 0 0  17   0   0   0   0   0   0    59.272     0.000     0.000     0.000     0.000     0.000     0.000   0   0   0   0   0   0   0     0.000    -0.032     0.006     0.000     0.000     0.000     0.000
   7 0 1 1 0 0 0 0  17   0   0   0   0   0   0    59.272     0.000     0.000     0.000     0.000     0.000     0.000   0   0   0   0   0   0   0     0.000    -0.192     0.034     0.000     0.000     0.000     0.000
   7 0 1 1 0 0 0 0  17   0   0   0   0   0   0    59.272     0.000     0.000     0.000     0.000     0.000     0.000   0   0   0   0   0   0   0     0.000     0.182    -0.031     0.000     0.000     0.000     0.000
   7 0 1 1 0 0 0 0  17   0   0   0   0   0   0    59.272     0.000     0.000     0.000     0.000     0.000     0.000   0   0   0   0   0   0   0     0.000     0.030    -0.005     0.000     0.000     0.000     0.000
   7 0 1 1 0 0 0 0  17   0   0   0   0   0   0    59.272     0.000     0.000     0.000     0.000     0.000     0.000   0   0   0   0   0   0   0     0.000    -0.030     0.005     0.000     0.000     0.000     0.000
   7 0 1 1 0 0 0 0  17   0   0   0   0   0   0    59.272     0.000     0.000     0.000     0.000     0.000     0.000   0   0   0   0   0   0   0     0.000    -0.182     0.031     0.000     0.000     0.000     0.000
   7 0 1 1 0 0 0 0  17   0   0   0   0   0   0    59.272     0.000     0.000     0.000     0.000     0.000     0.000   0   0   0   0   0   0   0     0.000     0.173    -0.028     0.000     0.000     0.000     0.000
   7 0 1 1 0 0 0 0  17   0   0   0   0   0   0    59.272     0.000     0.000     0.000     0.000     0.000     0.000   0   0   0   0   0   0   0     0.000     0.029    -0.005     0.000     0.000     0.000     0.000
   7 0 1 1 0 0 0 0  17   0   0   0   0   0   0    59.272     0.000     0.000     0.000     0.000     0.000     0.000   0   0   0   0   0   0   0     0.000    -0.029     0.005     0.000     0.000     0.000     0.000
   7 0 1 1 0 0 0 0  17   0   0   0   0   0   0    59.272     0.000     0.000     0.000     0.000     0.000     0.000   0   0   0   0   0   0   0     0.000    -0.173     0.028     0.000     0.000     0.000     0.000
   7 0 1 1 0 0 0 0  17   0   0   0   0   0   0    59.272     0.000     0.000     0.000     0.000     0.000     0.000   0   0   0   0   0   0   0     0.000     0.164    -0.026     0.000     0.000     0.000     0.000
   7 0 1 1 0 0 0 0  17   0   0   0   0   0   0    59.272     0.000     0.000     0.000     0.000     0.000     0.000   0   0   0   0   0   0   0     0.000     0.027    -0.004     0.000     0.000     0.000     0.000
   7 0 1 1 0 0 0 0  17   0   0   0   0   0   0    59.272     0.000     0.000     0.000     0.000     0.000     0.000   0   0   0   0   0   0   0     0.000    -0.027     0.004     0.000     0.000     0.000     0.000
   7 0 1 1 0 0 0 0  17   0   0   0   0   0   0    59.272     0.000     0.000     0.000     0.000     0.000     0.000   0   0   0   0   0   0   0     0.000    -0.164     0.026     0.000     0.000     0.000     0.000
   7 0 1 1 0 0 0 0  17   0   0   0   0   0   0    59.272     0.000     0.000     0.000     0.000     0.000     0.000   0   0   0   0   0   0   0     0.000     0.156    -0.024     0.000     0.000     0.000     0.000
   7 0 1 1 0 0 0 0  17   0   0   0   0   0   0    59.272     0.000     0.000     0.000     0.000     0.000     0.000   0   0   0   0   0   0   0     0.000     0.026    -0.004     0.000     0.000     0.000     0.000
   7 0 1 1 0 0 0 0  17   0   0   0   0   0   0    59.272     0.000     0.000     0.000     0.000     0.000     0.000   0   0   0   0   0   0   0     0.000    -0.026     0.004     0.000     0.000     0.000     0.000
   7 0 1 1 0 0 0 0  17   0   0   0   0   0   0    59.272     0.000     0.000     0.000     0.000     0.000     0.000   0   0   0   0   0   0   0     0.000    -0.156     0.024     0.000     0.000     0.000     0.000
   7 0 1 1 0 0 0 0  17   0   0   0   0   0   0    59.272     0.000     0.000     0.000     0.000     0.000     0.000   0   0   0   0   0   0   0     0.000     0.148    -0.022     0.000     0.000     0.000     0.000
   7 0 1 1 0 0 0 0  17   0   0   0   0   0   0    59.272     0.000     0.000     0.000     0.000     0.000     0.000   0   0   0   0   0   0   0     0.000     0.025    -0.004     0.000     0.000     0.000     0.000
   7 0 1 1 0 0 0 0  17   0   0   0   0   0   0    59.272     0.000     0.000     0.000     0.000     0.000     0.000   0   0   0   0   0   0   0     0.000    -0.025     0.004     0.000     0.000     0.000     0.000
   7 0 1 1 0 0 0 0  17   0   0   0   0   0   0    59.272     0.000     0.000     0.000     0.000     0.000     0.000   0   0   0   0   0   0   0     0.000    -0.148     0.022     0.000     0.000     0.000     0.000
   7 0 1 1 0 0 0 0  17   0   0   0   0   0   0    59.272     0.000     0.000     0.000     0.000     0.000     0.000   0   0   0   0   0   0   0     0.000     0.141    -0.020     0.000     0.000     0.000     0.000
   7 0 1 1 0 0 0 0  17   0   0   0   0   0   0    59.272     0.000     0.000     0.000     0.000     0.000     0.000   0   0   0   0   0   0   0     0.000     0.023    -0.003     0.000     0.000     0.000     0.000
   7 0 1 1 0 0 0 0  17   0   0   0   0   0   0    59.272     0.000     0.000     0.000     0.000     0.000     0.000   0   0   0   0   0   0   0     0.000    -0.024     0.003     0.000     0.000     0.000     0.000
   7 0 1 1 0 0 0 0  17   0   0   0   0   0   0    59.272     0.000     0.000     0.000     0.000     0.000     0.000   0   0   0   0   0   0   0     0.000    -0.141     0.020     0.000     0.000     0.000     0.000
   7 0 1 1 0 0 0 0  17   0   0   0   0   0   0    59.272     0.000     0.000     0.000     0.000     0.000     0.000   0   0   0   0   0   0   0     0.000     0.134    -0.018     0.000     0.000     0.000     0.000
   7 0 1 1 0 0 0 0  17   0   0   0   0   0   0    59.272     0.000     0.000     0.000     0.000     0.000     0.000   0   0   0   0   0   0   0     0.000     0.022    -0.003     0.000     0.000     0.000     0.000
   7 0 1 1 0 0 0 0  17   0   0   0   0   0   0    59.272     0.000     0.000     0.000     0.000     0.000     0.000   0   0   0   0   0   0   0     0.000    -0.022     0.003     0.000     0.000     0.000     0.000
   7 0 1 1 0 0 0 0  17   0   0   0   0   0   0    59.272     0.000     0.000     0.000     0.000     0.000     0.000   0   0   0   0   0   0   0     0.000    -0.134     0.018     0.000     0.000     0.000     0.000
   7 0 1 1 0 0 0 0  17   0   0   0   0   0   0    59.272     0.000     0.000     0.000     0.000     0.000     0.000   0   0   0   0   0   0   0     0.000     0.127    -0.017     0.000     0.000     0.000     0.000
   7 0 1 1 0 0 0 0  17   0   0   0   0   0   0    59.272     0.000     0.000     0.000     0.000     0.000     0.000   0   0   0   0   0   0   0     0.000     0.021    -0.003     0.000     0.000     0.000     0.000
   7 0 1 1 0 0 0 0  17   0   0   0   0   0   0    59.272     0.000     0.000     0.000     0.000     0.000     0.000   0   0   0   0   0   0   0     0.000    -0.021     0.003     0.000     0.000     0.000     0.000
   7 0 1 1 0 0 0 0  17   0   0   0   0   0   0    59.272     0.000     0.000     0.000     0.000     0.000     0.000   0   0   0   0   0   0   0     0.000    -0.127     0.017     0.000     0.000     0.000     0.000
   7 0 1 1 0 0 0 0  17   0   0   0   0   0   0    59.272     0.000     0.000     0.000     0.000     0.000     0.000   0   0   0   0   0   0   0     0.000     0.121    -0.015     0.000     0.000     0.000     0.000
   7 0 1 1 0 0 0 0  17   0   0   0   0   0   0    59.272     0.000     0.000     0.000     0.000     0.000     0.000   0   0   0   0   0   0   0     0.000     0.020    -0.003     0.000     0.000     0.000     0.000
   7 0 1 1 0 0 0 0  17   0   0   0   0   0   0    59.272     0.000     0.000     0.000     0.000     0.000     0.000   0   0   0   0   0   0   0     0.000    -0.020     0.003     0.000     0.000     0.000     0.000
   7 0 1 1 0 0 0 0  17   0   0   0   0   0   0    59.272     0.000     0.000     0.000     0.000     0.000     0.000   0   0   0   0   0   0   0     0.000    -0.121     0.015     0.000     0.000     0.000     0.000
   7 0 1 1 0 0 0 0  17   0   0   0   0   0   0    59.272     0.000     0.000     0.000     0.000     0.000     0.000   0   0   0   0   0   0   0     0.000     0.115    -0.014     0.000     0.000     0.000     0.000
   7 0 1 1 0 0 0 0  17   0   0   0   0   0   0    59.272     0.000     0.000     0.000     0.000     0.000     0.000   0   0   0   0   0   0   0     0.000     0.019    -0.002     0.000     0.000     0.000     0.000
   7 0 1 1 0 0 0 0  17   0   0   0   0   0   0    59.272     0.000     0.000     0.000     0.000     0.000     0.000   0   0   0   0   0   0   0     0.000    -0.019     0.002     0.000     0.000     0.000     0.000
   7 0 1 1 0 0 0 0  17   0   0   0   0   0   0    59.272     0.000     0.000     0.000     0.000     0.000     0.000   0   0   0   0   0   0   0     0.000    -0.115     0.014     0.000     0.000     0.000     0.000
   7 0 1 1 0 0 0 0  17   0   0   0   0   0   0    59.272     0.000     0.000     0.000     0.000     0.000     0.000   0   0   0   0   0   0   0     0.000     0.109    -0.013     0.000     0.000     0.000     0.000
   7 0 1 1 0 0 0 0  17   0   0   0   0   0   0    59.272     0.000     0.000     0.000     0.000     0.000     0.000   0   0   0   0   0   0   0     0.000     0.018    -0.002     0.000     0.000     0.000     0.000
   7 0 1 1 0 0 0 0  17   0   0   0   0   0   0    59.272     0.000     0.000     0.000     0.000     0.000     0.000   0   0   0   0   0   0   0     0.000    -0.018     0.002     0.000     0.000     0.000     0.000
   7 0 1 1 0 0 0 0  17   0   0   0   0   0   0    59.272     0.000     0.000     0.000     0.000     0.000     0.000   0   0   0   0   0   0   0     0.000    -0.109     0.013     0.000     0.000     0.000     0.000
   7 0 1 1 0 0 0 0  17   0   0   0   0   0   0    59.272     0.000     0.000     0.000     0.000     0.000     0.000   0   0   0   0   0   0   0     0.000     0.104    -0.012     0.000     0.000     0.000     0.000
   7 0 1 1 0 0 0 0  17   0   0   0   0   0   0    59.272     0.000     0.000     0.000     0.000     0.000     0.000   0   0   0   0   0   0   0     0.000     0.017    -0.002     0.000     0.000     0.000     0.000
   7 0 1 1 0 0 0 0  17   0   0   0   0   0   0    59.272     0.000     0.000     0.000     0.000     0.000     0.000   0   0   0   0   0   0   0     0.000    -0.017     0.002     0.000     0.000     0.000     0.000
   7 0 1 1 0 0 0 0  17   0   0   0   0   0   0    59.272     0.000     0.000     0.000     0.000     0.000     0.000   0   0   0   0   0   0   0     0.000    -0.104     0.012     0.000     0.000     0.000     0.000
   7 0 1 1 0 0 0 0  17   0   0   0   0   0   0    59.272     0.000     0.000     0.000     0.000     0.000     0.000   0   0   0   0   0   0   0     0.000     0.098    -0.011     0.000     0.000     0.000     0.000
   7 0 1 1 0 0 0 0  17   0   0   0   0   0   0    59.272     0.000     0.000     0.000     0.000     0.000     0.000   0   0   0   0   0   0   0     0.000     0.016    -0.002     0.000     0.000     0.000     0.000
   7 0 1 1 0 0 0 0  17   0   0   0   0   0   0    59.272     0.000     0.000     0.000     0.000     0.000     0.000   0   0   0   0   0   0   0     0.000    -0.016     0.002     0.000     0.000     0.000     0.000
   7 0 1 1 0 0 0 0  17   0   0   0   0   0   0    59.272     0.000     0.000     0.000     0.000     0.000     0.000   0   0   0   0   0   0   0     0.000    -0.098     0.011     0.000     0.000     0.000     0.000
   7 0 1 1 0 0 0 0  17   0   0   0   0   0   0    59.272     0.000     0.000     0.000     0.000     0.000     0.000   0   0   0   0   0   0   0     0.000     0.093    -0.010     0.000     0.000     0.000     0.000
   7 0 1 1 0 0 0 0  17   0   0   0   0   0   0    59.272     0.000     0.000     0.000     0.000     0.000     0.000   0   0   0   0   0   0   0     0.000     0.016    -0.002     0.000     0.000     0.000     0.000
   7 0 1 1 0 0 0 0  17   0   0   0   0   0   0    59.272     0.000     0.000     0.000     0.000     0.000     0.000   0   0   0   0   0   0   0     0.000    -0.016     0.002     0.000     0.000     0.000     0.000
   7 0 1 1 0 0 0 0  17   0   0   0   0   0   0    59.272     0.000     0.000     0.000     0.000     0.000     0.000   0   0   0   0   0   0   0     0.000    -0.093     0.010     0.000     0.000     0.000     0.000
   7 0 1 1 0 0 0 0  17   0   0   0   0   0   0    59.272     0.000     0.000     0.000     0.000     0.000     0.000   0   0   0   0   0   0   0     0.000     0.089    -0.009     0.000     0.000     0.000     0.000
   7 0 1 1 0 0 0 0  17   0   0   0   0   0   0    59.272     0.000     0.000     0.000     0.000     0.000     0.000   0   0   0   0   0   0   0     0.000     0.015    -0.002     0.000     0.000     0.000     0.000
   7 0 1 1 0 0 0 0  17   0   0   0   0   0   0    59.272     0.000     0.000     0.000     0.000     0.000     0.000   0   0   0   0   0   0   0     0.000    -0.015     0.002     0.000     0.000     0.000     0.000
   7 0 1 1 0 0 0 0  17   0   0   0   0   0   0    59.272     0.000     0.000     0.000     0.000     0.000     0.000   0   0   0   0   0   0   0     0.000    -0.089     0.009     0.000     0.000     0.000     0.000
   7 0 1 1 0 0 0 0  17   0   0   0   0   0   0    59.272     0.000     0.000     0.000     0.000     0.000     0.000   0   0   0   0   0   0   0     0.000     0.084    -0.008     0.000     0.000     0.000     0.000
   7 0 1 1 0 0 0 0  17   0   0   0   0   0   0    59.272     0.000     0.000     0.000     0.000     0.000     0.000   0   0   0   0   0   0   0     0.000     0.014    -0.001     0.000     0.000     0.000     0.000
   7 0 1 1 0 0 0 0  17   0   0   0   0   0   0    59.272     0.000     0.000     0.000     0.000     0.000     0.000   0   0   0   0   0   0   0     0.000    -0.014     0.001     0.000     0.000     0.000     0.000
   7 0 1 1 0 0 0 0  17   0   0   0   0   0   0    59.272     0.000     0.000     0.000     0.000     0.000     0.000   0   0   0   0   0   0   0     0.000    -0.084     0.008     0.000     0.000     0.000     0.000
   7 0 1 1 0 0 0 0  17   0   0   0   0   0   0    59.272     0.000     0.000     0.000     0.000     0.000     0.000   0   0   0   0   0   0   0     0.000     0.080    -0.008     0.000     0.000     0.000     0.000
   7 0 1 1 0 0 0 0  17   0   0   0   0   0   0    59.272     0.000     0.000     0.000     0.000     0.000     0.000   0   0   0   0   0   0   0     0.000     0.013    -0.001     0.000     0.000     0.000     0.000
   7 0 1 1 0 0 0 0  17   0   0   0   0   0   0    59.272     0.000     0.000     0.000     0.000     0.000     0.000   0   0   0   0   0   0   0     0.000    -0.013     0.001     0.000     0.000     0.000     0.000
   7 0 1 1 0 0 0 0  17   0   0   0   0   0   0    59.272     0.000     0.000     0.000     0.000     0.000     0.000   0   0   0   0   0   0   0     0.000    -0.080     0.008     0.000     0.000     0.000     0.000
   7 0 1 1 0 0 0 0  17   0   0   0   0   0   0    59.272     0.000     0.000     0.000     0.000     0.000     0.000   0   0   0   0   0   0   0     0.000     0.076    -0.007     0.000     0.000     0.000     0.000
   7 0 1 1 0 0 0 0  17   0   0   0   0   0   0    59.272     0.000     0.000     0.000     0.000     0.000     0.000   0   0   0   0   0   0   0     0.000     0.013    -0.001     0.000     0.000     0.000     0.000
   7 0 1 1 0 0 0 0  17   0   0   0   0   0   0    59.272     0.000     0.000     0.000     0.000     0.000     0.000   0   0   0   0   0   0   0     0.000    -0.013     0.001     0.000     0.000     0.000     0.000
   7 0 1 1 0 0 0 0  17   0   0   0   0   0   0    59.272     0.000     0.000     0.000     0.000     0.000     0.000   0   0   0   0   0   0   0     0.000    -0.076     0.007     0.000     0.000     0.000     0.000
   7 0 1 1 0 0 0 0  17   0   0   0   0   0   0    59.272     0.000     0.000     0.000     0.000     0.000     0.000   0   0   0   0   0   0   0     0.000     0.072    -0.006     0.000     0.000     0.000     0.000
   7 0 1 1 0 0 0 0  17   0   0   0   0   0   0    59.272     0.000     0.000     0.000     0.000     0.000     0.000   0   0   0   0   0   0   0     0.000     0.012    -0.001     0.000     0.000     0.000     0.000
   7 0 1 1 0 0 0 0  17   0   0   0   0   0   0    59.272     0.000     0.000     0.000     0.000     0.000     0.000   0   0   0   0   0   0   0     0.000    -0.012     0.001     0.000     0.000     0.000     0.000
   7 0 1 1 0 0 0 0  17   0   0   0   0   0   0    59.272     0.000     0.000     0.000     0.000     0.000     0.000   0   0   0   0   0   0   0     0.000    -0.072     0.006     0.000     0.000     0.000     0.000
   7 0 1 1 0 0 0 0  17   0   0   0   0   0   0    59.272     0.000     0.000     0.000     0.000     0.000     0.000   0   0   0   0   0   0   0     0.000     0.069    -0.006     0.000     0.000     0.000     0.000
   7 0 1 1 0 0 0 0  17   0   0   0   0   0   0    59.272     0.000     0.000     0.000     0.000     0.000     0.000   0   0   0   0   0   0   0     0.000     0.011    -0.001     0.000     0.000     0.000     0.000
   7 0 1 1 0 0 0 0  17   0   0   0   0   0   0    59.272     0.000     0.000     0.000     0.000     0.000     0.000   0   0   0   0   0   0   0     0.000    -0.011     0.001     0.000     0.000     0.000     0.000
   7 0 1 1 0 0 0 0  17   0   0   0   0   0   0    59.272     0.000     0.000     0.000     0.000     0.000     0.000   0   0   0   0   0   0   0     0.000    -0.069     0.006     0.000     0.000     0.000     0.000
   7 0 1 1 0 0 0 0  17   0   0   0   0   0   0    59.272     0.000     0.000     0.000     0.000     0.000     0.000   0   0   0   0   0   0   0     0.000     0.065    -0.005     0.000     0.000     0.000     0.000
   7 0 1 1 0 0 0 0  17   0   0   0   0   0   0    59.272     0.000     0.000     0.000     0.000     0.000     0.000   0   0   0   0   0   0   0     0.000     0.011    -0.001     0.000     0.000     0.000     0.000
   7 0 1 1 0 0 0 0  17   0   0   0   0   0   0    59.272     0.000     0.000     0.000     0.000     0.000     0.000   0   0   0   0   0   0   0     0.000    -0.011     0.001     0.000     0.000     0.000     0.000
   7 0 1 1 0 0 0 0  17   0   0   0   0   0   0    59.272     0.000     0.000     0.000     0.000     0.000     0.000   0   0   0   0   0   0   0     0.000    -0.065     0.005     0.000     0.000     0.000     0.000
   7 0 1 1 0 0 0 0  17   0   0   0   0   0   0    59.272     0.000     0.000     0.000     0.000     0.000     0.000   0   0   0   0   0   0   0     0.000     0.062    -0.005     0.000     0.000     0.000     0.000
   7 0 1 1 0 0 0 0  17   0   0   0   0   0   0    59.272     0.000     0.000     0.000     0.000     0.000     0.000   0   0   0   0   0   0   0     0.000     0.010    -0.001     0.000     0.000     0.000     0.000
   7 0 1 0 0 0 1 1  17   0  11   0   0   0   0    59.272     0.000    48.162     0.000     0.000     0.000     0.000   0   0   0   0   0   0   0     0.000    -0.010    -0.001     0.000     0.000     0.001     0.000
   7 0 1 1 0 0 1 1  17   0  11   0   0   0   0    59.272     0.000    48.162     0.000     0.000     0.000     0.000   0   0   0   0   0   0   0     0.000    -0.062     0.005     0.000     0.000     0.001     0.000
   7 0 1 1 0 0 1 1  17   0  11   0   0   0   0    59.272     0.000    48.162     0.000     0.000     0.000     0.000   0   0   0   0   0   0   0     0.000     0.059    -0.005     0.000     0.000     0.001     0.000
   7 0 1 1 0 0 1 1  17   0  11   0   0   0   0    59.272     0.000    48.162     0.000     0.000     0.000     0.000   0   0   0   0   0   0   0     0.000     0.010    -0.001     0.000     0.000     0.001     0.000
   7 0 1 0 0 0 1 1  17   0   0   0   0   0   0    59.272     0.000    21.822     0.000     0.000     0.000     0.000   0   0   0   0   0   0   0     0.000    -0.010    -0.001     0.000     0.000     0.000     0.001
   7 0 1 1 0 0 1 1  17   0   0   0   0   0   0    59.272     0.000    21.822     0.000     0.000     0.000     0.000   0   0   0   0   0   0   0     0.000    -0.059     0.005     0.000     0.000     0.000     0.001
   7 0 1 1 0 0 1 1  17   0   0   0   0   0   0    59.272     0.000    21.822     0.000     0.000     0.000     0.000   0   0   0   0   0   0   0     0.000     0.056    -0.004     0.000     0.000     0.000     0.001
   7 0 1 1 0 0 1 1  17   0   0   0   0   0   0    59.272     0.000    21.822     0.000     0.000     0.000     0.000   0   0   0   0   0   0   0     0.000     0.009    -0.001     0.000     0.000     0.000     0.001
   7 0 1 0 0 0 1 1  17   0   0   0   0   0   0    59.272     0.000    21.822     0.000     0.000     0.000     0.000   0   0   0   0   0   0   0     0.000    -0.009    -0.001     0.000     0.000     0.000     0.001
   7 0 1 1 0 0 1 1  17   0   0   0   0   0   0    59.272     0.000    21.822     0.000     0.000     0.000     0.000   0   0   0   0   0   0   0     0.000    -0.056     0.004     0.000     0.000     0.000     0.001
   7 0 1 1 0 0 1 1  17   0   0   0   0   0   0    59.272     0.000    21.822     0.000     0.000     0.000     0.000   0   0   0   0   0   0   0     0.000     0.053    -0.004     0.000     0.000     0.000     0.001
   7 0 1 1 0 0 1 1  17   0   0   0   0   0   0    59.272     0.000    21.822     0.000     0.000     0.000     0.000   0   0   0   0   0   0   0     0.000     0.009    -0.001     0.000     0.000     0.000     0.001
   7 0 1 0 0 0 1 1  17   0  11   0   0   0   0    59.272     0.000    48.162     0.000     0.000     0.000     0.000   0   0   0   0   0   0   0     0.000    -0.009    -0.001     0.000     0.000     0.001     0.000
   7 0 1 1 0 0 1 1  17   0  11   0   0   0   0    59.272     0.000    48.162     0.000     0.000     0.000     0.000   0   0   0   0   0   0   0     0.000    -0.053     0.004     0.000     0.000     0.001     0.000
   7 0 1 1 0 0 1 1  17   0  11   0   0   0   0    59.272     0.000    48.162     0.000     0.000     0.000     0.000   0   0   0   0   0   0   0     0.000     0.051    -0.003     0.000     0.000     0.001     0.000
   7 0 1 1 0 0 1 1  17   0  11   0   0   0   0    59.272     0.000    48.162     0.000     0.000     0.000     0.000   0   0   0   0   0   0   0     0.000     0.008    -0.001     0.000     0.000     0.001     0.000
   7 0 1 0 0 0 1 1  17   0   0   0   0   0   0    59.272     0.000    21.822     0.000     0.000     0.000     0.000   0   0   0   0   0   0   0     0.000    -0.008    -0.001     0.000     0.000     0.000     0.001
   7 0 1 1 0 0 1 1  17   0   0   0   0   0   0    59.272     0.000    21.822     0.000     0.000     0.000     0.000   0   0   0   0   0   0   0     0.000    -0.051     0.003     0.000     0.000     0.000     0.001
   7 0 1 1 0 0 1 1  17   0   0   0   0   0   0    59.272     0.000    21.822     0.000     0.000     0.000     0.000   0   0   0   0   0   0   0     0.000     0.048    -0.003     0.000     0.000     0.000     0.001
   7 0 1 1 0 0 1 1  17   0   0   0   0   0   0    59.272     0.000    21.822     0.000     0.000     0.000     0.000   0   0   0   0   0   0   0     0.000     0.008    -0.001     0.000     0.000     0.000     0.001
   7 0 1 0 0 0 1 1  17   0  11   0   0   0   0    59.272     0.000    48.162     0.000     0.000     0.000     0.000   0   0   0   0   0   0   0     0.000    -0.008    -0.001     0.000     0.000     0.001     0.000
   7 0 1 1 0 0 1 1  17   0  11   0   0   0   0    59.272     0.000    48.162     0.000     0.000     0.000     0.000   0   0   0   0   0   0   0     0.000    -0.048     0.003     0.000     0.000     0.001     0.000
   7 0 1 1 0 0 1 1  17   0  11   0   0   0   0    59.272     0.000    48.162     0.000     0.000     0.000     0.000   0   0   0   0   0   0   0     0.000     0.046    -0.003     0.000     0.000     0.001     0.000
   7 0 1 1 0 0 1 1  17   0  11   0   0   0   0    59.272     0.000    48.162     0.000     0.000     0.000     0.000   0   0   0   0   0   0   0     0.000     0.008    -0.000     0.000     0.000     0.001     0.000
   7 0 1 0 0 0 1 1  17   0   0   0   0   0   0    59.272     0.000    21.822     0.000     0.000     0.000     0.000   0   0   0   0   0   0   0     0.000    -0.008    -0.000     0.000     0.000     0.000     0.001
   7 0 1 1 0 0 1 1  17   0   0   0   0   0   0    59.272     0.000    21.822     0.000     0.000     0.000     0.000   0   0   0   0   0   0   0     0.000    -0.046     0.003     0.000     0.000     0.000     0.001
   7 0 1 1 0 0 1 1  17   0   0   0   0   0   0    59.272     0.000    21.822     0.000     0.000     0.000     0.000   0   0   0   0   0   0   0     0.000     0.043    -0.003     0.000     0.000     0.000     0.001
   7 0 1 1 0 0 1 1  17   0   0   0   0   0   0    59.272     0.000    21.822     0.000     0.000     0.000     0.000   0   0   0   0   0   0   0     0.000     0.007    -0.000     0.000     0.000     0.000     0.001
   7 0 1 0 0 0 1 1  17   0   0   0   0   0   0    59.272     0.000    21.822     0.000     0.000     0.000     0.000   0   0   0   0   0   0   0     0.000    -0.007    -0.000     0.000     0.000     0.000     0.001
   7 0 1 1 0 0 1 1  17   0   0   0   0   0   0    59.272     0.000    21.822     0.000     0.000     0.000     0.000   0   0   0   0   0   0   0     0.000    -0.043     0.003     0.000     0.000     0.000     0.001
   7 0 1 1 0 0 1 1  17   0   0   0   0   0   0    59.272     0.000    21.822     0.000     0.000     0.000     0.000   0   0   0   0   0   0   0     0.000     0.041    -0.002     0.000     0.000     0.000     0.001
   7 0 1 1 0 0 1 1  17   0   0   0   0   0   0    59.272     0.000    21.822     0.000     0.000     0.000     0.000   0   0   0   0   0   0   0     0.000     0.007    -0.000     0.000     0.000     0.000     0.001
   7 0 1 0 0 0 1 1  17   0  11   0   0   0   0    59.272     0.000    48.162     0.000     0.000     0.000     0.000   0   0   0   0   0   0   0     0.000    -0.007    -0.000     0.000     0.000     0.001     0.000
   7 0 1 1 0 0 1 1  17   0  11   0   0   0   0    59.272     0.000    48.162     0.000     0.000     0.000     0.000   0   0   0   0   0   0   0     0.000    -0.041     0.002     0.000     0.000     0.001     0.000
   7 0 1 1 0 0 1 1  17   0  11   0   0   0   0    59.272     0.000    48.162     0.000     0.000     0.000     0.000   0   0   0   0   0   0   0     0.000     0.039    -0.002     0.000     0.000     0.001     0.000
   7 0 1 1 0 0 1 1  17   0  11   0   0   0   0    59.272     0.000    48.162     0.000     0.000     0.000     0.000   0   0   0   0   0   0   0     0.000     0.007    -0.000     0.000     0.000     0.001     0.000
   7 0 1 0 0 0 1 1  17   0   0   0   0   0   0    59.272     0.000    21.822     0.000     0.000     0.000     0.000   0   0   0   0   0   0   0     0.000    -0.007    -0.000     0.000     0.000     0.000     0.001
   7 0 1 1 0 0 1 1  17   0   0   0   0   0   0    59.272     0.000    21.822     0.000     0.000     0.000     0.000   0   0   0   0   0   0   0     0.000    -0.039     0.002     0.000     0.000     0.000     0.001
   7 0 1 1 0 0 1 1  17   0   0   0   0   0   0    59.272     0.000    21.822     0.000     0.000     0.000     0.000   0   0   0   0   0   0   0     0.000     0.037    -0.002     0.000     0.000     0.000     0.001
   7 0 1 1 0 0 1 1  17   0   0   0   0   0   0    59.272     0.000    21.822     0.000     0.000     0.000     0.000   0   0   0   0   0   0   0     0.000     0.006    -0.000     0.000     0.000     0.000     0.001
   7 0 1 0 0 0 1 1  17   0  11   0   0   0   0    59.272     0.000    48.162     0.000     0.000     0.000     0.000   0   0   0   0   0   0   0     0.000    -0.006    -0.000     0.000     0.000     0.001     0.000
   7 0 1 1 0 0 1 1  17   0  11   0   0   0   0    59.272     0.000    48.162     0.000     0.000     0.000     0.000   0   0   0   0   0   0   0     0.000    -0.037     0.002     0.000     0.000     0.001     0.000
   7 0 1 1 0 0 1 1  17   0  11   0   0   0   0    59.272     0.000    48.162     0.000     0.000     0.000     0.000   0   0   0   0   0   0   0     0.000     0.035    -0.002     0.000     0.000     0.001     0.000
   7 0 1 1 0 0 1 1  17   0  11   0   0   0   0    59.272     0.000    48.162     0.000     0.000     0.000     0.000   0   0   0   0   0   0   0     0.000     0.006    -0.000     0.000     0.000     0.001     0.000
   7 0 1 0 0 0 1 1  17   0  11   0   0   0   0    59.272     0.000    48.162     0.000     0.000     0.000     0.000   0   0   0   0   0   0   0     0.000    -0.006    -0.000     0.000     0.000     0.000     0.000
   7 0 1 1 0 0 1 1  17   0  11   0   0   0   0    59.272     0.000    48.162     0.000     0.000     0.000     0.000   0   0   0   0   0   0   0     0.000    -0.035     0.002     0.000     0.000     0.000     0.000
   7 0 1 1 0 0 1 1  17   0  11   0   0   0   0    59.272     0.000    48.162     0.000     0.000     0.000     0.000   0   0   0   0   0   0   0     0.000     0.034    -0.002     0.000     0.000     0.000     0.000
   7 0 1 1 0 0 1 1  17   0  11   0   0   0   0    59.272     0.000    48.162     0.000     0.000     0.000     0.000   0   0   0   0   0   0   0     0.000     0.006    -0.000     0.000     0.000     0.000     0.000
   7 0 1 0 0 0 1 1  17   0   0   0   0   0   0    59.272     0.000    21.822     0.000     0.000     0.000     0.000   0   0   0   0   0   0   0     0.000    -0.006    -0.000     0.000     0.000     0.000     0.000
   7 0 1 1 0 0 1 1  17   0   0   0   0   0   0    59.272     0.000    21.822     0.000     0.000     0.000     0.000   0   0   0   0   0   0   0     0.000    -0.034     0.002     0.000     0.000     0.000     0.000
   7 0 1 1 0 0 1 1  17   0   0   0   0   0   0    59.272     0.000    21.822     0.000     0.000     0.000     0.000   0   0   0   0   0   0   0     0.000     0.032    -0.002     0.000     0.000     0.000     0.000
   7 0 1 1 0 0 1 1  17   0   0   0   0   0   0    59.272     0.000    21.822     0.000     0.000     0.000     0.000   0   0   0   0   0   0   0     0.000     0.005    -0.000     0.000     0.000     0.000     0.000
   7 0 1 0 0 0 1 1  17   0   0   0   0   0   0    59.272     0.000    21.822     0.000     0.000     0.000     0.000   0   0   0   0   0   0   0     0.000    -0.005    -0.000     0.000     0.000     0.000     0.000
   7 0 1 1 0 0 1 1  17   0   0   0   0   0   0    59.272     0.000    21.822     0.000     0.000     0.000     0.000   0   0   0   0   0   0   0     0.000    -0.032     0.002     0.000     0.000     0.000     0.000
   7 0 1 1 0 0 1 1  17   0   0   0   0   0   0    59.272     0.000    21.822     0.000     0.000     0.000     0.000   0   0   0   0   0   0   0     0.000     0.030    -0.001     0.000     0.000     0.000     0.000
   7 0 1 1 0 0 1 1  17   0   0   0   0   0   0    59.272     0.000    21.822     0.000     0.000     0.000     0.000   0   0   0   0   0   0   0     0.000     0.005    -0.000     0.000     0.000     0.000     0.000
   7 0 1 0 0 0 1 1  17   0  11   0   0   0   0    59.272     0.000    48.162     0.000     0.000     0.000     0.000   0   0   0   0   0   0   0     0.000    -0.005    -0.000     0.000     0.000     0.000     0.000
   7 0 1 1 0 0 1 1  17   0  11   0   0   0   0    59.272     0.000    48.162     0.000     0.000     0.000     0.000   0   0   0   0   0   0   0     0.000    -0.030     0.001     0.000     0.000     0.000     0.000
   7 0 1 1 0 0 1 1  17   0  11   0   0   0   0    59.272     0.000    48.162     0.000     0.000     0.000     0.000   0   0   0   0   0   0   0     0.000     0.029    -0.001     0.000     0.000     0.000     0.000
   7 0 1 1 0 0 1 1  17   0  11   0   0   0   0    59.272     0.000    48.162     0.000     0.000     0.000     0.000   0   0   0   0   0   0   0     0.000     0.005    -0.000     0.000     0.000     0.000     0.000
   7 0 1 0 0 0 1 1  17   0   0   0   0   0   0    59.272     0.000    21.822     0.000     0.000     0.000     0.000   0   0   0   0   0   0   0     0.000    -0.005    -0.000     0.000     0.000     0.000     0.000
   7 0 1 1 0 0 1 1  17   0   0   0   0   0   0    59.272     0.000    21.822     0.000     0.000     0.000     0.000   0   0   0   0   0   0   0     0.000    -0.029     0.001     0.000     0.000     0.000     0.000
   7 0 1 1 0 0 1 1  17   0   0   0   0   0   0    59.272     0.000    21.822     0.000     0.000     0.000     0.000   0   0   0   0   0   0   0     0.000     0.027    -0.001     0.000     0.000     0.000     0.000
   7 0 1 1 0 0 1 1  17   0   0   0   0   0   0    59.272     0.000    21.822     0.000     0.000     0.000     0.000   0   0   0   0   0   0   0     0.000     0.005    -0.000     0.000     0.000     0.000     0.000
   7 0 1 0 0 0 1 1  17   0   0   0   0   0   0    59.272     0.000    21.822     0.000     0.000     0.000     0.000   0   0   0   0   0   0   0     0.000    -0.005    -0.000     0.000     0.000     0.000     0.000
   7 0 1 1 0 0 1 1  17   0   0   0   0   0   0    59.272     0.000    21.822     0.000     0.000     0.000     0.000   0   0   0   0   0   0   0     0.000    -0.027     0.001     0.000     0.000     0.000     0.000
   7 0 1 1 0 0 1 1  17   0   0   0   0   0   0    59.272     0.000    21.822     0.000     0.000     0.000     0.000   0   0   0   0   0   0   0     0.000     0.026    -0.001     0.000     0.000     0.000     0.000
   7 0 1 1 0 0 1 1  17   0   0   0   0   0   0    59.272     0.000    21.822     0.000     0.000     0.000     0.000   0   0   0   0   0   0   0     0.000     0.004    -0.000     0.000     0.000     0.000     0.000
   7 0 1 0 0 0 1 1  17   0   0   0   0   0   0    59.272     0.000    21.822     0.000     0.000     0.000     0.000   0   0   0   0   0   0   0     0.000    -0.004    -0.000     0.000     0.000     0.000     0.000
   7 0 1 1 0 0 1 1  17   0   0   0   0   0   0    59.272     0.000    21.822     0.000     0.000     0.000     0.000   0   0   0   0   0   0   0     0.000    -0.026     0.001     0.000     0.000     0.000     0.000
   7 0 1 1 0 0 1 1  17   0   0   0   0   0   0    59.272     0.000    21.822     0.000     0.000     0.000     0.000   0   0   0   0   0   0   0     0.000     0.025    -0.001     0.000     0.000     0.000     0.000
   7 0 1 1 0 0 1 1  17   0   0   0   0   0   0    59.272     0.000    21.822     0.000     0.000     0.000     0.000   0   0   0   0   0   0   0     0.000     0.004    -0.000     0.000     0.000     0.000     0.000
   7 0 1 0 0 0 1 1  17   0   0   0   0   0   0    59.272     0.000    21.822     0.000     0.000     0.000     0.000   0   0   0   0   0   0   0     0.000    -0.004    -0.000     0.000     0.000     0.000     0.000
   7 0 1 1 0 0 1 1  17   0   0   0   0   0   0    59.272     0.000    21.822     0.000     0.000     0.000     0.000   0   0   0   0   0   0   0     0.000    -0.025     0.001     0.000     0.000     0.000     0.000
   7 0 1 1 0 0 1 1  17   0   0   0   0   0   0    59.272     0.000    21.822     0.000     0.000     0.000     0.000   0   0   0   0   0   0   0     0.000     0.023    -0.001     0.000     0.000     0.000     0.000
   7 0 1 1 0 0 1 1  17   0   0   0   0   0   0    59.272     0.000    21.822     0.000     0.000     0.000     0.000   0   0   0   0   0   0   0     0.000     0.004    -0.000     0.000     0.000     0.000     0.000
   7 0 1 0 0 0 1 1  17   0   0   0   0   0   0    59.272     0.000    21.822     0.000     0.000     0.000     0.000   0   0   0   0   0   0   0     0.000    -0.004    -0.000     0.000     0.000     0.000     0.000
   7 0 1 1 0 0 1 1  17   0   0   0   0   0   0    59.272     0.000    21.822     0.000     0.000     0.000     0.000   0   0   0   0   0   0   0     0.000    -0.023     0.001     0.000     0.000     0.000     0.000
   7 0 1 1 0 0 1 1  17   0   0   0   0   0   0    59.272     0.000    21.822     0.000     0.000     0.000     0.000   0   0   0   0   0   0   0     0.000     0.022    -0.001     0.000     0.000     0.000     0.000
   7 0 1 1 0 0 1 1  17   0   0   0   0   0   0    59.272     0.000    21.822     0.000     0.000     0.000     0.000   0   0   0   0   0   0   0     0.000     0.004    -0.000     0.000     0.000     0.000     0.000
   7 0 1 0 0 0 1 1  17   0   0   0   0   0   0    59.272     0.000    21.822     0.000     0.000     0.000     0.000   0   0   0   0   0   0   0     0.000    -0.004    -0.000     0.000     0.000     0.000     0.000
   7 0 1 1 0 0 1 1  17   0   0   0   0   0   0    59.272     0.000    21.822     0.000     0.000     0.000     0.000   0   0   0   0   0   0   0     0.000    -0.022     0.001     0.000     0.000     0.000     0.000
   7 0 1 1 0 0 1 1  17   0   0   0   0   0   0    59.272     0.000    21.822     0.000     0.000     0.000     0.000   0   0   0   0   0   0   0     0.000     0.021    -0.001     0.000     0.000     0.000     0.000
   7 0 1 1 0 0 1 1  17   0   0   0   0   0   0    59.272     0.000    21.822     0.000     0.000     0.000     0.000   0   0   0   0   0   0   0     0.000     0.004    -0.000     0.000     0.000     0.000     0.000
   7 0 1 0 0 0 1 1  17   0   0   0   0   0   0    59.272     0.000    21.822     0.000     0.000     0.000     0.000   0   0   0   0   0   0   0     0.000    -0.004    -0.000     0.000     0.000     0.000     0.000
   7 0 1 1 0 0 1 1  17   0   0   0   0   0   0    59.272     0.000    21.822     0.000     0.000     0.000     0.000   0   0   0   0   0   0   0     0.000    -0.021     0.001     0.000     0.000     0.000     0.000
   7 0 1 1 0 0 1 1  17   0   0   0   0   0   0    59.272     0.000    21.822     0.000     0.000     0.000     0.000   0   0   0   0   0   0   0     0.000     0.020    -0.001     0.000     0.000     0.000     0.000
   7 0 1 1 0 0 1 1  17   0   0   0   0   0   0    59.272     0.000    21.822     0.000     0.000     0.000     0.000   0   0   0   0   0   0   0     0.000     0.003    -0.000     0.000     0.000     0.000     0.000
   7 0 1 0 0 0 1 1  17   0  11   0   0   0   0    59.272     0.000    48.162     0.000     0.000     0.000     0.000   0   0   0   0   0   0   0     0.000    -0.003    -0.000     0.000     0.000     0.000     0.000
   7 0 1 1 0 0 1 1  17   0  11   0   0   0   0    59.272     0.000    48.162     0.000     0.000     0.000     0.000   0   0   0   0   0   0   0     0.000    -0.020     0.001     0.000     0.000     0.000     0.000
   7 0 1 1 0 0 1 1  17   0  11   0   0   0   0    59.272     0.000    48.162     0.000     0.000     0.000     0.000   0   0   0   0   0   0   0     0.000     0.019    -0.001     0.000     0.000     0.000     0.000
   7 0 1 1 0 0 1 1  17   0  11   0   0   0   0    59.272     0.000    48.162     0.000     0.000     0.000     0.000   0   0   0   0   0   0   0     0.000     0.003    -0.000     0.000     0.000     0.000     0.000
   7 0 1 0 0 0 1 1  17   0  11   0   0   0   0    59.272     0.000    48.162     0.000     0.000     0.000     0.000   0   0   0   0   0   0   0     0.000    -0.003    -0.000     0.000     0.000     0.000     0.000
   7 0 1 1 0 0 1 1  17   0  11   0   0   0   0    59.272     0.000    48.162     0.000     0.000     0.000     0.000   0   0   0   0   0   0   0     0.000    -0.019     0.001     0.000     0.000     0.000     0.000
   7 0 1 1 0 0 1 1  17   0  11   0   0   0   0    59.272     0.000    48.162     0.000     0.000     0.000     0.000   0   0   0   0   0   0   0     0.000     0.018    -0.001     0.000     0.000     0.000     0.000
   7 0 1 1 0 0 1 1  17   0  11   0   0   0   0    59.272     0.000    48.162     0.000     0.000     0.000     0.000   0   0   0   0   0   0   0     0.000     0.003    -0.000     0.000     0.000     0.000     0.000
   7 0 1 0 0 0 1 1  17   0  11   0   0   0   0    59.272     0.000    48.162     0.000     0.000     0.000     0.000   0   0   0   0   0   0   0     0.000    -0.003    -0.000     0.000     0.000     0.000     0.000
   7 0 1 1 0 0 1 1  17   0  11   0   0   0   0    59.272     0.000    48.162     0.000     0.000     0.000     0.000   0   0   0   0   0   0   0     0.000    -0.018     0.001     0.000     0.000     0.000     0.000
   7 0 1 1 0 0 1 1  17   0  11   0   0   0   0    59.272     0.000    48.162     0.000     0.000     0.000     0.000   0   0   0   0   0   0   0     0.000     0.017    -0.001     0.000     0.000     0.000     0.000
   7 0 1 1 0 0 1 1  17   0  11   0   0   0   0    59.272     0.000    48.162     0.000     0.000     0.000     0.000   0   0   0   0   0   0   0     0.000     0.003    -0.000     0.000     0.000     0.000     0.000
   7 0 1 0 0 0 1 1  17   0   0   0   0   0   0    59.272     0.000    21.822     0.000     0.000     0.000     0.000   0   0   0   0   0   0   0     0.000    -0.003    -0.000     0.000     0.000     0.000     0.000
   7 0 1 1 0 0 1 1  17   0   0   0   0   0   0    59.272     0.000    21.822     0.000     0.000     0.000     0.000   0   0   0   0   0   0   0     0.000    -0.017     0.001     0.000     0.000     0.000     0.000
