  300
   1 1   0     0.000   0     4.669
   1 1   0     0.000   0     5.251
   1 1   0     0.000   0     5.582
   1 1   0     0.000   0     5.684
   7 0 0 0 1 1 1 1  12  17  17   0   0   0   0    48.259    56.198    58.130     0.000     0.000     0.000     0.000   0   0   0   0   0   0   0     0.000     0.000     0.000    -0.095     0.017     0.137     0.283
   7 0 0 0 1 1 1 1  12  12   3   0   0   0   0    47.576    46.058    22.646     0.000     0.000     0.000     0.000   0   0   0   0   0   0   0     0.000     0.000     0.000    -0.133    -0.060     0.113     0.290
   7 0 0 0 1 1 1 1  25  27  17   0   0   0   0     5.319     5.238    57.843     0.000     0.000     0.000     0.000   0   0   0   0   0   0   0     0.000     0.000     0.000    -0.130    -0.022     0.129     0.281
   7 0 0 0 1 1 1 1  28  11  28   0   0   0   0     5.258    43.325     5.433     0.000     0.000     0.000     0.000   0   0   0   0   0   0   0     0.000     0.000     0.000    -0.220    -0.020     0.193     0.430
   7 0 0 0 1 1 1 1  12  12  12   0   0   0   0    47.606    46.070    49.430     0.000     0.000     0.000     0.000   0   0   0   0   0   0   0     0.000     0.000     0.000    -0.112    -0.052     0.092     0.245
   7 0 0 0 1 1 1 1  12  12   3   0   0   0   0    48.236    46.567    22.646     0.000     0.000     0.000     0.000   0   0   0   0   0   0   0     0.000     0.000     0.000    -0.094     0.012     0.129     0.262
   7 0 0 0 1 1 1 1  25  25   3   0   0   0   0     5.392     5.149    22.646     0.000     0.000     0.000     0.000   0   0   0   0   0   0   0     0.000     0.000     0.000    -0.110     0.007     0.138     0.261
   7 0 0 0 1 1 1 1  25  28  29   0   0   0   0     5.327     5.111     5.584     0.000     0.000     0.000     0.000   0   0   0   0   0   0   0     0.000     0.000     0.000    -0.193    -0.008     0.163     0.381
   7 0 0 0 1 1 1 1  12  17  17   0   0   0   0    48.259    56.195    58.406     0.000     0.000     0.000     0.000   0   0   0   0   0   0   0     0.000     0.000     0.000    -0.078     0.013     0.118     0.244
   7 0 0 0 1 1 1 1  12  12   3   0   0   0   0    48.259    46.505    22.678     0.000     0.000     0.000     0.000   0   0   0   0   0   0   0     0.000     0.000     0.000    -0.086     0.010     0.122     0.240
   7 0 0 0 1 1 1 1  25  25  17   0   0   0   0     5.404     5.149    57.933     0.000     0.000     0.000     0.000   0   0   0   0   0   0   0     0.000     0.000     0.000    -0.099     0.008     0.125     0.230
   7 0 0 0 1 1 1 1   3  25  29   0   0   0   0    22.246     5.110     5.630     0.000     0.000     0.000     0.000   0   0   0   0   0   0   0     0.000     0.000     0.000    -0.185    -0.034     0.161     0.366
   7 0 0 0 1 1 1 1  12  17  17   0   0   0   0    48.259    56.124    57.933     0.000     0.000     0.000     0.000   0   0   0   0   0   0   0     0.000     0.000     0.000    -0.072     0.005     0.097     0.204
   7 0 0 0 1 1 1 1  12  12  17   0   0   0   0    48.069    46.719    57.933     0.000     0.000     0.000     0.000   0   0   0   0   0   0   0     0.000     0.000     0.000    -0.075     0.012     0.097     0.209
   7 0 0 0 1 1 1 1  12  25   4   0   0   0   0    47.576     5.034    22.633     0.000     0.000     0.000     0.000   0   0   0   0   0   0   0     0.000     0.000     0.000    -0.139    -0.047     0.086     0.200
   7 0 0 0 1 1 1 1  25  11  11   0   0   0   0     5.342    43.821    49.091     0.000     0.000     0.000     0.000   0   0   0   0   0   0   0     0.000     0.000     0.000    -0.153     0.016     0.179     0.362
   7 0 0 0 1 1 1 1  12  17  25   0   0   0   0    47.764    55.886     5.602     0.000     0.000     0.000     0.000   0   0   0   0   0   0   0     0.000     0.000     0.000    -0.088    -0.033     0.075     0.189
   7 0 0 0 1 1 1 1  12  12   4   0   0   0   0    47.576    45.858    22.633     0.000     0.000     0.000     0.000   0   0   0   0   0   0   0     0.000     0.000     0.000    -0.103    -0.040     0.068     0.179
   7 0 0 0 1 1 1 1  25  25  25   0   0   0   0     5.404     5.104     5.562     0.000     0.000     0.000     0.000   0   0   0   0   0   0   0     0.000     0.000     0.000    -0.090    -0.004     0.099     0.187
   7 0 0 0 1 1 1 1  25  28  29   0   0   0   0     5.268     5.002     5.557     0.000     0.000     0.000     0.000   0   0   0   0   0   0   0     0.000     0.000     0.000    -0.228    -0.086     0.092     0.280
   7 0 0 0 1 1 1 1  12  18  12   0   0   0   0    48.263    50.007    50.900     0.000     0.000     0.000     0.000   0   0   0   0   0   0   0     0.000     0.000     0.000     0.009    -0.058     0.089     0.187
   7 0 0 0 1 1 1 1  12  12   3   0   0   0   0    48.259    46.340    22.697     0.000     0.000     0.000     0.000   0   0   0   0   0   0   0     0.000     0.000     0.000    -0.068    -0.000     0.090     0.181
   7 0 0 0 1 1 1 1  25   4   4   0   0   0   0     5.303    22.036    22.592     0.000     0.000     0.000     0.000   0   0   0   0   0   0   0     0.000     0.000     0.000    -0.128    -0.041     0.066     0.158
   7 0 0 0 1 1 1 1  29  25  31   0   0   0   0     5.467     5.152     5.368     0.000     0.000     0.000     0.000   0   0   0   0   0   0   0     0.000     0.000     0.000    -0.128     0.012     0.156     0.309
   7 0 0 0 1 1 1 1  12  17  17   0   0   0   0    47.606    55.846    57.807     0.000     0.000     0.000     0.000   0   0   0   0   0   0   0     0.000     0.000     0.000    -0.078    -0.031     0.053     0.147
   7 0 0 0 1 1 1 1  12  12  25   0   0   0   0    47.478    45.807     5.557     0.000     0.000     0.000     0.000   0   0   0   0   0   0   0     0.000     0.000     0.000    -0.088    -0.035     0.053     0.148
   7 0 0 0 1 1 1 1  28   4  25   0   0   0   0     5.205    22.036     5.434     0.000     0.000     0.000     0.000   0   0   0   0   0   0   0     0.000     0.000     0.000    -0.115    -0.045     0.030     0.123
   7 0 0 0 1 1 1 1  28   4  29   0   0   0   0     5.205    22.036     5.546     0.000     0.000     0.000     0.000   0   0   0   0   0   0   0     0.000     0.000     0.000    -0.204    -0.075     0.066     0.225
   7 0 0 0 1 1 1 1  12  17  13   0   0   0   0    48.263    56.057    53.178     0.000     0.000     0.000     0.000   0   0   0   0   0   0   0     0.000     0.000     0.000    -0.053    -0.002     0.075     0.164
   7 0 0 0 1 1 1 1  12   4  25   0   0   0   0    48.263    22.213     5.723     0.000     0.000     0.000     0.000   0   0   0   0   0   0   0     0.000     0.000     0.000    -0.053     0.006     0.078     0.158
   7 0 0 0 1 1 1 1  25  12  25   0   0   0   0     5.201    45.463     5.431     0.000     0.000     0.000     0.000   0   0   0   0   0   0   0     0.000     0.000     0.000    -0.108    -0.046     0.023     0.110
   7 0 0 0 1 1 1 1  29  11  29   0   0   0   0     5.465    42.499     5.662     0.000     0.000     0.000     0.000   0   0   0   0   0   0   0     0.000     0.000     0.000    -0.154    -0.037     0.120     0.247
   7 0 0 0 1 1 1 1  17   4   4   0   0   0   0    56.455    21.987    22.592     0.000     0.000     0.000     0.000   0   0   0   0   0   0   0     0.000     0.000     0.000    -0.092    -0.031     0.036     0.114
   7 0 0 0 1 1 1 1  12  12   0   0   0   0   0    48.351    46.077    21.186     0.000     0.000     0.000     0.000   0   0   0   0   0   0   0     0.000     0.000     0.000    -0.066    -0.013     0.073     0.147
   7 0 0 0 1 1 1 1  29   4  25   0   0   0   0     5.344    22.066     5.557     0.000     0.000     0.000     0.000   0   0   0   0   0   0   0     0.000     0.000     0.000    -0.087    -0.036     0.039     0.127
   7 0 0 0 1 1 1 1  28  11  28   0   0   0   0     5.178    41.773     5.396     0.000     0.000     0.000     0.000   0   0   0   0   0   0   0     0.000     0.000     0.000    -0.176    -0.068     0.056     0.189
   7 0 0 0 1 1 1 1  12   4  25   0   0   0   0    47.606    21.987     5.562     0.000     0.000     0.000     0.000   0   0   0   0   0   0   0     0.000     0.000     0.000    -0.083    -0.027     0.039     0.113
   7 0 0 0 1 1 1 1  12   4   4   0   0   0   0    47.331    22.051    22.592     0.000     0.000     0.000     0.000   0   0   0   0   0   0   0     0.000     0.000     0.000    -0.074    -0.028     0.036     0.107
   7 0 0 0 1 1 1 1  25  27   4   0   0   0   0     5.402     5.232    22.753     0.000     0.000     0.000     0.000   0   0   0   0   0   0   0     0.000     0.000     0.000    -0.056    -0.001     0.063     0.140
   7 0 0 0 1 1 1 1  29  11  25   0   0   0   0     5.337    41.668     5.482     0.000     0.000     0.000     0.000   0   0   0   0   0   0   0     0.000     0.000     0.000    -0.164    -0.063     0.045     0.165
   7 0 0 0 1 1 1 1  12  17  12   0   0   0   0    48.351    55.951    51.156     0.000     0.000     0.000     0.000   0   0   0   0   0   0   0     0.000     0.000     0.000    -0.047    -0.007     0.056     0.128
   7 0 0 0 1 1 1 1  12   4  17   0   0   0   0    47.257    21.987    57.766     0.000     0.000     0.000     0.000   0   0   0   0   0   0   0     0.000     0.000     0.000    -0.081    -0.028     0.033     0.100
   7 0 0 0 1 1 1 1  25  11   4   0   0   0   0     5.199    41.721    22.644     0.000     0.000     0.000     0.000   0   0   0   0   0   0   0     0.000     0.000     0.000    -0.085    -0.034     0.031     0.106
   7 0 0 0 1 1 1 1  28  29  11   0   0   0   0     5.167     5.174    48.992     0.000     0.000     0.000     0.000   0   0   0   0   0   0   0     0.000     0.000     0.000    -0.127    -0.050     0.059     0.186
   7 0 0 0 1 1 1 1  12   4  13   0   0   0   0    47.371    21.987    51.399     0.000     0.000     0.000     0.000   0   0   0   0   0   0   0     0.000     0.000     0.000    -0.071    -0.024     0.026     0.086
   7 0 0 0 1 1 1 1  25   4  29   0   0   0   0     5.404    22.117     5.735     0.000     0.000     0.000     0.000   0   0   0   0   0   0   0     0.000     0.000     0.000    -0.052    -0.012     0.046     0.105
   7 0 0 0 1 1 1 1  25  25   0   0   0   0   0     5.428     5.087    21.186     0.000     0.000     0.000     0.000   0   0   0   0   0   0   0     0.000     0.000     0.000    -0.050    -0.002     0.058     0.119
   7 0 0 0 1 1 1 1  29  29  28   0   0   0   0     5.489     5.215     5.559     0.000     0.000     0.000     0.000   0   0   0   0   0   0   0     0.000     0.000     0.000    -0.085    -0.006     0.093     0.207
   7 0 0 0 1 1 1 1  17   7  12   0   0   0   0    56.455    19.923    50.824     0.000     0.000     0.000     0.000   0   0   0   0   0   0   0     0.000     0.000     0.000     0.039    -0.030     0.031     0.097
   7 0 0 0 1 1 1 1  12   4   4   0   0   0   0    47.181    21.987    22.655     0.000     0.000     0.000     0.000   0   0   0   0   0   0   0     0.000     0.000     0.000    -0.068    -0.024     0.029     0.088
   7 0 0 0 1 1 1 1  28  25  25   0   0   0   0     5.205     5.050     5.571     0.000     0.000     0.000     0.000   0   0   0   0   0   0   0     0.000     0.000     0.000    -0.059    -0.020     0.030     0.092
   7 0 0 0 1 1 1 1  29  25  29   0   0   0   0     5.493     5.085     5.767     0.000     0.000     0.000     0.000   0   0   0   0   0   0   0     0.000     0.000     0.000    -0.080    -0.007     0.088     0.196
   7 0 0 0 1 1 1 1  12  12  12   0   0   0   0    48.084    46.070    51.536     0.000     0.000     0.000     0.000   0   0   0   0   0   0   0     0.000     0.000     0.000    -0.040    -0.008     0.040     0.118
   7 0 0 0 1 1 1 1  12  18   0   0   0   0   0    48.351    50.234    21.186     0.000     0.000     0.000     0.000   0   0   0   0   0   0   0     0.000     0.000     0.000    -0.000    -0.034     0.044     0.095
   7 0 0 0 1 1 1 1  25  25   4   0   0   0   0     5.428     5.135    22.762     0.000     0.000     0.000     0.000   0   0   0   0   0   0   0     0.000     0.000     0.000    -0.036     0.005     0.048     0.098
   7 0 0 0 1 1 1 1  28  25  29   0   0   0   0     5.216     4.977     5.675     0.000     0.000     0.000     0.000   0   0   0   0   0   0   0     0.000     0.000     0.000    -0.125    -0.037     0.053     0.148
   7 0 0 0 1 1 1 1  13  18   0   0   0   0   0    50.167    50.321    21.226     0.000     0.000     0.000     0.000   0   0   0   0   0   0   0     0.000     0.000     0.000    -0.006    -0.034     0.040     0.112
   7 0 0 0 1 1 1 1  17  12  29   0   0   0   0    56.455    45.742     5.675     0.000     0.000     0.000     0.000   0   0   0   0   0   0   0     0.000     0.000     0.000    -0.046    -0.015     0.027     0.077
   7 0 0 0 1 1 1 1  25  25   4   0   0   0   0     5.369     5.052    22.762     0.000     0.000     0.000     0.000   0   0   0   0   0   0   0     0.000     0.000     0.000    -0.049    -0.010     0.038     0.088
   7 0 0 0 1 1 1 1  25  25  29   0   0   0   0     5.217     4.964     5.522     0.000     0.000     0.000     0.000   0   0   0   0   0   0   0     0.000     0.000     0.000    -0.122    -0.040     0.020     0.097
   7 0 0 0 1 1 1 1  22  25   7   0   0   0   0     5.467     5.557    19.923     0.000     0.000     0.000     0.000   0   0   0   0   0   0   0     0.000     0.000     0.000     0.018     0.064     0.033    -0.025
   7 0 0 0 1 1 1 1  29   4   4   0   0   0   0     5.388    21.987    22.575     0.000     0.000     0.000     0.000   0   0   0   0   0   0   0     0.000     0.000     0.000    -0.054    -0.017     0.018     0.059
   7 0 0 0 1 1 1 1  25   4   4   0   0   0   0     5.199    21.989    22.424     0.000     0.000     0.000     0.000   0   0   0   0   0   0   0     0.000     0.000     0.000    -0.064    -0.021     0.013     0.058
   7 0 0 0 1 1 1 1  29  28  28   0   0   0   0     5.316     4.940     5.553     0.000     0.000     0.000     0.000   0   0   0   0   0   0   0     0.000     0.000     0.000    -0.126    -0.038     0.040     0.143
   7 0 0 0 1 1 1 1  13  17   0   0   0   0   0    50.463    55.486    21.234     0.000     0.000     0.000     0.000   0   0   0   0   0   0   0     0.000     0.000     0.000    -0.052    -0.009     0.038     0.114
   7 0 0 0 1 1 1 1  12   1  25   0   0   0   0    47.063    22.028     5.557     0.000     0.000     0.000     0.000   0   0   0   0   0   0   0     0.000     0.000     0.000    -0.017    -0.050     0.017     0.058
   7 0 0 0 1 1 1 1  25  25  13   0   0   0   0     5.428     5.090    53.178     0.000     0.000     0.000     0.000   0   0   0   0   0   0   0     0.000     0.000     0.000    -0.031    -0.000     0.036     0.077
   7 0 0 0 1 1 1 1  29  29  29   0   0   0   0     5.498     5.199     5.776     0.000     0.000     0.000     0.000   0   0   0   0   0   0   0     0.000     0.000     0.000    -0.065    -0.008     0.063     0.152
   7 0 0 0 1 1 1 1  12  13  12   0   0   0   0    48.492    48.983    53.082     0.000     0.000     0.000     0.000   0   0   0   0   0   0   0     0.000     0.000     0.000    -0.032    -0.005     0.034     0.104
   7 0 0 0 1 1 1 1  12   4   0   0   0   0   0    48.492    22.167    21.226     0.000     0.000     0.000     0.000   0   0   0   0   0   0   0     0.000     0.000     0.000    -0.025    -0.000     0.033     0.084
   7 0 0 0 1 1 1 1  25  25   4   0   0   0   0     5.199     4.969    22.424     0.000     0.000     0.000     0.000   0   0   0   0   0   0   0     0.000     0.000     0.000    -0.055    -0.017     0.011     0.048
   7 0 0 0 1 1 1 1  29  11  29   0   0   0   0     5.495    42.331     5.776     0.000     0.000     0.000     0.000   0   0   0   0   0   0   0     0.000     0.000     0.000    -0.068    -0.011     0.056     0.138
   7 0 0 0 1 1 1 1  22  29   7   0   0   0   0     5.467     5.735    19.923     0.000     0.000     0.000     0.000   0   0   0   0   0   0   0     0.000     0.000     0.000     0.017     0.057     0.031    -0.019
   7 0 0 0 1 1 1 1  12  17   4   0   0   0   0    47.063    55.486    22.682     0.000     0.000     0.000     0.000   0   0   0   0   0   0   0     0.000     0.000     0.000    -0.042    -0.013     0.016     0.054
   7 0 0 0 1 1 1 1  25  27  18   0   0   0   0     5.428     5.223    49.181     0.000     0.000     0.000     0.000   0   0   0   0   0   0   0     0.000     0.000     0.000    -0.026     0.000     0.033     0.086
   7 0 0 0 1 1 1 1  29   0  29   0   0   0   0     5.309    21.151     5.639     0.000     0.000     0.000     0.000   0   0   0   0   0   0   0     0.000     0.000     0.000    -0.031    -0.133     0.024     0.085
   7 0 0 0 1 1 1 1   4   1  11   0   0   0   0    22.497    22.028    51.915     0.000     0.000     0.000     0.000   0   0   0   0   0   0   0     0.000     0.000     0.000    -0.006    -0.044     0.032     0.089
   7 0 0 0 1 1 1 1  12  12   0   0   0   0   0    48.351    46.138    21.234     0.000     0.000     0.000     0.000   0   0   0   0   0   0   0     0.000     0.000     0.000    -0.023    -0.002     0.027     0.081
   7 0 0 0 1 1 1 1  25  25  25   0   0   0   0     5.177     4.957     5.562     0.000     0.000     0.000     0.000   0   0   0   0   0   0   0     0.000     0.000     0.000    -0.056    -0.015     0.012     0.048
   7 0 0 0 1 1 1 1  14  29   3   0   0   0   0    47.400     5.771    21.706     0.000     0.000     0.000     0.000   0   0   0   0   0   0   0     0.000     0.000     0.000     0.038     0.109    -0.067    -0.015
   7 0 0 0 1 1 1 1  22  19   7   0   0   0   0     5.469    66.263    19.923     0.000     0.000     0.000     0.000   0   0   0   0   0   0   0     0.000     0.000     0.000     0.012     0.043     0.029    -0.017
   7 0 0 0 1 1 1 1  12  18   0   0   0   0   0    48.492    50.465    21.218     0.000     0.000     0.000     0.000   0   0   0   0   0   0   0     0.000     0.000     0.000    -0.003    -0.024     0.024     0.062
   7 0 0 0 1 1 1 1   1   0  25   0   0   0   0    21.939    21.186     4.974     0.000     0.000     0.000     0.000   0   0   0   0   0   0   0     0.000     0.000     0.000     0.016     0.055    -0.042    -0.011
   7 0 0 0 1 1 1 1  25  30  24   0   0   0   0     5.182     4.454     5.398     0.000     0.000     0.000     0.000   0   0   0   0   0   0   0     0.000     0.000     0.000    -0.098    -0.025     0.017     0.067
   7 0 0 0 1 1 1 1  12   1  12   0   0   0   0    48.492    22.028    53.082     0.000     0.000     0.000     0.000   0   0   0   0   0   0   0     0.000     0.000     0.000    -0.006    -0.038     0.023     0.077
   7 0 0 0 1 1 1 1  17   1  29   0   0   0   0    56.198    22.028     5.735     0.000     0.000     0.000     0.000   0   0   0   0   0   0   0     0.000     0.000     0.000    -0.010    -0.034     0.012     0.044
   7 0 0 0 1 1 1 1  25  17  18   0   0   0   0     5.460    55.846    49.120     0.000     0.000     0.000     0.000   0   0   0   0   0   0   0     0.000     0.000     0.000    -0.026    -0.003     0.026     0.070
   7 0 0 0 1 1 1 1  29  29  11   0   0   0   0     5.511     5.220    51.915     0.000     0.000     0.000     0.000   0   0   0   0   0   0   0     0.000     0.000     0.000    -0.034     0.003     0.041     0.117
   7 0 0 0 1 1 1 1  15  12  11   0   0   0   0    51.657    45.847    51.383     0.000     0.000     0.000     0.000   0   0   0   0   0   0   0     0.000     0.000     0.000    -0.023    -0.003     0.020     0.063
   7 0 0 0 1 1 1 1   4  18   0   0   0   0   0    22.389    50.248    21.234     0.000     0.000     0.000     0.000   0   0   0   0   0   0   0     0.000     0.000     0.000     0.001    -0.015     0.023     0.064
   7 0 0 0 1 1 1 1   4  27  20   0   0   0   0    22.389     5.214    62.739     0.000     0.000     0.000     0.000   0   0   0   0   0   0   0     0.000     0.000     0.000    -0.023    -0.002     0.025     0.065
   7 0 0 0 1 1 1 1  11   0  29   0   0   0   0    43.952    21.151     5.743     0.000     0.000     0.000     0.000   0   0   0   0   0   0   0     0.000     0.000     0.000    -0.021    -0.103     0.020     0.078
   7 0 0 0 1 1 1 1   0  17   7   0   0   0   0    21.151    55.779    19.923     0.000     0.000     0.000     0.000   0   0   0   0   0   0   0     0.000     0.000     0.000    -0.030     0.000     0.389     0.023
   7 0 0 0 1 1 1 1  13   4  11   0   0   0   0    49.853    22.078    51.019     0.000     0.000     0.000     0.000   0   0   0   0   0   0   0     0.000     0.000     0.000    -0.021    -0.004     0.017     0.054
   7 0 0 0 1 1 1 1  25  11  25   0   0   0   0     5.177    41.297     5.540     0.000     0.000     0.000     0.000   0   0   0   0   0   0   0     0.000     0.000     0.000    -0.042    -0.010     0.007     0.031
   7 0 0 0 1 1 1 1  29  25  11   0   0   0   0     5.512     5.070    51.915     0.000     0.000     0.000     0.000   0   0   0   0   0   0   0     0.000     0.000     0.000    -0.037    -0.003     0.034     0.099
   7 0 0 0 1 1 1 1  22  12   7   0   0   0   0     5.480    51.640    19.923     0.000     0.000     0.000     0.000   0   0   0   0   0   0   0     0.000     0.000     0.000     0.012     0.052     0.025    -0.013
   7 0 0 0 1 1 1 1   4  17   0   0   0   0   0    22.497    56.057    21.234     0.000     0.000     0.000     0.000   0   0   0   0   0   0   0     0.000     0.000     0.000    -0.012     0.003     0.020     0.053
   7 0 0 0 1 1 1 1   4  11  12   0   0   0   0    22.313    41.426    51.536     0.000     0.000     0.000     0.000   0   0   0   0   0   0   0     0.000     0.000     0.000    -0.033    -0.005     0.016     0.049
   7 0 0 0 1 1 1 1  23   0  29   0   0   0   0     5.507    21.151     5.675     0.000     0.000     0.000     0.000   0   0   0   0   0   0   0     0.000     0.000     0.000    -0.019    -0.089     0.013     0.059
   7 0 0 0 1 1 1 1   0  12   7   0   0   0   0    21.151    45.771    19.923     0.000     0.000     0.000     0.000   0   0   0   0   0   0   0     0.000     0.000     0.000    -0.026     0.000     0.369     0.019
   7 0 0 0 1 1 1 1  12   4  11   0   0   0   0    48.492    21.987    50.666     0.000     0.000     0.000     0.000   0   0   0   0   0   0   0     0.000     0.000     0.000    -0.026    -0.004     0.016     0.045
   7 0 0 0 1 1 1 1   1   4  30   0   0   0   0    21.944    22.764     4.454     0.000     0.000     0.000     0.000   0   0   0   0   0   0   0     0.000     0.000     0.000     0.010     0.036    -0.040    -0.008
   7 0 0 0 1 1 1 1  25  11  11   0   0   0   0     5.410    41.816    51.915     0.000     0.000     0.000     0.000   0   0   0   0   0   0   0     0.000     0.000     0.000    -0.044    -0.006     0.026     0.084
   7 0 0 0 1 1 1 1  12   1  11   0   0   0   0    48.492    22.028    51.915     0.000     0.000     0.000     0.000   0   0   0   0   0   0   0     0.000     0.000     0.000    -0.004    -0.028     0.016     0.051
   7 0 0 0 1 1 1 1  12   7   0   0   0   0   0    47.017    19.923    21.218     0.000     0.000     0.000     0.000   0   0   0   0   0   0   0     0.000     0.000     0.000     0.015    -0.010     0.009     0.038
   7 0 0 0 1 1 1 1   4   1  20   0   0   0   0    22.424    21.967    62.739     0.000     0.000     0.000     0.000   0   0   0   0   0   0   0     0.000     0.000     0.000     0.001    -0.013     0.018     0.049
   7 0 0 0 1 1 1 1  12   0  28   0   0   0   0    46.505    21.151     5.610     0.000     0.000     0.000     0.000   0   0   0   0   0   0   0     0.000     0.000     0.000    -0.014    -0.078     0.016     0.075
   7 0 0 0 1 1 1 1   0  17   7   0   0   0   0    21.151    55.769    19.923     0.000     0.000     0.000     0.000   0   0   0   0   0   0   0     0.000     0.000     0.000    -0.023     0.000     0.350     0.016
   7 0 0 0 1 1 1 1   4   1   0   0   0   0   0    22.497    22.028    21.234     0.000     0.000     0.000     0.000   0   0   0   0   0   0   0     0.000     0.000     0.000    -0.003    -0.023     0.016     0.041
   7 0 0 0 1 1 1 1  25  12  18   0   0   0   0     5.473    45.459    49.117     0.000     0.000     0.000     0.000   0   0   0   0   0   0   0     0.000     0.000     0.000    -0.022    -0.003     0.016     0.044
   7 0 0 0 1 1 1 1  29  25  11   0   0   0   0     5.508     4.969    51.915     0.000     0.000     0.000     0.000   0   0   0   0   0   0   0     0.000     0.000     0.000    -0.044    -0.006     0.024     0.069
   7 0 0 0 1 1 1 1  25   6  11   0   0   0   0     5.209    19.366    51.915     0.000     0.000     0.000     0.000   0   0   0   0   0   0   0     0.000     0.000     0.000    -0.000    -0.016     0.009     0.045
   7 0 0 0 1 1 1 1  25   4  11   0   0   0   0     5.465    22.121    50.666     0.000     0.000     0.000     0.000   0   0   0   0   0   0   0     0.000     0.000     0.000    -0.012    -0.001     0.013     0.035
   7 0 0 0 1 1 1 1  25  30  19   0   0   0   0     5.177     4.454    66.263     0.000     0.000     0.000     0.000   0   0   0   0   0   0   0     0.000     0.000     0.000    -0.033    -0.007     0.005     0.023
   7 0 0 0 1 1 1 1  23   0  29   0   0   0   0     5.493    21.151     5.652     0.000     0.000     0.000     0.000   0   0   0   0   0   0   0     0.000     0.000     0.000    -0.014    -0.067     0.008     0.039
   7 0 0 0 1 1 1 1   0  14   7   0   0   0   0    21.151    48.667    19.923     0.000     0.000     0.000     0.000   0   0   0   0   0   0   0     0.000     0.000     0.000     0.001    -0.015     0.333     0.013
   7 0 0 0 1 1 1 1   4  17   0   0   0   0   0    22.497    55.486    21.226     0.000     0.000     0.000     0.000   0   0   0   0   0   0   0     0.000     0.000     0.000    -0.019    -0.002     0.013     0.030
   7 0 0 0 1 1 1 1  25   4  18   0   0   0   0     5.473    22.078    48.886     0.000     0.000     0.000     0.000   0   0   0   0   0   0   0     0.000     0.000     0.000    -0.015    -0.001     0.012     0.033
   7 0 0 0 1 1 1 1  23   0  25   0   0   0   0     5.507    21.151     5.571     0.000     0.000     0.000     0.000   0   0   0   0   0   0   0     0.000     0.000     0.000    -0.012    -0.061     0.008     0.036
   7 0 0 0 1 1 1 1  15   4  19   0   0   0   0    51.665    21.984    66.548     0.000     0.000     0.000     0.000   0   0   0   0   0   0   0     0.000     0.000     0.000    -0.021    -0.003     0.012     0.044
   7 0 0 0 1 1 1 1  12   7  12   0   0   0   0    46.919    19.923    49.296     0.000     0.000     0.000     0.000   0   0   0   0   0   0   0     0.000     0.000     0.000     0.014    -0.007     0.005     0.018
   7 0 0 0 1 1 1 1   4  16  20   0   0   0   0    22.424    55.455    62.739     0.000     0.000     0.000     0.000   0   0   0   0   0   0   0     0.000     0.000     0.000     0.012    -0.006     0.013     0.036
   7 0 0 0 1 1 1 1   1  11   7   0   0   0   0    21.934    51.383    19.923     0.000     0.000     0.000     0.000   0   0   0   0   0   0   0     0.000     0.000     0.000     0.013     0.056    -0.078    -0.008
   7 0 0 0 1 1 1 1   0  18   7   0   0   0   0    21.151    50.278    19.923     0.000     0.000     0.000     0.000   0   0   0   0   0   0   0     0.000     0.000     0.000     0.002    -0.012     0.316     0.011
   7 0 0 0 1 1 1 1  29   7  11   0   0   0   0     5.383    19.923    50.666     0.000     0.000     0.000     0.000   0   0   0   0   0   0   0     0.000     0.000     0.000     0.013    -0.006     0.007     0.028
   7 0 0 0 1 1 1 1  28   0  28   0   0   0   0     5.152    21.151     5.553     0.000     0.000     0.000     0.000   0   0   0   0   0   0   0     0.000     0.000     0.000    -0.005    -0.033     0.005     0.022
   7 0 0 0 1 1 1 1  25   7  24   0   0   0   0     5.102    19.923     5.398     0.000     0.000     0.000     0.000   0   0   0   0   0   0   0     0.000     0.000     0.000    -0.274    -0.010     0.004     0.026
   7 0 0 0 1 1 1 1  12  19  12   0   0   0   0    49.156    66.272    53.082     0.000     0.000     0.000     0.000   0   0   0   0   0   0   0     0.000     0.000     0.000    -0.005     0.010     0.015     0.040
   7 0 0 0 1 1 1 1  12  12   3   0   0   0   0    48.933    45.682    23.274     0.000     0.000     0.000     0.000   0   0   0   0   0   0   0     0.000     0.000     0.000    -0.012    -0.001     0.010     0.033
   7 0 0 0 1 1 1 1   4  16  20   0   0   0   0    22.325    55.455    62.739     0.000     0.000     0.000     0.000   0   0   0   0   0   0   0     0.000     0.000     0.000     0.011    -0.005     0.009     0.029
   7 0 0 0 1 1 1 1  25   7  28   0   0   0   0     5.098    19.923     5.593     0.000     0.000     0.000     0.000   0   0   0   0   0   0   0     0.000     0.000     0.000    -0.256    -0.010     0.007     0.041
   7 0 0 0 1 1 1 1  22  20   2   0   0   0   0     5.480    62.627    21.470     0.000     0.000     0.000     0.000   0   0   0   0   0   0   0     0.000     0.000     0.000     0.006     0.026     0.021    -0.007
   7 0 0 0 1 1 1 1   0  12   7   0   0   0   0    21.151    45.627    19.923     0.000     0.000     0.000     0.000   0   0   0   0   0   0   0     0.000     0.000     0.000    -0.016    -0.000     0.134     0.010
   7 0 0 0 1 1 1 1   1  29   7   0   0   0   0    21.960     5.633    19.923     0.000     0.000     0.000     0.000   0   0   0   0   0   0   0     0.000     0.000     0.000     0.003     0.015    -0.103    -0.005
   7 0 0 0 1 1 1 1  29  12  11   0   0   0   0     5.518    45.646    51.915     0.000     0.000     0.000     0.000   0   0   0   0   0   0   0     0.000     0.000     0.000    -0.024    -0.002     0.014     0.045
   7 0 0 0 1 1 1 1   0  12   7   0   0   0   0    21.151    45.699    19.923     0.000     0.000     0.000     0.000   0   0   0   0   0   0   0     0.000     0.000     0.000    -0.016     0.000     0.299     0.008
   7 0 0 0 1 1 1 1  14  11   6   0   0   0   0    48.157    50.666    19.366     0.000     0.000     0.000     0.000   0   0   0   0   0   0   0     0.000     0.000     0.000     0.005     0.023    -0.000    -0.009
   7 0 0 0 1 1 1 1   4  30  18   0   0   0   0    22.424     4.454    49.181     0.000     0.000     0.000     0.000   0   0   0   0   0   0   0     0.000     0.000     0.000    -0.024    -0.002     0.009     0.024
   7 0 0 0 1 1 1 1  29   7  24   0   0   0   0     5.207    19.923     5.374     0.000     0.000     0.000     0.000   0   0   0   0   0   0   0     0.000     0.000     0.000    -0.238    -0.009     0.002     0.020
   7 0 0 0 1 1 1 1  29  25  26   0   0   0   0     5.643     4.950     5.898     0.000     0.000     0.000     0.000   0   0   0   0   0   0   0     0.000     0.000     0.000    -0.025    -0.001     0.013     0.033
   7 0 0 0 1 1 1 1   4   1  25   0   0   0   0    22.392    22.029     5.916     0.000     0.000     0.000     0.000   0   0   0   0   0   0   0     0.000     0.000     0.000    -0.001    -0.014     0.008     0.028
   7 0 0 0 1 1 1 1   1  20   7   0   0   0   0    21.960    62.561    19.923     0.000     0.000     0.000     0.000   0   0   0   0   0   0   0     0.000     0.000     0.000     0.003     0.015    -0.095    -0.004
   7 0 0 0 1 1 1 1  25  23  28   0   0   0   0     5.420     5.404     5.651     0.000     0.000     0.000     0.000   0   0   0   0   0   0   0     0.000     0.000     0.000    -0.034    -0.003     0.011     0.041
   7 0 0 0 1 1 1 1  25   6  19   0   0   0   0     5.209    19.366    66.366     0.000     0.000     0.000     0.000   0   0   0   0   0   0   0     0.000     0.000     0.000     0.001    -0.010     0.004     0.020
   7 0 0 0 1 1 1 1   0  11   7   0   0   0   0    21.151    41.987    19.923     0.000     0.000     0.000     0.000   0   0   0   0   0   0   0     0.000     0.000     0.000    -0.013    -0.000     0.127     0.008
   7 0 0 0 1 1 1 1  25  11  18   0   0   0   0     5.482    41.297    48.880     0.000     0.000     0.000     0.000   0   0   0   0   0   0   0     0.000     0.000     0.000    -0.018    -0.001     0.007     0.022
   7 0 0 0 1 1 1 1  28   7  25   0   0   0   0     5.044    19.923     5.562     0.000     0.000     0.000     0.000   0   0   0   0   0   0   0     0.000     0.000     0.000    -0.221    -0.007     0.003     0.019
   7 0 0 0 1 1 1 1   0  14   7   0   0   0   0    21.151    48.655    19.923     0.000     0.000     0.000     0.000   0   0   0   0   0   0   0     0.000     0.000     0.000     0.001    -0.009     0.284     0.006
   7 0 0 0 1 1 1 1  28   7  28   0   0   0   0     5.138    19.923     5.549     0.000     0.000     0.000     0.000   0   0   0   0   0   0   0     0.000     0.000     0.000     0.011    -0.005     0.003     0.013
   7 0 0 0 1 1 1 1  20   7   9   0   0   0   0    62.505    19.923    17.868     0.000     0.000     0.000     0.000   0   0   0   0   0   0   0     0.000     0.000     0.000    -0.032    -0.001     0.008     0.021
   7 0 0 0 1 1 1 1  25   7  11   0   0   0   0     5.114    19.923    51.915     0.000     0.000     0.000     0.000   0   0   0   0   0   0   0     0.000     0.000     0.000    -0.206    -0.006     0.005     0.033
   7 0 0 0 1 1 1 1  11   3  26   0   0   0   0    49.033    21.557     5.898     0.000     0.000     0.000     0.000   0   0   0   0   0   0   0     0.000     0.000     0.000    -0.022    -0.001     0.011     0.028
   7 0 0 0 1 1 1 1   0  11   7   0   0   0   0    21.151    41.987    19.923     0.000     0.000     0.000     0.000   0   0   0   0   0   0   0     0.000     0.000     0.000    -0.011    -0.000     0.120     0.007
   7 0 0 0 1 1 1 1   1  29   7   0   0   0   0    21.960     5.633    19.923     0.000     0.000     0.000     0.000   0   0   0   0   0   0   0     0.000     0.000     0.000     0.002     0.010    -0.086    -0.004
   7 0 0 0 1 1 1 1   1  29   6   0   0   0   0    22.005     5.531    19.366     0.000     0.000     0.000     0.000   0   0   0   0   0   0   0     0.000     0.000     0.000    -0.001     0.013    -0.344    -0.007
   7 0 0 0 1 1 1 1  19  12   1   0   0   0   0    66.273    45.676    22.008     0.000     0.000     0.000     0.000   0   0   0   0   0   0   0     0.000     0.000     0.000    -0.015     0.000     0.005     0.270
   7 0 0 0 1 1 1 1  13  18  28   0   0   0   0    50.463    50.817     5.656     0.000     0.000     0.000     0.000   0   0   0   0   0   0   0     0.000     0.000     0.000    -0.001    -0.012     0.006     0.021
   7 0 0 0 1 1 1 1   4   0  19   0   0   0   0    22.325    21.151    66.350     0.000     0.000     0.000     0.000   0   0   0   0   0   0   0     0.000     0.000     0.000    -0.002    -0.022     0.004     0.013
   7 0 0 0 1 1 1 1   1  29   6   0   0   0   0    21.998     5.652    19.366     0.000     0.000     0.000     0.000   0   0   0   0   0   0   0     0.000     0.000     0.000     0.000     0.016    -0.327    -0.007
   7 0 0 0 1 1 1 1   0  31   7   0   0   0   0    21.151     5.155    19.923     0.000     0.000     0.000     0.000   0   0   0   0   0   0   0     0.000     0.000     0.000    -0.005     0.003     0.256     0.005
   7 0 0 0 1 1 1 1   0  18   7   0   0   0   0    21.151    50.510    19.923     0.000     0.000     0.000     0.000   0   0   0   0   0   0   0     0.000     0.000     0.000     0.000    -0.007     0.114     0.006
   7 0 0 0 1 1 1 1  20   7   9   0   0   0   0    62.474    19.923    17.887     0.000     0.000     0.000     0.000   0   0   0   0   0   0   0     0.000     0.000     0.000    -0.041    -0.001     0.006     0.017
   7 0 0 0 1 1 1 1   1  29   6   0   0   0   0    22.005     5.530    19.366     0.000     0.000     0.000     0.000   0   0   0   0   0   0   0     0.000     0.000     0.000    -0.001     0.011    -0.310    -0.006
   7 0 0 0 1 1 1 1  11   2  11   0   0   0   0    49.033    21.468    51.915     0.000     0.000     0.000     0.000   0   0   0   0   0   0   0     0.000     0.000     0.000    -0.026    -0.001     0.009     0.023
   7 0 0 0 1 1 1 1  14  20   7   0   0   0   0    48.221    62.529    19.923     0.000     0.000     0.000     0.000   0   0   0   0   0   0   0     0.000     0.000     0.000     0.002     0.011     0.009    -0.004
   7 0 0 0 1 1 1 1  17  19  28   0   0   0   0    55.754    66.267     5.489     0.000     0.000     0.000     0.000   0   0   0   0   0   0   0     0.000     0.000     0.000    -0.005    -0.129     0.000     0.009
   7 0 0 0 1 1 1 1  11   7  28   0   0   0   0    42.703    19.923     5.667     0.000     0.000     0.000     0.000   0   0   0   0   0   0   0     0.000     0.000     0.000    -0.160    -0.006     0.003     0.041
   7 0 0 0 1 1 1 1   0  12   7   0   0   0   0    21.151    45.699    19.923     0.000     0.000     0.000     0.000   0   0   0   0   0   0   0     0.000     0.000     0.000    -0.010     0.000     0.244     0.004
   7 0 0 0 1 1 1 1   0  11   7   0   0   0   0    21.151    41.987    19.923     0.000     0.000     0.000     0.000   0   0   0   0   0   0   0     0.000     0.000     0.000    -0.009    -0.000     0.108     0.005
   7 0 0 0 1 1 1 1  17   7  13   0   0   0   0    55.962    19.923    48.709     0.000     0.000     0.000     0.000   0   0   0   0   0   0   0     0.000     0.000     0.000    -0.072    -0.003     0.018     0.002
   7 0 0 0 1 1 1 1   1  29   6   0   0   0   0    22.005     5.735    19.366     0.000     0.000     0.000     0.000   0   0   0   0   0   0   0     0.000     0.000     0.000     0.000     0.016    -0.287    -0.005
   7 0 0 0 1 1 1 1  16   2  21   0   0   0   0    57.500    21.468    68.461     0.000     0.000     0.000     0.000   0   0   0   0   0   0   0     0.000     0.000     0.000    -0.024    -0.001     0.005     0.018
   7 0 0 0 1 1 1 1  11  11   3   0   0   0   0    49.033    41.195    23.302     0.000     0.000     0.000     0.000   0   0   0   0   0   0   0     0.000     0.000     0.000    -0.014    -0.000     0.007     0.022
   7 0 0 0 1 1 1 1  20   7   9   0   0   0   0    62.464    19.923    17.889     0.000     0.000     0.000     0.000   0   0   0   0   0   0   0     0.000     0.000     0.000    -0.068    -0.001     0.005     0.015
   7 0 0 0 1 1 1 1  23   2  22   0   0   0   0     5.481    21.468     5.324     0.000     0.000     0.000     0.000   0   0   0   0   0   0   0     0.000     0.000     0.000     0.027    -0.007     0.037     0.003
   7 0 0 0 1 1 1 1   0  31   7   0   0   0   0    21.151     5.152    19.923     0.000     0.000     0.000     0.000   0   0   0   0   0   0   0     0.000     0.000     0.000    -0.004     0.002     0.232     0.003
   7 0 0 0 1 1 1 1  19  12   1   0   0   0   0    66.273    45.607    22.008     0.000     0.000     0.000     0.000   0   0   0   0   0   0   0     0.000     0.000     0.000    -0.009     0.000     0.004     0.103
   7 0 0 0 1 1 1 1  29   4   6   0   0   0   0     5.633    21.993    20.561     0.000     0.000     0.000     0.000   0   0   0   0   0   0   0     0.000     0.000     0.000    -0.010    -0.000     0.006     0.027
   7 0 0 0 1 1 1 1   1   2  19   0   0   0   0    22.009    21.487    66.267     0.000     0.000     0.000     0.000   0   0   0   0   0   0   0     0.000     0.000     0.000     0.063     0.001    -0.004    -0.272
   7 0 0 0 1 1 1 1  19  12   1   0   0   0   0    66.272    45.662    22.008     0.000     0.000     0.000     0.000   0   0   0   0   0   0   0     0.000     0.000     0.000    -0.011     0.000     0.003     0.220
   7 0 0 0 1 1 1 1   0  18   7   0   0   0   0    21.151    50.273    19.923     0.000     0.000     0.000     0.000   0   0   0   0   0   0   0     0.000     0.000     0.000     0.001    -0.004     0.098     0.004
   7 0 0 0 1 1 1 1   4  16  10   0   0   0   0    22.325    55.408    15.651     0.000     0.000     0.000     0.000   0   0   0   0   0   0   0     0.000     0.000     0.000     0.007    -0.003     0.004     0.023
   7 0 0 0 1 1 1 1   1   2   6   0   0   0   0    21.995    21.487    19.366     0.000     0.000     0.000     0.000   0   0   0   0   0   0   0     0.000     0.000     0.000     0.060     0.001    -0.258    -0.004
   7 0 0 0 1 1 1 1  28   2   9   0   0   0   0     5.553    21.468    18.042     0.000     0.000     0.000     0.000   0   0   0   0   0   0   0     0.000     0.000     0.000    -0.021    -0.000     0.010     0.022
   7 0 0 0 1 1 1 1  11  11   3   0   0   0   0    48.992    41.195    23.302     0.000     0.000     0.000     0.000   0   0   0   0   0   0   0     0.000     0.000     0.000    -0.012    -0.000     0.006     0.020
   7 0 0 0 1 1 1 1  17   6   4   0   0   0   0    55.715    19.366    22.722     0.000     0.000     0.000     0.000   0   0   0   0   0   0   0     0.000     0.000     0.000    -0.115    -0.003     0.000     0.009
   7 0 0 0 1 1 1 1  23   2  22   0   0   0   0     5.560    21.468     5.324     0.000     0.000     0.000     0.000   0   0   0   0   0   0   0     0.000     0.000     0.000     0.025    -0.005     0.034     0.004
   7 0 0 0 1 1 1 1   0   7   7   0   0   0   0    21.151    19.923    19.923     0.000     0.000     0.000     0.000   0   0   0   0   0   0   0     0.000     0.000     0.000    -0.017    -0.000     0.209     0.003
   7 0 0 0 1 1 1 1  17  25   3   0   0   0   0    56.999     4.950    23.302     0.000     0.000     0.000     0.000   0   0   0   0   0   0   0     0.000     0.000     0.000    -0.010    -0.001     0.004     0.020
   7 0 0 0 1 1 1 1  20   7  20   0   0   0   0    62.464    19.923    62.595     0.000     0.000     0.000     0.000   0   0   0   0   0   0   0     0.000     0.000     0.000    -0.059    -0.001     0.003     0.008
   7 0 0 0 1 1 1 1   1   2  19   0   0   0   0    22.009    21.487    66.267     0.000     0.000     0.000     0.000   0   0   0   0   0   0   0     0.000     0.000     0.000     0.057     0.001    -0.003    -0.245
   7 0 0 0 1 1 1 1  21   2   1   0   0   0   0    68.440    21.468    21.855     0.000     0.000     0.000     0.000   0   0   0   0   0   0   0     0.000     0.000     0.000    -0.020    -0.000     0.009     0.019
   7 0 0 0 1 1 1 1   0  18   7   0   0   0   0    21.151    50.292    19.923     0.000     0.000     0.000     0.000   0   0   0   0   0   0   0     0.000     0.000     0.000     0.001    -0.003     0.093     0.003
   7 0 0 0 1 1 1 1  19   7  27   0   0   0   0    66.277    19.923     5.211     0.000     0.000     0.000     0.000   0   0   0   0   0   0   0     0.000     0.000     0.000    -0.106    -0.001     0.012     0.003
   7 0 0 0 1 1 1 1  17   7   0   0   0   0   0    56.114    19.923    20.755     0.000     0.000     0.000     0.000   0   0   0   0   0   0   0     0.000     0.000     0.000    -0.119    -0.003     0.034     0.003
   7 0 0 0 1 1 1 1  29   2  20   0   0   0   0     5.639    21.470    62.877     0.000     0.000     0.000     0.000   0   0   0   0   0   0   0     0.000     0.000     0.000     0.015    -0.002     0.006     0.017
   7 0 0 0 1 1 1 1  19  12   1   0   0   0   0    66.273    45.582    22.008     0.000     0.000     0.000     0.000   0   0   0   0   0   0   0     0.000     0.000     0.000    -0.007     0.000     0.003     0.088
   7 0 0 0 1 1 1 1  13   0  19   0   0   0   0    48.707    21.145    66.277     0.000     0.000     0.000     0.000   0   0   0   0   0   0   0     0.000     0.000     0.000     0.010     0.022    -0.002     0.005
   7 0 0 0 1 1 1 1   1   2   6   0   0   0   0    22.007    21.487    19.366     0.000     0.000     0.000     0.000   0   0   0   0   0   0   0     0.000     0.000     0.000     0.060     0.001    -0.227    -0.003
   7 0 0 0 1 1 1 1  19  12   1   0   0   0   0    66.272    45.699    22.008     0.000     0.000     0.000     0.000   0   0   0   0   0   0   0     0.000     0.000     0.000    -0.009     0.001     0.002     0.198
   7 0 0 0 1 1 1 1  28  10   3   0   0   0   0     5.552    15.009    23.302     0.000     0.000     0.000     0.000   0   0   0   0   0   0   0     0.000     0.000     0.000     0.005    -0.001     0.005     0.016
   7 0 0 0 1 1 1 1  18  13   6   0   0   0   0    50.649    48.707    19.366     0.000     0.000     0.000     0.000   0   0   0   0   0   0   0     0.000     0.000     0.000     0.013     0.000    -0.101    -0.003
   7 0 0 0 1 1 1 1   1   0   2   0   0   0   0    21.913    20.755    21.468     0.000     0.000     0.000     0.000   0   0   0   0   0   0   0     0.000     0.000     0.000     0.031     0.004     0.023    -0.004
   7 0 0 0 1 1 1 1  13   5  20   0   0   0   0    50.167    21.994    62.517     0.000     0.000     0.000     0.000   0   0   0   0   0   0   0     0.000     0.000     0.000    -0.015    -0.001     0.003     0.011
   7 0 0 0 1 1 1 1  14  20  11   0   0   0   0    48.221    62.542    41.195     0.000     0.000     0.000     0.000   0   0   0   0   0   0   0     0.000     0.000     0.000     0.001     0.007    -0.009    -0.001
   7 0 0 0 1 1 1 1  28  25   6   0   0   0   0     5.487     4.977    20.561     0.000     0.000     0.000     0.000   0   0   0   0   0   0   0     0.000     0.000     0.000    -0.007    -0.000     0.004     0.021
   7 0 0 0 1 1 1 1   1   2   6   0   0   0   0    22.009    21.487    19.366     0.000     0.000     0.000     0.000   0   0   0   0   0   0   0     0.000     0.000     0.000     0.058     0.001    -0.216    -0.003
   7 0 0 0 1 1 1 1  19  12   1   0   0   0   0    66.272    45.634    22.008     0.000     0.000     0.000     0.000   0   0   0   0   0   0   0     0.000     0.000     0.000    -0.009     0.000     0.002     0.188
   7 0 0 0 1 1 1 1   0  24   7   0   0   0   0    21.151     5.049    19.923     0.000     0.000     0.000     0.000   0   0   0   0   0   0   0     0.000     0.000     0.000    -0.002     0.001     0.084     0.002
   7 0 0 0 1 1 1 1  20   7  23   0   0   0   0    62.464    19.923     5.471     0.000     0.000     0.000     0.000   0   0   0   0   0   0   0     0.000     0.000     0.000    -0.048    -0.001    -0.001     0.005
   7 0 0 0 1 1 1 1  24   2  22   0   0   0   0     5.398    21.468     5.324     0.000     0.000     0.000     0.000   0   0   0   0   0   0   0     0.000     0.000     0.000     0.022    -0.002     0.027     0.006
   7 0 0 0 1 1 1 1  11   7  31   0   0   0   0    48.794    19.923     5.508     0.000     0.000     0.000     0.000   0   0   0   0   0   0   0     0.000     0.000     0.000    -0.014    -0.000     0.006     0.017
   7 0 0 0 1 1 1 1  11  19  31   0   0   0   0    50.471    66.273     5.507     0.000     0.000     0.000     0.000   0   0   0   0   0   0   0     0.000     0.000     0.000    -0.001     0.003     0.012     0.003
   7 0 0 0 1 1 1 1  28  20  26   0   0   0   0     5.487    62.469     5.914     0.000     0.000     0.000     0.000   0   0   0   0   0   0   0     0.000     0.000     0.000    -0.002     0.002     0.004     0.016
   7 0 0 0 1 1 1 1   1  25  19   0   0   0   0    22.016     5.562    66.267     0.000     0.000     0.000     0.000   0   0   0   0   0   0   0     0.000     0.000     0.000    -0.000     0.009    -0.002    -0.205
   7 0 1 0 1 1 1 1   2  25   2   0   0   0   0    21.468     5.562    21.470     0.000     0.000     0.000     0.000   0   0   0   0   0   0   0     0.000    -0.017     0.000    -0.000     0.009     0.084    -0.000
   7 0 0 0 1 1 1 1   0  12   7   0   0   0   0    21.151    45.676    19.923     0.000     0.000     0.000     0.000   0   0   0   0   0   0   0     0.000    -0.017     0.000    -0.004    -0.000     0.079     0.002
   7 0 0 0 1 1 1 1  13   0  19   0   0   0   0    48.707    21.145    66.277     0.000     0.000     0.000     0.000   0   0   0   0   0   0   0     0.000    -0.017     0.000     0.007     0.018    -0.001     0.004
   7 0 0 0 1 1 1 1   1   2   6   0   0   0   0    22.010    21.487    19.366     0.000     0.000     0.000     0.000   0   0   0   0   0   0   0     0.000    -0.017     0.000     0.055     0.001    -0.194    -0.002
   7 0 0 0 1 1 1 1  30   0   2   0   0   0   0     4.453    21.151    21.470     0.000     0.000     0.000     0.000   0   0   0   0   0   0   0     0.000    -0.017     0.000    -0.004    -0.017     0.174    -0.000
   7 0 0 0 1 1 1 1  11  11   3   0   0   0   0    48.992    41.195    23.302     0.000     0.000     0.000     0.000   0   0   0   0   0   0   0     0.000    -0.017     0.000    -0.008    -0.000     0.003     0.013
   7 0 0 0 1 1 1 1  17   6  13   0   0   0   0    55.715    19.366    48.707     0.000     0.000     0.000     0.000   0   0   0   0   0   0   0     0.000    -0.017     0.000    -0.093    -0.002     0.010     0.000
   7 0 0 0 1 1 1 1  23   7  11   0   0   0   0     5.449    19.923    50.666     0.000     0.000     0.000     0.000   0   0   0   0   0   0   0     0.000    -0.017     0.000    -0.088    -0.003     0.001     0.016
   7 0 0 0 1 1 1 1  21   7   1   0   0   0   0    68.448    19.923    21.864     0.000     0.000     0.000     0.000   0   0   0   0   0   0   0     0.000    -0.017     0.000    -0.013     0.000     0.007     0.015
   7 0 0 0 1 1 1 1   0  14   7   0   0   0   0    21.151    48.645    19.923     0.000     0.000     0.000     0.000   0   0   0   0   0   0   0     0.000    -0.017     0.000     0.000    -0.002     0.076     0.002
   7 0 0 0 1 1 1 1  23  20   5   0   0   0   0     5.588    62.380    22.373     0.000     0.000     0.000     0.000   0   0   0   0   0   0   0     0.000    -0.017     0.000    -0.005    -0.000     0.002     0.013
   7 0 1 0 1 1 1 1   2  20   2   0   0   0   0    21.468    62.380    21.470     0.000     0.000     0.000     0.000   0   0   0   0   0   0   0     0.000     0.020     0.000    -0.005    -0.000    -0.080     0.000
   7 0 0 0 1 1 1 1  22   7   7   0   0   0   0     5.494    19.923    19.923     0.000     0.000     0.000     0.000   0   0   0   0   0   0   0     0.000     0.020     0.000    -0.011     0.003     0.025    -0.003
   7 0 0 0 1 1 1 1  11  14  13   0   0   0   0    51.198    49.168    56.986     0.000     0.000     0.000     0.000   0   0   0   0   0   0   0     0.000     0.020     0.000     0.000    -0.008     0.012     0.002
   7 0 0 0 1 1 1 1  29  20   6   0   0   0   0     5.743    62.435    19.554     0.000     0.000     0.000     0.000   0   0   0   0   0   0   0     0.000     0.020     0.000    -0.002     0.001     0.011     0.002
   7 0 0 0 1 1 1 1   1   2  19   0   0   0   0    21.995    21.487    66.267     0.000     0.000     0.000     0.000   0   0   0   0   0   0   0     0.000     0.020     0.000     0.057     0.001    -0.002    -0.176
   7 0 0 0 1 1 1 1  11  30  31   0   0   0   0    49.510     4.453     5.512     0.000     0.000     0.000     0.000   0   0   0   0   0   0   0     0.000     0.020     0.000    -0.012    -0.000     0.006     0.015
   7 0 0 0 1 1 1 1   0  20   7   0   0   0   0    21.151    62.591    19.923     0.000     0.000     0.000     0.000   0   0   0   0   0   0   0     0.000     0.020     0.000    -0.001     0.004     0.072     0.001
   7 0 0 0 1 1 1 1  16   0  19   0   0   0   0    55.408    21.145    66.277     0.000     0.000     0.000     0.000   0   0   0   0   0   0   0     0.000     0.020     0.000     0.004     0.015    -0.001     0.003
   7 0 1 0 1 1 1 1   2   0   2   0   0   0   0    21.468    21.145    21.470     0.000     0.000     0.000     0.000   0   0   0   0   0   0   0     0.000     0.019     0.000     0.004     0.015    -0.069    -0.000
   7 0 0 0 1 1 1 1   0   7   7   0   0   0   0    21.151    19.923    19.923     0.000     0.000     0.000     0.000   0   0   0   0   0   0   0     0.000     0.019     0.000    -0.013    -0.000     0.164     0.001
   7 0 0 0 1 1 1 1   3  26   2   0   0   0   0    21.557     5.784    21.470     0.000     0.000     0.000     0.000   0   0   0   0   0   0   0     0.000     0.019     0.000    -0.007    -0.001     0.068     0.000
   7 0 0 0 1 1 1 1   7   0   0   0   0   0   0    19.923    21.148    21.151     0.000     0.000     0.000     0.000   0   0   0   0   0   0   0     0.000     0.019     0.000     0.003    -0.088    -0.000     0.004
   7 0 0 0 1 1 1 1  23   2  22   0   0   0   0     5.571    21.468     5.324     0.000     0.000     0.000     0.000   0   0   0   0   0   0   0     0.000     0.019     0.000     0.017    -0.003     0.023     0.002
   7 0 0 0 1 1 1 1  19  12   2   0   0   0   0    66.272    45.662    21.477     0.000     0.000     0.000     0.000   0   0   0   0   0   0   0     0.000     0.019     0.000    -0.007     0.000     0.156     0.001
   7 0 0 0 1 1 1 1   0  24   7   0   0   0   0    21.151     5.049    19.923     0.000     0.000     0.000     0.000   0   0   0   0   0   0   0     0.000     0.019     0.000    -0.002     0.001     0.065     0.001
   7 0 0 0 1 1 1 1   7   2   0   0   0   0   0    19.923    21.477    21.151     0.000     0.000     0.000     0.000   0   0   0   0   0   0   0     0.000     0.019     0.000    -0.084     0.002    -0.000     0.003
   7 0 0 0 1 1 1 1   1   2   6   0   0   0   0    21.995    21.487    19.366     0.000     0.000     0.000     0.000   0   0   0   0   0   0   0     0.000     0.019     0.000     0.054     0.001    -0.164    -0.002
   7 0 0 0 1 1 1 1  19  22   1   0   0   0   0    66.272     5.531    22.008     0.000     0.000     0.000     0.000   0   0   0   0   0   0   0     0.000     0.019     0.000     0.000    -0.007     0.001     0.148
   7 0 0 0 1 1 1 1  21  14   5   0   0   0   0    68.448    49.168    21.917     0.000     0.000     0.000     0.000   0   0   0   0   0   0   0     0.000     0.019     0.000     0.000    -0.007     0.000     0.007
   7 0 0 0 1 1 1 1  16   0  10   0   0   0   0    55.408    21.145    15.160     0.000     0.000     0.000     0.000   0   0   0   0   0   0   0     0.000     0.019     0.000     0.003     0.013     0.001    -0.002
   7 0 0 0 1 1 1 1  19   7   1   0   0   0   0    66.277    19.923    21.980     0.000     0.000     0.000     0.000   0   0   0   0   0   0   0     0.000     0.019     0.000    -0.156    -0.001     0.004     0.051
   7 0 0 0 1 1 1 1   7   1   7   0   0   0   0    19.923    21.910    19.923     0.000     0.000     0.000     0.000   0   0   0   0   0   0   0     0.000     0.019     0.000    -0.002    -0.012     0.085     0.000
   7 0 0 0 1 1 1 1  32   0   3   0   0   0   0     4.156    21.066    23.302     0.000     0.000     0.000     0.000   0   0   0   0   0   0   0     0.000     0.019     0.000    -0.006    -0.000     0.003     0.011
   7 0 0 0 1 1 1 1   7   2  13   0   0   0   0    19.923    21.477    48.707     0.000     0.000     0.000     0.000   0   0   0   0   0   0   0     0.000     0.019     0.000    -0.079     0.002     0.007    -0.000
   7 0 0 0 1 1 1 1  29   1   0   0   0   0   0     5.776    22.055    20.877     0.000     0.000     0.000     0.000   0   0   0   0   0   0   0     0.000     0.019     0.000    -0.000    -0.020     0.022     0.007
   7 0 0 0 1 1 1 1  28  30  14   0   0   0   0     5.553     4.453    46.637     0.000     0.000     0.000     0.000   0   0   0   0   0   0   0     0.000     0.019     0.000    -0.010    -0.000     0.006     0.012
   7 0 0 0 1 1 1 1  18  20  14   0   0   0   0    49.842    62.539    49.168     0.000     0.000     0.000     0.000   0   0   0   0   0   0   0     0.000     0.019     0.000     0.001     0.005    -0.001    -0.006
   7 0 0 0 1 1 1 1   7   0  29   0   0   0   0    19.923    21.148     5.743     0.000     0.000     0.000     0.000   0   0   0   0   0   0   0     0.000     0.019     0.000     0.002    -0.075    -0.000     0.005
   7 0 1 0 1 1 1 1   2   0   2   0   0   0   0    21.468    21.148    21.470     0.000     0.000     0.000     0.000   0   0   0   0   0   0   0     0.000     0.016     0.000     0.002    -0.075    -0.056    -0.000
   7 0 0 0 1 1 1 1  21   2   1   0   0   0   0    68.440    21.472    21.855     0.000     0.000     0.000     0.000   0   0   0   0   0   0   0     0.000     0.016     0.000     0.009    -0.001     0.005     0.011
   7 0 0 0 1 1 1 1   0  18   7   0   0   0   0    21.151    50.607    19.923     0.000     0.000     0.000     0.000   0   0   0   0   0   0   0     0.000     0.016     0.000     0.000    -0.003     0.062     0.001
   7 0 0 0 1 1 1 1   7   0   0   0   0   0   0    19.923    21.148    21.151     0.000     0.000     0.000     0.000   0   0   0   0   0   0   0     0.000     0.016     0.000     0.002    -0.072    -0.000     0.003
   7 0 0 0 1 1 1 1  23   7  11   0   0   0   0     5.449    19.923    50.471     0.000     0.000     0.000     0.000   0   0   0   0   0   0   0     0.000     0.016     0.000    -0.064    -0.002     0.001     0.012
   7 0 0 0 1 1 1 1  22  20   7   0   0   0   0     5.494    62.613    19.923     0.000     0.000     0.000     0.000   0   0   0   0   0   0   0     0.000     0.016     0.000     0.001     0.008     0.017    -0.002
   7 0 0 0 1 1 1 1  28  14   2   0   0   0   0     5.656    49.163    21.797     0.000     0.000     0.000     0.000   0   0   0   0   0   0   0     0.000     0.016     0.000     0.000    -0.005     0.005     0.011
   7 0 0 0 1 1 1 1   7   2  13   0   0   0   0    19.923    21.477    48.707     0.000     0.000     0.000     0.000   0   0   0   0   0   0   0     0.000     0.016     0.000    -0.068     0.001     0.007    -0.000
   7 0 0 0 1 1 1 1  19   7   1   0   0   0   0    66.277    19.923    21.980     0.000     0.000     0.000     0.000   0   0   0   0   0   0   0     0.000     0.016     0.000    -0.142    -0.000     0.003     0.052
   7 0 0 0 1 1 1 1   7   0   7   0   0   0   0    19.923    21.131    19.923     0.000     0.000     0.000     0.000   0   0   0   0   0   0   0     0.000     0.016     0.000    -0.007    -0.016     0.078     0.000
   7 0 0 0 1 1 1 1   0   0   7   0   0   0   0    21.151    21.146    19.923     0.000     0.000     0.000     0.000   0   0   0   0   0   0   0     0.000     0.016     0.000    -0.000    -0.003     0.058     0.001
   7 0 0 0 1 1 1 1  14   5  22   0   0   0   0    46.392    21.981     5.432     0.000     0.000     0.000     0.000   0   0   0   0   0   0   0     0.000     0.016     0.000     0.009     0.001    -0.005    -0.000
   7 0 0 0 1 1 1 1   1   4  13   0   0   0   0    22.055    21.963    47.927     0.000     0.000     0.000     0.000   0   0   0   0   0   0   0     0.000     0.016     0.000     0.016    -0.000     0.005    -0.018
   7 0 0 0 1 1 1 1  26   7   7   0   0   0   0     5.711    19.923    19.923     0.000     0.000     0.000     0.000   0   0   0   0   0   0   0     0.000     0.016     0.000    -0.012    -0.001     0.131     0.000
   7 0 0 0 1 1 1 1   0   2   7   0   0   0   0    21.150    21.487    19.923     0.000     0.000     0.000     0.000   0   0   0   0   0   0   0     0.000     0.016     0.000    -0.006    -0.000     0.056     0.001
   7 0 0 0 1 1 1 1   7   0  16   0   0   0   0    19.923    21.148    55.408     0.000     0.000     0.000     0.000   0   0   0   0   0   0   0     0.000     0.016     0.000     0.001    -0.065     0.004    -0.000
   7 0 0 0 1 1 1 1  23  30   0   0   0   0   0     5.629     4.453    20.755     0.000     0.000     0.000     0.000   0   0   0   0   0   0   0     0.000     0.016     0.000     0.010    -0.002     0.018     0.003
   7 0 0 0 1 1 1 1  22  24   7   0   0   0   0     5.494     5.499    19.923     0.000     0.000     0.000     0.000   0   0   0   0   0   0   0     0.000     0.016     0.000     0.001     0.007     0.015    -0.002
   7 0 0 0 1 1 1 1  25   2  13   0   0   0   0     5.916    21.468    56.877     0.000     0.000     0.000     0.000   0   0   0   0   0   0   0     0.000     0.016     0.000    -0.007     0.000     0.012     0.003
   7 0 0 0 1 1 1 1   7   0  26   0   0   0   0    19.923    21.148     5.914     0.000     0.000     0.000     0.000   0   0   0   0   0   0   0     0.000     0.016     0.000     0.001    -0.061     0.000     0.010
   7 0 0 0 1 1 1 1   1   2  19   0   0   0   0    21.995    21.487    66.267     0.000     0.000     0.000     0.000   0   0   0   0   0   0   0     0.000     0.016     0.000     0.049     0.001    -0.002    -0.135
   7 0 0 0 1 1 1 1  26   7   7   0   0   0   0     5.711    19.923    19.923     0.000     0.000     0.000     0.000   0   0   0   0   0   0   0     0.000     0.016     0.000    -0.011    -0.001     0.124     0.000
   7 0 0 0 1 1 1 1  11   0   3   0   0   0   0    48.794    21.066    23.302     0.000     0.000     0.000     0.000   0   0   0   0   0   0   0     0.000     0.016     0.000    -0.006     0.000     0.002     0.008
   7 0 0 0 1 1 1 1  23   0  22   0   0   0   0     5.588    21.095     5.432     0.000     0.000     0.000     0.000   0   0   0   0   0   0   0     0.000     0.016     0.000    -0.009    -0.001     0.000     0.003
   7 0 0 0 1 1 1 1   1   4  22   0   0   0   0    22.046    21.963     4.981     0.000     0.000     0.000     0.000   0   0   0   0   0   0   0     0.000     0.016     0.000     0.018    -0.000    -0.030    -0.008
   7 0 0 0 1 1 1 1  30   6   2   0   0   0   0     4.453    19.393    21.470     0.000     0.000     0.000     0.000   0   0   0   0   0   0   0     0.000     0.016     0.000    -0.013    -0.001     0.118    -0.000
   7 0 0 0 1 1 1 1  14  20   6   0   0   0   0    48.221    62.539    19.366     0.000     0.000     0.000     0.000   0   0   0   0   0   0   0     0.000     0.016     0.000     0.000     0.004     0.000    -0.002
   7 0 0 0 1 1 1 1   7   0   2   0   0   0   0    19.923    21.148    21.470     0.000     0.000     0.000     0.000   0   0   0   0   0   0   0     0.000     0.016     0.000     0.001    -0.058     0.006    -0.000
   7 0 0 0 1 1 1 1  11   7   0   0   0   0   0    42.684    19.923    21.399     0.000     0.000     0.000     0.000   0   0   0   0   0   0   0     0.000     0.016     0.000    -0.054    -0.002     0.001    -0.029
   7 0 0 0 1 1 1 1  22  21   7   0   0   0   0     5.521    68.448    19.923     0.000     0.000     0.000     0.000   0   0   0   0   0   0   0     0.000     0.016     0.000     0.001     0.007     0.016    -0.003
   7 0 0 0 1 1 1 1   0   2   7   0   0   0   0    21.150    21.487    19.923     0.000     0.000     0.000     0.000   0   0   0   0   0   0   0     0.000     0.016     0.000    -0.006    -0.000     0.053     0.001
   7 0 0 0 1 1 1 1  20   7   9   0   0   0   0    62.591    19.923    18.035     0.000     0.000     0.000     0.000   0   0   0   0   0   0   0     0.000     0.016     0.000    -0.009    -0.000     0.004    -0.004
   7 0 0 0 1 1 1 1  19   7   1   0   0   0   0    66.277    19.923    21.980     0.000     0.000     0.000     0.000   0   0   0   0   0   0   0     0.000     0.016     0.000    -0.125    -0.000     0.003     0.050
   7 0 0 0 1 1 1 1   7   0   7   0   0   0   0    19.922    21.131    19.923     0.000     0.000     0.000     0.000   0   0   0   0   0   0   0     0.000     0.016     0.000    -0.005    -0.015     0.028     0.000
   7 0 0 0 1 1 1 1  28   7   0   0   0   0   0     5.656    19.923    21.239     0.000     0.000     0.000     0.000   0   0   0   0   0   0   0     0.000     0.016     0.000    -0.004     0.000     0.005     0.010
   7 0 0 0 1 1 1 1  14  21  22   0   0   0   0    46.384    68.151     5.533     0.000     0.000     0.000     0.000   0   0   0   0   0   0   0     0.000     0.016     0.000     0.001     0.009    -0.001     0.003
   7 0 0 0 1 1 1 1   1   4   0   0   0   0   0    22.046    21.963    21.399     0.000     0.000     0.000     0.000   0   0   0   0   0   0   0     0.000     0.016     0.000     0.016    -0.000    -0.007    -0.027
   7 0 0 0 1 1 1 1  26   7   7   0   0   0   0     5.711    19.923    19.923     0.000     0.000     0.000     0.000   0   0   0   0   0   0   0     0.000     0.016     0.000    -0.011    -0.000     0.110     0.000
   7 0 0 0 1 1 1 1   2   2   2   0   0   0   0    21.468    21.467    21.470     0.000     0.000     0.000     0.000   0   0   0   0   0   0   0     0.000     0.016     0.000    -0.007    -0.003     0.024    -0.000
   7 0 0 0 1 1 1 1   1   2   6   0   0   0   0    21.998    21.487    19.366     0.000     0.000     0.000     0.000   0   0   0   0   0   0   0     0.000     0.016     0.000     0.025     0.000    -0.055    -0.001
   7 0 0 0 1 1 1 1  19   7   1   0   0   0   0    66.277    19.923    21.980     0.000     0.000     0.000     0.000   0   0   0   0   0   0   0     0.000     0.016     0.000    -0.119    -0.000     0.003     0.047
