  248
   1 1   0     0.000   0     5.058
   1 1   0     0.000   0     5.578
   1 1   0     0.000   0     5.862
   1 1   0     0.000   0     6.123
   7 0 1 0 0 0 1 1   0   0   0   0   0   0   0    20.982     0.000    21.350     0.000     0.000     0.000     0.000   0   0   0   0   0   0   0     0.000     0.601     0.000     0.000     0.000    -0.030    -0.250
   7 0 0 1 1 1 1 1   0   0   0   0   0   0   0    21.350    20.982    21.350     0.000     0.000     0.000     0.000   0   0   0   0   0   0   0     0.000     0.601    -0.139     0.096     0.015    -0.030    -0.250
   7 0 1 1 1 1 1 1   2   0   0   0   0   0   0    21.810    20.982    21.350     0.000     0.000     0.000     0.000   0   0   0   0   0   0   0     0.000     0.061    -0.230     0.096     0.015    -0.030    -0.250
   7 0 1 0 1 1 1 1   0   0   0   0   0   0   0    20.982    20.982    21.350     0.000     0.000     0.000     0.000   0   0   0   0   0   0   0     0.000    -0.630    -0.230     0.096     0.015     0.100    -0.078
   7 0 1 0 1 1 1 1   0   0  12   0   0   0   0    20.982    20.982    50.917     0.000     0.000     0.000     0.000   0   0   0   0   0   0   0     0.000     0.571    -0.230     0.096     0.015    -0.233    -0.027
   7 0 0 1 1 1 1 1   0   0  12   0   0   0   0    21.350    20.982    50.917     0.000     0.000     0.000     0.000   0   0   0   0   0   0   0     0.000     0.571    -0.130     0.091     0.014    -0.233    -0.027
   7 0 1 1 1 1 1 1   2   0  12   0   0   0   0    21.810    20.982    50.917     0.000     0.000     0.000     0.000   0   0   0   0   0   0   0     0.000     0.056    -0.213     0.091     0.014    -0.233    -0.027
   7 0 1 0 1 1 1 1   0   0   0   0   0   0   0    20.982    20.982    21.350     0.000     0.000     0.000     0.000   0   0   0   0   0   0   0     0.000    -0.599    -0.213     0.091     0.014     0.090    -0.072
   7 0 1 0 1 1 1 1   0   0   0   0   0   0   0    20.982    20.982    21.350     0.000     0.000     0.000     0.000   0   0   0   0   0   0   0     0.000     0.542    -0.213     0.091     0.014    -0.025    -0.218
   7 0 1 0 1 1 1 1  12   0   0   0   0   0   0    49.838    20.982    20.982     0.000     0.000     0.000     0.000   0   0   0   0   0   0   0     0.000    -0.122    -0.213     0.091     0.014     0.087     0.012
   7 0 1 1 1 1 1 1  12   0   0   0   0   0   0    51.642    20.982    20.982     0.000     0.000     0.000     0.000   0   0   0   0   0   0   0     0.000    -0.197     0.051     0.091     0.014     0.087     0.012
   7 0 1 0 1 1 1 1   0   0   0   0   0   0   0    20.982    20.982    21.350     0.000     0.000     0.000     0.000   0   0   0   0   0   0   0     0.000    -0.569     0.051     0.091     0.014     0.082    -0.068
   7 0 1 0 1 1 1 1   0   0   0   0   0   0   0    20.982    20.982    21.350     0.000     0.000     0.000     0.000   0   0   0   0   0   0   0     0.000     0.515     0.051     0.091     0.014    -0.022    -0.203
   7 0 0 1 1 1 1 1   0   0   0   0   0   0   0    21.350    20.982    21.350     0.000     0.000     0.000     0.000   0   0   0   0   0   0   0     0.000     0.515    -0.113     0.082     0.011    -0.022    -0.203
   7 0 1 1 1 1 1 1   2   0   0   0   0   0   0    21.810    20.982    21.350     0.000     0.000     0.000     0.000   0   0   0   0   0   0   0     0.000     0.046    -0.182     0.082     0.011    -0.022    -0.203
   7 0 1 0 1 1 1 1   0   0   0   0   0   0   0    20.982    20.982    21.350     0.000     0.000     0.000     0.000   0   0   0   0   0   0   0     0.000    -0.541    -0.182     0.082     0.011     0.074    -0.063
   7 0 1 0 1 1 1 1   0   0   0   0   0   0   0    20.982    20.982    21.350     0.000     0.000     0.000     0.000   0   0   0   0   0   0   0     0.000     0.489    -0.182     0.082     0.011    -0.020    -0.190
   7 0 0 1 1 1 1 1   0   0   0   0   0   0   0    21.350    20.982    21.350     0.000     0.000     0.000     0.000   0   0   0   0   0   0   0     0.000     0.489    -0.106     0.078     0.010    -0.020    -0.190
   7 0 1 1 1 1 1 1   2   0   0   0   0   0   0    21.810    20.982    21.350     0.000     0.000     0.000     0.000   0   0   0   0   0   0   0     0.000     0.042    -0.169     0.078     0.010    -0.020    -0.190
   7 0 1 0 1 1 1 1   0   0   0   0   0   0   0    20.982    20.982    21.350     0.000     0.000     0.000     0.000   0   0   0   0   0   0   0     0.000    -0.514    -0.169     0.078     0.010     0.067    -0.059
   7 0 1 0 1 1 1 1   0   0   0   0   0   0   0    20.982    20.982    21.350     0.000     0.000     0.000     0.000   0   0   0   0   0   0   0     0.000     0.465    -0.169     0.078     0.010    -0.018    -0.177
   7 0 1 0 1 1 1 1  12   0   0   0   0   0   0    49.838    20.982    20.982     0.000     0.000     0.000     0.000   0   0   0   0   0   0   0     0.000    -0.099    -0.169     0.078     0.010     0.074     0.009
   7 0 1 1 1 1 1 1   2   0   0   0   0   0   0    21.810    20.982    20.982     0.000     0.000     0.000     0.000   0   0   0   0   0   0   0     0.000     0.038    -0.156     0.078     0.010     0.074     0.009
   7 0 1 0 1 1 1 1   0   0   0   0   0   0   0    20.982    20.982    21.350     0.000     0.000     0.000     0.000   0   0   0   0   0   0   0     0.000    -0.488    -0.156     0.078     0.010     0.061    -0.055
   7 0 1 0 1 1 1 1   0   0   0   0   0   0   0    20.982    20.982    21.350     0.000     0.000     0.000     0.000   0   0   0   0   0   0   0     0.000     0.442    -0.156     0.078     0.010    -0.017    -0.165
   7 0 1 0 1 1 1 1  12   0   0   0   0   0   0    49.838    20.982    20.982     0.000     0.000     0.000     0.000   0   0   0   0   0   0   0     0.000    -0.092    -0.156     0.078     0.010     0.070     0.008
   7 0 1 1 1 1 1 1   2   0   0   0   0   0   0    21.810    20.982    20.982     0.000     0.000     0.000     0.000   0   0   0   0   0   0   0     0.000     0.034    -0.144     0.078     0.010     0.070     0.008
   7 0 1 0 1 1 1 1   0   0   0   0   0   0   0    20.982    20.982    21.350     0.000     0.000     0.000     0.000   0   0   0   0   0   0   0     0.000    -0.463    -0.144     0.078     0.010     0.055    -0.051
   7 0 1 0 1 1 1 1   0   0   0   0   0   0   0    20.982    20.982    21.350     0.000     0.000     0.000     0.000   0   0   0   0   0   0   0     0.000     0.420    -0.144     0.078     0.010    -0.015    -0.154
   7 0 0 1 1 1 1 1   0   0   0   0   0   0   0    21.350    20.982    21.350     0.000     0.000     0.000     0.000   0   0   0   0   0   0   0     0.000     0.420    -0.086     0.067     0.008    -0.015    -0.154
   7 0 1 1 1 1 1 1   2   0   0   0   0   0   0    21.810    20.982    21.350     0.000     0.000     0.000     0.000   0   0   0   0   0   0   0     0.000     0.031    -0.134     0.067     0.008    -0.015    -0.154
   7 0 1 0 1 1 1 1   0   0   0   0   0   0   0    20.982    20.982    21.350     0.000     0.000     0.000     0.000   0   0   0   0   0   0   0     0.000    -0.440    -0.134     0.067     0.008     0.050    -0.048
   7 0 1 0 1 1 1 1   0   0  12   0   0   0   0    20.982    20.982    50.917     0.000     0.000     0.000     0.000   0   0   0   0   0   0   0     0.000     0.399    -0.134     0.067     0.008    -0.144    -0.014
   7 0 0 1 1 1 1 1   0   0  12   0   0   0   0    21.350    20.982    50.917     0.000     0.000     0.000     0.000   0   0   0   0   0   0   0     0.000     0.399    -0.080     0.064     0.007    -0.144    -0.014
   7 0 1 1 1 1 1 1   2   0  12   0   0   0   0    21.810    20.982    50.917     0.000     0.000     0.000     0.000   0   0   0   0   0   0   0     0.000     0.028    -0.123     0.064     0.007    -0.144    -0.014
   7 0 1 0 1 1 1 1   0   0   0   0   0   0   0    20.982    20.982    21.350     0.000     0.000     0.000     0.000   0   0   0   0   0   0   0     0.000    -0.418    -0.123     0.064     0.007     0.045    -0.045
   7 0 0 1 1 1 1 1  14   0   0   0   0   0   0    46.451    21.350    21.350     0.000     0.000     0.000     0.000   0   0   0   0   0   0   0     0.000    -0.418     0.379    -0.012    -0.134     0.045    -0.045
   7 0 0 1 1 1 1 1   0   0   0   0   0   0   0    21.350    20.982    21.350     0.000     0.000     0.000     0.000   0   0   0   0   0   0   0     0.000    -0.418    -0.075     0.060     0.006     0.045    -0.045
   7 0 1 1 1 1 1 1   2   0   0   0   0   0   0    21.810    20.982    21.350     0.000     0.000     0.000     0.000   0   0   0   0   0   0   0     0.000     0.025    -0.114     0.060     0.006     0.045    -0.045
   7 0 1 0 1 1 1 1   0   0   0   0   0   0   0    20.982    20.982    21.350     0.000     0.000     0.000     0.000   0   0   0   0   0   0   0     0.000    -0.397    -0.114     0.060     0.006     0.041    -0.042
   7 0 1 0 1 1 1 1   0   0   0   0   0   0   0    20.982    20.982    21.350     0.000     0.000     0.000     0.000   0   0   0   0   0   0   0     0.000     0.360    -0.114     0.060     0.006    -0.011    -0.125
   7 0 0 1 1 1 1 1   0   0   0   0   0   0   0    21.350    20.982    21.350     0.000     0.000     0.000     0.000   0   0   0   0   0   0   0     0.000     0.360    -0.070     0.057     0.006    -0.011    -0.125
   7 0 1 1 1 1 1 1   2   0   0   0   0   0   0    21.810    20.982    21.350     0.000     0.000     0.000     0.000   0   0   0   0   0   0   0     0.000     0.023    -0.106     0.057     0.006    -0.011    -0.125
   7 0 0 1 1 1 1 1  14   0   0   0   0   0   0    46.451    21.350    21.350     0.000     0.000     0.000     0.000   0   0   0   0   0   0   0     0.000     0.023    -0.377     0.037    -0.039    -0.011    -0.125
   7 0 1 0 1 1 1 1   0   0   0   0   0   0   0    20.982    21.350    21.350     0.000     0.000     0.000     0.000   0   0   0   0   0   0   0     0.000     0.342    -0.377     0.037    -0.039    -0.010    -0.117
   7 0 0 1 1 1 1 1   0   0   0   0   0   0   0    21.350    20.982    21.350     0.000     0.000     0.000     0.000   0   0   0   0   0   0   0     0.000     0.342    -0.065     0.055     0.005    -0.010    -0.117
   7 0 0 1 1 1 1 1  12  12   0   0   0   0   0    51.642    49.838    21.350     0.000     0.000     0.000     0.000   0   0   0   0   0   0   0     0.000     0.342     0.021    -0.046    -0.127    -0.010    -0.117
   7 0 1 0 1 1 1 1   0  12   0   0   0   0   0    20.982    49.838    21.350     0.000     0.000     0.000     0.000   0   0   0   0   0   0   0     0.000    -0.359     0.021    -0.046    -0.127     0.034    -0.036
   7 0 0 1 1 1 1 1  14   0   0   0   0   0   0    46.451    21.350    21.350     0.000     0.000     0.000     0.000   0   0   0   0   0   0   0     0.000    -0.359     0.325    -0.009    -0.109     0.034    -0.036
   7 0 0 1 1 1 1 1   0   0   0   0   0   0   0    21.350    20.982    21.350     0.000     0.000     0.000     0.000   0   0   0   0   0   0   0     0.000    -0.359    -0.061     0.052     0.005     0.034    -0.036
   7 0 1 0 1 1 1 1   2   0  12   0   0   0   0    21.810    20.982    49.838     0.000     0.000     0.000     0.000   0   0   0   0   0   0   0     0.000     0.019    -0.061     0.052     0.005    -0.043    -0.120
   7 0 1 0 1 1 1 1   0   0   0   0   0   0   0    20.982    20.982    21.350     0.000     0.000     0.000     0.000   0   0   0   0   0   0   0     0.000    -0.341    -0.061     0.052     0.005     0.031    -0.034
   7 0 1 0 1 1 1 1   0   0  12   0   0   0   0    20.982    20.982    50.917     0.000     0.000     0.000     0.000   0   0   0   0   0   0   0     0.000     0.308    -0.061     0.052     0.005    -0.102    -0.008
   7 0 0 1 1 1 1 1   0   2  12   0   0   0   0    21.350    21.810    50.917     0.000     0.000     0.000     0.000   0   0   0   0   0   0   0     0.000     0.308    -0.057     0.004     0.049    -0.102    -0.008
   7 0 1 0 1 1 1 1   2   2   0   0   0   0   0    21.810    21.810    21.069     0.000     0.000     0.000     0.000   0   0   0   0   0   0   0     0.000     0.017    -0.057     0.004     0.049    -0.114    -0.040
   7 0 1 0 1 1 1 1   0   2   0   0   0   0   0    20.982    21.810    21.350     0.000     0.000     0.000     0.000   0   0   0   0   0   0   0     0.000    -0.324    -0.057     0.004     0.049     0.028    -0.032
   7 0 1 0 1 1 1 1   0   2   0   0   0   0   0    20.982    21.810    21.350     0.000     0.000     0.000     0.000   0   0   0   0   0   0   0     0.000     0.293    -0.057     0.004     0.049    -0.008    -0.095
   7 0 0 1 1 1 1 1   0   0   0   0   0   0   0    21.350    20.982    21.350     0.000     0.000     0.000     0.000   0   0   0   0   0   0   0     0.000     0.293    -0.053     0.047     0.004    -0.008    -0.095
   7 0 1 0 1 1 1 1   2   0   0   0   0   0   0    21.810    20.982    21.069     0.000     0.000     0.000     0.000   0   0   0   0   0   0   0     0.000     0.016    -0.053     0.047     0.004    -0.109    -0.037
   7 0 1 0 1 1 1 1   0   0   0   0   0   0   0    20.982    20.982    21.350     0.000     0.000     0.000     0.000   0   0   0   0   0   0   0     0.000    -0.307    -0.053     0.047     0.004     0.025    -0.030
   7 0 1 0 1 1 1 1   0   0   0   0   0   0   0    20.982    20.982    21.350     0.000     0.000     0.000     0.000   0   0   0   0   0   0   0     0.000     0.278    -0.053     0.047     0.004    -0.007    -0.089
   7 0 0 1 1 1 1 1   0   2   0   0   0   0   0    21.350    21.810    21.350     0.000     0.000     0.000     0.000   0   0   0   0   0   0   0     0.000     0.278    -0.050     0.003     0.044    -0.007    -0.089
   7 0 1 0 1 1 1 1   2   2   0   0   0   0   0    21.810    21.810    21.069     0.000     0.000     0.000     0.000   0   0   0   0   0   0   0     0.000     0.014    -0.050     0.003     0.044    -0.103    -0.035
   7 0 1 0 1 1 1 1   0   2   0   0   0   0   0    20.982    21.810    21.350     0.000     0.000     0.000     0.000   0   0   0   0   0   0   0     0.000    -0.292    -0.050     0.003     0.044     0.023    -0.028
   7 0 1 0 1 1 1 1   0   2   0   0   0   0   0    20.982    21.810    21.350     0.000     0.000     0.000     0.000   0   0   0   0   0   0   0     0.000     0.264    -0.050     0.003     0.044    -0.006    -0.083
   7 0 0 1 1 1 1 1   0   2   0   0   0   0   0    21.350    21.810    21.350     0.000     0.000     0.000     0.000   0   0   0   0   0   0   0     0.000     0.264    -0.046     0.003     0.042    -0.006    -0.083
   7 0 1 0 1 1 1 1   2   2  12   0   0   0   0    21.810    21.810    49.838     0.000     0.000     0.000     0.000   0   0   0   0   0   0   0     0.000     0.013    -0.046     0.003     0.042    -0.032    -0.098
   7 0 1 0 1 1 1 1   0   2   0   0   0   0   0    20.982    21.810    21.350     0.000     0.000     0.000     0.000   0   0   0   0   0   0   0     0.000    -0.277    -0.046     0.003     0.042     0.021    -0.026
   7 0 1 0 1 1 1 1   0   2   0   0   0   0   0    20.982    21.810    21.350     0.000     0.000     0.000     0.000   0   0   0   0   0   0   0     0.000     0.251    -0.046     0.003     0.042    -0.006    -0.077
   7 0 0 1 1 1 1 1   0   0   0   0   0   0   0    21.350    20.982    21.350     0.000     0.000     0.000     0.000   0   0   0   0   0   0   0     0.000     0.251    -0.043     0.040     0.003    -0.006    -0.077
   7 0 1 0 1 1 1 1   2   0   0   0   0   0   0    21.810    20.982    21.069     0.000     0.000     0.000     0.000   0   0   0   0   0   0   0     0.000     0.012    -0.043     0.040     0.003    -0.093    -0.030
   7 0 1 0 1 1 1 1   0   0   0   0   0   0   0    20.982    20.982    21.350     0.000     0.000     0.000     0.000   0   0   0   0   0   0   0     0.000    -0.264    -0.043     0.040     0.003     0.019    -0.024
   7 0 1 0 1 1 1 1   0   0  12   0   0   0   0    20.982    20.982    50.917     0.000     0.000     0.000     0.000   0   0   0   0   0   0   0     0.000     0.239    -0.043     0.040     0.003    -0.072    -0.005
   7 0 0 1 1 1 1 1   0   0  12   0   0   0   0    21.350    20.982    50.917     0.000     0.000     0.000     0.000   0   0   0   0   0   0   0     0.000     0.239    -0.040     0.038     0.003    -0.072    -0.005
   7 0 1 0 1 1 1 1   2   0   0   0   0   0   0    21.810    20.982    21.069     0.000     0.000     0.000     0.000   0   0   0   0   0   0   0     0.000     0.011    -0.040     0.038     0.003    -0.088    -0.028
   7 0 1 0 1 1 1 1   0   0   0   0   0   0   0    20.982    20.982    21.350     0.000     0.000     0.000     0.000   0   0   0   0   0   0   0     0.000    -0.250    -0.040     0.038     0.003     0.017    -0.022
   7 0 1 0 1 1 1 1   0   0   0   0   0   0   0    20.982    20.982    21.350     0.000     0.000     0.000     0.000   0   0   0   0   0   0   0     0.000     0.227    -0.040     0.038     0.003    -0.005    -0.067
   7 0 0 1 1 1 1 1   0   0   0   0   0   0   0    21.350    20.982    21.350     0.000     0.000     0.000     0.000   0   0   0   0   0   0   0     0.000     0.227    -0.038     0.036     0.002    -0.005    -0.067
   7 0 1 0 1 1 1 1   2   0  12   0   0   0   0    21.810    20.982    49.838     0.000     0.000     0.000     0.000   0   0   0   0   0   0   0     0.000     0.010    -0.038     0.036     0.002    -0.026    -0.084
   7 0 0 1 1 1 1 1  14   0  12   0   0   0   0    46.451    21.350    49.838     0.000     0.000     0.000     0.000   0   0   0   0   0   0   0     0.000     0.010    -0.238     0.015    -0.021    -0.026    -0.084
   7 0 1 0 1 1 1 1   0   0   0   0   0   0   0    20.982    21.350    21.350     0.000     0.000     0.000     0.000   0   0   0   0   0   0   0     0.000     0.215    -0.238     0.015    -0.021    -0.004    -0.063
   7 0 0 1 1 1 1 1   0   0   0   0   0   0   0    21.350    20.982    21.350     0.000     0.000     0.000     0.000   0   0   0   0   0   0   0     0.000     0.215    -0.035     0.034     0.002    -0.004    -0.063
   7 0 1 0 1 1 1 1   2   0  12   0   0   0   0    21.810    20.982    49.838     0.000     0.000     0.000     0.000   0   0   0   0   0   0   0     0.000     0.009    -0.035     0.034     0.002    -0.025    -0.080
   7 0 1 0 1 1 1 1   0   0   0   0   0   0   0    20.982    20.982    21.350     0.000     0.000     0.000     0.000   0   0   0   0   0   0   0     0.000    -0.226    -0.035     0.034     0.002     0.014    -0.020
   7 0 0 1 1 1 1 1  14   0   0   0   0   0   0    46.451    21.350    21.350     0.000     0.000     0.000     0.000   0   0   0   0   0   0   0     0.000    -0.226     0.205    -0.004    -0.059     0.014    -0.020
   7 0 0 1 1 1 1 1   0   0   0   0   0   0   0    21.350    20.982    21.350     0.000     0.000     0.000     0.000   0   0   0   0   0   0   0     0.000    -0.226    -0.033     0.033     0.002     0.014    -0.020
   7 0 1 0 1 1 1 1   2   0   0   0   0   0   0    21.810    20.982    21.069     0.000     0.000     0.000     0.000   0   0   0   0   0   0   0     0.000     0.008    -0.033     0.033     0.002    -0.076    -0.023
   7 0 1 0 1 1 1 1   0   0   0   0   0   0   0    20.982    20.982    21.350     0.000     0.000     0.000     0.000   0   0   0   0   0   0   0     0.000    -0.215    -0.033     0.033     0.002     0.013    -0.018
   7 0 0 1 1 1 1 1  14   0   0   0   0   0   0    46.451    21.350    21.350     0.000     0.000     0.000     0.000   0   0   0   0   0   0   0     0.000    -0.215     0.194    -0.003    -0.055     0.013    -0.018
   7 0 0 1 1 1 1 1   0   0   0   0   0   0   0    21.350    20.982    21.350     0.000     0.000     0.000     0.000   0   0   0   0   0   0   0     0.000    -0.215    -0.031     0.031     0.002     0.013    -0.018
   7 0 1 0 1 1 1 1   2   0   0   0   0   0   0    21.810    20.982    21.069     0.000     0.000     0.000     0.000   0   0   0   0   0   0   0     0.000     0.007    -0.031     0.031     0.002    -0.072    -0.021
   7 0 1 0 1 1 1 1   0   0   0   0   0   0   0    20.982    20.982    21.350     0.000     0.000     0.000     0.000   0   0   0   0   0   0   0     0.000    -0.204    -0.031     0.031     0.002     0.012    -0.017
   7 0 1 0 1 1 1 1   0   0   0   0   0   0   0    20.982    20.982    21.350     0.000     0.000     0.000     0.000   0   0   0   0   0   0   0     0.000     0.185    -0.031     0.031     0.002    -0.003    -0.051
   7 0 1 0 1 1 1 1  12   0   0   0   0   0   0    49.838    20.982    20.982     0.000     0.000     0.000     0.000   0   0   0   0   0   0   0     0.000    -0.029    -0.031     0.031     0.002     0.029     0.002
   7 0 1 0 1 1 1 1   2   0   0   0   0   0   0    21.810    20.982    21.069     0.000     0.000     0.000     0.000   0   0   0   0   0   0   0     0.000     0.006    -0.031     0.031     0.002    -0.068    -0.020
   7 0 1 0 1 1 1 1   0   0   0   0   0   0   0    20.982    20.982    21.350     0.000     0.000     0.000     0.000   0   0   0   0   0   0   0     0.000    -0.194    -0.031     0.031     0.002     0.010    -0.016
   7 0 1 0 1 1 1 1   0   0   0   0   0   0   0    20.982    20.982    21.350     0.000     0.000     0.000     0.000   0   0   0   0   0   0   0     0.000     0.175    -0.031     0.031     0.002    -0.003    -0.048
   7 0 0 1 1 1 1 1   0   0   0   0   0   0   0    21.350    20.982    21.350     0.000     0.000     0.000     0.000   0   0   0   0   0   0   0     0.000     0.175    -0.027     0.028     0.001    -0.003    -0.048
   7 0 0 1 1 1 1 1  12   0   0   0   0   0   0    51.642    21.069    21.350     0.000     0.000     0.000     0.000   0   0   0   0   0   0   0     0.000     0.175     0.006    -0.065    -0.019    -0.003    -0.048
   7 0 0 1 1 1 1 1  14   0   0   0   0   0   0    46.451    21.350    21.350     0.000     0.000     0.000     0.000   0   0   0   0   0   0   0     0.000     0.175    -0.184     0.009    -0.015    -0.003    -0.048
   7 0 1 0 1 1 1 1   0   0  12   0   0   0   0    20.982    21.350    50.917     0.000     0.000     0.000     0.000   0   0   0   0   0   0   0     0.000     0.167    -0.184     0.009    -0.015    -0.045    -0.003
   7 0 0 1 1 1 1 1   0   0  12   0   0   0   0    21.350    20.982    50.917     0.000     0.000     0.000     0.000   0   0   0   0   0   0   0     0.000     0.167    -0.025     0.027     0.001    -0.045    -0.003
   7 0 0 1 1 1 1 1  12   0  12   0   0   0   0    51.642    21.069    50.917     0.000     0.000     0.000     0.000   0   0   0   0   0   0   0     0.000     0.167     0.005    -0.062    -0.017    -0.045    -0.003
   7 0 1 0 1 1 1 1   0   0   0   0   0   0   0    20.982    21.069    21.350     0.000     0.000     0.000     0.000   0   0   0   0   0   0   0     0.000    -0.175     0.005    -0.062    -0.017     0.009    -0.014
   7 0 1 0 1 1 1 1   0   0   0   0   0   0   0    20.982    21.069    21.350     0.000     0.000     0.000     0.000   0   0   0   0   0   0   0     0.000     0.158     0.005    -0.062    -0.017    -0.002    -0.042
   7 0 0 1 1 1 1 1   0   0   0   0   0   0   0    21.350    20.982    21.350     0.000     0.000     0.000     0.000   0   0   0   0   0   0   0     0.000     0.158    -0.023     0.025     0.001    -0.002    -0.042
   7 0 1 0 1 1 1 1   2   0  12   0   0   0   0    21.810    20.982    49.838     0.000     0.000     0.000     0.000   0   0   0   0   0   0   0     0.000     0.005    -0.023     0.025     0.001    -0.016    -0.059
   7 0 1 0 1 1 1 1   0   0   0   0   0   0   0    20.982    20.982    21.350     0.000     0.000     0.000     0.000   0   0   0   0   0   0   0     0.000    -0.166    -0.023     0.025     0.001     0.008    -0.013
   7 0 1 0 1 1 1 1   0   0   0   0   0   0   0    20.982    20.982    21.350     0.000     0.000     0.000     0.000   0   0   0   0   0   0   0     0.000     0.150    -0.023     0.025     0.001    -0.002    -0.039
   7 0 0 1 1 1 1 1   0   0   0   0   0   0   0    21.350    20.982    21.350     0.000     0.000     0.000     0.000   0   0   0   0   0   0   0     0.000     0.150    -0.022     0.024     0.001    -0.002    -0.039
   7 0 1 0 1 1 1 1   2   0  12   0   0   0   0    21.810    20.982    49.838     0.000     0.000     0.000     0.000   0   0   0   0   0   0   0     0.000     0.004    -0.022     0.024     0.001    -0.015    -0.056
   7 0 1 0 1 1 1 1   0   0   0   0   0   0   0    20.982    20.982    21.350     0.000     0.000     0.000     0.000   0   0   0   0   0   0   0     0.000    -0.158    -0.022     0.024     0.001     0.007    -0.012
   7 0 1 0 1 1 1 1   0   0  12   0   0   0   0    20.982    20.982    50.917     0.000     0.000     0.000     0.000   0   0   0   0   0   0   0     0.000     0.143    -0.022     0.024     0.001    -0.036    -0.002
   7 0 0 1 1 1 1 1   0   2  12   0   0   0   0    21.350    21.810    50.917     0.000     0.000     0.000     0.000   0   0   0   0   0   0   0     0.000     0.143    -0.020     0.001     0.023    -0.036    -0.002
   7 0 1 0 1 1 1 1   2   2  12   0   0   0   0    21.810    21.810    49.838     0.000     0.000     0.000     0.000   0   0   0   0   0   0   0     0.000     0.004    -0.020     0.001     0.023    -0.014    -0.053
   7 0 1 0 1 1 1 1   0   2   0   0   0   0   0    20.982    21.810    21.350     0.000     0.000     0.000     0.000   0   0   0   0   0   0   0     0.000    -0.150    -0.020     0.001     0.023     0.006    -0.011
   7 0 1 0 1 1 1 1   0   2   0   0   0   0   0    20.982    21.810    21.350     0.000     0.000     0.000     0.000   0   0   0   0   0   0   0     0.000     0.136    -0.020     0.001     0.023    -0.002    -0.034
   7 0 1 0 1 1 1 1  12   2   0   0   0   0   0    49.838    21.810    20.982     0.000     0.000     0.000     0.000   0   0   0   0   0   0   0     0.000    -0.019    -0.020     0.001     0.023     0.022     0.001
   7 0 1 0 1 1 1 1   2   2   0   0   0   0   0    21.810    21.810    21.069     0.000     0.000     0.000     0.000   0   0   0   0   0   0   0     0.000     0.004    -0.020     0.001     0.023    -0.050    -0.013
   7 0 1 0 1 1 1 1   0   2   0   0   0   0   0    20.982    21.810    21.350     0.000     0.000     0.000     0.000   0   0   0   0   0   0   0     0.000    -0.142    -0.020     0.001     0.023     0.006    -0.010
   7 0 1 0 1 1 1 1   0   2   0   0   0   0   0    20.982    21.810    21.350     0.000     0.000     0.000     0.000   0   0   0   0   0   0   0     0.000     0.129    -0.020     0.001     0.023    -0.002    -0.032
   7 0 1 0 1 1 1 1  12   2   0   0   0   0   0    49.838    21.810    20.982     0.000     0.000     0.000     0.000   0   0   0   0   0   0   0     0.000    -0.018    -0.020     0.001     0.023     0.021     0.001
   7 0 1 0 1 1 1 1   0   2   0   0   0   0   0    20.982    21.810    21.350     0.000     0.000     0.000     0.000   0   0   0   0   0   0   0     0.000    -0.048    -0.020     0.001     0.023     0.003    -0.012
   7 0 1 0 1 1 1 1   0   2   0   0   0   0   0    20.982    21.810    21.350     0.000     0.000     0.000     0.000   0   0   0   0   0   0   0     0.000    -0.135    -0.020     0.001     0.023     0.005    -0.010
   7 0 1 0 1 1 1 1   0   2   0   0   0   0   0    20.982    21.810    21.350     0.000     0.000     0.000     0.000   0   0   0   0   0   0   0     0.000     0.123    -0.020     0.001     0.023    -0.001    -0.029
   7 0 0 1 1 1 1 1   0   0   0   0   0   0   0    21.350    20.982    21.350     0.000     0.000     0.000     0.000   0   0   0   0   0   0   0     0.000     0.123    -0.016     0.020     0.001    -0.001    -0.029
   7 0 1 0 1 1 1 1   0   0   0   0   0   0   0    20.982    20.982    21.350     0.000     0.000     0.000     0.000   0   0   0   0   0   0   0     0.000    -0.045    -0.016     0.020     0.001     0.003    -0.012
   7 0 0 1 1 1 1 1  14   0   0   0   0   0   0    46.451    21.350    21.350     0.000     0.000     0.000     0.000   0   0   0   0   0   0   0     0.000    -0.045    -0.129     0.005    -0.009     0.003    -0.012
   7 0 1 0 1 1 1 1   0   0   0   0   0   0   0    20.982    21.350    21.350     0.000     0.000     0.000     0.000   0   0   0   0   0   0   0     0.000     0.116    -0.129     0.005    -0.009    -0.001    -0.027
   7 0 0 1 1 1 1 1   0   0   0   0   0   0   0    21.350    20.982    21.350     0.000     0.000     0.000     0.000   0   0   0   0   0   0   0     0.000     0.116    -0.015     0.019     0.001    -0.001    -0.027
   7 0 1 0 1 1 1 1   0   0   0   0   0   0   0    20.982    20.982    21.350     0.000     0.000     0.000     0.000   0   0   0   0   0   0   0     0.000    -0.043    -0.015     0.019     0.001     0.003    -0.011
   7 0 1 0 1 1 1 1   0   0   0   0   0   0   0    20.982    20.982    21.350     0.000     0.000     0.000     0.000   0   0   0   0   0   0   0     0.000    -0.122    -0.015     0.019     0.001     0.004    -0.009
   7 0 1 0 1 1 1 1   0   0   0   0   0   0   0    20.982    20.982    21.350     0.000     0.000     0.000     0.000   0   0   0   0   0   0   0     0.000     0.111    -0.015     0.019     0.001    -0.001    -0.026
   7 0 0 1 1 1 1 1   0   2   0   0   0   0   0    21.350    21.810    21.350     0.000     0.000     0.000     0.000   0   0   0   0   0   0   0     0.000     0.111    -0.014     0.001     0.018    -0.001    -0.026
   7 0 1 0 1 1 1 1   0   2   0   0   0   0   0    20.982    21.810    21.350     0.000     0.000     0.000     0.000   0   0   0   0   0   0   0     0.000    -0.041    -0.014     0.001     0.018     0.002    -0.010
   7 0 1 0 1 1 1 1   0   2   0   0   0   0   0    20.982    21.810    21.350     0.000     0.000     0.000     0.000   0   0   0   0   0   0   0     0.000    -0.116    -0.014     0.001     0.018     0.004    -0.008
   7 0 0 1 1 1 1 1  14   0   0   0   0   0   0    46.451    21.350    21.350     0.000     0.000     0.000     0.000   0   0   0   0   0   0   0     0.000    -0.116     0.105    -0.001    -0.024     0.004    -0.008
   7 0 0 1 1 1 1 1   0   0   0   0   0   0   0    21.350    20.982    21.350     0.000     0.000     0.000     0.000   0   0   0   0   0   0   0     0.000    -0.116    -0.013     0.017     0.001     0.004    -0.008
   7 0 0 1 1 1 1 1  14   0   0   0   0   0   0    46.451    21.350    21.350     0.000     0.000     0.000     0.000   0   0   0   0   0   0   0     0.000    -0.116    -0.039     0.002    -0.009     0.004    -0.008
   7 0 1 0 1 1 1 1   0   0   0   0   0   0   0    20.982    21.350    21.350     0.000     0.000     0.000     0.000   0   0   0   0   0   0   0     0.000    -0.110    -0.039     0.002    -0.009     0.004    -0.007
   7 0 1 0 1 1 1 1   0   0   0   0   0   0   0    20.982    21.350    21.350     0.000     0.000     0.000     0.000   0   0   0   0   0   0   0     0.000     0.100    -0.039     0.002    -0.009    -0.001    -0.022
   7 0 0 1 1 1 1 1   0   2   0   0   0   0   0    21.350    21.810    21.350     0.000     0.000     0.000     0.000   0   0   0   0   0   0   0     0.000     0.100    -0.012     0.000     0.016    -0.001    -0.022
   7 0 1 0 1 1 1 1   0   2   0   0   0   0   0    20.982    21.810    21.350     0.000     0.000     0.000     0.000   0   0   0   0   0   0   0     0.000    -0.037    -0.012     0.000     0.016     0.002    -0.009
   7 0 1 0 1 1 1 1   0   2   0   0   0   0   0    20.982    21.810    21.350     0.000     0.000     0.000     0.000   0   0   0   0   0   0   0     0.000    -0.105    -0.012     0.000     0.016     0.003    -0.007
   7 0 0 1 1 1 1 1  14   0   0   0   0   0   0    46.451    21.350    21.350     0.000     0.000     0.000     0.000   0   0   0   0   0   0   0     0.000    -0.105     0.095    -0.001    -0.021     0.003    -0.007
   7 0 1 0 1 1 1 1   0   0   0   0   0   0   0    20.982    21.350    21.350     0.000     0.000     0.000     0.000   0   0   0   0   0   0   0     0.000     0.015     0.095    -0.001    -0.021     0.000    -0.012
   7 0 0 1 1 1 1 1  14  12   0   0   0   0   0    46.451    50.917    21.350     0.000     0.000     0.000     0.000   0   0   0   0   0   0   0     0.000     0.015    -0.035    -0.008     0.002     0.000    -0.012
   7 0 1 0 1 1 1 1   0  12   0   0   0   0   0    20.982    50.917    21.350     0.000     0.000     0.000     0.000   0   0   0   0   0   0   0     0.000    -0.099    -0.035    -0.008     0.002     0.003    -0.006
   7 0 1 0 1 1 1 1   0  12   0   0   0   0   0    20.982    50.917    21.350     0.000     0.000     0.000     0.000   0   0   0   0   0   0   0     0.000     0.090    -0.035    -0.008     0.002    -0.001    -0.019
   7 0 1 0 1 1 1 1   0  12   0   0   0   0   0    20.982    50.917    21.350     0.000     0.000     0.000     0.000   0   0   0   0   0   0   0     0.000     0.014    -0.035    -0.008     0.002     0.000    -0.011
   7 0 1 0 1 1 1 1   0  12  12   0   0   0   0    20.982    50.917    50.917     0.000     0.000     0.000     0.000   0   0   0   0   0   0   0     0.000    -0.033    -0.035    -0.008     0.002    -0.008     0.002
   7 0 1 0 1 1 1 1   0  12   0   0   0   0   0    20.982    50.917    21.350     0.000     0.000     0.000     0.000   0   0   0   0   0   0   0     0.000    -0.095    -0.035    -0.008     0.002     0.003    -0.006
   7 0 1 0 1 1 1 1   0  12  12   0   0   0   0    20.982    50.917    50.917     0.000     0.000     0.000     0.000   0   0   0   0   0   0   0     0.000     0.086    -0.035    -0.008     0.002    -0.018    -0.001
   7 0 0 1 1 1 1 1  14   0  12   0   0   0   0    46.451    21.350    50.917     0.000     0.000     0.000     0.000   0   0   0   0   0   0   0     0.000     0.086     0.014     0.000    -0.010    -0.018    -0.001
   7 0 1 0 1 1 1 1   0   0   0   0   0   0   0    20.982    21.350    21.350     0.000     0.000     0.000     0.000   0   0   0   0   0   0   0     0.000    -0.032     0.014     0.000    -0.010     0.001    -0.007
   7 0 1 0 1 1 1 1   0   0   0   0   0   0   0    20.982    21.350    21.350     0.000     0.000     0.000     0.000   0   0   0   0   0   0   0     0.000    -0.090     0.014     0.000    -0.010     0.002    -0.006
   7 0 1 0 1 1 1 1   0   0   0   0   0   0   0    20.982    21.350    21.350     0.000     0.000     0.000     0.000   0   0   0   0   0   0   0     0.000     0.081     0.014     0.000    -0.010    -0.001    -0.017
   7 0 1 0 1 1 1 1   0   0   0   0   0   0   0    20.982    21.350    21.350     0.000     0.000     0.000     0.000   0   0   0   0   0   0   0     0.000     0.013     0.014     0.000    -0.010     0.000    -0.009
   7 0 1 0 1 1 1 1   0   0   0   0   0   0   0    20.982    21.350    21.350     0.000     0.000     0.000     0.000   0   0   0   0   0   0   0     0.000    -0.030     0.014     0.000    -0.010     0.001    -0.007
   7 0 1 0 1 1 1 1   0   0   0   0   0   0   0    20.982    21.350    21.350     0.000     0.000     0.000     0.000   0   0   0   0   0   0   0     0.000    -0.085     0.014     0.000    -0.010     0.002    -0.005
   7 0 1 0 1 1 1 1   0   0   0   0   0   0   0    20.982    21.350    21.350     0.000     0.000     0.000     0.000   0   0   0   0   0   0   0     0.000     0.077     0.014     0.000    -0.010    -0.001    -0.016
   7 0 1 0 1 1 1 1   0   0  12   0   0   0   0    20.982    21.350    50.917     0.000     0.000     0.000     0.000   0   0   0   0   0   0   0     0.000     0.012     0.014     0.000    -0.010    -0.009     0.000
   7 0 1 0 1 1 1 1   0   0   0   0   0   0   0    20.982    21.350    21.350     0.000     0.000     0.000     0.000   0   0   0   0   0   0   0     0.000    -0.029     0.014     0.000    -0.010     0.001    -0.006
   7 0 1 0 1 1 1 1   0   0   0   0   0   0   0    20.982    21.350    21.350     0.000     0.000     0.000     0.000   0   0   0   0   0   0   0     0.000    -0.081     0.014     0.000    -0.010     0.002    -0.005
   7 0 1 0 1 1 1 1   0   0   0   0   0   0   0    20.982    21.350    21.350     0.000     0.000     0.000     0.000   0   0   0   0   0   0   0     0.000     0.073     0.014     0.000    -0.010    -0.001    -0.015
   7 0 0 1 1 1 1 1  14   0   0   0   0   0   0    46.451    21.350    21.350     0.000     0.000     0.000     0.000   0   0   0   0   0   0   0     0.000     0.073     0.012     0.000    -0.008    -0.001    -0.015
   7 0 0 1 1 1 1 1  14   0   0   0   0   0   0    46.451    21.350    21.350     0.000     0.000     0.000     0.000   0   0   0   0   0   0   0     0.000     0.073    -0.027     0.001    -0.006    -0.001    -0.015
   7 0 1 0 1 1 1 1   0   0   0   0   0   0   0    20.982    21.350    21.350     0.000     0.000     0.000     0.000   0   0   0   0   0   0   0     0.000    -0.077    -0.027     0.001    -0.006     0.002    -0.005
   7 0 1 0 1 1 1 1   0   0   0   0   0   0   0    20.982    21.350    21.350     0.000     0.000     0.000     0.000   0   0   0   0   0   0   0     0.000     0.070    -0.027     0.001    -0.006    -0.000    -0.014
   7 0 1 0 1 1 1 1   0   0   0   0   0   0   0    20.982    21.350    21.350     0.000     0.000     0.000     0.000   0   0   0   0   0   0   0     0.000     0.011    -0.027     0.001    -0.006     0.000    -0.008
   7 0 1 0 1 1 1 1   0   0   0   0   0   0   0    20.982    21.350    21.350     0.000     0.000     0.000     0.000   0   0   0   0   0   0   0     0.000    -0.026    -0.027     0.001    -0.006     0.001    -0.005
   7 0 1 0 1 1 1 1   0   0   0   0   0   0   0    20.982    21.350    21.350     0.000     0.000     0.000     0.000   0   0   0   0   0   0   0     0.000    -0.073    -0.027     0.001    -0.006     0.002    -0.004
   7 0 1 0 1 1 1 1   0   0   0   0   0   0   0    20.982    21.350    21.350     0.000     0.000     0.000     0.000   0   0   0   0   0   0   0     0.000     0.066    -0.027     0.001    -0.006    -0.000    -0.013
   7 0 1 0 1 1 1 1   0   0   0   0   0   0   0    20.982    21.350    21.350     0.000     0.000     0.000     0.000   0   0   0   0   0   0   0     0.000     0.011    -0.027     0.001    -0.006     0.000    -0.007
   7 0 1 0 1 1 1 1   0   0   0   0   0   0   0    20.982    21.350    21.350     0.000     0.000     0.000     0.000   0   0   0   0   0   0   0     0.000    -0.025    -0.027     0.001    -0.006     0.001    -0.005
   7 0 1 0 1 1 1 1   0   0   0   0   0   0   0    20.982    21.350    21.350     0.000     0.000     0.000     0.000   0   0   0   0   0   0   0     0.000    -0.069    -0.027     0.001    -0.006     0.001    -0.004
   7 0 1 0 1 1 1 1   0   0   0   0   0   0   0    20.982    21.350    21.350     0.000     0.000     0.000     0.000   0   0   0   0   0   0   0     0.000     0.063    -0.027     0.001    -0.006    -0.000    -0.012
   7 0 1 0 1 1 1 1   0   0   0   0   0   0   0    20.982    21.350    21.350     0.000     0.000     0.000     0.000   0   0   0   0   0   0   0     0.000     0.010    -0.027     0.001    -0.006     0.000    -0.007
   7 0 0 1 1 1 1 1  14   0   0   0   0   0   0    46.451    21.350    21.350     0.000     0.000     0.000     0.000   0   0   0   0   0   0   0     0.000     0.010    -0.023     0.001    -0.005     0.000    -0.007
   7 0 1 0 1 1 1 1   0   0   0   0   0   0   0    20.982    21.350    21.350     0.000     0.000     0.000     0.000   0   0   0   0   0   0   0     0.000    -0.066    -0.023     0.001    -0.005     0.001    -0.004
   7 0 1 0 1 1 1 1   0   0   0   0   0   0   0    20.982    21.350    21.350     0.000     0.000     0.000     0.000   0   0   0   0   0   0   0     0.000     0.060    -0.023     0.001    -0.005    -0.000    -0.011
   7 0 1 0 1 1 1 1   1   0   0   0   0   0   0    21.915    21.350    21.350     0.000     0.000     0.000     0.000   0   0   0   0   0   0   0     0.000     0.008    -0.023     0.001    -0.005    -0.000    -0.006
   7 0 1 0 1 1 1 1   0   0   0   0   0   0   0    20.982    21.350    21.350     0.000     0.000     0.000     0.000   0   0   0   0   0   0   0     0.000    -0.022    -0.023     0.001    -0.005     0.001    -0.004
   7 0 0 1 1 1 1 1  14   0   0   0   0   0   0    46.451    21.350    21.350     0.000     0.000     0.000     0.000   0   0   0   0   0   0   0     0.000    -0.022    -0.063     0.001    -0.003     0.001    -0.004
   7 0 1 0 1 1 1 1   0   0   0   0   0   0   0    20.982    21.350    21.350     0.000     0.000     0.000     0.000   0   0   0   0   0   0   0     0.000     0.057    -0.063     0.001    -0.003    -0.000    -0.010
   7 0 1 0 1 1 1 1   0   0   0   0   0   0   0    20.982    21.350    21.350     0.000     0.000     0.000     0.000   0   0   0   0   0   0   0     0.000     0.009    -0.063     0.001    -0.003     0.000    -0.006
   7 0 1 0 1 1 1 1   0   0   0   0   0   0   0    20.982    21.350    21.350     0.000     0.000     0.000     0.000   0   0   0   0   0   0   0     0.000    -0.021    -0.063     0.001    -0.003     0.001    -0.004
   7 0 1 0 1 1 1 1   0   0   0   0   0   0   0    20.982    21.350    21.350     0.000     0.000     0.000     0.000   0   0   0   0   0   0   0     0.000    -0.060    -0.063     0.001    -0.003     0.001    -0.003
   7 0 1 0 1 1 1 1   0   0   0   0   0   0   0    20.982    21.350    21.350     0.000     0.000     0.000     0.000   0   0   0   0   0   0   0     0.000     0.054    -0.063     0.001    -0.003    -0.000    -0.010
   7 0 1 0 1 1 1 1   0   0   0   0   0   0   0    20.982    21.350    21.350     0.000     0.000     0.000     0.000   0   0   0   0   0   0   0     0.000     0.009    -0.063     0.001    -0.003     0.000    -0.005
   7 0 1 0 1 1 1 1   0   0   0   0   0   0   0    20.982    21.350    21.350     0.000     0.000     0.000     0.000   0   0   0   0   0   0   0     0.000    -0.020    -0.063     0.001    -0.003     0.001    -0.004
   7 0 1 0 1 1 1 1   0   0   0   0   0   0   0    20.982    21.350    21.350     0.000     0.000     0.000     0.000   0   0   0   0   0   0   0     0.000    -0.057    -0.063     0.001    -0.003     0.001    -0.003
   7 0 1 0 1 1 1 1   0   0   0   0   0   0   0    20.982    21.350    21.350     0.000     0.000     0.000     0.000   0   0   0   0   0   0   0     0.000     0.051    -0.063     0.001    -0.003    -0.000    -0.009
   7 0 1 0 1 1 1 1   0   0   0   0   0   0   0    20.982    21.350    21.350     0.000     0.000     0.000     0.000   0   0   0   0   0   0   0     0.000     0.008    -0.063     0.001    -0.003     0.000    -0.005
   7 0 1 0 1 1 1 1   0   0   0   0   0   0   0    20.982    21.350    21.350     0.000     0.000     0.000     0.000   0   0   0   0   0   0   0     0.000    -0.019    -0.063     0.001    -0.003     0.001    -0.004
   7 0 1 0 1 1 1 1   0   0   0   0   0   0   0    20.982    21.350    21.350     0.000     0.000     0.000     0.000   0   0   0   0   0   0   0     0.000    -0.054    -0.063     0.001    -0.003     0.001    -0.003
   7 0 1 0 1 1 1 1   0   0   0   0   0   0   0    20.982    21.350    21.350     0.000     0.000     0.000     0.000   0   0   0   0   0   0   0     0.000     0.049    -0.063     0.001    -0.003    -0.000    -0.009
   7 0 1 0 1 1 1 1   0   0   0   0   0   0   0    20.982    21.350    21.350     0.000     0.000     0.000     0.000   0   0   0   0   0   0   0     0.000     0.008    -0.063     0.001    -0.003     0.000    -0.005
   7 0 1 0 1 1 1 1   0   0   0   0   0   0   0    20.982    21.350    21.350     0.000     0.000     0.000     0.000   0   0   0   0   0   0   0     0.000    -0.018    -0.063     0.001    -0.003     0.001    -0.003
   7 0 1 0 1 1 1 1   0   0  12   0   0   0   0    20.982    21.350    50.917     0.000     0.000     0.000     0.000   0   0   0   0   0   0   0     0.000    -0.051    -0.063     0.001    -0.003    -0.003     0.001
   7 0 1 0 1 1 1 1   0   0   0   0   0   0   0    20.982    21.350    21.350     0.000     0.000     0.000     0.000   0   0   0   0   0   0   0     0.000     0.046    -0.063     0.001    -0.003    -0.000    -0.008
   7 0 1 0 1 1 1 1   1   0   0   0   0   0   0    21.915    21.350    21.350     0.000     0.000     0.000     0.000   0   0   0   0   0   0   0     0.000     0.006    -0.063     0.001    -0.003    -0.000    -0.004
   7 0 1 0 1 1 1 1   0   0   0   0   0   0   0    20.982    21.350    21.350     0.000     0.000     0.000     0.000   0   0   0   0   0   0   0     0.000    -0.017    -0.063     0.001    -0.003     0.000    -0.003
   7 0 1 0 1 1 1 1   0   0   0   0   0   0   0    20.982    21.350    21.350     0.000     0.000     0.000     0.000   0   0   0   0   0   0   0     0.000    -0.049    -0.063     0.001    -0.003     0.001    -0.002
   7 0 1 0 1 1 1 1   0   0   0   0   0   0   0    20.982    21.350    21.350     0.000     0.000     0.000     0.000   0   0   0   0   0   0   0     0.000     0.044    -0.063     0.001    -0.003    -0.000    -0.007
   7 0 1 0 1 1 1 1   0   0   0   0   0   0   0    20.982    21.350    21.350     0.000     0.000     0.000     0.000   0   0   0   0   0   0   0     0.000     0.007    -0.063     0.001    -0.003     0.000    -0.004
   7 0 1 0 1 1 1 1   0   0   0   0   0   0   0    20.982    21.350    21.350     0.000     0.000     0.000     0.000   0   0   0   0   0   0   0     0.000    -0.016    -0.063     0.001    -0.003     0.000    -0.003
   7 0 1 0 1 1 1 1   0   0   0   0   0   0   0    20.982    21.350    21.350     0.000     0.000     0.000     0.000   0   0   0   0   0   0   0     0.000    -0.046    -0.063     0.001    -0.003     0.001    -0.002
   7 0 1 0 1 1 1 1   0   0   0   0   0   0   0    20.982    21.350    21.350     0.000     0.000     0.000     0.000   0   0   0   0   0   0   0     0.000     0.042    -0.063     0.001    -0.003    -0.000    -0.007
   7 0 0 1 1 1 1 1  14   0   0   0   0   0   0    46.451    21.350    21.350     0.000     0.000     0.000     0.000   0   0   0   0   0   0   0     0.000     0.042     0.007     0.000    -0.004    -0.000    -0.007
   7 0 1 0 1 1 1 1   0   0   0   0   0   0   0    20.982    21.350    21.350     0.000     0.000     0.000     0.000   0   0   0   0   0   0   0     0.000    -0.015     0.007     0.000    -0.004     0.000    -0.003
   7 0 1 0 1 1 1 1   0   0   0   0   0   0   0    20.982    21.350    21.350     0.000     0.000     0.000     0.000   0   0   0   0   0   0   0     0.000    -0.044     0.007     0.000    -0.004     0.001    -0.002
   7 0 1 0 1 1 1 1   0   0   0   0   0   0   0    20.982    21.350    21.350     0.000     0.000     0.000     0.000   0   0   0   0   0   0   0     0.000     0.040     0.007     0.000    -0.004    -0.000    -0.006
   7 0 1 0 1 1 1 1   0   0   0   0   0   0   0    20.982    21.350    21.350     0.000     0.000     0.000     0.000   0   0   0   0   0   0   0     0.000     0.006     0.007     0.000    -0.004     0.000    -0.004
   7 0 1 0 1 1 1 1   0   0   0   0   0   0   0    20.982    21.350    21.350     0.000     0.000     0.000     0.000   0   0   0   0   0   0   0     0.000    -0.015     0.007     0.000    -0.004     0.000    -0.003
   7 0 1 0 1 1 1 1   0   0   0   0   0   0   0    20.982    21.350    21.350     0.000     0.000     0.000     0.000   0   0   0   0   0   0   0     0.000    -0.042     0.007     0.000    -0.004     0.001    -0.002
   7 0 1 0 1 1 1 1   0   0   0   0   0   0   0    20.982    21.350    21.350     0.000     0.000     0.000     0.000   0   0   0   0   0   0   0     0.000     0.038     0.007     0.000    -0.004    -0.000    -0.006
   7 0 1 0 1 1 1 1   0   0   0   0   0   0   0    20.982    21.350    21.350     0.000     0.000     0.000     0.000   0   0   0   0   0   0   0     0.000     0.006     0.007     0.000    -0.004     0.000    -0.003
   7 0 0 1 1 1 1 1  14   0   0   0   0   0   0    46.451    21.350    21.350     0.000     0.000     0.000     0.000   0   0   0   0   0   0   0     0.000     0.006    -0.014     0.000    -0.002     0.000    -0.003
   7 0 1 0 1 1 1 1   0   0   0   0   0   0   0    20.982    21.350    21.350     0.000     0.000     0.000     0.000   0   0   0   0   0   0   0     0.000    -0.040    -0.014     0.000    -0.002     0.001    -0.002
   7 0 0 1 1 1 1 1  14  12   0   0   0   0   0    46.451    50.917    21.350     0.000     0.000     0.000     0.000   0   0   0   0   0   0   0     0.000    -0.040     0.036    -0.006    -0.000     0.001    -0.002
   7 0 1 0 1 1 1 1   1  12   0   0   0   0   0    21.915    50.917    21.350     0.000     0.000     0.000     0.000   0   0   0   0   0   0   0     0.000     0.005     0.036    -0.006    -0.000    -0.000    -0.003
   7 0 1 0 1 1 1 1   0  12   0   0   0   0   0    20.982    50.917    21.350     0.000     0.000     0.000     0.000   0   0   0   0   0   0   0     0.000    -0.013     0.036    -0.006    -0.000     0.000    -0.002
   7 0 1 0 1 1 1 1   0  12   0   0   0   0   0    20.982    50.917    21.350     0.000     0.000     0.000     0.000   0   0   0   0   0   0   0     0.000    -0.038     0.036    -0.006    -0.000     0.000    -0.002
   7 0 1 0 1 1 1 1   0  12   0   0   0   0   0    20.982    50.917    21.350     0.000     0.000     0.000     0.000   0   0   0   0   0   0   0     0.000     0.034     0.036    -0.006    -0.000    -0.000    -0.005
   7 0 0 1 1 1 1 1  14  12   0   0   0   0   0    46.451    50.917    21.350     0.000     0.000     0.000     0.000   0   0   0   0   0   0   0     0.000     0.034     0.006    -0.003     0.000    -0.000    -0.005
   7 0 1 0 1 1 1 1   0  12  10   0   0   0   0    20.982    50.917    15.167     0.000     0.000     0.000     0.000   0   0   0   0   0   0   0     0.000    -0.013     0.006    -0.003     0.000     0.000    -0.002
   7 0 1 0 1 1 1 1   0  12   0   0   0   0   0    20.982    50.917    21.350     0.000     0.000     0.000     0.000   0   0   0   0   0   0   0     0.000    -0.036     0.006    -0.003     0.000     0.000    -0.002
   7 0 1 0 1 1 1 1   0  12  12   0   0   0   0    20.982    50.917    50.917     0.000     0.000     0.000     0.000   0   0   0   0   0   0   0     0.000     0.032     0.006    -0.003     0.000    -0.005    -0.000
   7 0 1 0 1 1 1 1   0  12   0   0   0   0   0    20.982    50.917    21.350     0.000     0.000     0.000     0.000   0   0   0   0   0   0   0     0.000     0.005     0.006    -0.003     0.000     0.000    -0.003
   7 0 1 0 1 1 1 1   0  12  29   0   0   0   0    20.982    50.917     5.826     0.000     0.000     0.000     0.000   0   0   0   0   0   0   0     0.000    -0.012     0.006    -0.003     0.000    -0.002     0.000
   7 0 1 0 1 1 1 1   0  12   0   0   0   0   0    20.982    50.917    21.350     0.000     0.000     0.000     0.000   0   0   0   0   0   0   0     0.000    -0.034     0.006    -0.003     0.000     0.000    -0.002
   7 0 1 0 1 1 1 1   0  12   0   0   0   0   0    20.982    50.917    21.263     0.000     0.000     0.000     0.000   0   0   0   0   0   0   0     0.000     0.031     0.006    -0.003     0.000     0.000    -0.004
   7 0 1 0 1 1 1 1   0  12   0   0   0   0   0    20.982    50.917    21.350     0.000     0.000     0.000     0.000   0   0   0   0   0   0   0     0.000     0.005     0.006    -0.003     0.000     0.000    -0.003
   7 0 0 1 1 1 1 1  14   1   0   0   0   0   0    46.451    21.915    21.350     0.000     0.000     0.000     0.000   0   0   0   0   0   0   0     0.000     0.005    -0.011     0.002    -0.000     0.000    -0.003
   7 0 1 0 1 1 1 1   0   1   0   0   0   0   0    20.982    21.915    21.350     0.000     0.000     0.000     0.000   0   0   0   0   0   0   0     0.000    -0.032    -0.011     0.002    -0.000     0.000    -0.001
   7 0 0 1 1 1 1 1  14   0   0   0   0   0   0    46.451    21.350    21.350     0.000     0.000     0.000     0.000   0   0   0   0   0   0   0     0.000    -0.032     0.029    -0.000    -0.004     0.000    -0.001
   7 0 1 0 1 1 1 1   0   0   0   0   0   0   0    20.982    21.350    21.350     0.000     0.000     0.000     0.000   0   0   0   0   0   0   0     0.000     0.005     0.029    -0.000    -0.004     0.000    -0.002
   7 0 1 0 1 1 1 1   0   0   0   0   0   0   0    20.982    21.350    21.350     0.000     0.000     0.000     0.000   0   0   0   0   0   0   0     0.000    -0.011     0.029    -0.000    -0.004     0.000    -0.002
   7 0 1 0 1 1 1 1   0   0   0   0   0   0   0    20.982    21.350    21.350     0.000     0.000     0.000     0.000   0   0   0   0   0   0   0     0.000    -0.031     0.029    -0.000    -0.004     0.000    -0.001
   7 0 1 0 1 1 1 1   0   0   0   0   0   0   0    20.982    21.350    21.350     0.000     0.000     0.000     0.000   0   0   0   0   0   0   0     0.000     0.028     0.029    -0.000    -0.004    -0.000    -0.004
   7 0 1 0 1 1 1 1   1   0  12   0   0   0   0    21.915    21.350    50.962     0.000     0.000     0.000     0.000   0   0   0   0   0   0   0     0.000     0.004     0.029    -0.000    -0.004    -0.002    -0.000
   7 0 1 0 1 1 1 1   0   0   1   0   0   0   0    20.982    21.350    21.915     0.000     0.000     0.000     0.000   0   0   0   0   0   0   0     0.000    -0.010     0.029    -0.000    -0.004     0.002    -0.000
   7 0 1 0 1 1 1 1   0   0   0   0   0   0   0    20.982    21.350    21.350     0.000     0.000     0.000     0.000   0   0   0   0   0   0   0     0.000    -0.029     0.029    -0.000    -0.004     0.000    -0.001
