  300
   1 1   0     0.000   0     5.546
   1 1   0     0.000   0     5.419
   1 1   0     0.000   0     5.553
   1 1   0     0.000   0     5.311
   7 0 1 1 0 0 0 0   0   0   0   0   0   0   0    16.627     0.000     0.000     0.000     0.000     0.000     0.000   0   0   0   0   0   0   0     0.000     0.131    -0.197     0.000     0.000     0.000     0.000
   7 0 1 1 0 0 0 0   0   0   0   0   0   0   0    16.627     0.000     0.000     0.000     0.000     0.000     0.000   0   0   0   0   0   0   0     0.000     0.266    -0.398     0.000     0.000     0.000     0.000
   7 0 1 1 0 0 0 0   0   0   0   0   0   0   0    16.627     0.000     0.000     0.000     0.000     0.000     0.000   0   0   0   0   0   0   0     0.000     0.084    -0.126     0.000     0.000     0.000     0.000
   7 0 1 1 0 0 0 0   0   0   0   0   0   0   0    16.627     0.000     0.000     0.000     0.000     0.000     0.000   0   0   0   0   0   0   0     0.000     0.060    -0.090     0.000     0.000     0.000     0.000
   7 0 1 1 0 0 0 0   0   0   0   0   0   0   0    16.627     0.000     0.000     0.000     0.000     0.000     0.000   0   0   0   0   0   0   0     0.000     0.122    -0.187     0.000     0.000     0.000     0.000
   7 0 1 1 0 0 0 0   0   0   0   0   0   0   0    16.627     0.000     0.000     0.000     0.000     0.000     0.000   0   0   0   0   0   0   0     0.000     0.248    -0.379     0.000     0.000     0.000     0.000
   7 0 1 1 0 0 0 0   0   0   0   0   0   0   0    16.627     0.000     0.000     0.000     0.000     0.000     0.000   0   0   0   0   0   0   0     0.000     0.078    -0.119     0.000     0.000     0.000     0.000
   7 0 1 1 0 0 0 0   0   0   0   0   0   0   0    16.627     0.000     0.000     0.000     0.000     0.000     0.000   0   0   0   0   0   0   0     0.000     0.056    -0.085     0.000     0.000     0.000     0.000
   7 0 1 1 0 0 0 0   0   0   0   0   0   0   0    16.627     0.000     0.000     0.000     0.000     0.000     0.000   0   0   0   0   0   0   0     0.000     0.114    -0.177     0.000     0.000     0.000     0.000
   7 0 1 1 0 0 0 0   0   0   0   0   0   0   0    16.627     0.000     0.000     0.000     0.000     0.000     0.000   0   0   0   0   0   0   0     0.000     0.231    -0.360     0.000     0.000     0.000     0.000
   7 0 1 1 0 0 0 0   0   0   0   0   0   0   0    16.627     0.000     0.000     0.000     0.000     0.000     0.000   0   0   0   0   0   0   0     0.000     0.073    -0.113     0.000     0.000     0.000     0.000
   7 0 1 1 0 0 0 0   0   0   0   0   0   0   0    16.627     0.000     0.000     0.000     0.000     0.000     0.000   0   0   0   0   0   0   0     0.000     0.052    -0.081     0.000     0.000     0.000     0.000
   7 0 1 1 0 0 0 0   0   0   0   0   0   0   0    16.627     0.000     0.000     0.000     0.000     0.000     0.000   0   0   0   0   0   0   0     0.000     0.107    -0.169     0.000     0.000     0.000     0.000
   7 0 1 1 0 0 0 0   0   0   0   0   0   0   0    16.627     0.000     0.000     0.000     0.000     0.000     0.000   0   0   0   0   0   0   0     0.000     0.216    -0.342     0.000     0.000     0.000     0.000
   7 0 1 1 0 0 0 0   0   0   0   0   0   0   0    16.627     0.000     0.000     0.000     0.000     0.000     0.000   0   0   0   0   0   0   0     0.000     0.068    -0.108     0.000     0.000     0.000     0.000
   7 0 1 1 0 0 0 0   0   0   0   0   0   0   0    16.627     0.000     0.000     0.000     0.000     0.000     0.000   0   0   0   0   0   0   0     0.000     0.049    -0.077     0.000     0.000     0.000     0.000
   7 0 1 1 0 0 0 0   0   0   0   0   0   0   0    16.627     0.000     0.000     0.000     0.000     0.000     0.000   0   0   0   0   0   0   0     0.000     0.099    -0.160     0.000     0.000     0.000     0.000
   7 0 1 1 0 0 0 0   0   0   0   0   0   0   0    16.627     0.000     0.000     0.000     0.000     0.000     0.000   0   0   0   0   0   0   0     0.000     0.202    -0.325     0.000     0.000     0.000     0.000
   7 0 1 1 0 0 0 0   0   0   0   0   0   0   0    16.627     0.000     0.000     0.000     0.000     0.000     0.000   0   0   0   0   0   0   0     0.000     0.064    -0.102     0.000     0.000     0.000     0.000
   7 0 1 1 0 0 0 0   0   0   0   0   0   0   0    16.627     0.000     0.000     0.000     0.000     0.000     0.000   0   0   0   0   0   0   0     0.000     0.046    -0.073     0.000     0.000     0.000     0.000
   7 0 1 1 0 0 0 0   0   0   0   0   0   0   0    16.627     0.000     0.000     0.000     0.000     0.000     0.000   0   0   0   0   0   0   0     0.000     0.093    -0.152     0.000     0.000     0.000     0.000
   7 0 1 1 0 0 0 0   0   0   0   0   0   0   0    16.627     0.000     0.000     0.000     0.000     0.000     0.000   0   0   0   0   0   0   0     0.000     0.188    -0.308     0.000     0.000     0.000     0.000
   7 0 1 1 0 0 0 0   0   0   0   0   0   0   0    16.627     0.000     0.000     0.000     0.000     0.000     0.000   0   0   0   0   0   0   0     0.000     0.059    -0.097     0.000     0.000     0.000     0.000
   7 0 1 1 0 0 0 0   0   0   0   0   0   0   0    16.627     0.000     0.000     0.000     0.000     0.000     0.000   0   0   0   0   0   0   0     0.000     0.042    -0.070     0.000     0.000     0.000     0.000
   7 0 1 1 0 0 0 0   0   0   0   0   0   0   0    16.627     0.000     0.000     0.000     0.000     0.000     0.000   0   0   0   0   0   0   0     0.000     0.087    -0.145     0.000     0.000     0.000     0.000
   7 0 1 1 0 0 0 0   0   0   0   0   0   0   0    16.627     0.000     0.000     0.000     0.000     0.000     0.000   0   0   0   0   0   0   0     0.000     0.176    -0.293     0.000     0.000     0.000     0.000
   7 0 1 1 0 0 0 0   0   0   0   0   0   0   0    16.627     0.000     0.000     0.000     0.000     0.000     0.000   0   0   0   0   0   0   0     0.000     0.055    -0.092     0.000     0.000     0.000     0.000
   7 0 1 1 0 0 0 0   0   0   0   0   0   0   0    16.627     0.000     0.000     0.000     0.000     0.000     0.000   0   0   0   0   0   0   0     0.000     0.040    -0.066     0.000     0.000     0.000     0.000
   7 0 1 1 0 0 0 0   0   0   0   0   0   0   0    16.627     0.000     0.000     0.000     0.000     0.000     0.000   0   0   0   0   0   0   0     0.000     0.081    -0.137     0.000     0.000     0.000     0.000
   7 0 1 1 0 0 0 0   0   0   0   0   0   0   0    16.627     0.000     0.000     0.000     0.000     0.000     0.000   0   0   0   0   0   0   0     0.000     0.164    -0.278     0.000     0.000     0.000     0.000
   7 0 1 1 0 0 0 0   0   0   0   0   0   0   0    16.627     0.000     0.000     0.000     0.000     0.000     0.000   0   0   0   0   0   0   0     0.000     0.052    -0.088     0.000     0.000     0.000     0.000
   7 0 1 1 0 0 0 0   0   0   0   0   0   0   0    16.627     0.000     0.000     0.000     0.000     0.000     0.000   0   0   0   0   0   0   0     0.000     0.037    -0.063     0.000     0.000     0.000     0.000
   7 0 1 1 0 0 0 0   0   0   0   0   0   0   0    16.627     0.000     0.000     0.000     0.000     0.000     0.000   0   0   0   0   0   0   0     0.000     0.075    -0.130     0.000     0.000     0.000     0.000
   7 0 1 1 0 0 0 0   0   0   0   0   0   0   0    16.627     0.000     0.000     0.000     0.000     0.000     0.000   0   0   0   0   0   0   0     0.000     0.153    -0.264     0.000     0.000     0.000     0.000
   7 0 1 1 0 0 0 0   0   0   0   0   0   0   0    16.627     0.000     0.000     0.000     0.000     0.000     0.000   0   0   0   0   0   0   0     0.000     0.048    -0.083     0.000     0.000     0.000     0.000
   7 0 1 1 0 0 0 0   0   0   0   0   0   0   0    16.627     0.000     0.000     0.000     0.000     0.000     0.000   0   0   0   0   0   0   0     0.000     0.035    -0.060     0.000     0.000     0.000     0.000
   7 0 1 1 0 0 0 0   0   0   0   0   0   0   0    16.627     0.000     0.000     0.000     0.000     0.000     0.000   0   0   0   0   0   0   0     0.000     0.070    -0.124     0.000     0.000     0.000     0.000
   7 0 1 1 0 0 0 0   0   0   0   0   0   0   0    16.627     0.000     0.000     0.000     0.000     0.000     0.000   0   0   0   0   0   0   0     0.000     0.143    -0.251     0.000     0.000     0.000     0.000
   7 0 1 1 0 0 0 0   0   0   0   0   0   0   0    16.627     0.000     0.000     0.000     0.000     0.000     0.000   0   0   0   0   0   0   0     0.000     0.045    -0.079     0.000     0.000     0.000     0.000
   7 0 1 1 0 0 0 0   0   0   0   0   0   0   0    16.627     0.000     0.000     0.000     0.000     0.000     0.000   0   0   0   0   0   0   0     0.000     0.032    -0.057     0.000     0.000     0.000     0.000
   7 0 1 1 0 0 0 0   0   0   0   0   0   0   0    16.627     0.000     0.000     0.000     0.000     0.000     0.000   0   0   0   0   0   0   0     0.000     0.066    -0.118     0.000     0.000     0.000     0.000
   7 0 1 1 0 0 0 0  10   0   0   0   0   0   0    22.023     0.000     0.000     0.000     0.000     0.000     0.000   0   0   0   0   0   0   0     0.000    -0.239     0.133     0.000     0.000     0.000     0.000
   7 0 1 1 0 0 0 0   0   0   0   0   0   0   0    16.627     0.000     0.000     0.000     0.000     0.000     0.000   0   0   0   0   0   0   0     0.000     0.042    -0.075     0.000     0.000     0.000     0.000
   7 0 1 1 0 0 0 0   0   0   0   0   0   0   0    16.627     0.000     0.000     0.000     0.000     0.000     0.000   0   0   0   0   0   0   0     0.000     0.030    -0.054     0.000     0.000     0.000     0.000
   7 0 1 1 0 0 0 0   0   0   0   0   0   0   0    16.627     0.000     0.000     0.000     0.000     0.000     0.000   0   0   0   0   0   0   0     0.000     0.061    -0.112     0.000     0.000     0.000     0.000
   7 0 1 1 0 0 0 0   0   0   0   0   0   0   0    16.627     0.000     0.000     0.000     0.000     0.000     0.000   0   0   0   0   0   0   0     0.000     0.124    -0.227     0.000     0.000     0.000     0.000
   7 0 1 1 0 0 0 0   0   0   0   0   0   0   0    16.627     0.000     0.000     0.000     0.000     0.000     0.000   0   0   0   0   0   0   0     0.000     0.039    -0.071     0.000     0.000     0.000     0.000
   7 0 1 1 0 0 0 0   0   0   0   0   0   0   0    16.627     0.000     0.000     0.000     0.000     0.000     0.000   0   0   0   0   0   0   0     0.000     0.028    -0.051     0.000     0.000     0.000     0.000
   7 0 1 1 0 0 0 0   0   0   0   0   0   0   0    16.627     0.000     0.000     0.000     0.000     0.000     0.000   0   0   0   0   0   0   0     0.000     0.057    -0.106     0.000     0.000     0.000     0.000
   7 0 1 1 0 0 0 0   0   0   0   0   0   0   0    16.627     0.000     0.000     0.000     0.000     0.000     0.000   0   0   0   0   0   0   0     0.000     0.116    -0.215     0.000     0.000     0.000     0.000
   7 0 1 1 0 0 0 0  10   0   0   0   0   0   0    22.023     0.000     0.000     0.000     0.000     0.000     0.000   0   0   0   0   0   0   0     0.000    -0.068     0.037     0.000     0.000     0.000     0.000
   7 0 1 1 0 0 0 0   0   0   0   0   0   0   0    16.627     0.000     0.000     0.000     0.000     0.000     0.000   0   0   0   0   0   0   0     0.000     0.026    -0.049     0.000     0.000     0.000     0.000
   7 0 1 1 0 0 0 0   0   0   0   0   0   0   0    16.627     0.000     0.000     0.000     0.000     0.000     0.000   0   0   0   0   0   0   0     0.000     0.053    -0.101     0.000     0.000     0.000     0.000
   7 0 1 1 0 0 0 0  10   0   0   0   0   0   0    22.023     0.000     0.000     0.000     0.000     0.000     0.000   0   0   0   0   0   0   0     0.000    -0.205     0.108     0.000     0.000     0.000     0.000
   7 0 1 1 0 0 0 0   0   0   0   0   0   0   0    16.627     0.000     0.000     0.000     0.000     0.000     0.000   0   0   0   0   0   0   0     0.000     0.034    -0.065     0.000     0.000     0.000     0.000
   7 0 1 1 0 0 0 0   0   0   0   0   0   0   0    16.627     0.000     0.000     0.000     0.000     0.000     0.000   0   0   0   0   0   0   0     0.000     0.024    -0.046     0.000     0.000     0.000     0.000
   7 0 1 1 0 0 0 0   0   0   0   0   0   0   0    16.627     0.000     0.000     0.000     0.000     0.000     0.000   0   0   0   0   0   0   0     0.000     0.050    -0.096     0.000     0.000     0.000     0.000
   7 0 1 1 0 0 0 0   0   0   0   0   0   0   0    16.627     0.000     0.000     0.000     0.000     0.000     0.000   0   0   0   0   0   0   0     0.000     0.101    -0.194     0.000     0.000     0.000     0.000
   7 0 1 1 0 0 0 0   0   0   0   0   0   0   0    16.627     0.000     0.000     0.000     0.000     0.000     0.000   0   0   0   0   0   0   0     0.000     0.032    -0.061     0.000     0.000     0.000     0.000
   7 0 1 1 0 0 0 0   0   0   0   0   0   0   0    16.627     0.000     0.000     0.000     0.000     0.000     0.000   0   0   0   0   0   0   0     0.000     0.023    -0.044     0.000     0.000     0.000     0.000
   7 0 1 1 0 0 0 0   0   0   0   0   0   0   0    16.627     0.000     0.000     0.000     0.000     0.000     0.000   0   0   0   0   0   0   0     0.000     0.047    -0.091     0.000     0.000     0.000     0.000
   7 0 1 1 0 0 0 0   0   0   0   0   0   0   0    16.627     0.000     0.000     0.000     0.000     0.000     0.000   0   0   0   0   0   0   0     0.000     0.094    -0.185     0.000     0.000     0.000     0.000
   7 0 1 1 0 0 0 0   0   0   0   0   0   0   0    16.627     0.000     0.000     0.000     0.000     0.000     0.000   0   0   0   0   0   0   0     0.000     0.030    -0.058     0.000     0.000     0.000     0.000
   7 0 1 1 0 0 0 0   0   0   0   0   0   0   0    16.627     0.000     0.000     0.000     0.000     0.000     0.000   0   0   0   0   0   0   0     0.000     0.021    -0.042     0.000     0.000     0.000     0.000
   7 0 1 1 0 0 0 0   0   0   0   0   0   0   0    16.627     0.000     0.000     0.000     0.000     0.000     0.000   0   0   0   0   0   0   0     0.000     0.043    -0.087     0.000     0.000     0.000     0.000
   7 0 1 1 0 0 0 0   0   0   0   0   0   0   0    16.627     0.000     0.000     0.000     0.000     0.000     0.000   0   0   0   0   0   0   0     0.000     0.088    -0.175     0.000     0.000     0.000     0.000
   7 0 1 1 0 0 0 0   0   0   0   0   0   0   0    16.627     0.000     0.000     0.000     0.000     0.000     0.000   0   0   0   0   0   0   0     0.000     0.028    -0.055     0.000     0.000     0.000     0.000
   7 0 1 1 0 0 0 0   7   0   0   0   0   0   0    21.897     0.000     0.000     0.000     0.000     0.000     0.000   0   0   0   0   0   0   0     0.000    -0.028     0.032     0.000     0.000     0.000     0.000
   7 0 1 1 0 0 0 0   0   0   0   0   0   0   0    16.627     0.000     0.000     0.000     0.000     0.000     0.000   0   0   0   0   0   0   0     0.000     0.041    -0.082     0.000     0.000     0.000     0.000
   7 0 1 1 0 0 0 0   0   0   0   0   0   0   0    16.627     0.000     0.000     0.000     0.000     0.000     0.000   0   0   0   0   0   0   0     0.000     0.082    -0.167     0.000     0.000     0.000     0.000
   7 0 1 1 0 0 0 0   0   0   0   0   0   0   0    16.627     0.000     0.000     0.000     0.000     0.000     0.000   0   0   0   0   0   0   0     0.000     0.026    -0.053     0.000     0.000     0.000     0.000
   7 0 1 1 0 0 0 0   0   0   0   0   0   0   0    16.627     0.000     0.000     0.000     0.000     0.000     0.000   0   0   0   0   0   0   0     0.000     0.020    -0.038     0.000     0.000     0.000     0.000
   7 0 1 1 0 0 0 0   0   0   0   0   0   0   0    16.627     0.000     0.000     0.000     0.000     0.000     0.000   0   0   0   0   0   0   0     0.000     0.038    -0.078     0.000     0.000     0.000     0.000
   7 0 1 1 0 0 0 0   0   0   0   0   0   0   0    16.627     0.000     0.000     0.000     0.000     0.000     0.000   0   0   0   0   0   0   0     0.000     0.077    -0.158     0.000     0.000     0.000     0.000
   7 0 1 1 0 0 0 0   0   0   0   0   0   0   0    16.627     0.000     0.000     0.000     0.000     0.000     0.000   0   0   0   0   0   0   0     0.000     0.024    -0.050     0.000     0.000     0.000     0.000
   7 0 1 1 0 0 0 0   0   0   0   0   0   0   0    16.627     0.000     0.000     0.000     0.000     0.000     0.000   0   0   0   0   0   0   0     0.000     0.018    -0.036     0.000     0.000     0.000     0.000
   7 0 1 1 0 0 0 0   0   0   0   0   0   0   0    16.627     0.000     0.000     0.000     0.000     0.000     0.000   0   0   0   0   0   0   0     0.000     0.035    -0.074     0.000     0.000     0.000     0.000
   7 0 1 1 0 0 0 0   0   0   0   0   0   0   0    16.627     0.000     0.000     0.000     0.000     0.000     0.000   0   0   0   0   0   0   0     0.000     0.072    -0.150     0.000     0.000     0.000     0.000
   7 0 1 1 0 0 0 0   0   0   0   0   0   0   0    16.627     0.000     0.000     0.000     0.000     0.000     0.000   0   0   0   0   0   0   0     0.000     0.023    -0.047     0.000     0.000     0.000     0.000
   7 0 1 1 0 0 0 0   7   0   0   0   0   0   0    21.897     0.000     0.000     0.000     0.000     0.000     0.000   0   0   0   0   0   0   0     0.000    -0.025     0.028     0.000     0.000     0.000     0.000
   7 0 1 1 0 0 0 0   0   0   0   0   0   0   0    16.627     0.000     0.000     0.000     0.000     0.000     0.000   0   0   0   0   0   0   0     0.000     0.033    -0.071     0.000     0.000     0.000     0.000
   7 0 1 1 0 0 0 0   0   0   0   0   0   0   0    16.627     0.000     0.000     0.000     0.000     0.000     0.000   0   0   0   0   0   0   0     0.000     0.067    -0.143     0.000     0.000     0.000     0.000
   7 0 1 1 0 0 0 0   0   0   0   0   0   0   0    16.627     0.000     0.000     0.000     0.000     0.000     0.000   0   0   0   0   0   0   0     0.000     0.021    -0.045     0.000     0.000     0.000     0.000
   7 0 1 1 0 0 0 0   0   0   0   0   0   0   0    16.627     0.000     0.000     0.000     0.000     0.000     0.000   0   0   0   0   0   0   0     0.000     0.017    -0.033     0.000     0.000     0.000     0.000
   7 0 1 1 0 0 0 0   0   0   0   0   0   0   0    16.627     0.000     0.000     0.000     0.000     0.000     0.000   0   0   0   0   0   0   0     0.000     0.031    -0.067     0.000     0.000     0.000     0.000
   7 0 1 1 0 0 0 0   0   0   0   0   0   0   0    16.627     0.000     0.000     0.000     0.000     0.000     0.000   0   0   0   0   0   0   0     0.000     0.062    -0.136     0.000     0.000     0.000     0.000
   7 0 1 1 0 0 0 0   0   0   0   0   0   0   0    16.627     0.000     0.000     0.000     0.000     0.000     0.000   0   0   0   0   0   0   0     0.000     0.020    -0.043     0.000     0.000     0.000     0.000
   7 0 1 1 0 0 0 0   7   0   0   0   0   0   0    21.897     0.000     0.000     0.000     0.000     0.000     0.000   0   0   0   0   0   0   0     0.000    -0.023     0.026     0.000     0.000     0.000     0.000
   7 0 1 1 0 0 0 0   0   0   0   0   0   0   0    16.627     0.000     0.000     0.000     0.000     0.000     0.000   0   0   0   0   0   0   0     0.000     0.029    -0.064     0.000     0.000     0.000     0.000
   7 0 1 1 0 0 0 0  10   0   0   0   0   0   0    22.023     0.000     0.000     0.000     0.000     0.000     0.000   0   0   0   0   0   0   0     0.000    -0.129     0.058     0.000     0.000     0.000     0.000
   7 0 1 1 0 0 0 0   0   0   0   0   0   0   0    16.627     0.000     0.000     0.000     0.000     0.000     0.000   0   0   0   0   0   0   0     0.000     0.018    -0.041     0.000     0.000     0.000     0.000
   7 0 1 1 0 0 0 0   0   0   0   0   0   0   0    16.627     0.000     0.000     0.000     0.000     0.000     0.000   0   0   0   0   0   0   0     0.000     0.016    -0.030     0.000     0.000     0.000     0.000
   7 0 1 1 0 0 0 0   0   0   0   0   0   0   0    16.627     0.000     0.000     0.000     0.000     0.000     0.000   0   0   0   0   0   0   0     0.000     0.027    -0.060     0.000     0.000     0.000     0.000
   7 0 1 1 0 0 0 0   0   0   0   0   0   0   0    16.627     0.000     0.000     0.000     0.000     0.000     0.000   0   0   0   0   0   0   0     0.000     0.054    -0.122     0.000     0.000     0.000     0.000
   7 0 1 1 0 0 0 0   0   0   0   0   0   0   0    16.627     0.000     0.000     0.000     0.000     0.000     0.000   0   0   0   0   0   0   0     0.000     0.017    -0.039     0.000     0.000     0.000     0.000
   7 0 1 1 0 0 0 0   7   0   0   0   0   0   0    21.897     0.000     0.000     0.000     0.000     0.000     0.000   0   0   0   0   0   0   0     0.000    -0.021     0.024     0.000     0.000     0.000     0.000
   7 0 1 1 0 0 0 0   0   0   0   0   0   0   0    16.627     0.000     0.000     0.000     0.000     0.000     0.000   0   0   0   0   0   0   0     0.000     0.025    -0.057     0.000     0.000     0.000     0.000
   7 0 1 1 0 0 0 0   0   0   0   0   0   0   0    16.627     0.000     0.000     0.000     0.000     0.000     0.000   0   0   0   0   0   0   0     0.000     0.051    -0.116     0.000     0.000     0.000     0.000
   7 0 1 1 0 0 0 0   0   0   0   0   0   0   0    16.627     0.000     0.000     0.000     0.000     0.000     0.000   0   0   0   0   0   0   0     0.000     0.016    -0.037     0.000     0.000     0.000     0.000
   7 0 1 1 0 0 0 0   0   0   0   0   0   0   0    16.627     0.000     0.000     0.000     0.000     0.000     0.000   0   0   0   0   0   0   0     0.000     0.015    -0.028     0.000     0.000     0.000     0.000
   7 0 1 1 0 0 0 0   0   0   0   0   0   0   0    16.627     0.000     0.000     0.000     0.000     0.000     0.000   0   0   0   0   0   0   0     0.000     0.023    -0.055     0.000     0.000     0.000     0.000
   7 0 1 1 0 0 0 0   0   0   0   0   0   0   0    16.627     0.000     0.000     0.000     0.000     0.000     0.000   0   0   0   0   0   0   0     0.000     0.047    -0.111     0.000     0.000     0.000     0.000
   7 0 1 1 0 0 0 0  10   0   0   0   0   0   0    22.023     0.000     0.000     0.000     0.000     0.000     0.000   0   0   0   0   0   0   0     0.000    -0.035     0.015     0.000     0.000     0.000     0.000
   7 0 1 1 0 0 0 0  11   0   0   0   0   0   0    68.030     0.000     0.000     0.000     0.000     0.000     0.000   0   0   0   0   0   0   0     0.000     0.022    -0.019     0.000     0.000     0.000     0.000
   7 0 1 1 0 0 0 0  10   0   0   0   0   0   0    22.023     0.000     0.000     0.000     0.000     0.000     0.000   0   0   0   0   0   0   0     0.000    -0.052     0.022     0.000     0.000     0.000     0.000
   7 0 1 1 0 0 0 0   0   0   0   0   0   0   0    16.627     0.000     0.000     0.000     0.000     0.000     0.000   0   0   0   0   0   0   0     0.000     0.044    -0.105     0.000     0.000     0.000     0.000
   7 0 1 1 0 0 0 0   0   0   0   0   0   0   0    16.627     0.000     0.000     0.000     0.000     0.000     0.000   0   0   0   0   0   0   0     0.000     0.014    -0.033     0.000     0.000     0.000     0.000
   7 0 1 1 0 0 0 0   0   0   0   0   0   0   0    16.627     0.000     0.000     0.000     0.000     0.000     0.000   0   0   0   0   0   0   0     0.000     0.014    -0.026     0.000     0.000     0.000     0.000
   7 0 1 1 0 0 0 0  10   0   0   0   0   0   0    22.023     0.000     0.000     0.000     0.000     0.000     0.000   0   0   0   0   0   0   0     0.000    -0.049     0.020     0.000     0.000     0.000     0.000
   7 0 1 1 0 0 0 0   0   0   0   0   0   0   0    16.627     0.000     0.000     0.000     0.000     0.000     0.000   0   0   0   0   0   0   0     0.000     0.041    -0.100     0.000     0.000     0.000     0.000
   7 0 1 1 0 0 0 0   0   0   0   0   0   0   0    16.627     0.000     0.000     0.000     0.000     0.000     0.000   0   0   0   0   0   0   0     0.000     0.013    -0.031     0.000     0.000     0.000     0.000
   7 0 1 1 0 0 0 0   7   0   0   0   0   0   0    21.897     0.000     0.000     0.000     0.000     0.000     0.000   0   0   0   0   0   0   0     0.000    -0.017     0.020     0.000     0.000     0.000     0.000
   7 0 1 1 0 0 0 0   0   0   0   0   0   0   0    16.627     0.000     0.000     0.000     0.000     0.000     0.000   0   0   0   0   0   0   0     0.000     0.019    -0.047     0.000     0.000     0.000     0.000
   7 0 1 1 0 0 0 0  10   0   0   0   0   0   0    22.023     0.000     0.000     0.000     0.000     0.000     0.000   0   0   0   0   0   0   0     0.000    -0.095     0.038     0.000     0.000     0.000     0.000
   7 0 1 1 0 0 0 0   0   0   0   0   0   0   0    16.627     0.000     0.000     0.000     0.000     0.000     0.000   0   0   0   0   0   0   0     0.000     0.012    -0.030     0.000     0.000     0.000     0.000
   7 0 1 1 0 0 0 0   0   0   0   0   0   0   0    16.627     0.000     0.000     0.000     0.000     0.000     0.000   0   0   0   0   0   0   0     0.000     0.013    -0.023     0.000     0.000     0.000     0.000
   7 0 1 1 0 0 0 0   0   0   0   0   0   0   0    16.627     0.000     0.000     0.000     0.000     0.000     0.000   0   0   0   0   0   0   0     0.000     0.018    -0.044     0.000     0.000     0.000     0.000
   7 0 1 1 0 0 0 0   0   0   0   0   0   0   0    16.627     0.000     0.000     0.000     0.000     0.000     0.000   0   0   0   0   0   0   0     0.000     0.036    -0.090     0.000     0.000     0.000     0.000
   7 0 1 1 0 0 0 0   0   0   0   0   0   0   0    16.627     0.000     0.000     0.000     0.000     0.000     0.000   0   0   0   0   0   0   0     0.000     0.011    -0.028     0.000     0.000     0.000     0.000
   7 0 1 1 0 0 0 0   7   0   0   0   0   0   0    21.897     0.000     0.000     0.000     0.000     0.000     0.000   0   0   0   0   0   0   0     0.000    -0.016     0.019     0.000     0.000     0.000     0.000
   7 0 1 1 0 0 0 0   0   0   0   0   0   0   0    16.627     0.000     0.000     0.000     0.000     0.000     0.000   0   0   0   0   0   0   0     0.000     0.017    -0.042     0.000     0.000     0.000     0.000
   7 0 1 1 0 0 0 0   0   0   0   0   0   0   0    16.627     0.000     0.000     0.000     0.000     0.000     0.000   0   0   0   0   0   0   0     0.000     0.034    -0.086     0.000     0.000     0.000     0.000
   7 0 1 1 0 0 0 0   0   0   0   0   0   0   0    16.627     0.000     0.000     0.000     0.000     0.000     0.000   0   0   0   0   0   0   0     0.000     0.011    -0.027     0.000     0.000     0.000     0.000
   7 0 1 1 0 0 0 0   0   0   0   0   0   0   0    16.627     0.000     0.000     0.000     0.000     0.000     0.000   0   0   0   0   0   0   0     0.000     0.012    -0.021     0.000     0.000     0.000     0.000
   7 0 1 1 0 0 0 0   0   0   0   0   0   0   0    16.627     0.000     0.000     0.000     0.000     0.000     0.000   0   0   0   0   0   0   0     0.000     0.015    -0.040     0.000     0.000     0.000     0.000
   7 0 1 1 0 0 0 0   0   0   0   0   0   0   0    16.627     0.000     0.000     0.000     0.000     0.000     0.000   0   0   0   0   0   0   0     0.000     0.031    -0.081     0.000     0.000     0.000     0.000
   7 0 1 1 0 0 0 0   0   0   0   0   0   0   0    16.627     0.000     0.000     0.000     0.000     0.000     0.000   0   0   0   0   0   0   0     0.000     0.010    -0.026     0.000     0.000     0.000     0.000
   7 0 1 1 0 0 0 0   7   0   0   0   0   0   0    21.897     0.000     0.000     0.000     0.000     0.000     0.000   0   0   0   0   0   0   0     0.000    -0.014     0.017     0.000     0.000     0.000     0.000
   7 0 1 1 0 0 0 0   0   0   0   0   0   0   0    16.627     0.000     0.000     0.000     0.000     0.000     0.000   0   0   0   0   0   0   0     0.000     0.014    -0.038     0.000     0.000     0.000     0.000
   7 0 1 1 0 0 0 0   0   0   0   0   0   0   0    16.627     0.000     0.000     0.000     0.000     0.000     0.000   0   0   0   0   0   0   0     0.000     0.029    -0.077     0.000     0.000     0.000     0.000
   7 0 1 1 0 0 0 0   7   0   0   0   0   0   0    21.897     0.000     0.000     0.000     0.000     0.000     0.000   0   0   0   0   0   0   0     0.000    -0.018     0.016     0.000     0.000     0.000     0.000
   7 0 1 1 0 0 0 0   0   0   0   0   0   0   0    16.627     0.000     0.000     0.000     0.000     0.000     0.000   0   0   0   0   0   0   0     0.000     0.011    -0.020     0.000     0.000     0.000     0.000
   7 0 1 1 0 0 0 0   0   0   0   0   0   0   0    16.627     0.000     0.000     0.000     0.000     0.000     0.000   0   0   0   0   0   0   0     0.000     0.013    -0.036     0.000     0.000     0.000     0.000
   7 0 1 1 0 0 0 0   0   0   0   0   0   0   0    16.627     0.000     0.000     0.000     0.000     0.000     0.000   0   0   0   0   0   0   0     0.000     0.027    -0.073     0.000     0.000     0.000     0.000
   7 0 1 1 0 0 0 0   0   0   0   0   0   0   0    16.627     0.000     0.000     0.000     0.000     0.000     0.000   0   0   0   0   0   0   0     0.000     0.009    -0.023     0.000     0.000     0.000     0.000
   7 0 1 1 0 0 0 0   0   0   0   0   0   0   0    16.627     0.000     0.000     0.000     0.000     0.000     0.000   0   0   0   0   0   0   0     0.000     0.010    -0.019     0.000     0.000     0.000     0.000
   7 0 1 1 0 0 0 0   0   0   0   0   0   0   0    16.627     0.000     0.000     0.000     0.000     0.000     0.000   0   0   0   0   0   0   0     0.000     0.013    -0.034     0.000     0.000     0.000     0.000
   7 0 1 1 0 0 0 0   0   0   0   0   0   0   0    16.627     0.000     0.000     0.000     0.000     0.000     0.000   0   0   0   0   0   0   0     0.000     0.025    -0.070     0.000     0.000     0.000     0.000
   7 0 1 1 0 0 0 0   7   0   0   0   0   0   0    21.897     0.000     0.000     0.000     0.000     0.000     0.000   0   0   0   0   0   0   0     0.000    -0.016     0.015     0.000     0.000     0.000     0.000
   7 0 1 1 0 0 0 0   7   0   0   0   0   0   0    21.897     0.000     0.000     0.000     0.000     0.000     0.000   0   0   0   0   0   0   0     0.000    -0.013     0.015     0.000     0.000     0.000     0.000
   7 0 1 1 0 0 0 0   0   0   0   0   0   0   0    16.627     0.000     0.000     0.000     0.000     0.000     0.000   0   0   0   0   0   0   0     0.000     0.012    -0.033     0.000     0.000     0.000     0.000
   7 0 1 1 0 0 0 0   0   0   0   0   0   0   0    16.627     0.000     0.000     0.000     0.000     0.000     0.000   0   0   0   0   0   0   0     0.000     0.024    -0.066     0.000     0.000     0.000     0.000
   7 0 1 1 0 0 0 0   0   0   0   0   0   0   0    16.627     0.000     0.000     0.000     0.000     0.000     0.000   0   0   0   0   0   0   0     0.000     0.009    -0.021     0.000     0.000     0.000     0.000
   7 0 1 1 0 0 0 0   0   0   0   0   0   0   0    16.627     0.000     0.000     0.000     0.000     0.000     0.000   0   0   0   0   0   0   0     0.000     0.009    -0.017     0.000     0.000     0.000     0.000
   7 0 1 1 0 0 0 0   0   0   0   0   0   0   0    16.627     0.000     0.000     0.000     0.000     0.000     0.000   0   0   0   0   0   0   0     0.000     0.011    -0.031     0.000     0.000     0.000     0.000
   7 0 1 1 0 0 0 0   0   0   0   0   0   0   0    16.627     0.000     0.000     0.000     0.000     0.000     0.000   0   0   0   0   0   0   0     0.000     0.022    -0.063     0.000     0.000     0.000     0.000
   7 0 1 1 0 0 0 0  11   0   0   0   0   0   0    68.030     0.000     0.000     0.000     0.000     0.000     0.000   0   0   0   0   0   0   0     0.000     0.014    -0.015     0.000     0.000     0.000     0.000
   7 0 1 1 0 0 0 0   7   0   0   0   0   0   0    21.897     0.000     0.000     0.000     0.000     0.000     0.000   0   0   0   0   0   0   0     0.000    -0.012     0.014     0.000     0.000     0.000     0.000
   7 0 1 1 0 0 0 0   0   0   0   0   0   0   0    16.131     0.000     0.000     0.000     0.000     0.000     0.000   0   0   0   0   0   0   0     0.000     0.018    -0.022     0.000     0.000     0.000     0.000
   7 0 1 1 0 0 0 0   0   0   0   0   0   0   0    16.627     0.000     0.000     0.000     0.000     0.000     0.000   0   0   0   0   0   0   0     0.000     0.021    -0.060     0.000     0.000     0.000     0.000
   7 0 1 1 0 0 0 0   0   0   0   0   0   0   0    16.627     0.000     0.000     0.000     0.000     0.000     0.000   0   0   0   0   0   0   0     0.000     0.008    -0.020     0.000     0.000     0.000     0.000
   7 0 1 1 0 0 0 0   0   0   0   0   0   0   0    16.627     0.000     0.000     0.000     0.000     0.000     0.000   0   0   0   0   0   0   0     0.000     0.009    -0.016     0.000     0.000     0.000     0.000
   7 0 1 1 0 0 0 0   0   0   0   0   0   0   0    16.627     0.000     0.000     0.000     0.000     0.000     0.000   0   0   0   0   0   0   0     0.000     0.010    -0.028     0.000     0.000     0.000     0.000
   7 0 1 1 0 0 0 0   0   0   0   0   0   0   0    16.627     0.000     0.000     0.000     0.000     0.000     0.000   0   0   0   0   0   0   0     0.000     0.019    -0.057     0.000     0.000     0.000     0.000
   7 0 1 1 0 0 0 0   0   0   0   0   0   0   0    16.627     0.000     0.000     0.000     0.000     0.000     0.000   0   0   0   0   0   0   0     0.000     0.008    -0.019     0.000     0.000     0.000     0.000
   7 0 1 1 0 0 0 0   7   0   0   0   0   0   0    21.897     0.000     0.000     0.000     0.000     0.000     0.000   0   0   0   0   0   0   0     0.000    -0.011     0.013     0.000     0.000     0.000     0.000
   7 0 1 1 0 0 0 0   0   0   0   0   0   0   0    16.627     0.000     0.000     0.000     0.000     0.000     0.000   0   0   0   0   0   0   0     0.000     0.010    -0.027     0.000     0.000     0.000     0.000
   7 0 1 1 0 0 0 0   7   0   0   0   0   0   0    21.897     0.000     0.000     0.000     0.000     0.000     0.000   0   0   0   0   0   0   0     0.000    -0.040     0.033     0.000     0.000     0.000     0.000
   7 0 1 1 0 0 0 0   7   0   0   0   0   0   0    21.897     0.000     0.000     0.000     0.000     0.000     0.000   0   0   0   0   0   0   0     0.000    -0.013     0.012     0.000     0.000     0.000     0.000
   7 0 1 1 0 0 0 0   0   0   0   0   0   0   0    16.627     0.000     0.000     0.000     0.000     0.000     0.000   0   0   0   0   0   0   0     0.000     0.008    -0.014     0.000     0.000     0.000     0.000
   7 0 1 1 0 0 0 0   0   0   0   0   0   0   0    16.131     0.000     0.000     0.000     0.000     0.000     0.000   0   0   0   0   0   0   0     0.000     0.016    -0.019     0.000     0.000     0.000     0.000
   7 0 1 1 0 0 0 0  10   0   0   0   0   0   0    22.023     0.000     0.000     0.000     0.000     0.000     0.000   0   0   0   0   0   0   0     0.000    -0.052     0.018     0.000     0.000     0.000     0.000
   7 0 1 1 0 0 0 0  10   0   0   0   0   0   0    22.023     0.000     0.000     0.000     0.000     0.000     0.000   0   0   0   0   0   0   0     0.000    -0.017     0.007     0.000     0.000     0.000     0.000
   7 0 1 1 0 0 0 0   7   0   0   0   0   0   0    21.897     0.000     0.000     0.000     0.000     0.000     0.000   0   0   0   0   0   0   0     0.000    -0.010     0.012     0.000     0.000     0.000     0.000
   7 0 1 1 0 0 0 0   0   0   0   0   0   0   0    16.627     0.000     0.000     0.000     0.000     0.000     0.000   0   0   0   0   0   0   0     0.000     0.009    -0.025     0.000     0.000     0.000     0.000
   7 0 1 1 0 0 0 0   7   0   0   0   0   0   0    21.897     0.000     0.000     0.000     0.000     0.000     0.000   0   0   0   0   0   0   0     0.000    -0.036     0.031     0.000     0.000     0.000     0.000
   7 0 1 1 0 0 0 0  11   0   0   0   0   0   0    68.030     0.000     0.000     0.000     0.000     0.000     0.000   0   0   0   0   0   0   0     0.000     0.011    -0.012     0.000     0.000     0.000     0.000
   7 0 1 1 0 0 0 0  10   0   0   0   0   0   0    22.023     0.000     0.000     0.000     0.000     0.000     0.000   0   0   0   0   0   0   0     0.000    -0.013     0.007     0.000     0.000     0.000     0.000
   7 0 1 1 0 0 0 0   0   0   0   0   0   0   0    16.131     0.000     0.000     0.000     0.000     0.000     0.000   0   0   0   0   0   0   0     0.000     0.015    -0.017     0.000     0.000     0.000     0.000
   7 0 1 1 0 0 0 0   0   0   0   0   0   0   0    16.627     0.000     0.000     0.000     0.000     0.000     0.000   0   0   0   0   0   0   0     0.000     0.017    -0.047     0.000     0.000     0.000     0.000
   7 0 1 1 0 0 0 0   0   0   0   0   0   0   0    16.627     0.000     0.000     0.000     0.000     0.000     0.000   0   0   0   0   0   0   0     0.000     0.007    -0.016     0.000     0.000     0.000     0.000
   7 0 1 1 0 0 0 0   7   0   0   0   0   0   0    21.897     0.000     0.000     0.000     0.000     0.000     0.000   0   0   0   0   0   0   0     0.000    -0.009     0.011     0.000     0.000     0.000     0.000
   7 0 1 1 0 0 0 0   0   0   0   0   0   0   0    16.627     0.000     0.000     0.000     0.000     0.000     0.000   0   0   0   0   0   0   0     0.000     0.009    -0.023     0.000     0.000     0.000     0.000
   7 0 1 1 0 0 0 0   0   0   0   0   0   0   0    16.627     0.000     0.000     0.000     0.000     0.000     0.000   0   0   0   0   0   0   0     0.000     0.016    -0.045     0.000     0.000     0.000     0.000
   7 0 1 1 0 0 0 0   7   0   0   0   0   0   0    21.897     0.000     0.000     0.000     0.000     0.000     0.000   0   0   0   0   0   0   0     0.000    -0.011     0.011     0.000     0.000     0.000     0.000
   7 0 1 1 0 0 0 0   0   0   0   0   0   0   0    16.627     0.000     0.000     0.000     0.000     0.000     0.000   0   0   0   0   0   0   0     0.000     0.007    -0.012     0.000     0.000     0.000     0.000
   7 0 1 1 0 0 0 0   0   0   0   0   0   0   0    16.627     0.000     0.000     0.000     0.000     0.000     0.000   0   0   0   0   0   0   0     0.000     0.008    -0.021     0.000     0.000     0.000     0.000
   7 0 1 1 0 0 0 0   7   0   0   0   0   0   0    21.897     0.000     0.000     0.000     0.000     0.000     0.000   0   0   0   0   0   0   0     0.000    -0.032     0.027     0.000     0.000     0.000     0.000
   7 0 1 1 0 0 0 0   0   0   0   0   0   0   0    16.627     0.000     0.000     0.000     0.000     0.000     0.000   0   0   0   0   0   0   0     0.000     0.006    -0.014     0.000     0.000     0.000     0.000
   7 0 1 1 0 0 0 0   7   0   0   0   0   0   0    21.897     0.000     0.000     0.000     0.000     0.000     0.000   0   0   0   0   0   0   0     0.000    -0.008     0.010     0.000     0.000     0.000     0.000
   7 0 1 1 0 0 0 0   0   0   0   0   0   0   0    16.131     0.000     0.000     0.000     0.000     0.000     0.000   0   0   0   0   0   0   0     0.000     0.013    -0.015     0.000     0.000     0.000     0.000
   7 0 1 1 0 0 0 0   0   0   0   0   0   0   0    16.627     0.000     0.000     0.000     0.000     0.000     0.000   0   0   0   0   0   0   0     0.000     0.015    -0.041     0.000     0.000     0.000     0.000
   7 0 1 1 0 0 0 0   7   0   0   0   0   0   0    21.897     0.000     0.000     0.000     0.000     0.000     0.000   0   0   0   0   0   0   0     0.000    -0.010     0.010     0.000     0.000     0.000     0.000
   7 0 1 1 0 0 0 0   0   0   0   0   0   0   0    16.627     0.000     0.000     0.000     0.000     0.000     0.000   0   0   0   0   0   0   0     0.000     0.006    -0.011     0.000     0.000     0.000     0.000
   7 0 1 1 0 0 0 0   0   0   0   0   0   0   0    16.627     0.000     0.000     0.000     0.000     0.000     0.000   0   0   0   0   0   0   0     0.000     0.008    -0.020     0.000     0.000     0.000     0.000
   7 0 1 1 0 0 0 0  11   0   0   0   0   0   0    68.030     0.000     0.000     0.000     0.000     0.000     0.000   0   0   0   0   0   0   0     0.000     0.025    -0.029     0.000     0.000     0.000     0.000
   7 0 1 1 0 0 0 0   0   0   0   0   0   0   0    16.627     0.000     0.000     0.000     0.000     0.000     0.000   0   0   0   0   0   0   0     0.000     0.006    -0.013     0.000     0.000     0.000     0.000
   7 0 1 1 0 0 0 0   7   0   0   0   0   0   0    21.897     0.000     0.000     0.000     0.000     0.000     0.000   0   0   0   0   0   0   0     0.000    -0.007     0.009     0.000     0.000     0.000     0.000
   7 0 1 1 0 0 0 0   0   0   0   0   0   0   0    16.131     0.000     0.000     0.000     0.000     0.000     0.000   0   0   0   0   0   0   0     0.000     0.012    -0.014     0.000     0.000     0.000     0.000
   7 0 1 1 0 0 0 0   0   0   0   0   0   0   0    16.627     0.000     0.000     0.000     0.000     0.000     0.000   0   0   0   0   0   0   0     0.000     0.014    -0.038     0.000     0.000     0.000     0.000
   7 0 1 1 0 0 0 0   0   0   0   0   0   0   0    16.627     0.000     0.000     0.000     0.000     0.000     0.000   0   0   0   0   0   0   0     0.000     0.005    -0.012     0.000     0.000     0.000     0.000
   7 0 1 1 0 0 0 0   0   0   0   0   0   0   0    16.627     0.000     0.000     0.000     0.000     0.000     0.000   0   0   0   0   0   0   0     0.000     0.006    -0.010     0.000     0.000     0.000     0.000
   7 0 1 1 0 0 0 0  10   0   0   0   0   0   0    22.023     0.000     0.000     0.000     0.000     0.000     0.000   0   0   0   0   0   0   0     0.000    -0.018     0.007     0.000     0.000     0.000     0.000
   7 0 1 1 0 0 0 0   7   0   0   0   0   0   0    21.897     0.000     0.000     0.000     0.000     0.000     0.000   0   0   0   0   0   0   0     0.000    -0.026     0.023     0.000     0.000     0.000     0.000
   7 0 1 1 0 0 0 0   7   0   0   0   0   0   0    21.897     0.000     0.000     0.000     0.000     0.000     0.000   0   0   0   0   0   0   0     0.000    -0.009     0.009     0.000     0.000     0.000     0.000
   7 0 1 1 0 0 0 0   7   0   0   0   0   0   0    21.897     0.000     0.000     0.000     0.000     0.000     0.000   0   0   0   0   0   0   0     0.000    -0.007     0.008     0.000     0.000     0.000     0.000
   7 0 1 1 0 0 0 0   0   0   0   0   0   0   0    16.131     0.000     0.000     0.000     0.000     0.000     0.000   0   0   0   0   0   0   0     0.000     0.011    -0.012     0.000     0.000     0.000     0.000
   7 0 1 1 0 0 0 0   0   0   0   0   0   0   0    16.627     0.000     0.000     0.000     0.000     0.000     0.000   0   0   0   0   0   0   0     0.000     0.013    -0.035     0.000     0.000     0.000     0.000
   7 0 1 1 0 0 0 0   0   0   0   0   0   0   0    16.627     0.000     0.000     0.000     0.000     0.000     0.000   0   0   0   0   0   0   0     0.000     0.005    -0.011     0.000     0.000     0.000     0.000
   7 0 1 1 0 0 0 0   0   0   0   0   0   0   0    16.627     0.000     0.000     0.000     0.000     0.000     0.000   0   0   0   0   0   0   0     0.000     0.005    -0.009     0.000     0.000     0.000     0.000
   7 0 1 1 0 0 0 0   0   0   0   0   0   0   0    16.627     0.000     0.000     0.000     0.000     0.000     0.000   0   0   0   0   0   0   0     0.000     0.007    -0.016     0.000     0.000     0.000     0.000
   7 0 1 1 0 0 0 0   0   0   0   0   0   0   0    16.627     0.000     0.000     0.000     0.000     0.000     0.000   0   0   0   0   0   0   0     0.000     0.013    -0.033     0.000     0.000     0.000     0.000
   7 0 1 1 0 0 0 0   7   0   0   0   0   0   0    21.897     0.000     0.000     0.000     0.000     0.000     0.000   0   0   0   0   0   0   0     0.000    -0.008     0.008     0.000     0.000     0.000     0.000
   7 0 1 1 0 0 0 0   7   0   0   0   0   0   0    21.897     0.000     0.000     0.000     0.000     0.000     0.000   0   0   0   0   0   0   0     0.000    -0.006     0.008     0.000     0.000     0.000     0.000
   7 0 1 1 0 0 0 0   0   0   0   0   0   0   0    16.627     0.000     0.000     0.000     0.000     0.000     0.000   0   0   0   0   0   0   0     0.000     0.006    -0.016     0.000     0.000     0.000     0.000
   7 0 1 1 0 0 0 0   7   0   0   0   0   0   0    21.897     0.000     0.000     0.000     0.000     0.000     0.000   0   0   0   0   0   0   0     0.000    -0.023     0.021     0.000     0.000     0.000     0.000
   7 0 1 1 0 0 0 0   0   0   0   0   0   0   0    16.627     0.000     0.000     0.000     0.000     0.000     0.000   0   0   0   0   0   0   0     0.000     0.005    -0.010     0.000     0.000     0.000     0.000
   7 0 1 1 0 0 0 0  10   0   0   0   0   0   0    22.023     0.000     0.000     0.000     0.000     0.000     0.000   0   0   0   0   0   0   0     0.000    -0.009     0.005     0.000     0.000     0.000     0.000
   7 0 1 1 0 0 0 0   0   0   0   0   0   0   0    16.131     0.000     0.000     0.000     0.000     0.000     0.000   0   0   0   0   0   0   0     0.000     0.010    -0.011     0.000     0.000     0.000     0.000
   7 0 1 1 0 0 0 0   0   0   0   0   0   0   0    16.627     0.000     0.000     0.000     0.000     0.000     0.000   0   0   0   0   0   0   0     0.000     0.012    -0.030     0.000     0.000     0.000     0.000
   7 0 1 1 0 0 0 0   7   0   0   0   0   0   0    21.897     0.000     0.000     0.000     0.000     0.000     0.000   0   0   0   0   0   0   0     0.000    -0.007     0.007     0.000     0.000     0.000     0.000
   7 0 1 1 0 0 0 0   7   0   0   0   0   0   0    21.897     0.000     0.000     0.000     0.000     0.000     0.000   0   0   0   0   0   0   0     0.000    -0.006     0.007     0.000     0.000     0.000     0.000
   7 0 1 1 0 0 0 0   0   0   0   0   0   0   0    16.627     0.000     0.000     0.000     0.000     0.000     0.000   0   0   0   0   0   0   0     0.000     0.006    -0.014     0.000     0.000     0.000     0.000
   7 0 1 1 0 0 0 0  11   0   0   0   0   0   0    68.030     0.000     0.000     0.000     0.000     0.000     0.000   0   0   0   0   0   0   0     0.000     0.019    -0.021     0.000     0.000     0.000     0.000
   7 0 1 1 0 0 0 0   0   0   0   0   0   0   0    16.627     0.000     0.000     0.000     0.000     0.000     0.000   0   0   0   0   0   0   0     0.000     0.004    -0.010     0.000     0.000     0.000     0.000
   7 0 1 1 0 0 0 0   0   0   0   0   0   0   0    16.627     0.000     0.000     0.000     0.000     0.000     0.000   0   0   0   0   0   0   0     0.000     0.005    -0.008     0.000     0.000     0.000     0.000
   7 0 1 1 0 0 0 0   0   0   0   0   0   0   0    16.131     0.000     0.000     0.000     0.000     0.000     0.000   0   0   0   0   0   0   0     0.000     0.009    -0.010     0.000     0.000     0.000     0.000
   7 0 1 1 0 0 0 0   0   0   0   0   0   0   0    16.627     0.000     0.000     0.000     0.000     0.000     0.000   0   0   0   0   0   0   0     0.000     0.011    -0.027     0.000     0.000     0.000     0.000
   7 0 1 1 0 0 0 0   7   0   0   0   0   0   0    21.897     0.000     0.000     0.000     0.000     0.000     0.000   0   0   0   0   0   0   0     0.000    -0.006     0.007     0.000     0.000     0.000     0.000
   7 0 1 1 0 0 0 0   0   0   0   0   0   0   0    16.627     0.000     0.000     0.000     0.000     0.000     0.000   0   0   0   0   0   0   0     0.000     0.004    -0.007     0.000     0.000     0.000     0.000
   7 0 1 1 0 0 0 0   0   0   0   0   0   0   0    16.627     0.000     0.000     0.000     0.000     0.000     0.000   0   0   0   0   0   0   0     0.000     0.005    -0.013     0.000     0.000     0.000     0.000
   7 0 1 1 0 0 0 0   7   0   0   0   0   0   0    21.897     0.000     0.000     0.000     0.000     0.000     0.000   0   0   0   0   0   0   0     0.000    -0.019     0.018     0.000     0.000     0.000     0.000
   7 0 1 1 0 0 0 0   0   0   0   0   0   0   0    16.627     0.000     0.000     0.000     0.000     0.000     0.000   0   0   0   0   0   0   0     0.000     0.004    -0.009     0.000     0.000     0.000     0.000
   7 0 1 1 0 0 0 0   7   0   0   0   0   0   0    21.897     0.000     0.000     0.000     0.000     0.000     0.000   0   0   0   0   0   0   0     0.000    -0.005     0.006     0.000     0.000     0.000     0.000
   7 0 1 1 0 0 0 0   0   0   0   0   0   0   0    16.131     0.000     0.000     0.000     0.000     0.000     0.000   0   0   0   0   0   0   0     0.000     0.009    -0.009     0.000     0.000     0.000     0.000
   7 0 1 1 0 0 0 0   0   0   0   0   0   0   0    16.627     0.000     0.000     0.000     0.000     0.000     0.000   0   0   0   0   0   0   0     0.000     0.010    -0.025     0.000     0.000     0.000     0.000
   7 0 1 1 0 0 0 0   0   0   0   0   0   0   0    16.627     0.000     0.000     0.000     0.000     0.000     0.000   0   0   0   0   0   0   0     0.000     0.004    -0.008     0.000     0.000     0.000     0.000
   7 0 1 1 0 0 0 0   0   0   0   0   0   0   0    16.627     0.000     0.000     0.000     0.000     0.000     0.000   0   0   0   0   0   0   0     0.000     0.004    -0.007     0.000     0.000     0.000     0.000
   7 0 1 1 0 0 0 0   0   0   0   0   0   0   0    16.627     0.000     0.000     0.000     0.000     0.000     0.000   0   0   0   0   0   0   0     0.000     0.005    -0.012     0.000     0.000     0.000     0.000
   7 0 1 1 0 0 0 0   7   0   0   0   0   0   0    21.897     0.000     0.000     0.000     0.000     0.000     0.000   0   0   0   0   0   0   0     0.000    -0.017     0.016     0.000     0.000     0.000     0.000
   7 0 1 1 0 0 0 0   7   0   0   0   0   0   0    21.897     0.000     0.000     0.000     0.000     0.000     0.000   0   0   0   0   0   0   0     0.000    -0.006     0.006     0.000     0.000     0.000     0.000
   7 0 1 1 0 0 0 0   7   0   0   0   0   0   0    21.897     0.000     0.000     0.000     0.000     0.000     0.000   0   0   0   0   0   0   0     0.000    -0.005     0.006     0.000     0.000     0.000     0.000
   7 0 1 1 0 0 0 0   0   0   0   0   0   0   0    16.131     0.000     0.000     0.000     0.000     0.000     0.000   0   0   0   0   0   0   0     0.000     0.008    -0.008     0.000     0.000     0.000     0.000
   7 0 1 1 0 0 0 0   0   0   0   0   0   0   0    16.627     0.000     0.000     0.000     0.000     0.000     0.000   0   0   0   0   0   0   0     0.000     0.010    -0.023     0.000     0.000     0.000     0.000
   7 0 1 1 0 0 0 0   0   0   0   0   0   0   0    16.627     0.000     0.000     0.000     0.000     0.000     0.000   0   0   0   0   0   0   0     0.000     0.004    -0.008     0.000     0.000     0.000     0.000
   7 0 1 1 0 0 0 0   0   0   0   0   0   0   0    16.627     0.000     0.000     0.000     0.000     0.000     0.000   0   0   0   0   0   0   0     0.000     0.004    -0.006     0.000     0.000     0.000     0.000
   7 0 1 1 0 0 0 0   0   0   0   0   0   0   0    16.627     0.000     0.000     0.000     0.000     0.000     0.000   0   0   0   0   0   0   0     0.000     0.005    -0.011     0.000     0.000     0.000     0.000
   7 0 1 1 0 0 0 0   0   0   0   0   0   0   0    16.627     0.000     0.000     0.000     0.000     0.000     0.000   0   0   0   0   0   0   0     0.000     0.009    -0.022     0.000     0.000     0.000     0.000
   7 0 1 1 0 0 0 0   7   0   0   0   0   0   0    21.897     0.000     0.000     0.000     0.000     0.000     0.000   0   0   0   0   0   0   0     0.000    -0.005     0.006     0.000     0.000     0.000     0.000
   7 0 1 1 0 0 0 0   7   0   0   0   0   0   0    21.897     0.000     0.000     0.000     0.000     0.000     0.000   0   0   0   0   0   0   0     0.000    -0.004     0.005     0.000     0.000     0.000     0.000
   7 0 1 1 0 0 0 0   0   0   0   0   0   0   0    16.627     0.000     0.000     0.000     0.000     0.000     0.000   0   0   0   0   0   0   0     0.000     0.004    -0.010     0.000     0.000     0.000     0.000
   7 0 1 1 0 0 0 0   7   0   0   0   0   0   0    21.897     0.000     0.000     0.000     0.000     0.000     0.000   0   0   0   0   0   0   0     0.000    -0.015     0.015     0.000     0.000     0.000     0.000
   7 0 1 1 0 0 0 0   0   0   0   0   0   0   0    16.627     0.000     0.000     0.000     0.000     0.000     0.000   0   0   0   0   0   0   0     0.000     0.003    -0.007     0.000     0.000     0.000     0.000
   7 0 1 1 0 0 0 0  10   0   0   0   0   0   0    22.023     0.000     0.000     0.000     0.000     0.000     0.000   0   0   0   0   0   0   0     0.000    -0.006     0.003     0.000     0.000     0.000     0.000
   7 0 1 1 0 0 0 0   0   0   0   0   0   0   0    16.131     0.000     0.000     0.000     0.000     0.000     0.000   0   0   0   0   0   0   0     0.000     0.007    -0.007     0.000     0.000     0.000     0.000
   7 0 1 1 0 0 0 0   0   0   0   0   0   0   0    16.627     0.000     0.000     0.000     0.000     0.000     0.000   0   0   0   0   0   0   0     0.000     0.008    -0.020     0.000     0.000     0.000     0.000
   7 0 1 1 0 0 0 0   7   0   0   0   0   0   0    21.897     0.000     0.000     0.000     0.000     0.000     0.000   0   0   0   0   0   0   0     0.000    -0.005     0.005     0.000     0.000     0.000     0.000
   7 0 1 1 0 0 0 0   7   0   0   0   0   0   0    21.897     0.000     0.000     0.000     0.000     0.000     0.000   0   0   0   0   0   0   0     0.000    -0.004     0.005     0.000     0.000     0.000     0.000
   7 0 1 1 0 0 0 0   0   0   0   0   0   0   0    16.627     0.000     0.000     0.000     0.000     0.000     0.000   0   0   0   0   0   0   0     0.000     0.004    -0.010     0.000     0.000     0.000     0.000
   7 0 1 1 0 0 0 0   7   0   0   0   0   0   0    21.897     0.000     0.000     0.000     0.000     0.000     0.000   0   0   0   0   0   0   0     0.000    -0.014     0.013     0.000     0.000     0.000     0.000
   7 0 1 1 0 0 0 0   0   0   0   0   0   0   0    16.627     0.000     0.000     0.000     0.000     0.000     0.000   0   0   0   0   0   0   0     0.000     0.003    -0.006     0.000     0.000     0.000     0.000
   7 0 1 1 0 0 0 0   0   0   0   0   0   0   0    16.627     0.000     0.000     0.000     0.000     0.000     0.000   0   0   0   0   0   0   0     0.000     0.003    -0.005     0.000     0.000     0.000     0.000
   7 0 1 1 0 0 0 0   0   0   0   0   0   0   0    16.131     0.000     0.000     0.000     0.000     0.000     0.000   0   0   0   0   0   0   0     0.000     0.007    -0.007     0.000     0.000     0.000     0.000
   7 0 1 1 0 0 0 0   0   0   0   0   0   0   0    16.627     0.000     0.000     0.000     0.000     0.000     0.000   0   0   0   0   0   0   0     0.000     0.008    -0.018     0.000     0.000     0.000     0.000
   7 0 1 1 0 0 0 0   7   0   0   0   0   0   0    21.897     0.000     0.000     0.000     0.000     0.000     0.000   0   0   0   0   0   0   0     0.000    -0.004     0.005     0.000     0.000     0.000     0.000
   7 0 1 1 0 0 0 0   7   0   0   0   0   0   0    21.897     0.000     0.000     0.000     0.000     0.000     0.000   0   0   0   0   0   0   0     0.000    -0.003     0.005     0.000     0.000     0.000     0.000
   7 0 1 1 0 0 0 0   0   0   0   0   0   0   0    16.627     0.000     0.000     0.000     0.000     0.000     0.000   0   0   0   0   0   0   0     0.000     0.004    -0.009     0.000     0.000     0.000     0.000
   7 0 1 1 0 0 0 0   7   0   0   0   0   0   0    21.897     0.000     0.000     0.000     0.000     0.000     0.000   0   0   0   0   0   0   0     0.000    -0.013     0.012     0.000     0.000     0.000     0.000
   7 0 1 1 0 0 0 0   0   0   0   0   0   0   0    16.627     0.000     0.000     0.000     0.000     0.000     0.000   0   0   0   0   0   0   0     0.000     0.003    -0.006     0.000     0.000     0.000     0.000
   7 0 1 1 0 0 0 0   0   0   0   0   0   0   0    16.627     0.000     0.000     0.000     0.000     0.000     0.000   0   0   0   0   0   0   0     0.000     0.003    -0.005     0.000     0.000     0.000     0.000
   7 0 1 1 0 0 0 0   0   0   0   0   0   0   0    16.131     0.000     0.000     0.000     0.000     0.000     0.000   0   0   0   0   0   0   0     0.000     0.006    -0.006     0.000     0.000     0.000     0.000
   7 0 1 1 0 0 0 0   0   0   0   0   0   0   0    16.627     0.000     0.000     0.000     0.000     0.000     0.000   0   0   0   0   0   0   0     0.000     0.007    -0.017     0.000     0.000     0.000     0.000
   7 0 1 1 0 0 0 0   7   0   0   0   0   0   0    21.897     0.000     0.000     0.000     0.000     0.000     0.000   0   0   0   0   0   0   0     0.000    -0.004     0.004     0.000     0.000     0.000     0.000
   7 0 1 1 0 0 0 0   7   0   0   0   0   0   0    21.897     0.000     0.000     0.000     0.000     0.000     0.000   0   0   0   0   0   0   0     0.000    -0.003     0.004     0.000     0.000     0.000     0.000
   7 0 1 1 0 0 0 0   0   0   0   0   0   0   0    16.627     0.000     0.000     0.000     0.000     0.000     0.000   0   0   0   0   0   0   0     0.000     0.004    -0.008     0.000     0.000     0.000     0.000
   7 0 1 1 0 0 0 0   0   0   0   0   0   0   0    16.627     0.000     0.000     0.000     0.000     0.000     0.000   0   0   0   0   0   0   0     0.000     0.007    -0.016     0.000     0.000     0.000     0.000
   7 0 1 1 0 0 0 0   0   0   0   0   0   0   0    16.627     0.000     0.000     0.000     0.000     0.000     0.000   0   0   0   0   0   0   0     0.000     0.003    -0.005     0.000     0.000     0.000     0.000
   7 0 1 1 0 0 0 0  10   0   0   0   0   0   0    22.023     0.000     0.000     0.000     0.000     0.000     0.000   0   0   0   0   0   0   0     0.000    -0.004     0.003     0.000     0.000     0.000     0.000
   7 0 1 1 0 0 0 0   0   0   0   0   0   0   0    16.627     0.000     0.000     0.000     0.000     0.000     0.000   0   0   0   0   0   0   0     0.000     0.003    -0.008     0.000     0.000     0.000     0.000
   7 0 1 1 0 0 0 0   7   0   0   0   0   0   0    21.897     0.000     0.000     0.000     0.000     0.000     0.000   0   0   0   0   0   0   0     0.000    -0.011     0.011     0.000     0.000     0.000     0.000
   7 0 1 1 0 0 0 0   7   0   0   0   0   0   0    21.897     0.000     0.000     0.000     0.000     0.000     0.000   0   0   0   0   0   0   0     0.000    -0.004     0.004     0.000     0.000     0.000     0.000
   7 0 1 1 0 0 0 0   7   0   0   0   0   0   0    21.897     0.000     0.000     0.000     0.000     0.000     0.000   0   0   0   0   0   0   0     0.000    -0.003     0.004     0.000     0.000     0.000     0.000
   7 0 1 1 0 0 0 0   0   0   0   0   0   0   0    16.131     0.000     0.000     0.000     0.000     0.000     0.000   0   0   0   0   0   0   0     0.000     0.005    -0.005     0.000     0.000     0.000     0.000
   7 0 1 1 0 0 0 0   0   0   0   0   0   0   0    16.627     0.000     0.000     0.000     0.000     0.000     0.000   0   0   0   0   0   0   0     0.000     0.006    -0.015     0.000     0.000     0.000     0.000
   7 0 1 1 0 0 0 0   0   0   0   0   0   0   0    16.627     0.000     0.000     0.000     0.000     0.000     0.000   0   0   0   0   0   0   0     0.000     0.002    -0.005     0.000     0.000     0.000     0.000
   7 0 1 1 0 0 0 0  10   0   0   0   0   0   0    22.023     0.000     0.000     0.000     0.000     0.000     0.000   0   0   0   0   0   0   0     0.000    -0.004     0.002     0.000     0.000     0.000     0.000
   7 0 1 1 0 0 0 0   0   0   0   0   0   0   0    16.627     0.000     0.000     0.000     0.000     0.000     0.000   0   0   0   0   0   0   0     0.000     0.003    -0.007     0.000     0.000     0.000     0.000
   7 0 1 1 0 0 0 0   7   0   0   0   0   0   0    21.897     0.000     0.000     0.000     0.000     0.000     0.000   0   0   0   0   0   0   0     0.000    -0.010     0.010     0.000     0.000     0.000     0.000
   7 0 1 1 0 0 0 0   0   0   0   0   0   0   0    16.627     0.000     0.000     0.000     0.000     0.000     0.000   0   0   0   0   0   0   0     0.000     0.002    -0.005     0.000     0.000     0.000     0.000
   7 0 1 1 0 0 0 0   7   0   0   0   0   0   0    21.897     0.000     0.000     0.000     0.000     0.000     0.000   0   0   0   0   0   0   0     0.000    -0.003     0.004     0.000     0.000     0.000     0.000
   7 0 1 1 0 0 0 0   0   0   0   0   0   0   0    16.131     0.000     0.000     0.000     0.000     0.000     0.000   0   0   0   0   0   0   0     0.000     0.005    -0.005     0.000     0.000     0.000     0.000
   7 0 1 1 0 0 0 0   0   0   0   0   0   0   0    16.627     0.000     0.000     0.000     0.000     0.000     0.000   0   0   0   0   0   0   0     0.000     0.006    -0.013     0.000     0.000     0.000     0.000
   7 0 1 1 0 0 0 0   7   0   0   0   0   0   0    21.897     0.000     0.000     0.000     0.000     0.000     0.000   0   0   0   0   0   0   0     0.000    -0.003     0.004     0.000     0.000     0.000     0.000
   7 0 1 1 0 0 0 0   0   0   0   0   0   0   0    16.627     0.000     0.000     0.000     0.000     0.000     0.000   0   0   0   0   0   0   0     0.000     0.002    -0.004     0.000     0.000     0.000     0.000
   7 0 1 1 0 0 0 0   0   0   0   0   0   0   0    16.627     0.000     0.000     0.000     0.000     0.000     0.000   0   0   0   0   0   0   0     0.000     0.003    -0.006     0.000     0.000     0.000     0.000
   7 0 1 1 0 0 0 0   7   0   0   0   0   0   0    21.897     0.000     0.000     0.000     0.000     0.000     0.000   0   0   0   0   0   0   0     0.000    -0.009     0.009     0.000     0.000     0.000     0.000
   7 0 1 1 0 0 0 0   0   0   0   0   0   0   0    16.627     0.000     0.000     0.000     0.000     0.000     0.000   0   0   0   0   0   0   0     0.000     0.002    -0.004     0.000     0.000     0.000     0.000
   7 0 1 1 0 0 0 0   7   0   0   0   0   0   0    21.897     0.000     0.000     0.000     0.000     0.000     0.000   0   0   0   0   0   0   0     0.000    -0.002     0.003     0.000     0.000     0.000     0.000
   7 0 1 1 0 0 0 0   0   0   0   0   0   0   0    16.131     0.000     0.000     0.000     0.000     0.000     0.000   0   0   0   0   0   0   0     0.000     0.005    -0.004     0.000     0.000     0.000     0.000
   7 0 1 1 0 0 0 0   0   0   0   0   0   0   0    16.627     0.000     0.000     0.000     0.000     0.000     0.000   0   0   0   0   0   0   0     0.000     0.006    -0.012     0.000     0.000     0.000     0.000
   7 0 1 1 0 0 0 0   7   0   0   0   0   0   0    21.897     0.000     0.000     0.000     0.000     0.000     0.000   0   0   0   0   0   0   0     0.000    -0.003     0.003     0.000     0.000     0.000     0.000
   7 0 1 1 0 0 0 0   0   0   0   0   0   0   0    16.627     0.000     0.000     0.000     0.000     0.000     0.000   0   0   0   0   0   0   0     0.000     0.002    -0.003     0.000     0.000     0.000     0.000
   7 0 1 1 0 0 0 0   0   0   0   0   0   0   0    16.627     0.000     0.000     0.000     0.000     0.000     0.000   0   0   0   0   0   0   0     0.000     0.003    -0.006     0.000     0.000     0.000     0.000
   7 0 1 1 0 0 0 0   7   0   0   0   0   0   0    21.897     0.000     0.000     0.000     0.000     0.000     0.000   0   0   0   0   0   0   0     0.000    -0.008     0.009     0.000     0.000     0.000     0.000
   7 0 1 1 0 0 0 0   0   0   0   0   0   0   0    16.627     0.000     0.000     0.000     0.000     0.000     0.000   0   0   0   0   0   0   0     0.000     0.002    -0.004     0.000     0.000     0.000     0.000
   7 0 1 1 0 0 0 0   7   0   0   0   0   0   0    21.897     0.000     0.000     0.000     0.000     0.000     0.000   0   0   0   0   0   0   0     0.000    -0.002     0.003     0.000     0.000     0.000     0.000
