  340
   1 1   0     0.000   0     4.845
   1 1   0     0.000   0     5.472
   1 1   0     0.000   0     5.783
   1 1   0     0.000   0     6.061
   7 0 0 0 1 1 1 1  25  17  16   0   0   0   0     5.566    56.359    59.628     0.000     0.000     0.000     0.000   0   0   0   0   0   0   0     0.000     0.000     0.000    -0.273    -0.104     0.023     0.165
   7 0 0 0 1 1 1 1  25  12  25   0   0   0   0     5.525    46.934     5.722     0.000     0.000     0.000     0.000   0   0   0   0   0   0   0     0.000     0.000     0.000    -0.327    -0.152    -0.021     0.112
   7 0 0 0 1 1 1 1  25  25  26   0   0   0   0     5.416     5.159     5.859     0.000     0.000     0.000     0.000   0   0   0   0   0   0   0     0.000     0.000     0.000    -0.338    -0.174    -0.014     0.096
   7 0 0 0 1 1 1 1  29  29  24   0   0   0   0     5.552     5.303     5.443     0.000     0.000     0.000     0.000   0   0   0   0   0   0   0     0.000     0.000     0.000    -0.591    -0.283    -0.001     0.176
   7 0 0 0 1 1 1 1  25  12  16   0   0   0   0     5.592    47.418    59.934     0.000     0.000     0.000     0.000   0   0   0   0   0   0   0     0.000     0.000     0.000    -0.236    -0.077     0.026     0.156
   7 0 0 0 1 1 1 1  25  12  25   0   0   0   0     5.527    47.223     5.733     0.000     0.000     0.000     0.000   0   0   0   0   0   0   0     0.000     0.000     0.000    -0.285    -0.124    -0.015     0.103
   7 0 0 0 1 1 1 1  29  25  26   0   0   0   0     5.531     5.219     5.858     0.000     0.000     0.000     0.000   0   0   0   0   0   0   0     0.000     0.000     0.000    -0.287    -0.124    -0.007     0.086
   7 0 0 0 1 1 1 1  29  29  24   0   0   0   0     5.569     5.335     5.467     0.000     0.000     0.000     0.000   0   0   0   0   0   0   0     0.000     0.000     0.000    -0.515    -0.225     0.015     0.168
   7 0 0 0 1 1 1 1  31  18  16   0   0   0   0     5.358    49.674    59.061     0.000     0.000     0.000     0.000   0   0   0   0   0   0   0     0.000     0.000     0.000    -0.074    -0.219     0.019     0.129
   7 0 0 0 1 1 1 1  25  12  25   0   0   0   0     5.592    47.468     5.765     0.000     0.000     0.000     0.000   0   0   0   0   0   0   0     0.000     0.000     0.000    -0.249    -0.090     0.002     0.096
   7 0 0 0 1 1 1 1  25  25  25   0   0   0   0     5.374     5.089     5.687     0.000     0.000     0.000     0.000   0   0   0   0   0   0   0     0.000     0.000     0.000    -0.301    -0.171    -0.024     0.074
   7 0 0 0 1 1 1 1  29  29  29   0   0   0   0     5.526     5.252     5.741     0.000     0.000     0.000     0.000   0   0   0   0   0   0   0     0.000     0.000     0.000    -0.515    -0.268    -0.035     0.138
   7 0 0 0 1 1 1 1  25  17  27   0   0   0   0     5.477    56.025     5.182     0.000     0.000     0.000     0.000   0   0   0   0   0   0   0     0.000     0.000     0.000    -0.231    -0.110     0.130     0.014
   7 0 0 0 1 1 1 1  25  12  25   0   0   0   0     5.489    46.434     5.691     0.000     0.000     0.000     0.000   0   0   0   0   0   0   0     0.000     0.000     0.000    -0.265    -0.132    -0.027     0.080
   7 0 0 0 1 1 1 1  29  25  26   0   0   0   0     5.550     5.193     5.867     0.000     0.000     0.000     0.000   0   0   0   0   0   0   0     0.000     0.000     0.000    -0.240    -0.102    -0.000     0.072
   7 0 0 0 1 1 1 1  29  29  28   0   0   0   0     5.608     5.364     5.614     0.000     0.000     0.000     0.000   0   0   0   0   0   0   0     0.000     0.000     0.000    -0.411    -0.160     0.036     0.165
   7 0 0 0 1 1 1 1  25  22  16   0   0   0   0     5.606     5.478    60.292     0.000     0.000     0.000     0.000   0   0   0   0   0   0   0     0.000     0.000     0.000    -0.058    -0.180     0.022     0.122
   7 0 0 0 1 1 1 1  25  12  25   0   0   0   0     5.477    46.274     5.662     0.000     0.000     0.000     0.000   0   0   0   0   0   0   0     0.000     0.000     0.000    -0.247    -0.127    -0.033     0.070
   7 0 0 0 1 1 1 1  25  25  25   0   0   0   0     5.353     5.047     5.664     0.000     0.000     0.000     0.000   0   0   0   0   0   0   0     0.000     0.000     0.000    -0.262    -0.152    -0.025     0.059
   7 0 0 0 1 1 1 1  29  29  28   0   0   0   0     5.651     5.384     5.627     0.000     0.000     0.000     0.000   0   0   0   0   0   0   0     0.000     0.000     0.000    -0.364    -0.131     0.043     0.160
   7 0 0 0 1 1 1 1  12  22  16   0   0   0   0    48.488     5.488    59.061     0.000     0.000     0.000     0.000   0   0   0   0   0   0   0     0.000     0.000     0.000    -0.061    -0.168     0.014     0.096
   7 0 0 0 1 1 1 1  25  12  25   0   0   0   0     5.594    47.674     5.810     0.000     0.000     0.000     0.000   0   0   0   0   0   0   0     0.000     0.000     0.000    -0.182    -0.060     0.008     0.077
   7 0 0 0 1 1 1 1  29  25  26   0   0   0   0     5.565     5.249     5.880     0.000     0.000     0.000     0.000   0   0   0   0   0   0   0     0.000     0.000     0.000    -0.188    -0.071     0.006     0.063
   7 0 0 0 1 1 1 1  24  11  28   0   0   0   0     5.306    42.962     5.606     0.000     0.000     0.000     0.000   0   0   0   0   0   0   0     0.000     0.000     0.000    -0.408    -0.188     0.014     0.131
   7 0 0 0 1 1 1 1  31  12  27   0   0   0   0     5.361    47.695     5.165     0.000     0.000     0.000     0.000   0   0   0   0   0   0   0     0.000     0.000     0.000    -0.141    -0.043     0.101     0.018
   7 0 0 0 1 1 1 1   3  12  25   0   0   0   0    22.565    47.835     5.866     0.000     0.000     0.000     0.000   0   0   0   0   0   0   0     0.000     0.000     0.000    -0.161    -0.045     0.028     0.080
   7 0 0 0 1 1 1 1  29  25  26   0   0   0   0     5.568     5.127     5.873     0.000     0.000     0.000     0.000   0   0   0   0   0   0   0     0.000     0.000     0.000    -0.194    -0.082     0.003     0.055
   7 0 0 0 1 1 1 1  29  11  29   0   0   0   0     5.505    42.539     5.758     0.000     0.000     0.000     0.000   0   0   0   0   0   0   0     0.000     0.000     0.000    -0.389    -0.200    -0.024     0.098
   7 0 0 0 1 1 1 1  12   3  27   0   0   0   0    48.555    21.904     5.243     0.000     0.000     0.000     0.000   0   0   0   0   0   0   0     0.000     0.000     0.000    -0.164    -0.061     0.075     0.009
   7 0 0 0 1 1 1 1   3  12  25   0   0   0   0    22.626    46.740     5.916     0.000     0.000     0.000     0.000   0   0   0   0   0   0   0     0.000     0.000     0.000    -0.171    -0.052     0.035     0.090
   7 0 0 0 1 1 1 1  25  25  26   0   0   0   0     5.328     5.015     5.852     0.000     0.000     0.000     0.000   0   0   0   0   0   0   0     0.000     0.000     0.000    -0.207    -0.118    -0.014     0.046
   7 0 0 0 1 1 1 1  29  29  30   0   0   0   0     5.655     5.281     5.627     0.000     0.000     0.000     0.000   0   0   0   0   0   0   0     0.000     0.000     0.000    -0.305    -0.119     0.040     0.147
   7 0 0 0 1 1 1 1  31  17  16   0   0   0   0     5.367    56.424    61.268     0.000     0.000     0.000     0.000   0   0   0   0   0   0   0     0.000     0.000     0.000    -0.121    -0.040     0.019     0.096
   7 0 0 0 1 1 1 1  25  17  25   0   0   0   0     5.607    56.117     5.826     0.000     0.000     0.000     0.000   0   0   0   0   0   0   0     0.000     0.000     0.000    -0.161    -0.061     0.009     0.059
   7 0 0 0 1 1 1 1  29   4  19   0   0   0   0     5.601    22.242    66.171     0.000     0.000     0.000     0.000   0   0   0   0   0   0   0     0.000     0.000     0.000    -0.146    -0.055     0.020     0.074
   7 0 0 0 1 1 1 1  24  29  28   0   0   0   0     5.335     5.264     5.598     0.000     0.000     0.000     0.000   0   0   0   0   0   0   0     0.000     0.000     0.000    -0.281    -0.121     0.010     0.099
   7 0 0 0 1 1 1 1  25   1  27   0   0   0   0     5.611    21.971     5.337     0.000     0.000     0.000     0.000   0   0   0   0   0   0   0     0.000     0.000     0.000    -0.048    -0.136     0.056     0.000
   7 0 0 0 1 1 1 1   4  12  25   0   0   0   0    22.520    48.153     5.929     0.000     0.000     0.000     0.000   0   0   0   0   0   0   0     0.000     0.000     0.000    -0.117    -0.026     0.031     0.080
   7 0 0 0 1 1 1 1  25   1  29   0   0   0   0     5.470    21.980     5.791     0.000     0.000     0.000     0.000   0   0   0   0   0   0   0     0.000     0.000     0.000    -0.069    -0.156     0.002     0.045
   7 0 0 0 1 1 1 1  24  29  24   0   0   0   0     5.220     5.164     5.416     0.000     0.000     0.000     0.000   0   0   0   0   0   0   0     0.000     0.000     0.000    -0.307    -0.161    -0.029     0.073
   7 0 0 0 1 1 1 1  12  18  19   0   0   0   0    48.433    50.477    66.203     0.000     0.000     0.000     0.000   0   0   0   0   0   0   0     0.000     0.000     0.000    -0.051    -0.134     0.012     0.075
   7 0 0 0 1 1 1 1  25  12  25   0   0   0   0     5.617    46.061     5.847     0.000     0.000     0.000     0.000   0   0   0   0   0   0   0     0.000     0.000     0.000    -0.153    -0.053     0.012     0.053
   7 0 0 0 1 1 1 1  25  12  25   0   0   0   0     5.315    45.511     5.646     0.000     0.000     0.000     0.000   0   0   0   0   0   0   0     0.000     0.000     0.000    -0.162    -0.090    -0.019     0.032
   7 0 0 0 1 1 1 1  29  11  30   0   0   0   0     5.665    45.333     5.639     0.000     0.000     0.000     0.000   0   0   0   0   0   0   0     0.000     0.000     0.000    -0.200    -0.067     0.030     0.119
   7 0 0 0 1 1 1 1  31  16  16   0   0   0   0     5.367    57.576    61.362     0.000     0.000     0.000     0.000   0   0   0   0   0   0   0     0.000     0.000     0.000    -0.075     0.007     0.014     0.075
   7 0 0 0 1 1 1 1   4  12  25   0   0   0   0    22.496    48.383     5.937     0.000     0.000     0.000     0.000   0   0   0   0   0   0   0     0.000     0.000     0.000    -0.094    -0.019     0.025     0.070
   7 0 0 0 1 1 1 1  29  27  26   0   0   0   0     5.611     5.241     6.001     0.000     0.000     0.000     0.000   0   0   0   0   0   0   0     0.000     0.000     0.000    -0.116    -0.044     0.018     0.104
   7 0 0 0 1 1 1 1  29  23  23   0   0   0   0     5.668     5.534     5.608     0.000     0.000     0.000     0.000   0   0   0   0   0   0   0     0.000     0.000     0.000    -0.181    -0.057    -0.012     0.068
   7 0 0 0 1 1 1 1  12   4  16   0   0   0   0    48.421    22.089    58.493     0.000     0.000     0.000     0.000   0   0   0   0   0   0   0     0.000     0.000     0.000    -0.115    -0.042     0.004     0.050
   7 0 0 0 1 1 1 1  25  12   4   0   0   0   0     5.419    45.757    22.630     0.000     0.000     0.000     0.000   0   0   0   0   0   0   0     0.000     0.000     0.000    -0.139    -0.065    -0.017     0.033
   7 0 0 0 1 1 1 1  24  16  31   0   0   0   0     5.326    57.570     5.508     0.000     0.000     0.000     0.000   0   0   0   0   0   0   0     0.000     0.000     0.000    -0.081    -0.000     0.010     0.055
   7 0 0 0 1 1 1 1  29  25  28   0   0   0   0     5.482     5.015     5.656     0.000     0.000     0.000     0.000   0   0   0   0   0   0   0     0.000     0.000     0.000    -0.244    -0.118     0.011     0.096
   7 0 0 0 1 1 1 1  29  16  27   0   0   0   0     5.668    57.487     5.373     0.000     0.000     0.000     0.000   0   0   0   0   0   0   0     0.000     0.000     0.000    -0.066     0.004     0.039    -0.003
   7 0 0 0 1 1 1 1   4  18  25   0   0   0   0    22.485    50.313     5.911     0.000     0.000     0.000     0.000   0   0   0   0   0   0   0     0.000     0.000     0.000    -0.034    -0.113     0.018     0.053
   7 0 0 0 1 1 1 1  25  25  16   0   0   0   0     5.300     4.983    58.986     0.000     0.000     0.000     0.000   0   0   0   0   0   0   0     0.000     0.000     0.000    -0.130    -0.068     0.001     0.044
   7 0 0 0 1 1 1 1  29  29  23   0   0   0   0     5.701     5.207     5.622     0.000     0.000     0.000     0.000   0   0   0   0   0   0   0     0.000     0.000     0.000    -0.199    -0.068    -0.006     0.060
   7 0 0 0 1 1 1 1  25  23  16   0   0   0   0     5.616     5.446    62.128     0.000     0.000     0.000     0.000   0   0   0   0   0   0   0     0.000     0.000     0.000    -0.098    -0.031     0.011     0.068
   7 0 0 0 1 1 1 1  25  12  25   0   0   0   0     5.611    45.856     5.864     0.000     0.000     0.000     0.000   0   0   0   0   0   0   0     0.000     0.000     0.000    -0.111    -0.039     0.009     0.038
   7 0 0 0 1 1 1 1  29  25  26   0   0   0   0     5.613     5.069     6.014     0.000     0.000     0.000     0.000   0   0   0   0   0   0   0     0.000     0.000     0.000    -0.101    -0.038     0.013     0.092
   7 0 0 0 1 1 1 1  24  25  30   0   0   0   0     5.344     5.041     5.651     0.000     0.000     0.000     0.000   0   0   0   0   0   0   0     0.000     0.000     0.000    -0.191    -0.074     0.018     0.089
   7 0 0 0 1 1 1 1  22  16  17   0   0   0   0     5.465    58.087    55.625     0.000     0.000     0.000     0.000   0   0   0   0   0   0   0     0.000     0.000     0.000    -0.003     0.036    -0.099    -0.051
   7 0 0 0 1 1 1 1  25  12  25   0   0   0   0     5.409    45.537     5.789     0.000     0.000     0.000     0.000   0   0   0   0   0   0   0     0.000     0.000     0.000    -0.111    -0.053    -0.005     0.029
   7 0 0 0 1 1 1 1  24  16  19   0   0   0   0     5.342    57.853    66.201     0.000     0.000     0.000     0.000   0   0   0   0   0   0   0     0.000     0.000     0.000    -0.058     0.016     0.008     0.050
   7 0 0 0 1 1 1 1  24  12  23   0   0   0   0     5.368    47.616     5.903     0.000     0.000     0.000     0.000   0   0   0   0   0   0   0     0.000     0.000     0.000    -0.124    -0.034     0.031     0.128
   7 0 0 0 1 1 1 1  12  22  11   0   0   0   0    48.869     5.504    53.338     0.000     0.000     0.000     0.000   0   0   0   0   0   0   0     0.000     0.000     0.000    -0.021    -0.066     0.022    -0.056
   7 0 0 0 1 1 1 1   4  12  25   0   0   0   0    22.511    48.500     5.956     0.000     0.000     0.000     0.000   0   0   0   0   0   0   0     0.000     0.000     0.000    -0.058    -0.010     0.016     0.055
   7 0 0 0 1 1 1 1  25  23  23   0   0   0   0     5.640     5.494     5.607     0.000     0.000     0.000     0.000   0   0   0   0   0   0   0     0.000     0.000     0.000    -0.071    -0.017    -0.005     0.031
   7 0 0 0 1 1 1 1  29  24  23   0   0   0   0     5.710     5.149     5.834     0.000     0.000     0.000     0.000   0   0   0   0   0   0   0     0.000     0.000     0.000    -0.113    -0.032     0.022     0.078
   7 0 0 0 1 1 1 1  29  16  27   0   0   0   0     5.685    57.808     5.387     0.000     0.000     0.000     0.000   0   0   0   0   0   0   0     0.000     0.000     0.000    -0.044     0.013     0.029    -0.004
   7 0 0 0 1 1 1 1  25  18  25   0   0   0   0     5.630    49.897     5.962     0.000     0.000     0.000     0.000   0   0   0   0   0   0   0     0.000     0.000     0.000    -0.018    -0.066     0.015     0.052
   7 0 0 0 1 1 1 1  25  23  26   0   0   0   0     5.533     5.435     5.990     0.000     0.000     0.000     0.000   0   0   0   0   0   0   0     0.000     0.000     0.000    -0.087    -0.030     0.009     0.073
   7 0 0 0 1 1 1 1  24  12  17   0   0   0   0     5.380    47.234    54.861     0.000     0.000     0.000     0.000   0   0   0   0   0   0   0     0.000     0.000     0.000    -0.105    -0.029     0.108     0.026
   7 0 0 0 1 1 1 1  12   4  16   0   0   0   0    48.149    22.057    62.708     0.000     0.000     0.000     0.000   0   0   0   0   0   0   0     0.000     0.000     0.000    -0.075    -0.027     0.006     0.059
   7 0 0 0 1 1 1 1   4  12  25   0   0   0   0    22.473    45.927     5.948     0.000     0.000     0.000     0.000   0   0   0   0   0   0   0     0.000     0.000     0.000    -0.077    -0.022     0.012     0.042
   7 0 0 0 1 1 1 1   4  19  23   0   0   0   0    22.411    62.443     5.576     0.000     0.000     0.000     0.000   0   0   0   0   0   0   0     0.000     0.000     0.000    -0.010    -0.049    -0.009     0.026
   7 0 0 0 1 1 1 1  29  11  23   0   0   0   0     5.701    41.773     5.633     0.000     0.000     0.000     0.000   0   0   0   0   0   0   0     0.000     0.000     0.000    -0.153    -0.045    -0.006     0.040
   7 0 0 0 1 1 1 1  29  23  16   0   0   0   0     5.701     5.531    55.398     0.000     0.000     0.000     0.000   0   0   0   0   0   0   0     0.000     0.000     0.000    -0.045    -0.012    -0.005     0.026
   7 0 0 0 1 1 1 1  25  12   4   0   0   0   0     5.566    45.596    22.771     0.000     0.000     0.000     0.000   0   0   0   0   0   0   0     0.000     0.000     0.000    -0.078    -0.027    -0.001     0.021
   7 0 0 0 1 1 1 1  25  23  26   0   0   0   0     5.643     5.448     6.042     0.000     0.000     0.000     0.000   0   0   0   0   0   0   0     0.000     0.000     0.000    -0.067    -0.016     0.012     0.079
   7 0 0 0 1 1 1 1  24  23  29   0   0   0   0     5.185     5.419     5.773     0.000     0.000     0.000     0.000   0   0   0   0   0   0   0     0.000     0.000     0.000    -0.142    -0.063    -0.012     0.033
   7 0 0 0 1 1 1 1  25  13  16   0   0   0   0     5.617    49.567    62.958     0.000     0.000     0.000     0.000   0   0   0   0   0   0   0     0.000     0.000     0.000    -0.045    -0.009     0.007     0.053
   7 0 0 0 1 1 1 1  25  12  25   0   0   0   0     5.393    45.411     5.794     0.000     0.000     0.000     0.000   0   0   0   0   0   0   0     0.000     0.000     0.000    -0.077    -0.034    -0.003     0.019
   7 0 0 0 1 1 1 1   4  19  23   0   0   0   0    22.402    62.657     5.571     0.000     0.000     0.000     0.000   0   0   0   0   0   0   0     0.000     0.000     0.000    -0.008    -0.042    -0.009     0.022
   7 0 0 0 1 1 1 1  29  23  23   0   0   0   0     5.685     5.450     5.863     0.000     0.000     0.000     0.000   0   0   0   0   0   0   0     0.000     0.000     0.000    -0.107    -0.032     0.015     0.083
   7 0 0 0 1 1 1 1  17  23  11   0   0   0   0    57.741     5.528    52.875     0.000     0.000     0.000     0.000   0   0   0   0   0   0   0     0.000     0.000     0.000    -0.041    -0.005     0.022    -0.038
   7 0 0 0 1 1 1 1  25  25  24   0   0   0   0     5.618     5.236     5.481     0.000     0.000     0.000     0.000   0   0   0   0   0   0   0     0.000     0.000     0.000    -0.044    -0.014     0.022     0.004
   7 0 0 0 1 1 1 1  31  23  29   0   0   0   0     5.386     5.527     6.082     0.000     0.000     0.000     0.000   0   0   0   0   0   0   0     0.000     0.000     0.000    -0.042    -0.008     0.010     0.072
   7 0 0 0 1 1 1 1  24  17  23   0   0   0   0     5.385    56.342     5.934     0.000     0.000     0.000     0.000   0   0   0   0   0   0   0     0.000     0.000     0.000    -0.077    -0.021     0.019     0.094
   7 0 0 0 1 1 1 1  24   5  27   0   0   0   0     5.342    22.024     5.012     0.000     0.000     0.000     0.000   0   0   0   0   0   0   0     0.000     0.000     0.000     0.002    -0.036     0.042     0.004
   7 0 0 0 1 1 1 1   4  22  25   0   0   0   0    22.473     5.400     5.975     0.000     0.000     0.000     0.000   0   0   0   0   0   0   0     0.000     0.000     0.000    -0.004    -0.033     0.009     0.040
   7 0 0 0 1 1 1 1   4   1  19   0   0   0   0    22.438    22.013    66.142     0.000     0.000     0.000     0.000   0   0   0   0   0   0   0     0.000     0.000     0.000    -0.015    -0.064     0.002     0.033
   7 0 0 0 1 1 1 1  23  31  28   0   0   0   0     5.558     5.422     5.646     0.000     0.000     0.000     0.000   0   0   0   0   0   0   0     0.000     0.000     0.000    -0.062    -0.010     0.007     0.042
   7 0 0 0 1 1 1 1  17  23  11   0   0   0   0    57.636     5.432    52.519     0.000     0.000     0.000     0.000   0   0   0   0   0   0   0     0.000     0.000     0.000    -0.052    -0.008     0.019    -0.032
   7 0 0 0 1 1 1 1   4   1  25   0   0   0   0    22.554    22.008     5.984     0.000     0.000     0.000     0.000   0   0   0   0   0   0   0     0.000     0.000     0.000    -0.013    -0.057     0.009     0.039
   7 0 0 0 1 1 1 1  24   5  26   0   0   0   0     5.344    21.987     6.026     0.000     0.000     0.000     0.000   0   0   0   0   0   0   0     0.000     0.000     0.000     0.019    -0.031     0.006     0.058
   7 0 0 0 1 1 1 1  29  25  23   0   0   0   0     5.715     4.981     5.873     0.000     0.000     0.000     0.000   0   0   0   0   0   0   0     0.000     0.000     0.000    -0.109    -0.026     0.014     0.067
   7 0 0 0 1 1 1 1  12  22  11   0   0   0   0    49.025     5.521    53.984     0.000     0.000     0.000     0.000   0   0   0   0   0   0   0     0.000     0.000     0.000    -0.011    -0.038     0.012    -0.042
   7 0 0 0 1 1 1 1  22   0  12   0   0   0   0     5.465    21.144    45.302     0.000     0.000     0.000     0.000   0   0   0   0   0   0   0     0.000     0.000     0.000    -0.005     0.012    -0.061    -0.025
   7 0 0 0 1 1 1 1  26   5  28   0   0   0   0     5.885    21.984     5.606     0.000     0.000     0.000     0.000   0   0   0   0   0   0   0     0.000     0.000     0.000     0.028    -0.016     0.001     0.027
   7 0 0 0 1 1 1 1  23  31  32   0   0   0   0     5.558     5.425     4.275     0.000     0.000     0.000     0.000   0   0   0   0   0   0   0     0.000     0.000     0.000    -0.052    -0.009    -0.002     0.027
   7 0 0 0 1 1 1 1  13  25  11   0   0   0   0    50.379     5.627    52.893     0.000     0.000     0.000     0.000   0   0   0   0   0   0   0     0.000     0.000     0.000    -0.025     0.000     0.017    -0.030
   7 0 0 0 1 1 1 1  25  12  25   0   0   0   0     5.440    45.355     5.906     0.000     0.000     0.000     0.000   0   0   0   0   0   0   0     0.000     0.000     0.000    -0.053    -0.020     0.002     0.020
   7 0 0 0 1 1 1 1  23  12   4   0   0   0   0     5.566    45.305    22.668     0.000     0.000     0.000     0.000   0   0   0   0   0   0   0     0.000     0.000     0.000    -0.062    -0.013    -0.005     0.019
   7 0 0 0 1 1 1 1  22  23  25   0   0   0   0     5.465     5.549     4.957     0.000     0.000     0.000     0.000   0   0   0   0   0   0   0     0.000     0.000     0.000    -0.019     0.018    -0.105    -0.040
   7 0 0 0 1 1 1 1  17  23  24   0   0   0   0    57.945     5.421     5.505     0.000     0.000     0.000     0.000   0   0   0   0   0   0   0     0.000     0.000     0.000    -0.046    -0.005     0.004     0.030
   7 0 0 0 1 1 1 1  25  13  11   0   0   0   0     5.616    49.889    50.375     0.000     0.000     0.000     0.000   0   0   0   0   0   0   0     0.000     0.000     0.000    -0.025    -0.004     0.019     0.003
   7 0 0 0 1 1 1 1   0  19  22   0   0   0   0    21.155    61.563     5.419     0.000     0.000     0.000     0.000   0   0   0   0   0   0   0     0.000     0.000     0.000     0.005    -0.020     0.005     0.032
   7 0 0 0 1 1 1 1  29  16  28   0   0   0   0     5.630    57.722     5.683     0.000     0.000     0.000     0.000   0   0   0   0   0   0   0     0.000     0.000     0.000    -0.042     0.027     0.004     0.037
   7 0 0 0 1 1 1 1  12  22   5   0   0   0   0    48.072     5.701    21.976     0.000     0.000     0.000     0.000   0   0   0   0   0   0   0     0.000     0.000     0.000    -0.018     0.664     0.030     0.002
   7 0 0 0 1 1 1 1  25  13  11   0   0   0   0     5.640    49.526    50.344     0.000     0.000     0.000     0.000   0   0   0   0   0   0   0     0.000     0.000     0.000    -0.025    -0.005     0.018     0.004
   7 0 0 0 1 1 1 1  23  17   5   0   0   0   0     5.565    56.692    21.982     0.000     0.000     0.000     0.000   0   0   0   0   0   0   0     0.000     0.000     0.000    -0.029    -0.006     0.030     0.003
   7 0 0 0 1 1 1 1  23  25  23   0   0   0   0     5.544     4.970     5.949     0.000     0.000     0.000     0.000   0   0   0   0   0   0   0     0.000     0.000     0.000    -0.084    -0.021     0.009     0.071
   7 0 0 0 1 1 1 1  23  26   5   0   0   0   0     5.565     5.893    21.976     0.000     0.000     0.000     0.000   0   0   0   0   0   0   0     0.000     0.000     0.000    -0.021     0.005     0.028     0.003
   7 0 0 0 1 1 1 1  25  12  25   0   0   0   0     5.342    45.243     5.841     0.000     0.000     0.000     0.000   0   0   0   0   0   0   0     0.000     0.000     0.000    -0.047    -0.018    -0.002     0.012
   7 0 0 0 1 1 1 1  25  23  29   0   0   0   0     5.746     5.425     6.102     0.000     0.000     0.000     0.000   0   0   0   0   0   0   0     0.000     0.000     0.000    -0.041    -0.006     0.007     0.059
   7 0 0 0 1 1 1 1  29  16  30   0   0   0   0     5.701    57.808     5.658     0.000     0.000     0.000     0.000   0   0   0   0   0   0   0     0.000     0.000     0.000    -0.033     0.018     0.005     0.033
   7 0 0 0 1 1 1 1  29  17   9   0   0   0   0     5.762    56.949    18.520     0.000     0.000     0.000     0.000   0   0   0   0   0   0   0     0.000     0.000     0.000    -0.019    -0.002     0.014    -0.017
   7 0 0 0 1 1 1 1   4  12  11   0   0   0   0    22.691    48.424    50.321     0.000     0.000     0.000     0.000   0   0   0   0   0   0   0     0.000     0.000     0.000    -0.018    -0.002     0.020     0.003
   7 0 0 0 1 1 1 1   5   4  32   0   0   0   0    21.980    22.797     4.212     0.000     0.000     0.000     0.000   0   0   0   0   0   0   0     0.000     0.000     0.000     0.015     0.042    -0.018     0.004
   7 0 0 0 1 1 1 1  23  12  17   0   0   0   0     5.565    45.385    54.186     0.000     0.000     0.000     0.000   0   0   0   0   0   0   0     0.000     0.000     0.000    -0.070    -0.016     0.063     0.008
   7 0 0 0 1 1 1 1  32   5   5   0   0   0   0     4.277    21.982    23.057     0.000     0.000     0.000     0.000   0   0   0   0   0   0   0     0.000     0.000     0.000     0.014    -0.014     0.012    -0.014
   7 0 0 0 1 1 1 1   4  25  11   0   0   0   0    22.722     5.014    50.289     0.000     0.000     0.000     0.000   0   0   0   0   0   0   0     0.000     0.000     0.000    -0.032    -0.006     0.019     0.003
   7 0 0 0 1 1 1 1  26  16  29   0   0   0   0     5.970    58.945     6.133     0.000     0.000     0.000     0.000   0   0   0   0   0   0   0     0.000     0.000     0.000    -0.008     0.014     0.025     0.059
   7 0 0 0 1 1 1 1  29   5  23   0   0   0   0     5.697    22.026     5.852     0.000     0.000     0.000     0.000   0   0   0   0   0   0   0     0.000     0.000     0.000     0.007    -0.032     0.006     0.038
   7 0 0 0 1 1 1 1  23  27  17   0   0   0   0     5.587     5.428    57.230     0.000     0.000     0.000     0.000   0   0   0   0   0   0   0     0.000     0.000     0.000    -0.006    -0.036    -0.002     0.014
   7 0 0 0 1 1 1 1  25  12  25   0   0   0   0     5.313    45.195     5.871     0.000     0.000     0.000     0.000   0   0   0   0   0   0   0     0.000     0.000     0.000    -0.039    -0.014    -0.001     0.010
   7 0 0 0 1 1 1 1  23  25  29   0   0   0   0     5.579     4.954     6.096     0.000     0.000     0.000     0.000   0   0   0   0   0   0   0     0.000     0.000     0.000    -0.049    -0.008     0.004     0.046
   7 0 0 0 1 1 1 1  23  32  32   0   0   0   0     5.525     4.348     4.277     0.000     0.000     0.000     0.000   0   0   0   0   0   0   0     0.000     0.000     0.000    -0.030     0.003    -0.004     0.016
   7 0 0 0 1 1 1 1  32   5   5   0   0   0   0     4.277    21.980    23.057     0.000     0.000     0.000     0.000   0   0   0   0   0   0   0     0.000     0.000     0.000     0.012    -0.012     0.010    -0.012
   7 0 0 0 1 1 1 1   4  12  31   0   0   0   0    22.755    48.439     5.470     0.000     0.000     0.000     0.000   0   0   0   0   0   0   0     0.000     0.000     0.000    -0.014    -0.001     0.017     0.002
   7 0 0 0 1 1 1 1   5  18  32   0   0   0   0    21.978    48.965     4.222     0.000     0.000     0.000     0.000   0   0   0   0   0   0   0     0.000     0.000     0.000     0.036     0.012    -0.015     0.003
   7 0 0 0 1 1 1 1  22  11  28   0   0   0   0     5.465    52.878     4.928     0.000     0.000     0.000     0.000   0   0   0   0   0   0   0     0.000     0.000     0.000     0.008    -0.041    -0.074    -0.023
   7 0 0 0 1 1 1 1  26  23  16   0   0   0   0     5.833     5.415    63.454     0.000     0.000     0.000     0.000   0   0   0   0   0   0   0     0.000     0.000     0.000    -0.034    -0.004     0.003     0.029
   7 0 0 0 1 1 1 1  25   5  31   0   0   0   0     5.798    21.989     5.472     0.000     0.000     0.000     0.000   0   0   0   0   0   0   0     0.000     0.000     0.000     0.014    -0.008     0.017     0.003
   7 0 0 0 1 1 1 1  26  16  29   0   0   0   0     5.966    58.945     6.140     0.000     0.000     0.000     0.000   0   0   0   0   0   0   0     0.000     0.000     0.000    -0.006     0.012     0.021     0.050
   7 0 0 0 1 1 1 1  23  25  17   0   0   0   0     5.579     4.953    54.024     0.000     0.000     0.000     0.000   0   0   0   0   0   0   0     0.000     0.000     0.000    -0.062    -0.012     0.054     0.006
   7 0 0 0 1 1 1 1  13  26  32   0   0   0   0    49.773     5.805     4.315     0.000     0.000     0.000     0.000   0   0   0   0   0   0   0     0.000     0.000     0.000    -0.017    -0.000     0.000     0.019
   7 0 0 0 1 1 1 1  25  12   6   0   0   0   0     5.262    45.165    19.635     0.000     0.000     0.000     0.000   0   0   0   0   0   0   0     0.000     0.000     0.000    -0.035    -0.011     0.012     0.000
   7 0 0 0 1 1 1 1   5  18  32   0   0   0   0    21.985    48.538     4.207     0.000     0.000     0.000     0.000   0   0   0   0   0   0   0     0.000     0.000     0.000     0.039     0.012    -0.014     0.003
   7 0 0 0 1 1 1 1  22  11   9   0   0   0   0     5.467    53.211    17.977     0.000     0.000     0.000     0.000   0   0   0   0   0   0   0     0.000     0.000     0.000     0.006    -0.039    -0.024    -0.723
   7 0 0 0 1 1 1 1   5  15  32   0   0   0   0    21.977    57.609     4.254     0.000     0.000     0.000     0.000   0   0   0   0   0   0   0     0.000     0.000     0.000     0.012     0.030    -0.010     0.003
   7 0 0 0 1 1 1 1  25   5   3   0   0   0   0     5.833    21.980    24.352     0.000     0.000     0.000     0.000   0   0   0   0   0   0   0     0.000     0.000     0.000     0.015    -0.006     0.004     0.018
   7 0 0 0 1 1 1 1  26   5  29   0   0   0   0     5.962    21.989     6.146     0.000     0.000     0.000     0.000   0   0   0   0   0   0   0     0.000     0.000     0.000     0.015    -0.004     0.019     0.046
   7 0 0 0 1 1 1 1  24   5  23   0   0   0   0     5.520    22.008     5.969     0.000     0.000     0.000     0.000   0   0   0   0   0   0   0     0.000     0.000     0.000     0.012    -0.012     0.010     0.048
   7 0 0 0 1 1 1 1  23  27  22   0   0   0   0     5.544     5.473     5.701     0.000     0.000     0.000     0.000   0   0   0   0   0   0   0     0.000     0.000     0.000    -0.006    -0.042     0.004     0.632
   7 0 0 0 1 1 1 1  24   4  10   0   0   0   0     5.185    21.973    15.135     0.000     0.000     0.000     0.000   0   0   0   0   0   0   0     0.000     0.000     0.000    -0.027    -0.009     0.015     0.000
   7 0 0 0 1 1 1 1  23  16  11   0   0   0   0     5.849    58.871    50.383     0.000     0.000     0.000     0.000   0   0   0   0   0   0   0     0.000     0.000     0.000    -0.006     0.009     0.040     0.009
   7 0 0 0 1 1 1 1  29  16  28   0   0   0   0     5.627    57.633     5.698     0.000     0.000     0.000     0.000   0   0   0   0   0   0   0     0.000     0.000     0.000    -0.021     0.018     0.002     0.021
   7 0 0 0 1 1 1 1  13  25  12   0   0   0   0    50.204     5.640    54.430     0.000     0.000     0.000     0.000   0   0   0   0   0   0   0     0.000     0.000     0.000    -0.012     0.000     0.007    -0.033
   7 0 0 0 1 1 1 1  25   5  31   0   0   0   0     5.798    21.979     5.472     0.000     0.000     0.000     0.000   0   0   0   0   0   0   0     0.000     0.000     0.000     0.012    -0.006     0.014     0.002
   7 0 0 0 1 1 1 1  25   4  11   0   0   0   0     4.964    21.929    52.878     0.000     0.000     0.000     0.000   0   0   0   0   0   0   0     0.000     0.000     0.000    -0.047    -0.024     0.002    -0.023
   7 0 0 0 1 1 1 1  23  17  32   0   0   0   0     5.488    58.616     4.277     0.000     0.000     0.000     0.000   0   0   0   0   0   0   0     0.000     0.000     0.000    -0.024     0.002    -0.004     0.011
   7 0 0 0 1 1 1 1   5  31  32   0   0   0   0    21.967     5.524     4.277     0.000     0.000     0.000     0.000   0   0   0   0   0   0   0     0.000     0.000     0.000     0.012     0.027    -0.007     0.003
   7 0 0 0 1 1 1 1  29   5   6   0   0   0   0     5.674    22.024    19.423     0.000     0.000     0.000     0.000   0   0   0   0   0   0   0     0.000     0.000     0.000     0.003    -0.010     0.023     0.002
   7 0 0 0 1 1 1 1   5  18  26   0   0   0   0    21.977    49.011     5.897     0.000     0.000     0.000     0.000   0   0   0   0   0   0   0     0.000     0.000     0.000     0.028     0.006    -0.006     0.007
   7 0 0 0 1 1 1 1  22  11  10   0   0   0   0     5.495    53.935    15.915     0.000     0.000     0.000     0.000   0   0   0   0   0   0   0     0.000     0.000     0.000     0.004    -0.037    -0.021    -0.686
   7 0 0 0 1 1 1 1  13  22  11   0   0   0   0    49.646     5.701    54.632     0.000     0.000     0.000     0.000   0   0   0   0   0   0   0     0.000     0.000     0.000    -0.006     0.602     0.006    -0.025
   7 0 0 0 1 1 1 1  26  12  25   0   0   0   0     5.910    48.856     5.864     0.000     0.000     0.000     0.000   0   0   0   0   0   0   0     0.000     0.000     0.000    -0.008     0.001     0.002     0.016
   7 0 0 0 1 1 1 1  23  16  11   0   0   0   0     5.847    59.267    50.326     0.000     0.000     0.000     0.000   0   0   0   0   0   0   0     0.000     0.000     0.000    -0.005     0.008     0.038     0.009
   7 0 0 0 1 1 1 1  24   5  30   0   0   0   0     5.521    22.019     5.948     0.000     0.000     0.000     0.000   0   0   0   0   0   0   0     0.000     0.000     0.000     0.010    -0.010     0.008     0.043
   7 0 0 0 1 1 1 1   5  16  12   0   0   0   0    21.950    64.408    45.306     0.000     0.000     0.000     0.000   0   0   0   0   0   0   0     0.000     0.000     0.000     0.014     0.026    -0.024    -0.000
   7 0 0 0 1 1 1 1  25   5  26   0   0   0   0     5.834    21.978     5.914     0.000     0.000     0.000     0.000   0   0   0   0   0   0   0     0.000     0.000     0.000     0.011    -0.004     0.002     0.013
   7 0 0 0 1 1 1 1  25  25  11   0   0   0   0     4.961     4.928    52.931     0.000     0.000     0.000     0.000   0   0   0   0   0   0   0     0.000     0.000     0.000    -0.042    -0.022     0.002    -0.020
   7 0 0 0 1 1 1 1  23  13  32   0   0   0   0     5.464    48.472     4.277     0.000     0.000     0.000     0.000   0   0   0   0   0   0   0     0.000     0.000     0.000     0.004    -0.023    -0.004     0.009
   7 0 0 0 1 1 1 1  23  27  22   0   0   0   0     5.587     5.435     5.701     0.000     0.000     0.000     0.000   0   0   0   0   0   0   0     0.000     0.000     0.000    -0.003    -0.026     0.003     0.572
   7 0 0 0 1 1 1 1  24  12   6   0   0   0   0     5.197    45.136    19.484     0.000     0.000     0.000     0.000   0   0   0   0   0   0   0     0.000     0.000     0.000    -0.026    -0.006     0.013     0.000
   7 0 0 0 1 1 1 1  25   4  22   0   0   0   0     5.278    21.944     5.424     0.000     0.000     0.000     0.000   0   0   0   0   0   0   0     0.000     0.000     0.000    -0.036    -0.009    -0.001     0.013
   7 0 0 0 1 1 1 1  22  12  15   0   0   0   0     5.525    54.430    50.004     0.000     0.000     0.000     0.000   0   0   0   0   0   0   0     0.000     0.000     0.000     0.003    -0.040    -0.652    -0.022
   7 0 0 0 1 1 1 1  17  23   1   0   0   0   0    57.230     5.402    21.721     0.000     0.000     0.000     0.000   0   0   0   0   0   0   0     0.000     0.000     0.000    -0.031    -0.003    -0.023     0.005
   7 0 0 0 1 1 1 1  14  25  12   0   0   0   0    39.686     6.027    49.079     0.000     0.000     0.000     0.000   0   0   0   0   0   0   0     0.000     0.000     0.000     0.009     0.023    -0.006     0.001
   7 0 0 0 1 1 1 1  26   5  29   0   0   0   0     5.954    21.987     6.155     0.000     0.000     0.000     0.000   0   0   0   0   0   0   0     0.000     0.000     0.000     0.010    -0.003     0.014     0.036
   7 0 0 0 1 1 1 1  28   5  30   0   0   0   0     5.691    21.990     5.974     0.000     0.000     0.000     0.000   0   0   0   0   0   0   0     0.000     0.000     0.000     0.012    -0.005     0.011     0.043
   7 0 0 1 1 1 1 1  22  32  30   0   0   0   0     5.701     4.277     5.974     0.000     0.000     0.000     0.000   0   0   0   0   0   0   0     0.000     0.000     0.543    -0.005     0.004     0.011     0.043
   7 0 0 0 1 1 1 1   4  10  25   0   0   0   0    23.789    15.119     6.022     0.000     0.000     0.000     0.000   0   0   0   0   0   0   0     0.000     0.000     0.543     0.007    -0.002     0.008     0.019
   7 0 0 0 1 1 1 1  23  16  11   0   0   0   0     5.845    58.088    50.338     0.000     0.000     0.000     0.000   0   0   0   0   0   0   0     0.000     0.000     0.543    -0.005     0.005     0.031     0.007
   7 0 0 0 1 1 1 1  25  25  12   0   0   0   0     4.941     4.918    54.432     0.000     0.000     0.000     0.000   0   0   0   0   0   0   0     0.000     0.000     0.543    -0.057    -0.035     0.001    -0.036
   7 0 0 0 1 1 1 1  13  26  32   0   0   0   0    49.108     5.853     4.316     0.000     0.000     0.000     0.000   0   0   0   0   0   0   0     0.000     0.000     0.543    -0.014    -0.000    -0.000     0.012
   7 0 0 0 1 1 1 1  25  12  14   0   0   0   0     5.001    45.070    39.585     0.000     0.000     0.000     0.000   0   0   0   0   0   0   0     0.000     0.000     0.543    -0.025    -0.011     0.010    -0.000
   7 0 0 0 1 1 1 1  26  23  28   0   0   0   0     5.903     5.390     5.639     0.000     0.000     0.000     0.000   0   0   0   0   0   0   0     0.000     0.000     0.543    -0.026    -0.001     0.004     0.014
   7 0 0 0 1 1 1 1  30   5  23   0   0   0   0     5.659    21.984     6.002     0.000     0.000     0.000     0.000   0   0   0   0   0   0   0     0.000     0.000     0.543     0.011    -0.005     0.010     0.039
   7 0 0 1 1 1 1 1  22   5  23   0   0   0   0     5.701    21.978     6.002     0.000     0.000     0.000     0.000   0   0   0   0   0   0   0     0.000     0.000     0.517     0.010    -0.001     0.010     0.039
   7 0 0 0 1 1 1 1  25   5  26   0   0   0   0     5.836    21.977     5.913     0.000     0.000     0.000     0.000   0   0   0   0   0   0   0     0.000     0.000     0.517     0.009    -0.003     0.002     0.010
   7 0 0 0 1 1 1 1  11   4  27   0   0   0   0    52.928    22.341     5.475     0.000     0.000     0.000     0.000   0   0   0   0   0   0   0     0.000     0.000     0.517    -0.006     0.004    -0.011    -0.044
   7 0 0 0 1 1 1 1  32   5  24   0   0   0   0     4.268    22.037     5.367     0.000     0.000     0.000     0.000   0   0   0   0   0   0   0     0.000     0.000     0.517     0.009    -0.014    -0.007     0.007
   7 0 0 1 1 1 1 1  22  13  24   0   0   0   0     5.701    49.052     5.367     0.000     0.000     0.000     0.000   0   0   0   0   0   0   0     0.000     0.000     0.491    -0.005     0.002    -0.007     0.007
   7 0 0 0 1 1 1 1   4  10  25   0   0   0   0    23.779    15.168     6.036     0.000     0.000     0.000     0.000   0   0   0   0   0   0   0     0.000     0.000     0.491     0.005    -0.002     0.008     0.019
   7 0 0 0 1 1 1 1  25  12  11   0   0   0   0     4.970    45.079    53.268     0.000     0.000     0.000     0.000   0   0   0   0   0   0   0     0.000     0.000     0.491    -0.031    -0.016     0.001    -0.017
   7 0 0 0 1 1 1 1  25  20  11   0   0   0   0     5.361    62.311    52.841     0.000     0.000     0.000     0.000   0   0   0   0   0   0   0     0.000     0.000     0.491    -0.039    -0.008     0.003    -0.019
   7 0 0 0 1 1 1 1  11  13  27   0   0   0   0    52.831    50.299     5.431     0.000     0.000     0.000     0.000   0   0   0   0   0   0   0     0.000     0.000     0.491    -0.003     0.005    -0.007    -0.028
   7 0 0 0 1 1 1 1  24  12   8   0   0   0   0     5.199    45.117    17.219     0.000     0.000     0.000     0.000   0   0   0   0   0   0   0     0.000     0.000     0.491    -0.020    -0.005     0.009     0.000
   7 0 0 0 1 1 1 1  25   5   5   0   0   0   0     5.794    21.973    23.109     0.000     0.000     0.000     0.000   0   0   0   0   0   0   0     0.000     0.000     0.491     0.015    -0.005     0.002     0.015
   7 0 0 0 1 1 1 1  32  23  30   0   0   0   0     4.355     5.446     5.965     0.000     0.000     0.000     0.000   0   0   0   0   0   0   0     0.000     0.000     0.491    -0.016     0.000     0.007     0.033
   7 0 0 1 1 1 1 1  22  32  30   0   0   0   0     5.701     4.277     5.965     0.000     0.000     0.000     0.000   0   0   0   0   0   0   0     0.000     0.000     0.467    -0.004     0.003     0.007     0.033
   7 0 0 0 1 1 1 1   3  10  25   0   0   0   0    24.257    15.134     5.783     0.000     0.000     0.000     0.000   0   0   0   0   0   0   0     0.000     0.000     0.467     0.005    -0.002    -0.004     0.008
   7 0 0 0 1 1 1 1  23  21  11   0   0   0   0     5.843    68.125    50.194     0.000     0.000     0.000     0.000   0   0   0   0   0   0   0     0.000     0.000     0.467    -0.003     0.007     0.036     0.007
   7 0 0 1 1 1 1 1  22  28  11   0   0   0   0     5.701     5.712    50.194     0.000     0.000     0.000     0.000   0   0   0   0   0   0   0     0.000     0.000    -0.618    -0.002     0.012     0.036     0.007
   7 0 0 1 1 1 1 1  22  12  11   0   0   0   0     5.701    45.347    50.194     0.000     0.000     0.000     0.000   0   0   0   0   0   0   0     0.000     0.000     0.443    -0.016     0.001     0.036     0.007
   7 0 0 0 1 1 1 1  24  23   8   0   0   0   0     5.214     5.415    17.023     0.000     0.000     0.000     0.000   0   0   0   0   0   0   0     0.000     0.000     0.443    -0.013    -0.003     0.011     0.000
   7 0 0 0 1 1 1 1  25  27  11   0   0   0   0     5.053     5.171    52.758     0.000     0.000     0.000     0.000   0   0   0   0   0   0   0     0.000     0.000     0.443    -0.026    -0.009     0.002    -0.011
   7 0 0 1 1 1 1 1  22  29  11   0   0   0   0     5.701     5.086    52.758     0.000     0.000     0.000     0.000   0   0   0   0   0   0   0     0.000     0.000    -0.587    -0.036     0.001     0.002    -0.011
   7 0 0 0 1 1 1 1   5  17  22   0   0   0   0    21.949    62.378     5.701     0.000     0.000     0.000     0.000   0   0   0   0   0   0   0     0.000     0.000    -0.587     0.010     0.020    -0.001     0.421
   7 0 0 0 1 1 1 1  25   5  26   0   0   0   0     5.877    21.976     5.916     0.000     0.000     0.000     0.000   0   0   0   0   0   0   0     0.000     0.000    -0.587     0.008    -0.002     0.002     0.012
   7 0 0 0 1 1 1 1  25   5  31   0   0   0   0     5.826    21.976     5.432     0.000     0.000     0.000     0.000   0   0   0   0   0   0   0     0.000     0.000    -0.587     0.012    -0.004    -0.010     0.005
   7 0 0 1 1 1 1 1  22  23  31   0   0   0   0     5.701     5.882     5.432     0.000     0.000     0.000     0.000   0   0   0   0   0   0   0     0.000     0.000    -0.558    -0.001     0.017    -0.010     0.005
   7 0 0 0 1 1 1 1  11  17  27   0   0   0   0    52.831    57.296     5.431     0.000     0.000     0.000     0.000   0   0   0   0   0   0   0     0.000     0.000    -0.558    -0.003     0.004    -0.006    -0.025
   7 0 0 0 1 1 1 1  14   1  12   0   0   0   0    39.539    22.479    49.049     0.000     0.000     0.000     0.000   0   0   0   0   0   0   0     0.000     0.000    -0.558     0.006     0.015    -0.004     0.001
   7 0 0 0 1 1 1 1  23  17  11   0   0   0   0     5.842    59.828    50.212     0.000     0.000     0.000     0.000   0   0   0   0   0   0   0     0.000     0.000    -0.558    -0.003     0.006     0.031     0.006
   7 0 0 0 1 1 1 1  12  22  28   0   0   0   0    54.453     5.457     5.598     0.000     0.000     0.000     0.000   0   0   0   0   0   0   0     0.000     0.000    -0.558     0.003    -0.009    -0.014    -0.031
   7 0 0 1 1 1 1 1  22  23  28   0   0   0   0     5.701     5.546     5.598     0.000     0.000     0.000     0.000   0   0   0   0   0   0   0     0.000     0.000     0.400    -0.004     0.002    -0.014    -0.031
   7 0 0 0 1 1 1 1  25  12  14   0   0   0   0     4.980    45.036    39.510     0.000     0.000     0.000     0.000   0   0   0   0   0   0   0     0.000     0.000     0.400    -0.019    -0.008     0.007    -0.000
   7 0 0 0 1 1 1 1   9  25  24   0   0   0   0    18.809     5.281     5.290     0.000     0.000     0.000     0.000   0   0   0   0   0   0   0     0.000     0.000     0.400    -0.007     0.001    -0.053    -0.028
   7 0 0 1 1 1 1 1  22  32  24   0   0   0   0     5.701     4.352     5.290     0.000     0.000     0.000     0.000   0   0   0   0   0   0   0     0.000     0.000    -0.530    -0.002     0.007    -0.053    -0.028
   7 0 0 0 1 1 1 1  12   4   5   0   0   0   0    45.257    21.925    23.217     0.000     0.000     0.000     0.000   0   0   0   0   0   0   0     0.000     0.000    -0.530    -0.025    -0.011     0.001    -0.013
   7 0 0 0 1 1 1 1  25  28  26   0   0   0   0     5.883     5.690     5.918     0.000     0.000     0.000     0.000   0   0   0   0   0   0   0     0.000     0.000    -0.530    -0.002     0.004     0.002     0.011
   7 0 0 0 1 1 1 1  22  25   7   0   0   0   0     5.534     5.585    20.632     0.000     0.000     0.000     0.000   0   0   0   0   0   0   0     0.000     0.000    -0.530    -0.005     0.001     0.025    -0.249
   7 0 0 1 1 1 1 1  22  23   7   0   0   0   0     5.701     5.477    20.632     0.000     0.000     0.000     0.000   0   0   0   0   0   0   0     0.000     0.000    -0.503    -0.007     0.002     0.025    -0.249
   7 0 0 1 1 1 1 1  22  32   7   0   0   0   0     5.701     4.277    20.632     0.000     0.000     0.000     0.000   0   0   0   0   0   0   0     0.000     0.000     0.380    -0.003     0.002     0.025    -0.249
   7 0 0 1 1 1 1 1  22  25   7   0   0   0   0     5.701     5.831    20.632     0.000     0.000     0.000     0.000   0   0   0   0   0   0   0     0.000     0.000     0.256    -0.001     0.002     0.025    -0.249
   7 0 0 0 1 1 1 1  26  16   7   0   0   0   0     5.922    53.102    20.312     0.000     0.000     0.000     0.000   0   0   0   0   0   0   0     0.000     0.000     0.256    -0.020    -0.000     0.028     0.007
   7 0 0 0 1 1 1 1  12  25  28   0   0   0   0    54.430     5.366     5.650     0.000     0.000     0.000     0.000   0   0   0   0   0   0   0     0.000     0.000     0.256    -0.008     0.002    -0.021    -0.035
   7 0 0 0 1 1 1 1   5  31  32   0   0   0   0    21.977     5.526     4.277     0.000     0.000     0.000     0.000   0   0   0   0   0   0   0     0.000     0.000     0.256     0.006     0.015    -0.005     0.002
   7 0 0 1 1 1 1 1  22  25  32   0   0   0   0     5.701     4.983     4.277     0.000     0.000     0.000     0.000   0   0   0   0   0   0   0     0.000     0.000     0.243    -0.010     0.000    -0.005     0.002
   7 0 0 0 1 1 1 1  11  10  27   0   0   0   0    54.790    15.123     5.462     0.000     0.000     0.000     0.000   0   0   0   0   0   0   0     0.000     0.000     0.243     0.009    -0.001    -0.012    -0.028
   7 0 0 1 1 1 1 1  22   5  27   0   0   0   0     5.701    21.982     5.462     0.000     0.000     0.000     0.000   0   0   0   0   0   0   0     0.000     0.000    -0.478     0.009    -0.001    -0.012    -0.028
   7 0 0 0 1 1 1 1  13  26  32   0   0   0   0    49.037     5.898     4.316     0.000     0.000     0.000     0.000   0   0   0   0   0   0   0     0.000     0.000    -0.478    -0.010     0.002    -0.000     0.008
   7 0 0 0 1 1 1 1   4  10   6   0   0   0   0    23.777    15.191    20.293     0.000     0.000     0.000     0.000   0   0   0   0   0   0   0     0.000     0.000    -0.478     0.003    -0.002     0.008     0.004
   7 0 0 0 1 1 1 1  25   4  11   0   0   0   0     4.950    21.902    53.268     0.000     0.000     0.000     0.000   0   0   0   0   0   0   0     0.000     0.000    -0.478    -0.027    -0.015     0.001    -0.012
   7 0 0 0 1 1 1 1  28   5  30   0   0   0   0     5.712    22.038     5.990     0.000     0.000     0.000     0.000   0   0   0   0   0   0   0     0.000     0.000    -0.478     0.006    -0.004     0.007     0.031
   7 0 0 1 1 1 1 1  22  18  30   0   0   0   0     5.701    42.618     5.990     0.000     0.000     0.000     0.000   0   0   0   0   0   0   0     0.000     0.000     0.362    -0.010     0.001     0.007     0.031
   7 0 0 1 1 1 1 1  22  31  30   0   0   0   0     5.701     5.361     5.990     0.000     0.000     0.000     0.000   0   0   0   0   0   0   0     0.000     0.000     0.231    -0.003     0.001     0.007     0.031
   7 0 0 0 1 1 1 1  22  25  15   0   0   0   0     5.534     5.574    50.004     0.000     0.000     0.000     0.000   0   0   0   0   0   0   0     0.000     0.000     0.231    -0.005     0.001    -0.236     0.023
   7 0 0 0 1 1 1 1  11  25  22   0   0   0   0    41.040     4.912     5.701     0.000     0.000     0.000     0.000   0   0   0   0   0   0   0     0.000     0.000     0.231    -0.040    -0.024     0.000    -0.454
   7 0 0 0 1 1 1 1  12  13  22   0   0   0   0    54.905    49.011     5.001     0.000     0.000     0.000     0.000   0   0   0   0   0   0   0     0.000     0.000     0.231    -0.003     0.002    -0.010    -0.029
   7 0 0 1 1 1 1 1  22  14  22   0   0   0   0     5.701    39.477     5.001     0.000     0.000     0.000     0.000   0   0   0   0   0   0   0     0.000     0.000     0.219     0.006    -0.000    -0.010    -0.029
   7 0 0 0 1 1 1 1  23   5  11   0   0   0   0     5.842    22.047    50.173     0.000     0.000     0.000     0.000   0   0   0   0   0   0   0     0.000     0.000     0.219     0.004    -0.002     0.028     0.005
   7 0 0 0 1 1 1 1  32  15  10   0   0   0   0     4.351    50.958    16.215     0.000     0.000     0.000     0.000   0   0   0   0   0   0   0     0.000     0.000     0.219    -0.011     0.000     0.005     0.023
   7 0 0 1 1 1 1 1  22  11  10   0   0   0   0     5.701    52.831    16.215     0.000     0.000     0.000     0.000   0   0   0   0   0   0   0     0.000     0.000     0.344     0.001    -0.010     0.005     0.023
   7 0 0 0 1 1 1 1  10   0  28   0   0   0   0    15.117    21.224     5.691     0.000     0.000     0.000     0.000   0   0   0   0   0   0   0     0.000     0.000     0.344     0.002     0.018    -0.001     0.004
   7 0 0 0 1 1 1 1   1  25  11   0   0   0   0    22.556     4.947    53.462     0.000     0.000     0.000     0.000   0   0   0   0   0   0   0     0.000     0.000     0.344    -0.017     0.000    -0.025    -0.050
   7 0 0 0 1 1 1 1  11  22  28   0   0   0   0    54.825     5.701     5.598     0.000     0.000     0.000     0.000   0   0   0   0   0   0   0     0.000     0.000     0.344     0.001    -0.431    -0.010    -0.024
   7 0 0 1 1 1 1 1  22   5  28   0   0   0   0     5.701    23.213     5.598     0.000     0.000     0.000     0.000   0   0   0   0   0   0   0     0.000     0.000     0.327     0.001    -0.010    -0.010    -0.024
   7 0 0 1 1 1 1 1  22   4  28   0   0   0   0     5.701    23.753     5.598     0.000     0.000     0.000     0.000   0   0   0   0   0   0   0     0.000     0.000     0.208    -0.000     0.005    -0.010    -0.024
   7 0 0 0 1 1 1 1  26   6   8   0   0   0   0     5.903    19.358    17.152     0.000     0.000     0.000     0.000   0   0   0   0   0   0   0     0.000     0.000     0.208     0.007    -0.002     0.027     0.004
   7 0 0 0 1 1 1 1  32   7  26   0   0   0   0     4.321    20.227     5.874     0.000     0.000     0.000     0.000   0   0   0   0   0   0   0     0.000     0.000     0.208     0.002    -0.009    -0.005     0.006
   7 0 0 1 1 1 1 1  22  32  26   0   0   0   0     5.701     4.309     5.874     0.000     0.000     0.000     0.000   0   0   0   0   0   0   0     0.000     0.000     0.310    -0.002     0.003    -0.005     0.006
   7 0 0 0 1 1 1 1  10   0  28   0   0   0   0    15.210    21.229     5.690     0.000     0.000     0.000     0.000   0   0   0   0   0   0   0     0.000     0.000     0.310     0.001     0.011    -0.002     0.003
   7 0 0 0 1 1 1 1  22  25  16   0   0   0   0     5.534     5.585    53.885     0.000     0.000     0.000     0.000   0   0   0   0   0   0   0     0.000     0.000     0.310    -0.004     0.001    -0.226     0.020
   7 0 0 1 1 1 1 1  22  31  16   0   0   0   0     5.701     5.056    53.885     0.000     0.000     0.000     0.000   0   0   0   0   0   0   0     0.000     0.000    -0.409    -0.027     0.000    -0.226     0.020
   7 0 0 0 1 1 1 1   5  18  10   0   0   0   0    21.978    48.758    15.305     0.000     0.000     0.000     0.000   0   0   0   0   0   0   0     0.000     0.000    -0.409     0.012     0.003    -0.006     0.001
   7 0 0 0 1 1 1 1  25   5  27   0   0   0   0     5.883    22.020     4.991     0.000     0.000     0.000     0.000   0   0   0   0   0   0   0     0.000     0.000    -0.409     0.004    -0.002    -0.002     0.004
   7 0 0 0 1 1 1 1  11  10  27   0   0   0   0    54.831    15.136     5.497     0.000     0.000     0.000     0.000   0   0   0   0   0   0   0     0.000     0.000    -0.409     0.007    -0.001    -0.011    -0.033
   7 0 0 0 1 1 1 1  28   5  23   0   0   0   0     5.688    21.984     6.017     0.000     0.000     0.000     0.000   0   0   0   0   0   0   0     0.000     0.000    -0.409     0.007    -0.003     0.006     0.026
   7 0 0 0 1 1 1 1  16  22  30   0   0   0   0    54.921     4.890     5.308     0.000     0.000     0.000     0.000   0   0   0   0   0   0   0     0.000     0.000    -0.409    -0.024    -0.003    -0.002     0.005
   7 0 0 1 1 1 1 1  22  25  30   0   0   0   0     5.701     4.954     5.308     0.000     0.000     0.000     0.000   0   0   0   0   0   0   0     0.000     0.000     0.198    -0.010     0.000    -0.002     0.005
   7 0 0 0 1 1 1 1  23  17  11   0   0   0   0     5.839    59.901    50.244     0.000     0.000     0.000     0.000   0   0   0   0   0   0   0     0.000     0.000     0.198    -0.002     0.004     0.021     0.003
   7 0 0 1 1 1 1 1  22  29  11   0   0   0   0     5.701     5.466    50.244     0.000     0.000     0.000     0.000   0   0   0   0   0   0   0     0.000     0.000    -0.388    -0.006     0.001     0.021     0.003
   7 0 0 1 1 1 1 1  22  25  11   0   0   0   0     5.701     4.938    50.244     0.000     0.000     0.000     0.000   0   0   0   0   0   0   0     0.000     0.000     0.295    -0.018     0.000     0.021     0.003
   7 0 0 1 1 1 1 1  22  14  11   0   0   0   0     5.701    39.466    50.244     0.000     0.000     0.000     0.000   0   0   0   0   0   0   0     0.000     0.000     0.188     0.005    -0.000     0.021     0.003
   7 0 0 0 1 1 1 1   1   2  11   0   0   0   0    22.556    23.135    53.518     0.000     0.000     0.000     0.000   0   0   0   0   0   0   0     0.000     0.000     0.188    -0.000     0.006    -0.023    -0.047
   7 0 0 0 1 1 1 1   6  11  32   0   0   0   0    19.332    46.003     4.267     0.000     0.000     0.000     0.000   0   0   0   0   0   0   0     0.000     0.000     0.188    -0.000     0.019    -0.006     0.002
   7 0 0 0 1 1 1 1  12  13  22   0   0   0   0    54.940    50.314     5.001     0.000     0.000     0.000     0.000   0   0   0   0   0   0   0     0.000     0.000     0.188    -0.002     0.003    -0.007    -0.025
   7 0 0 0 1 1 1 1  28   0  29   0   0   0   0     5.709    21.223     5.784     0.000     0.000     0.000     0.000   0   0   0   0   0   0   0     0.000     0.000     0.188    -0.002     0.002     0.001     0.005
   7 0 0 0 1 1 1 1   6   4  32   0   0   0   0    19.358    22.686     4.187     0.000     0.000     0.000     0.000   0   0   0   0   0   0   0     0.000     0.000     0.188     0.001     0.020    -0.006     0.001
   7 0 0 1 1 1 1 1  22  12  32   0   0   0   0     5.701    54.497     4.187     0.000     0.000     0.000     0.000   0   0   0   0   0   0   0     0.000     0.000    -0.368     0.000    -0.018    -0.006     0.001
   7 0 0 1 1 1 1 1  22  22  32   0   0   0   0     5.701     5.562     4.187     0.000     0.000     0.000     0.000   0   0   0   0   0   0   0     0.000     0.000     0.280     0.000    -0.033    -0.006     0.001
   7 0 0 0 1 1 1 1  10  20   3   0   0   0   0    15.225    62.298    23.899     0.000     0.000     0.000     0.000   0   0   0   0   0   0   0     0.000     0.000     0.280     0.013     0.001    -0.002     0.002
   7 0 0 0 1 1 1 1  22  25   7   0   0   0   0     5.534     5.826    20.632     0.000     0.000     0.000     0.000   0   0   0   0   0   0   0     0.000     0.000     0.280    -0.002     0.002     0.018    -0.215
   7 0 0 0 1 1 1 1  30   6  23   0   0   0   0     5.802    19.334     6.028     0.000     0.000     0.000     0.000   0   0   0   0   0   0   0     0.000     0.000     0.280     0.009    -0.001     0.009     0.028
   7 0 0 0 1 1 1 1   5  32  25   0   0   0   0    23.260     4.310     5.809     0.000     0.000     0.000     0.000   0   0   0   0   0   0   0     0.000     0.000     0.280    -0.002     0.003    -0.021    -0.005
   7 0 0 1 1 1 1 1  22  25  25   0   0   0   0     5.701     4.933     5.809     0.000     0.000     0.000     0.000   0   0   0   0   0   0   0     0.000     0.000     0.179    -0.011     0.000    -0.021    -0.005
   7 0 0 0 1 1 1 1   6  16  32   0   0   0   0    19.417    58.106     4.201     0.000     0.000     0.000     0.000   0   0   0   0   0   0   0     0.000     0.000     0.179    -0.000     0.014    -0.006     0.001
   7 0 0 1 1 1 1 1  22  25  32   0   0   0   0     5.701     4.925     4.201     0.000     0.000     0.000     0.000   0   0   0   0   0   0   0     0.000     0.000    -0.350    -0.025     0.000    -0.006     0.001
   7 0 0 1 1 1 1 1  22   5  32   0   0   0   0     5.701    21.970     4.201     0.000     0.000     0.000     0.000   0   0   0   0   0   0   0     0.000     0.000     0.266     0.006    -0.001    -0.006     0.001
   7 0 0 0 1 1 1 1  28  24  29   0   0   0   0     5.694     5.518     5.782     0.000     0.000     0.000     0.000   0   0   0   0   0   0   0     0.000     0.000     0.266     0.001    -0.004     0.001     0.004
   7 0 0 0 1 1 1 1   1  22  24   0   0   0   0    22.556     5.534     5.294     0.000     0.000     0.000     0.000   0   0   0   0   0   0   0     0.000     0.000     0.266    -0.000     0.016    -0.035    -0.017
   7 0 0 1 1 1 1 1  22  24  24   0   0   0   0     5.701     5.524     5.294     0.000     0.000     0.000     0.000   0   0   0   0   0   0   0     0.000     0.000    -0.332    -0.002     0.003    -0.035    -0.017
   7 0 0 0 1 1 1 1  25  17  16   0   0   0   0     4.950    55.311    54.921     0.000     0.000     0.000     0.000   0   0   0   0   0   0   0     0.000     0.000    -0.332    -0.019    -0.010    -0.003     0.001
   7 0 0 1 1 1 1 1  22  25  16   0   0   0   0     5.701     5.883    54.921     0.000     0.000     0.000     0.000   0   0   0   0   0   0   0     0.000     0.000     0.170    -0.001     0.002    -0.003     0.001
   7 0 0 0 1 1 1 1  23   0  22   0   0   0   0     5.768    21.078     5.483     0.000     0.000     0.000     0.000   0   0   0   0   0   0   0     0.000     0.000     0.170    -0.011    -0.000     0.003     0.023
   7 0 0 0 1 1 1 1  32  15  30   0   0   0   0     4.351    50.883     5.985     0.000     0.000     0.000     0.000   0   0   0   0   0   0   0     0.000     0.000     0.170    -0.009     0.000     0.004     0.019
   7 0 0 0 1 1 1 1  12  13   1   0   0   0   0    54.471    49.011    21.508     0.000     0.000     0.000     0.000   0   0   0   0   0   0   0     0.000     0.000     0.170    -0.003     0.002    -0.025    -0.008
   7 0 0 0 1 1 1 1  18   5  12   0   0   0   0    50.611    21.976    45.011     0.000     0.000     0.000     0.000   0   0   0   0   0   0   0     0.000     0.000     0.170     0.004    -0.000    -0.014    -0.004
   7 0 0 0 1 1 1 1   6   4  32   0   0   0   0    19.380    22.686     4.190     0.000     0.000     0.000     0.000   0   0   0   0   0   0   0     0.000     0.000     0.170     0.001     0.016    -0.005     0.001
   7 0 0 0 1 1 1 1  11  10  28   0   0   0   0    53.939    15.035     5.587     0.000     0.000     0.000     0.000   0   0   0   0   0   0   0     0.000     0.000     0.170     0.012    -0.000    -0.001    -0.017
   7 0 0 1 1 1 1 1  22  32  28   0   0   0   0     5.701     4.309     5.587     0.000     0.000     0.000     0.000   0   0   0   0   0   0   0     0.000     0.000     0.253    -0.002     0.002    -0.001    -0.017
   7 0 0 0 1 1 1 1  28  24  11   0   0   0   0     5.666     5.518    51.620     0.000     0.000     0.000     0.000   0   0   0   0   0   0   0     0.000     0.000     0.253     0.001    -0.004     0.001     0.004
   7 0 0 0 1 1 1 1  26  16  23   0   0   0   0     5.948    53.418     6.022     0.000     0.000     0.000     0.000   0   0   0   0   0   0   0     0.000     0.000     0.253    -0.012     0.000     0.005     0.018
   7 0 0 1 1 1 1 1  22  13  23   0   0   0   0     5.701    47.831     6.022     0.000     0.000     0.000     0.000   0   0   0   0   0   0   0     0.000     0.000    -0.315     0.006    -0.001     0.005     0.018
   7 0 0 0 1 1 1 1  24  27  29   0   0   0   0     5.524     5.481     5.778     0.000     0.000     0.000     0.000   0   0   0   0   0   0   0     0.000     0.000    -0.315    -0.001    -0.015    -0.008     0.005
   7 0 0 1 1 1 1 1  22  24  29   0   0   0   0     5.701     5.214     5.778     0.000     0.000     0.000     0.000   0   0   0   0   0   0   0     0.000     0.000     0.162    -0.003     0.001    -0.008     0.005
   7 0 0 0 1 1 1 1  28   4  22   0   0   0   0     4.927    21.895     5.425     0.000     0.000     0.000     0.000   0   0   0   0   0   0   0     0.000     0.000     0.162    -0.021    -0.011    -0.001     0.003
   7 0 0 1 1 1 1 1  22  24  22   0   0   0   0     5.701     4.877     5.425     0.000     0.000     0.000     0.000   0   0   0   0   0   0   0     0.000     0.000    -0.300    -0.016     0.000    -0.001     0.003
   7 0 0 1 1 1 1 1  22  22  22   0   0   0   0     5.701     5.562     5.425     0.000     0.000     0.000     0.000   0   0   0   0   0   0   0     0.000     0.000     0.241     0.000    -0.028    -0.001     0.003
   7 0 0 0 1 1 1 1   5  14  25   0   0   0   0    22.020    46.068     5.886     0.000     0.000     0.000     0.000   0   0   0   0   0   0   0     0.000     0.000     0.241     0.014     0.001    -0.001     0.002
   7 0 0 0 1 1 1 1  11  10  25   0   0   0   0    52.743    15.005     5.553     0.000     0.000     0.000     0.000   0   0   0   0   0   0   0     0.000     0.000     0.241     0.014     0.000    -0.025    -0.005
   7 0 0 0 1 1 1 1  28   5  23   0   0   0   0     5.717    22.038     6.031     0.000     0.000     0.000     0.000   0   0   0   0   0   0   0     0.000     0.000     0.241     0.004    -0.002     0.005     0.023
   7 0 0 0 1 1 1 1  18  25  32   0   0   0   0    42.416     5.803     4.325     0.000     0.000     0.000     0.000   0   0   0   0   0   0   0     0.000     0.000     0.241    -0.021    -0.003    -0.001     0.003
   7 0 0 0 1 1 1 1  14   1   1   0   0   0   0    39.329    22.492    21.920     0.000     0.000     0.000     0.000   0   0   0   0   0   0   0     0.000     0.000     0.241     0.003     0.009     0.001    -0.001
   7 0 0 0 1 1 1 1  23  27  22   0   0   0   0     5.768     5.435     5.480     0.000     0.000     0.000     0.000   0   0   0   0   0   0   0     0.000     0.000     0.241    -0.000    -0.009     0.002     0.020
   7 0 0 1 1 1 1 1  22  12  22   0   0   0   0     5.701    54.616     5.480     0.000     0.000     0.000     0.000   0   0   0   0   0   0   0     0.000     0.000    -0.284     0.000    -0.015     0.002     0.020
   7 0 0 1 1 1 1 1  22  16  22   0   0   0   0     5.701    54.590     5.480     0.000     0.000     0.000     0.000   0   0   0   0   0   0   0     0.000     0.000     0.229    -0.004     0.001     0.002     0.020
   7 0 0 1 1 1 1 1  22  22  22   0   0   0   0     5.701     5.573     5.480     0.000     0.000     0.000     0.000   0   0   0   0   0   0   0     0.000     0.000     0.154     0.000    -0.020     0.002     0.020
   7 0 0 0 1 1 1 1  17  23   4   0   0   0   0    59.786     5.761    22.781     0.000     0.000     0.000     0.000   0   0   0   0   0   0   0     0.000     0.000     0.154    -0.002     0.003    -0.002     0.007
   7 0 0 0 1 1 1 1  29  30   8   0   0   0   0     5.467     4.837    17.048     0.000     0.000     0.000     0.000   0   0   0   0   0   0   0     0.000     0.000     0.154    -0.003    -0.017     0.013    -0.000
   7 0 0 0 1 1 1 1  24  11  29   0   0   0   0     5.525    51.132     5.778     0.000     0.000     0.000     0.000   0   0   0   0   0   0   0     0.000     0.000     0.154     0.000    -0.006    -0.007     0.004
   7 0 0 1 1 1 1 1  22  25  29   0   0   0   0     5.701     5.825     5.778     0.000     0.000     0.000     0.000   0   0   0   0   0   0   0     0.000     0.000     0.146    -0.001     0.001    -0.007     0.004
   7 0 0 0 1 1 1 1  26  16  19   0   0   0   0     5.921    53.141    65.806     0.000     0.000     0.000     0.000   0   0   0   0   0   0   0     0.000     0.000     0.146    -0.014    -0.000     0.004     0.019
   7 0 0 0 1 1 1 1  32   7  26   0   0   0   0     4.321    20.217     5.875     0.000     0.000     0.000     0.000   0   0   0   0   0   0   0     0.000     0.000     0.146     0.002    -0.006    -0.005     0.004
   7 0 0 0 1 1 1 1  12   4   7   0   0   0   0    45.255    21.918    20.074     0.000     0.000     0.000     0.000   0   0   0   0   0   0   0     0.000     0.000     0.146    -0.016    -0.006     0.004    -0.001
   7 0 0 0 1 1 1 1  28  10  22   0   0   0   0     5.729    15.226     5.310     0.000     0.000     0.000     0.000   0   0   0   0   0   0   0     0.000     0.000     0.146     0.002    -0.001     0.006     0.002
   7 0 0 1 1 1 1 1  22  22  22   0   0   0   0     5.701     5.537     5.310     0.000     0.000     0.000     0.000   0   0   0   0   0   0   0     0.000     0.000    -0.208    -0.000     0.016     0.006     0.002
   7 0 0 1 1 1 1 1  22  25  22   0   0   0   0     5.701     4.922     5.310     0.000     0.000     0.000     0.000   0   0   0   0   0   0   0     0.000     0.000    -0.270    -0.021     0.000     0.006     0.002
   7 0 0 1 1 1 1 1  22  12  22   0   0   0   0     5.701    55.158     5.310     0.000     0.000     0.000     0.000   0   0   0   0   0   0   0     0.000     0.000     0.218     0.000    -0.013     0.006     0.002
   7 0 0 0 1 1 1 1   4   1  22   0   0   0   0    23.749    21.940     4.941     0.000     0.000     0.000     0.000   0   0   0   0   0   0   0     0.000     0.000     0.218     0.001    -0.002     0.003     0.011
   7 0 0 0 1 1 1 1   6   4  32   0   0   0   0    19.419    22.796     4.201     0.000     0.000     0.000     0.000   0   0   0   0   0   0   0     0.000     0.000     0.218     0.001     0.016    -0.004     0.001
   7 0 0 0 1 1 1 1  24  17  22   0   0   0   0     5.526    58.805     5.701     0.000     0.000     0.000     0.000   0   0   0   0   0   0   0     0.000     0.000     0.218    -0.004     0.002     0.003    -0.256
   7 0 0 1 1 1 1 1  22  16  22   0   0   0   0     5.701    54.590     5.701     0.000     0.000     0.000     0.000   0   0   0   0   0   0   0     0.000     0.000     0.207    -0.003     0.001     0.003    -0.256
   7 0 0 0 1 1 1 1  26   1   6   0   0   0   0     5.912    21.940    19.392     0.000     0.000     0.000     0.000   0   0   0   0   0   0   0     0.000     0.000     0.207     0.001    -0.002     0.029     0.002
   7 0 0 0 1 1 1 1  11  28  22   0   0   0   0    41.130     4.902     5.425     0.000     0.000     0.000     0.000   0   0   0   0   0   0   0     0.000     0.000     0.207    -0.019    -0.009    -0.001     0.003
   7 0 0 0 1 1 1 1   6  11  32   0   0   0   0    19.347    45.986     4.267     0.000     0.000     0.000     0.000   0   0   0   0   0   0   0     0.000     0.000     0.207    -0.001     0.013    -0.004     0.001
   7 0 0 0 1 1 1 1  24  11  29   0   0   0   0     5.520    51.188     5.778     0.000     0.000     0.000     0.000   0   0   0   0   0   0   0     0.000     0.000     0.207     0.000    -0.006    -0.006     0.004
   7 0 0 1 1 1 1 1  22  25  29   0   0   0   0     5.701     5.825     5.778     0.000     0.000     0.000     0.000   0   0   0   0   0   0   0     0.000     0.000     0.139    -0.001     0.001    -0.006     0.004
   7 0 0 0 1 1 1 1  26  22  23   0   0   0   0     5.903     5.417     6.012     0.000     0.000     0.000     0.000   0   0   0   0   0   0   0     0.000     0.000     0.139    -0.002     0.002     0.002     0.014
   7 0 0 1 1 1 1 1  22  23  23   0   0   0   0     5.701     5.851     6.012     0.000     0.000     0.000     0.000   0   0   0   0   0   0   0     0.000     0.000    -0.243    -0.001     0.006     0.002     0.014
   7 0 0 0 1 1 1 1  12   4  18   0   0   0   0    45.189    21.907    42.414     0.000     0.000     0.000     0.000   0   0   0   0   0   0   0     0.000     0.000    -0.243    -0.016    -0.007    -0.006     0.001
   7 0 0 0 1 1 1 1  28  24  11   0   0   0   0     5.666     5.521    51.620     0.000     0.000     0.000     0.000   0   0   0   0   0   0   0     0.000     0.000    -0.243     0.000    -0.004     0.000     0.003
   7 0 0 1 1 1 1 1  22  22  11   0   0   0   0     5.701     5.543    51.620     0.000     0.000     0.000     0.000   0   0   0   0   0   0   0     0.000     0.000    -0.198    -0.000     0.016     0.000     0.003
   7 0 0 0 1 1 1 1  28   6  23   0   0   0   0     5.726    19.380     6.036     0.000     0.000     0.000     0.000   0   0   0   0   0   0   0     0.000     0.000    -0.198     0.005    -0.001     0.005     0.021
   7 0 0 1 1 1 1 1  22  22  23   0   0   0   0     5.701     5.562     6.036     0.000     0.000     0.000     0.000   0   0   0   0   0   0   0     0.000     0.000     0.197     0.000    -0.023     0.005     0.021
   7 0 0 1 1 1 1 1  22  22  23   0   0   0   0     5.701     5.571     6.036     0.000     0.000     0.000     0.000   0   0   0   0   0   0   0     0.000     0.000     0.132     0.000    -0.017     0.005     0.021
   7 0 0 0 1 1 1 1  18  22  15   0   0   0   0    50.207     5.510    50.004     0.000     0.000     0.000     0.000   0   0   0   0   0   0   0     0.000     0.000     0.132     0.000     0.015    -0.188    -0.004
   7 0 0 1 1 1 1 1  22  11  15   0   0   0   0     5.701    40.933    50.004     0.000     0.000     0.000     0.000   0   0   0   0   0   0   0     0.000     0.000    -0.231    -0.018     0.000    -0.188    -0.004
   7 0 0 0 1 1 1 1  23  27   7   0   0   0   0     5.592     5.496    20.066     0.000     0.000     0.000     0.000   0   0   0   0   0   0   0     0.000     0.000    -0.231    -0.001    -0.017     0.009     0.000
   7 0 0 0 1 1 1 1  25   3   8   0   0   0   0     5.800    23.118    17.112     0.000     0.000     0.000     0.000   0   0   0   0   0   0   0     0.000     0.000    -0.231     0.000    -0.006     0.014     0.001
   7 0 0 0 1 1 1 1  17  16   4   0   0   0   0    59.929    55.396    22.787     0.000     0.000     0.000     0.000   0   0   0   0   0   0   0     0.000     0.000    -0.231     0.002    -0.002    -0.001     0.007
   7 0 0 0 1 1 1 1  25   4  27   0   0   0   0     5.980    23.718     5.219     0.000     0.000     0.000     0.000   0   0   0   0   0   0   0     0.000     0.000    -0.231     0.000    -0.012     0.011    -0.006
