  380
   1 1   0     0.000   0     4.810
   1 1   0     0.000   0     5.439
   1 1   0     0.000   0     5.733
   1 1   0     0.000   0     5.923
   7 0 0 0 1 1 1 1  25  13  13   0   0   0   0     5.559    49.777    54.070     0.000     0.000     0.000     0.000   0   0   0   0   0   0   0     0.000     0.000     0.000    -0.211    -0.095     0.071     0.230
   7 0 0 0 1 1 1 1  25  17  25   0   0   0   0     5.604    56.391     5.817     0.000     0.000     0.000     0.000   0   0   0   0   0   0   0     0.000     0.000     0.000    -0.266    -0.138     0.071     0.179
   7 0 0 0 1 1 1 1  25  17  26   0   0   0   0     5.421    56.752     5.860     0.000     0.000     0.000     0.000   0   0   0   0   0   0   0     0.000     0.000     0.000    -0.197    -0.090     0.044     0.120
   7 0 0 0 1 1 1 1  14  24  13   0   0   0   0    47.431     5.502    49.734     0.000     0.000     0.000     0.000   0   0   0   0   0   0   0     0.000     0.000     0.000     0.111     0.283    -0.389    -0.212
   7 0 0 0 1 1 1 1  25  17  18   0   0   0   0     5.542    56.501    49.084     0.000     0.000     0.000     0.000   0   0   0   0   0   0   0     0.000     0.000     0.000    -0.188    -0.086     0.071     0.277
   7 0 0 0 1 1 1 1  25  25  25   0   0   0   0     5.631     5.271     5.834     0.000     0.000     0.000     0.000   0   0   0   0   0   0   0     0.000     0.000     0.000    -0.201    -0.099     0.066     0.161
   7 0 0 0 1 1 1 1  24   4  26   0   0   0   0     5.295    22.253     5.860     0.000     0.000     0.000     0.000   0   0   0   0   0   0   0     0.000     0.000     0.000    -0.214    -0.098     0.045     0.108
   7 0 0 0 1 1 1 1  31   3  24   0   0   0   0     5.289    22.132     5.502     0.000     0.000     0.000     0.000   0   0   0   0   0   0   0     0.000     0.000     0.000    -0.313    -0.170     0.103     0.255
   7 0 0 0 1 1 1 1  25  17  13   0   0   0   0     5.572    56.750    53.397     0.000     0.000     0.000     0.000   0   0   0   0   0   0   0     0.000     0.000     0.000    -0.144    -0.055     0.054     0.181
   7 0 0 0 1 1 1 1  25  12  25   0   0   0   0     5.572    46.873     5.799     0.000     0.000     0.000     0.000   0   0   0   0   0   0   0     0.000     0.000     0.000    -0.230    -0.116     0.052     0.144
   7 0 0 0 1 1 1 1  25  27  26   0   0   0   0     5.421     5.242     5.860     0.000     0.000     0.000     0.000   0   0   0   0   0   0   0     0.000     0.000     0.000    -0.211    -0.097     0.036     0.097
   7 0 0 0 1 1 1 1   3   4  29   0   0   0   0    22.336    22.169     5.722     0.000     0.000     0.000     0.000   0   0   0   0   0   0   0     0.000     0.000     0.000    -0.347    -0.180     0.070     0.207
   7 0 0 0 1 1 1 1   3  18  18   0   0   0   0    22.394    49.900    49.084     0.000     0.000     0.000     0.000   0   0   0   0   0   0   0     0.000     0.000     0.000    -0.079    -0.180     0.054     0.235
   7 0 0 0 1 1 1 1  25   4  25   0   0   0   0     5.542    22.187     5.778     0.000     0.000     0.000     0.000   0   0   0   0   0   0   0     0.000     0.000     0.000    -0.213    -0.109     0.042     0.129
   7 0 0 0 1 1 1 1  29  16  25   0   0   0   0     5.422    57.094     5.649     0.000     0.000     0.000     0.000   0   0   0   0   0   0   0     0.000     0.000     0.000    -0.156    -0.074    -0.004     0.079
   7 0 0 0 1 1 1 1  29  28  24   0   0   0   0     5.585     5.183     5.502     0.000     0.000     0.000     0.000   0   0   0   0   0   0   0     0.000     0.000     0.000    -0.238    -0.111     0.088     0.211
   7 0 0 0 1 1 1 1  25  18  22   0   0   0   0     5.649    49.485     5.428     0.000     0.000     0.000     0.000   0   0   0   0   0   0   0     0.000     0.000     0.000    -0.030    -0.109     0.058     0.247
   7 0 0 0 1 1 1 1  25  18  25   0   0   0   0     5.631    49.485     5.879     0.000     0.000     0.000     0.000   0   0   0   0   0   0   0     0.000     0.000     0.000    -0.057    -0.141     0.055     0.123
   7 0 0 0 1 1 1 1  11  27  25   0   0   0   0    45.482     5.238     5.649     0.000     0.000     0.000     0.000   0   0   0   0   0   0   0     0.000     0.000     0.000    -0.178    -0.086    -0.006     0.071
   7 0 0 0 1 1 1 1  25  14  29   0   0   0   0     5.421    48.394     5.720     0.000     0.000     0.000     0.000   0   0   0   0   0   0   0     0.000     0.000     0.000    -0.146    -0.297     0.054     0.170
   7 0 0 0 1 1 1 1  17  18  28   0   0   0   0    57.201    49.838     5.648     0.000     0.000     0.000     0.000   0   0   0   0   0   0   0     0.000     0.000     0.000    -0.054    -0.149     0.055     0.328
   7 0 0 0 1 1 1 1  11  29  25   0   0   0   0    47.637     5.305     5.778     0.000     0.000     0.000     0.000   0   0   0   0   0   0   0     0.000     0.000     0.000    -0.177    -0.089     0.032     0.105
   7 0 0 0 1 1 1 1  25   1  26   0   0   0   0     5.325    21.967     5.809     0.000     0.000     0.000     0.000   0   0   0   0   0   0   0     0.000     0.000     0.000    -0.083    -0.163    -0.006     0.065
   7 0 0 0 1 1 1 1  24  28  24   0   0   0   0     5.318     5.209     5.502     0.000     0.000     0.000     0.000   0   0   0   0   0   0   0     0.000     0.000     0.000    -0.178    -0.055     0.076     0.176
   7 0 0 0 1 1 1 1  12  18  13   0   0   0   0    48.761    49.999    53.260     0.000     0.000     0.000     0.000   0   0   0   0   0   0   0     0.000     0.000     0.000    -0.054    -0.140     0.033     0.130
   7 0 0 0 1 1 1 1   3  12  25   0   0   0   0    22.673    47.286     5.879     0.000     0.000     0.000     0.000   0   0   0   0   0   0   0     0.000     0.000     0.000    -0.136    -0.063     0.045     0.101
   7 0 0 0 1 1 1 1  24   1  17   0   0   0   0     5.295    21.899    60.859     0.000     0.000     0.000     0.000   0   0   0   0   0   0   0     0.000     0.000     0.000    -0.025    -0.103     0.042     0.108
   7 0 0 0 1 1 1 1  11  25  24   0   0   0   0    46.876     5.166     5.367     0.000     0.000     0.000     0.000   0   0   0   0   0   0   0     0.000     0.000     0.000    -0.242    -0.108     0.047     0.139
   7 0 0 0 1 1 1 1  17  12  28   0   0   0   0    57.201    47.376     5.648     0.000     0.000     0.000     0.000   0   0   0   0   0   0   0     0.000     0.000     0.000    -0.093    -0.030     0.044     0.291
   7 0 0 0 1 1 1 1   3  12  25   0   0   0   0    22.394    46.442     5.709     0.000     0.000     0.000     0.000   0   0   0   0   0   0   0     0.000     0.000     0.000    -0.155    -0.077     0.008     0.080
   7 0 0 0 1 1 1 1  11   4  26   0   0   0   0    45.291    22.169     5.867     0.000     0.000     0.000     0.000   0   0   0   0   0   0   0     0.000     0.000     0.000    -0.142    -0.068     0.011     0.062
   7 0 0 0 1 1 1 1  24  25  28   0   0   0   0     5.318     5.258     5.547     0.000     0.000     0.000     0.000   0   0   0   0   0   0   0     0.000     0.000     0.000    -0.165    -0.066     0.053     0.133
   7 0 0 0 1 1 1 1  29  17  13   0   0   0   0     5.683    56.750    55.091     0.000     0.000     0.000     0.000   0   0   0   0   0   0   0     0.000     0.000     0.000    -0.083    -0.023     0.040     0.155
   7 0 0 0 1 1 1 1   3  12  25   0   0   0   0    22.394    46.442     5.709     0.000     0.000     0.000     0.000   0   0   0   0   0   0   0     0.000     0.000     0.000    -0.140    -0.069     0.007     0.072
   7 0 0 0 1 1 1 1  25   1  17   0   0   0   0     5.451    21.918    60.859     0.000     0.000     0.000     0.000   0   0   0   0   0   0   0     0.000     0.000     0.000    -0.038    -0.100     0.034     0.092
   7 0 0 0 1 1 1 1   3   3  24   0   0   0   0    22.394    21.899     5.347     0.000     0.000     0.000     0.000   0   0   0   0   0   0   0     0.000     0.000     0.000    -0.222    -0.094    -0.001     0.096
   7 0 0 0 1 1 1 1  29  13  15   0   0   0   0     5.683    49.734    52.459     0.000     0.000     0.000     0.000   0   0   0   0   0   0   0     0.000     0.000     0.000    -0.098    -0.031     0.023     0.095
   7 0 0 0 1 1 1 1   3  17  25   0   0   0   0    22.394    56.163     5.853     0.000     0.000     0.000     0.000   0   0   0   0   0   0   0     0.000     0.000     0.000    -0.126    -0.062     0.021     0.073
   7 0 0 0 1 1 1 1  25   1  25   0   0   0   0     5.307    21.978     5.649     0.000     0.000     0.000     0.000   0   0   0   0   0   0   0     0.000     0.000     0.000    -0.060    -0.126    -0.009     0.044
   7 0 0 0 1 1 1 1  29  25  24   0   0   0   0     5.669     5.295     5.502     0.000     0.000     0.000     0.000   0   0   0   0   0   0   0     0.000     0.000     0.000    -0.122    -0.030     0.052     0.132
   7 0 0 0 1 1 1 1  17   3  28   0   0   0   0    57.157    22.009     5.648     0.000     0.000     0.000     0.000   0   0   0   0   0   0   0     0.000     0.000     0.000    -0.103    -0.035     0.032     0.248
   7 0 0 0 1 1 1 1  25  12  26   0   0   0   0     5.631    47.474     5.896     0.000     0.000     0.000     0.000   0   0   0   0   0   0   0     0.000     0.000     0.000    -0.083    -0.030     0.033     0.077
   7 0 0 0 1 1 1 1  25   1  29   0   0   0   0     5.307    21.981     5.693     0.000     0.000     0.000     0.000   0   0   0   0   0   0   0     0.000     0.000     0.000    -0.055    -0.116    -0.001     0.043
   7 0 0 0 1 1 1 1   3   3  24   0   0   0   0    22.394    21.913     5.502     0.000     0.000     0.000     0.000   0   0   0   0   0   0   0     0.000     0.000     0.000    -0.186    -0.074     0.039     0.111
   7 0 0 0 1 1 1 1  12   3  15   0   0   0   0    47.729    22.009    52.495     0.000     0.000     0.000     0.000   0   0   0   0   0   0   0     0.000     0.000     0.000    -0.093    -0.039     0.013     0.081
   7 0 0 0 1 1 1 1   3   3  26   0   0   0   0    22.394    21.937     5.884     0.000     0.000     0.000     0.000   0   0   0   0   0   0   0     0.000     0.000     0.000    -0.113    -0.051     0.021     0.064
   7 0 0 0 1 1 1 1  24  16  17   0   0   0   0     5.295    57.213    60.859     0.000     0.000     0.000     0.000   0   0   0   0   0   0   0     0.000     0.000     0.000    -0.070    -0.021     0.024     0.075
   7 0 0 0 1 1 1 1  24  29  29   0   0   0   0     5.325     5.319     5.720     0.000     0.000     0.000     0.000   0   0   0   0   0   0   0     0.000     0.000     0.000    -0.138    -0.054     0.032     0.090
   7 0 0 0 1 1 1 1  26  18  28   0   0   0   0     5.860    49.477     5.648     0.000     0.000     0.000     0.000   0   0   0   0   0   0   0     0.000     0.000     0.000    -0.006    -0.053     0.034     0.222
   7 0 0 0 1 1 1 1   4   1  26   0   0   0   0    22.574    21.887     5.902     0.000     0.000     0.000     0.000   0   0   0   0   0   0   0     0.000     0.000     0.000    -0.012    -0.064     0.032     0.064
   7 0 0 0 1 1 1 1  25   1  17   0   0   0   0     5.572    21.947    60.859     0.000     0.000     0.000     0.000   0   0   0   0   0   0   0     0.000     0.000     0.000    -0.026    -0.077     0.024     0.067
   7 0 0 0 1 1 1 1  22  29  14   0   0   0   0     5.422     5.730    45.960     0.000     0.000     0.000     0.000   0   0   0   0   0   0   0     0.000     0.000     0.000     0.026     0.094    -0.518    -0.062
   7 0 0 0 1 1 1 1  26  12  28   0   0   0   0     5.864    47.532     5.648     0.000     0.000     0.000     0.000   0   0   0   0   0   0   0     0.000     0.000     0.000    -0.050    -0.007     0.032     0.204
   7 0 0 0 1 1 1 1  25  25  26   0   0   0   0     5.668     5.265     5.896     0.000     0.000     0.000     0.000   0   0   0   0   0   0   0     0.000     0.000     0.000    -0.067    -0.024     0.026     0.057
   7 0 0 0 1 1 1 1  25   1  26   0   0   0   0     5.302    21.991     5.867     0.000     0.000     0.000     0.000   0   0   0   0   0   0   0     0.000     0.000     0.000    -0.042    -0.099     0.002     0.036
   7 0 0 0 1 1 1 1  11   1  29   0   0   0   0    45.408    21.991     5.693     0.000     0.000     0.000     0.000   0   0   0   0   0   0   0     0.000     0.000     0.000    -0.067    -0.171    -0.006     0.061
   7 0 0 0 1 1 1 1  29  18   6   0   0   0   0     5.683    49.999    19.579     0.000     0.000     0.000     0.000   0   0   0   0   0   0   0     0.000     0.000     0.000    -0.021    -0.073     0.105     0.020
   7 0 0 0 1 1 1 1   4   1  25   0   0   0   0    22.574    21.936     5.949     0.000     0.000     0.000     0.000   0   0   0   0   0   0   0     0.000     0.000     0.000    -0.026    -0.073     0.029     0.058
   7 0 0 0 1 1 1 1  25   1  17   0   0   0   0     5.295    21.997    60.859     0.000     0.000     0.000     0.000   0   0   0   0   0   0   0     0.000     0.000     0.000    -0.039    -0.099     0.013     0.058
   7 0 0 0 1 1 1 1  24  29  22   0   0   0   0     5.341     5.345     5.428     0.000     0.000     0.000     0.000   0   0   0   0   0   0   0     0.000     0.000     0.000    -0.094    -0.027     0.059    -0.015
   7 0 0 0 1 1 1 1  17   3  28   0   0   0   0    57.052    22.009     5.648     0.000     0.000     0.000     0.000   0   0   0   0   0   0   0     0.000     0.000     0.000    -0.068    -0.023     0.018     0.183
   7 0 0 0 1 1 1 1  25   3  24   0   0   0   0     5.530    21.899     5.505     0.000     0.000     0.000     0.000   0   0   0   0   0   0   0     0.000     0.000     0.000    -0.087    -0.032     0.039     0.008
   7 0 0 0 1 1 1 1  25   1  17   0   0   0   0     5.585    21.963    60.859     0.000     0.000     0.000     0.000   0   0   0   0   0   0   0     0.000     0.000     0.000    -0.021    -0.068     0.018     0.052
   7 0 0 0 1 1 1 1  11   1  24   0   0   0   0    45.408    21.985     5.502     0.000     0.000     0.000     0.000   0   0   0   0   0   0   0     0.000     0.000     0.000    -0.053    -0.139     0.016     0.076
   7 0 0 0 1 1 1 1  26  18   9   0   0   0   0     5.867    49.485    18.001     0.000     0.000     0.000     0.000   0   0   0   0   0   0   0     0.000     0.000     0.000    -0.004    -0.037     0.118     0.020
   7 0 0 0 1 1 1 1   4   1  26   0   0   0   0    22.533    21.888     5.902     0.000     0.000     0.000     0.000   0   0   0   0   0   0   0     0.000     0.000     0.000    -0.007    -0.044     0.020     0.044
   7 0 0 0 1 1 1 1  11   1  17   0   0   0   0    45.641    21.985    60.859     0.000     0.000     0.000     0.000   0   0   0   0   0   0   0     0.000     0.000     0.000    -0.026    -0.073     0.013     0.047
   7 0 0 0 1 1 1 1  29   3  24   0   0   0   0     5.683    21.882     5.502     0.000     0.000     0.000     0.000   0   0   0   0   0   0   0     0.000     0.000     0.000    -0.123    -0.035     0.025     0.076
   7 0 0 0 1 1 1 1  29  13   8   0   0   0   0     5.693    49.816    17.176     0.000     0.000     0.000     0.000   0   0   0   0   0   0   0     0.000     0.000     0.000    -0.048    -0.013     0.098     0.017
   7 0 0 0 1 1 1 1  17   3  26   0   0   0   0    57.147    21.913     5.902     0.000     0.000     0.000     0.000   0   0   0   0   0   0   0     0.000     0.000     0.000    -0.073    -0.024     0.016     0.042
   7 0 0 0 1 1 1 1   4   1  24   0   0   0   0    22.434    22.009     5.341     0.000     0.000     0.000     0.000   0   0   0   0   0   0   0     0.000     0.000     0.000    -0.028    -0.093    -0.003     0.025
   7 0 0 0 1 1 1 1  22  24  14   0   0   0   0     5.422     5.366    45.960     0.000     0.000     0.000     0.000   0   0   0   0   0   0   0     0.000     0.000     0.000     0.010     0.061    -0.497    -0.037
   7 0 0 0 1 1 1 1  27   9  12   0   0   0   0     5.143    18.001    47.673     0.000     0.000     0.000     0.000   0   0   0   0   0   0   0     0.000     0.000     0.000     0.542     0.026    -0.029     0.006
   7 0 0 0 1 1 1 1  25   3  28   0   0   0   0     5.495    21.866     5.488     0.000     0.000     0.000     0.000   0   0   0   0   0   0   0     0.000     0.000     0.000    -0.071    -0.024     0.039     0.014
   7 0 0 0 1 1 1 1  25   0  26   0   0   0   0     5.291    21.143     5.860     0.000     0.000     0.000     0.000   0   0   0   0   0   0   0     0.000     0.000     0.000    -0.029    -0.093    -0.001     0.023
   7 0 0 0 1 1 1 1  11   1  17   0   0   0   0    45.291    22.009    60.859     0.000     0.000     0.000     0.000   0   0   0   0   0   0   0     0.000     0.000     0.000    -0.046    -0.162     0.016     0.082
   7 0 0 0 1 1 1 1  13  18   9   0   0   0   0    54.070    49.374    18.001     0.000     0.000     0.000     0.000   0   0   0   0   0   0   0     0.000     0.000     0.000     0.006    -0.026     0.515     0.023
   7 0 0 0 1 1 1 1   4  12  25   0   0   0   0    22.477    47.147     5.849     0.000     0.000     0.000     0.000   0   0   0   0   0   0   0     0.000     0.000     0.000    -0.047    -0.018     0.007     0.028
   7 0 0 0 1 1 1 1  25   0  29   0   0   0   0     5.283    21.142     5.693     0.000     0.000     0.000     0.000   0   0   0   0   0   0   0     0.000     0.000     0.000    -0.028    -0.086    -0.004     0.019
   7 0 0 0 1 1 1 1  29   3  24   0   0   0   0     5.683    21.825     5.502     0.000     0.000     0.000     0.000   0   0   0   0   0   0   0     0.000     0.000     0.000    -0.127    -0.028     0.018     0.061
   7 0 0 0 1 1 1 1  24  13  28   0   0   0   0     5.341    49.225     5.648     0.000     0.000     0.000     0.000   0   0   0   0   0   0   0     0.000     0.000     0.000    -0.056    -0.013     0.014     0.089
   7 0 0 0 1 1 1 1  12   3  26   0   0   0   0    47.729    21.849     5.896     0.000     0.000     0.000     0.000   0   0   0   0   0   0   0     0.000     0.000     0.000    -0.064    -0.023     0.009     0.031
   7 0 0 0 1 1 1 1  25   1  14   0   0   0   0     5.649    21.963    45.960     0.000     0.000     0.000     0.000   0   0   0   0   0   0   0     0.000     0.000     0.000    -0.012    -0.045     0.011     0.038
   7 0 0 0 1 1 1 1  22  24  14   0   0   0   0     5.422     5.366    45.960     0.000     0.000     0.000     0.000   0   0   0   0   0   0   0     0.000     0.000     0.000     0.007     0.048    -0.474    -0.027
   7 0 0 0 1 1 1 1  27   9  12   0   0   0   0     5.143    18.001    47.659     0.000     0.000     0.000     0.000   0   0   0   0   0   0   0     0.000     0.000     0.000     0.485     0.019    -0.023     0.004
   7 0 0 0 1 1 1 1  25  25  24   0   0   0   0     5.675     5.245     5.502     0.000     0.000     0.000     0.000   0   0   0   0   0   0   0     0.000     0.000     0.000    -0.036    -0.011     0.024     0.006
   7 0 0 0 1 1 1 1   4   1  17   0   0   0   0    22.419    22.009    60.859     0.000     0.000     0.000     0.000   0   0   0   0   0   0   0     0.000     0.000     0.000    -0.019    -0.070     0.007     0.034
   7 0 0 0 1 1 1 1  25   0  17   0   0   0   0     5.316    21.143    60.859     0.000     0.000     0.000     0.000   0   0   0   0   0   0   0     0.000     0.000     0.000    -0.038    -0.149     0.011     0.068
   7 0 0 0 1 1 1 1  13  17   9   0   0   0   0    54.070    56.966    18.001     0.000     0.000     0.000     0.000   0   0   0   0   0   0   0     0.000     0.000     0.000    -0.018     0.005     0.461     0.017
   7 0 0 0 1 1 1 1  18  26   3   0   0   0   0    49.347     5.878    21.825     0.000     0.000     0.000     0.000   0   0   0   0   0   0   0     0.000     0.000     0.000     0.004     0.025    -0.062    -0.019
   7 0 0 0 1 1 1 1  24  13  13   0   0   0   0     5.328    50.478    55.748     0.000     0.000     0.000     0.000   0   0   0   0   0   0   0     0.000     0.000     0.000    -0.027    -0.004     0.010     0.041
   7 0 0 0 1 1 1 1  24   4  32   0   0   0   0     5.341    22.209     4.274     0.000     0.000     0.000     0.000   0   0   0   0   0   0   0     0.000     0.000     0.000    -0.069    -0.017     0.000     0.039
   7 0 0 0 1 1 1 1  23   3  14   0   0   0   0     5.589    21.882    45.960     0.000     0.000     0.000     0.000   0   0   0   0   0   0   0     0.000     0.000     0.000    -0.048    -0.007     0.044    -0.002
   7 0 0 0 1 1 1 1   4   1  28   0   0   0   0    22.508    21.936     5.648     0.000     0.000     0.000     0.000   0   0   0   0   0   0   0     0.000     0.000     0.000    -0.011    -0.035     0.013     0.065
   7 0 0 0 1 1 1 1  24  17   5   0   0   0   0     5.341    56.574    22.000     0.000     0.000     0.000     0.000   0   0   0   0   0   0   0     0.000     0.000     0.000    -0.032    -0.007     0.033     0.009
   7 0 0 0 1 1 1 1  22  24  14   0   0   0   0     5.422     5.366    45.960     0.000     0.000     0.000     0.000   0   0   0   0   0   0   0     0.000     0.000     0.000     0.003     0.039    -0.451    -0.020
   7 0 0 0 1 1 1 1  13  22   9   0   0   0   0    54.070     5.511    18.001     0.000     0.000     0.000     0.000   0   0   0   0   0   0   0     0.000     0.000     0.000    -0.001    -0.035     0.436     0.013
   7 0 0 0 1 1 1 1  25   3  28   0   0   0   0     5.677    21.825     5.648     0.000     0.000     0.000     0.000   0   0   0   0   0   0   0     0.000     0.000     0.000    -0.053    -0.012     0.013     0.050
   7 0 0 0 1 1 1 1   4   0  17   0   0   0   0    22.419    21.149    60.859     0.000     0.000     0.000     0.000   0   0   0   0   0   0   0     0.000     0.000     0.000    -0.015    -0.066     0.005     0.027
   7 0 0 0 1 1 1 1  25   0  17   0   0   0   0     5.284    21.142    60.859     0.000     0.000     0.000     0.000   0   0   0   0   0   0   0     0.000     0.000     0.000    -0.033    -0.131     0.006     0.056
   7 0 0 0 1 1 1 1  26  13   9   0   0   0   0     5.867    49.276    18.001     0.000     0.000     0.000     0.000   0   0   0   0   0   0   0     0.000     0.000     0.000    -0.029    -0.005     0.077     0.011
   7 0 0 0 1 1 1 1  18  26   3   0   0   0   0    49.425     5.878    21.788     0.000     0.000     0.000     0.000   0   0   0   0   0   0   0     0.000     0.000     0.000     0.002     0.019    -0.060    -0.016
   7 0 0 0 1 1 1 1  24  17  32   0   0   0   0     5.341    56.558     4.274     0.000     0.000     0.000     0.000   0   0   0   0   0   0   0     0.000     0.000     0.000    -0.028    -0.006     0.000     0.016
   7 0 0 0 1 1 1 1  32  27   4   0   0   0   0     4.274     5.133    23.585     0.000     0.000     0.000     0.000   0   0   0   0   0   0   0     0.000     0.000     0.000    -0.428    -0.012     0.049     0.006
   7 0 0 0 1 1 1 1  13  28   9   0   0   0   0    54.070     5.623    18.001     0.000     0.000     0.000     0.000   0   0   0   0   0   0   0     0.000     0.000     0.000    -0.007     0.021     0.410     0.011
   7 0 0 0 1 1 1 1  17   2  28   0   0   0   0    57.052    21.502     5.648     0.000     0.000     0.000     0.000   0   0   0   0   0   0   0     0.000     0.000     0.000    -0.060    -0.013     0.009     0.055
   7 0 0 0 1 1 1 1  26   3  31   0   0   0   0     5.831    21.688     5.495     0.000     0.000     0.000     0.000   0   0   0   0   0   0   0     0.000     0.000     0.000    -0.059    -0.009     0.007     0.031
   7 0 0 0 1 1 1 1  25   0  17   0   0   0   0     5.287    21.143    60.859     0.000     0.000     0.000     0.000   0   0   0   0   0   0   0     0.000     0.000     0.000    -0.028    -0.121     0.006     0.046
   7 0 0 0 1 1 1 1  13  24   9   0   0   0   0    54.070     5.341    18.001     0.000     0.000     0.000     0.000   0   0   0   0   0   0   0     0.000     0.000     0.000    -0.011     0.006     0.389     0.010
   7 0 0 0 1 1 1 1  18  18  18   0   0   0   0    49.204    49.203    50.375     0.000     0.000     0.000     0.000   0   0   0   0   0   0   0     0.000     0.000     0.000     0.008     0.149    -0.010    -0.034
   7 0 0 0 1 1 1 1  24  23   5   0   0   0   0     5.341     5.387    22.000     0.000     0.000     0.000     0.000   0   0   0   0   0   0   0     0.000     0.000     0.000    -0.050    -0.008     0.026     0.006
   7 0 0 0 1 1 1 1  18  24  14   0   0   0   0    49.203     5.364    45.960     0.000     0.000     0.000     0.000   0   0   0   0   0   0   0     0.000     0.000     0.000     0.003     0.030    -0.407    -0.015
   7 0 0 0 1 1 1 1  13   3   9   0   0   0   0    54.070    21.849    18.001     0.000     0.000     0.000     0.000   0   0   0   0   0   0   0     0.000     0.000     0.000    -0.041    -0.001     0.370     0.009
   7 0 0 0 1 1 1 1  25  25  11   0   0   0   0     5.689     5.225    51.194     0.000     0.000     0.000     0.000   0   0   0   0   0   0   0     0.000     0.000     0.000    -0.022    -0.005     0.019     0.003
   7 0 0 0 1 1 1 1  25   0  26   0   0   0   0     5.276    21.142     5.919     0.000     0.000     0.000     0.000   0   0   0   0   0   0   0     0.000     0.000     0.000    -0.013    -0.052     0.003     0.026
   7 0 0 0 1 1 1 1  32  27  28   0   0   0   0     4.274     5.174     5.633     0.000     0.000     0.000     0.000   0   0   0   0   0   0   0     0.000     0.000     0.000    -0.277    -0.008     0.015     0.072
   7 0 0 0 1 1 1 1  26  13   9   0   0   0   0     5.870    49.183    18.001     0.000     0.000     0.000     0.000   0   0   0   0   0   0   0     0.000     0.000     0.000    -0.028    -0.004     0.102     0.009
   7 0 0 0 1 1 1 1  18  26   1   0   0   0   0    49.425     5.884    22.017     0.000     0.000     0.000     0.000   0   0   0   0   0   0   0     0.000     0.000     0.000     0.002     0.015    -0.011    -0.051
   7 0 0 0 1 1 1 1   4   0  13   0   0   0   0    22.401    21.149    55.748     0.000     0.000     0.000     0.000   0   0   0   0   0   0   0     0.000     0.000     0.000    -0.010    -0.048     0.004     0.026
   7 0 0 0 1 1 1 1  25   1  24   0   0   0   0     5.280    22.009     5.502     0.000     0.000     0.000     0.000   0   0   0   0   0   0   0     0.000     0.000     0.000    -0.024    -0.090     0.002     0.028
   7 0 0 0 1 1 1 1  24   3  30   0   0   0   0     5.436    21.788     5.231     0.000     0.000     0.000     0.000   0   0   0   0   0   0   0     0.000     0.000     0.000    -0.053    -0.005     0.240     0.009
   7 0 0 0 1 1 1 1  17   3  28   0   0   0   0    57.434    21.788     5.648     0.000     0.000     0.000     0.000   0   0   0   0   0   0   0     0.000     0.000     0.000    -0.043    -0.007     0.008     0.048
   7 0 0 0 1 1 1 1  29   3   5   0   0   0   0     5.693    21.825    22.000     0.000     0.000     0.000     0.000   0   0   0   0   0   0   0     0.000     0.000     0.000    -0.035    -0.006     0.026     0.005
   7 0 0 0 1 1 1 1  29   3   8   0   0   0   0     5.693    21.854    17.176     0.000     0.000     0.000     0.000   0   0   0   0   0   0   0     0.000     0.000     0.000    -0.060    -0.011    -0.028     0.020
   7 0 0 0 1 1 1 1  24  17  30   0   0   0   0     5.436    56.593     5.231     0.000     0.000     0.000     0.000   0   0   0   0   0   0   0     0.000     0.000     0.000    -0.020    -0.002     0.224     0.008
   7 0 0 0 1 1 1 1  18  13   1   0   0   0   0    49.281    55.091    22.017     0.000     0.000     0.000     0.000   0   0   0   0   0   0   0     0.000     0.000     0.000     0.005     0.064    -0.009    -0.044
   7 0 0 0 1 1 1 1  32  27   5   0   0   0   0     4.274     5.174    23.251     0.000     0.000     0.000     0.000   0   0   0   0   0   0   0     0.000     0.000     0.000    -0.090    -0.004     0.011    -0.019
   7 0 0 0 1 1 1 1  18  23  14   0   0   0   0    49.203     5.518    45.960     0.000     0.000     0.000     0.000   0   0   0   0   0   0   0     0.000     0.000     0.000    -0.000     0.024    -0.372    -0.010
   7 0 0 0 1 1 1 1  27   1  24   0   0   0   0     5.120    21.879     5.561     0.000     0.000     0.000     0.000   0   0   0   0   0   0   0     0.000     0.000     0.000     0.323     0.005    -0.005     0.015
   7 0 0 0 1 1 1 1  18  18  18   0   0   0   0    49.204    49.203    50.258     0.000     0.000     0.000     0.000   0   0   0   0   0   0   0     0.000     0.000     0.000     0.005     0.134    -0.006    -0.022
   7 0 0 0 1 1 1 1  25   1  26   0   0   0   0     5.276    22.009     5.919     0.000     0.000     0.000     0.000   0   0   0   0   0   0   0     0.000     0.000     0.000    -0.010    -0.035     0.002     0.021
   7 0 0 0 1 1 1 1  25   0  19   0   0   0   0     5.241    21.142    66.917     0.000     0.000     0.000     0.000   0   0   0   0   0   0   0     0.000     0.000     0.000    -0.024    -0.084     0.003     0.050
   7 0 0 0 1 1 1 1  26  24   9   0   0   0   0     5.902     5.505    18.001     0.000     0.000     0.000     0.000   0   0   0   0   0   0   0     0.000     0.000     0.000    -0.008     0.013     0.307     0.008
   7 0 0 0 1 1 1 1   4   1  28   0   0   0   0    22.668    21.942     5.648     0.000     0.000     0.000     0.000   0   0   0   0   0   0   0     0.000     0.000     0.000    -0.003    -0.017     0.006     0.054
   7 0 0 0 1 1 1 1  32  27   5   0   0   0   0     4.274     5.174    23.251     0.000     0.000     0.000     0.000   0   0   0   0   0   0   0     0.000     0.000     0.000    -0.082    -0.003     0.009    -0.017
   7 0 0 0 1 1 1 1  32  13  28   0   0   0   0     4.274    54.849     5.633     0.000     0.000     0.000     0.000   0   0   0   0   0   0   0     0.000     0.000     0.000    -0.006    -0.353     0.010     0.058
   7 0 0 0 1 1 1 1  26  18   9   0   0   0   0     5.902    50.675    18.001     0.000     0.000     0.000     0.000   0   0   0   0   0   0   0     0.000     0.000     0.000    -0.002    -0.057     0.292     0.007
   7 0 0 0 1 1 1 1  17   2   0   0   0   0   0    57.008    21.502    21.652     0.000     0.000     0.000     0.000   0   0   0   0   0   0   0     0.000     0.000     0.000    -0.038    -0.007     0.004     0.028
   7 0 0 0 1 1 1 1   4   1  23   0   0   0   0    22.380    21.985     5.541     0.000     0.000     0.000     0.000   0   0   0   0   0   0   0     0.000     0.000     0.000    -0.007    -0.021    -0.001     0.009
   7 0 0 0 1 1 1 1  24  11   5   0   0   0   0     5.347    42.572    22.000     0.000     0.000     0.000     0.000   0   0   0   0   0   0   0     0.000     0.000     0.000    -0.063    -0.010     0.042     0.006
   7 0 0 0 1 1 1 1  18  18  28   0   0   0   0    49.205    49.203     5.648     0.000     0.000     0.000     0.000   0   0   0   0   0   0   0     0.000     0.000     0.000     0.004     0.186    -0.005    -0.089
   7 0 0 0 1 1 1 1  18  18   1   0   0   0   0    49.204    49.203    22.017     0.000     0.000     0.000     0.000   0   0   0   0   0   0   0     0.000     0.000     0.000     0.004     0.124    -0.006    -0.035
   7 0 0 0 1 1 1 1  24  17   5   0   0   0   0     5.347    56.599    22.000     0.000     0.000     0.000     0.000   0   0   0   0   0   0   0     0.000     0.000     0.000    -0.013    -0.002     0.019     0.003
   7 0 0 0 1 1 1 1  29   0  28   0   0   0   0     5.341    21.142     5.649     0.000     0.000     0.000     0.000   0   0   0   0   0   0   0     0.000     0.000     0.000    -0.020    -0.073     0.003     0.052
   7 0 0 0 1 1 1 1  27   1  17   0   0   0   0     5.120    21.879    55.851     0.000     0.000     0.000     0.000   0   0   0   0   0   0   0     0.000     0.000     0.000     0.268     0.004    -0.031    -0.000
   7 0 0 0 1 1 1 1   4   1  27   0   0   0   0    23.575    21.906     5.221     0.000     0.000     0.000     0.000   0   0   0   0   0   0   0     0.000     0.000     0.000     0.001    -0.009     0.025     0.007
   7 0 0 0 1 1 1 1  32  27   5   0   0   0   0     4.274     5.174    23.251     0.000     0.000     0.000     0.000   0   0   0   0   0   0   0     0.000     0.000     0.000    -0.074    -0.002     0.007    -0.016
   7 0 0 0 1 1 1 1  18  23  14   0   0   0   0    49.203     5.518    45.960     0.000     0.000     0.000     0.000   0   0   0   0   0   0   0     0.000     0.000     0.000    -0.001     0.019    -0.336    -0.007
   7 0 0 0 1 1 1 1  26  23  19   0   0   0   0     5.864     5.387    66.917     0.000     0.000     0.000     0.000   0   0   0   0   0   0   0     0.000     0.000     0.000    -0.045    -0.004     0.014    -0.037
   7 0 0 0 1 1 1 1  17   3  11   0   0   0   0    58.624    21.688    51.190     0.000     0.000     0.000     0.000   0   0   0   0   0   0   0     0.000     0.000     0.000    -0.032    -0.003     0.015    -0.001
   7 0 0 0 1 1 1 1   4   3  28   0   0   0   0    22.398    21.842     5.648     0.000     0.000     0.000     0.000   0   0   0   0   0   0   0     0.000     0.000     0.000    -0.019    -0.005     0.004    -0.020
   7 0 0 0 1 1 1 1  32  13  28   0   0   0   0     4.274    54.849     5.633     0.000     0.000     0.000     0.000   0   0   0   0   0   0   0     0.000     0.000     0.000    -0.005    -0.319     0.008     0.047
   7 0 0 0 1 1 1 1  27   1  17   0   0   0   0     5.120    21.879    55.916     0.000     0.000     0.000     0.000   0   0   0   0   0   0   0     0.000     0.000     0.000     0.254     0.004    -0.023    -0.000
   7 0 0 0 1 1 1 1  17   2  28   0   0   0   0    56.739    21.462     5.648     0.000     0.000     0.000     0.000   0   0   0   0   0   0   0     0.000     0.000     0.000    -0.033    -0.007     0.002     0.034
   7 0 0 0 1 1 1 1  29   5   5   0   0   0   0     5.702    21.910    22.000     0.000     0.000     0.000     0.000   0   0   0   0   0   0   0     0.000     0.000     0.000     0.015    -0.005     0.022     0.002
   7 0 0 0 1 1 1 1  25   0  17   0   0   0   0     5.226    21.142    60.859     0.000     0.000     0.000     0.000   0   0   0   0   0   0   0     0.000     0.000     0.000    -0.018    -0.067     0.001     0.024
   7 0 0 0 1 1 1 1  27   1  28   0   0   0   0     5.120    21.879     5.623     0.000     0.000     0.000     0.000   0   0   0   0   0   0   0     0.000     0.000     0.000     0.241     0.004    -0.004     0.012
   7 0 0 0 1 1 1 1  25   3  17   0   0   0   0     5.725    21.688    60.859     0.000     0.000     0.000     0.000   0   0   0   0   0   0   0     0.000     0.000     0.000    -0.028    -0.003     0.009    -0.008
   7 0 0 0 1 1 1 1  26  26   0   0   0   0   0     5.906     5.902    21.279     0.000     0.000     0.000     0.000   0   0   0   0   0   0   0     0.000     0.000     0.000    -0.001    -0.029     0.021     0.006
   7 0 0 0 1 1 1 1  18   5  14   0   0   0   0    49.203    22.343    45.960     0.000     0.000     0.000     0.000   0   0   0   0   0   0   0     0.000     0.000     0.000     0.019     0.000    -0.303    -0.006
   7 0 0 0 1 1 1 1  27   1  17   0   0   0   0     5.120    21.879    55.645     0.000     0.000     0.000     0.000   0   0   0   0   0   0   0     0.000     0.000     0.000     0.229     0.003    -0.034    -0.001
   7 0 0 0 1 1 1 1   0  18   1   0   0   0   0    21.248    50.401    21.879     0.000     0.000     0.000     0.000   0   0   0   0   0   0   0     0.000     0.000     0.000    -0.002    -0.016     0.115     0.004
   7 0 0 0 1 1 1 1  32  27  24   0   0   0   0     4.274     5.133     5.328     0.000     0.000     0.000     0.000   0   0   0   0   0   0   0     0.000     0.000     0.000    -0.097    -0.002    -0.017     0.006
   7 0 0 0 1 1 1 1  25   0  30   0   0   0   0     5.225    21.142     5.525     0.000     0.000     0.000     0.000   0   0   0   0   0   0   0     0.000     0.000     0.000    -0.017    -0.061     0.001     0.034
   7 0 0 0 1 1 1 1  31   3  32   0   0   0   0     5.438    21.688     4.274     0.000     0.000     0.000     0.000   0   0   0   0   0   0   0     0.000     0.000     0.000    -0.038    -0.003     0.217     0.005
   7 0 0 1 1 1 1 1   0  18  32   0   0   0   0    21.652    49.606     4.274     0.000     0.000     0.000     0.000   0   0   0   0   0   0   0     0.000     0.000     0.020     0.001    -0.007     0.217     0.005
   7 0 0 0 1 1 1 1  23  17   5   0   0   0   0     5.544    56.571    22.000     0.000     0.000     0.000     0.000   0   0   0   0   0   0   0     0.000     0.000     0.020    -0.012    -0.001     0.015     0.001
   7 0 0 0 1 1 1 1  29   3  22   0   0   0   0     5.693    21.825     5.428     0.000     0.000     0.000     0.000   0   0   0   0   0   0   0     0.000     0.000     0.020    -0.043    -0.006     0.011    -0.031
   7 0 0 0 1 1 1 1  19  19  28   0   0   0   0    66.917    66.844     5.648     0.000     0.000     0.000     0.000   0   0   0   0   0   0   0     0.000     0.000     0.020     0.000     0.207     0.001    -0.081
   7 0 0 0 1 1 1 1   4  28  11   0   0   0   0    23.734     5.648    49.016     0.000     0.000     0.000     0.000   0   0   0   0   0   0   0     0.000     0.000     0.020    -0.002     0.015     0.019     0.005
   7 0 0 0 1 1 1 1  26   5   0   0   0   0   0     5.917    22.000    21.237     0.000     0.000     0.000     0.000   0   0   0   0   0   0   0     0.000     0.000     0.020     0.005    -0.003     0.021     0.009
   7 0 0 0 1 1 1 1  32  27  28   0   0   0   0     4.274     5.133     5.633     0.000     0.000     0.000     0.000   0   0   0   0   0   0   0     0.000     0.000     0.020    -0.287    -0.003     0.005     0.042
   7 0 0 0 1 1 1 1  15  10  19   0   0   0   0    52.036    15.814    66.917     0.000     0.000     0.000     0.000   0   0   0   0   0   0   0     0.000     0.000     0.020    -0.001    -0.024     0.018    -0.027
   7 0 0 0 1 1 1 1  17   2  28   0   0   0   0    56.739    21.462     5.648     0.000     0.000     0.000     0.000   0   0   0   0   0   0   0     0.000     0.000     0.020    -0.027    -0.005     0.002     0.028
   7 0 0 0 1 1 1 1  32  13   5   0   0   0   0     4.274    54.849    23.283     0.000     0.000     0.000     0.000   0   0   0   0   0   0   0     0.000     0.000     0.020    -0.002    -0.092     0.005    -0.016
   7 0 0 0 1 1 1 1   5  12   5   0   0   0   0    22.000    48.299    22.001     0.000     0.000     0.000     0.000   0   0   0   0   0   0   0     0.000     0.000     0.020     0.002     0.030    -0.185    -0.002
   7 0 0 0 1 1 1 1  31   3  32   0   0   0   0     5.438    21.688     4.274     0.000     0.000     0.000     0.000   0   0   0   0   0   0   0     0.000     0.000     0.020    -0.035    -0.003     0.195     0.005
   7 0 0 0 1 1 1 1  25  18  11   0   0   0   0     5.968    50.675    48.598     0.000     0.000     0.000     0.000   0   0   0   0   0   0   0     0.000     0.000     0.020    -0.001    -0.022     0.018     0.006
   7 0 0 0 1 1 1 1  23  17   5   0   0   0   0     5.544    56.558    22.000     0.000     0.000     0.000     0.000   0   0   0   0   0   0   0     0.000     0.000     0.020    -0.010    -0.001     0.013     0.001
   7 0 0 0 1 1 1 1  25   0  19   0   0   0   0     5.175    21.138    66.917     0.000     0.000     0.000     0.000   0   0   0   0   0   0   0     0.000     0.000     0.020    -0.018    -0.053     0.000     0.030
   7 0 0 0 1 1 1 1  26  23   9   0   0   0   0     5.895     5.506    18.001     0.000     0.000     0.000     0.000   0   0   0   0   0   0   0     0.000     0.000     0.020    -0.009     0.003     0.186     0.005
   7 0 0 0 1 1 1 1  17  23  28   0   0   0   0    56.739     5.396     5.648     0.000     0.000     0.000     0.000   0   0   0   0   0   0   0     0.000     0.000     0.020    -0.022    -0.004     0.001     0.027
   7 0 0 0 1 1 1 1  23  17   5   0   0   0   0     5.544    56.593    21.996     0.000     0.000     0.000     0.000   0   0   0   0   0   0   0     0.000     0.000     0.020    -0.008    -0.001     0.013     0.001
   7 0 0 0 1 1 1 1  29  15  22   0   0   0   0     5.693    51.753     5.428     0.000     0.000     0.000     0.000   0   0   0   0   0   0   0     0.000     0.000     0.020    -0.014     0.001     0.009    -0.031
   7 0 0 0 1 1 1 1  19  19  28   0   0   0   0    66.917    66.844     5.648     0.000     0.000     0.000     0.000   0   0   0   0   0   0   0     0.000     0.000     0.020     0.000     0.176     0.003    -0.074
   7 0 0 0 1 1 1 1  25  18   0   0   0   0   0     5.980    49.760    21.757     0.000     0.000     0.000     0.000   0   0   0   0   0   0   0     0.000     0.000     0.020     0.001    -0.007     0.007     0.016
   7 0 0 0 1 1 1 1  32  13  24   0   0   0   0     4.274    54.849     5.328     0.000     0.000     0.000     0.000   0   0   0   0   0   0   0     0.000     0.000     0.020    -0.001    -0.087    -0.014     0.005
   7 0 0 0 1 1 1 1  23   2  28   0   0   0   0     5.525    21.502     5.648     0.000     0.000     0.000     0.000   0   0   0   0   0   0   0     0.000     0.000     0.020    -0.048    -0.005     0.010    -0.026
   7 0 0 0 1 1 1 1  31  14  32   0   0   0   0     5.438    48.967     4.274     0.000     0.000     0.000     0.000   0   0   0   0   0   0   0     0.000     0.000     0.020    -0.002    -0.032     0.167     0.004
   7 0 0 0 1 1 1 1   4   1   0   0   0   0   0    23.575    21.935    21.685     0.000     0.000     0.000     0.000   0   0   0   0   0   0   0     0.000     0.000     0.020     0.000    -0.007     0.003     0.014
   7 0 0 0 1 1 1 1  26  29   0   0   0   0   0     5.914     5.846    21.237     0.000     0.000     0.000     0.000   0   0   0   0   0   0   0     0.000     0.000     0.020    -0.000    -0.015     0.018     0.007
   7 0 0 1 1 1 1 1  28  28   0   0   0   0   0     5.649     5.648    21.237     0.000     0.000     0.000     0.000   0   0   0   0   0   0   0     0.000     0.000     0.038     0.000    -0.161     0.018     0.007
   7 0 0 0 1 1 1 1  19  19  28   0   0   0   0    66.917    66.844     5.648     0.000     0.000     0.000     0.000   0   0   0   0   0   0   0     0.000     0.000     0.038     0.000     0.159     0.002    -0.069
   7 0 0 0 1 1 1 1  26   2   9   0   0   0   0     5.880    21.453    18.001     0.000     0.000     0.000     0.000   0   0   0   0   0   0   0     0.000     0.000     0.038    -0.022    -0.001     0.106     0.002
   7 0 0 0 1 1 1 1  24  24  26   0   0   0   0     5.502     5.500     5.898     0.000     0.000     0.000     0.000   0   0   0   0   0   0   0     0.000     0.000     0.038    -0.001    -0.082     0.003     0.016
   7 0 0 0 1 1 1 1   5   3   5   0   0   0   0    22.000    22.400    22.001     0.000     0.000     0.000     0.000   0   0   0   0   0   0   0     0.000     0.000     0.038     0.002     0.028    -0.165    -0.002
   7 0 0 0 1 1 1 1  17  23  28   0   0   0   0    56.641     5.431     5.649     0.000     0.000     0.000     0.000   0   0   0   0   0   0   0     0.000     0.000     0.038    -0.033    -0.006     0.004    -0.052
   7 0 0 0 1 1 1 1   4  18   0   0   0   0   0    23.734    50.675    21.685     0.000     0.000     0.000     0.000   0   0   0   0   0   0   0     0.000     0.000     0.038    -0.001    -0.018     0.004     0.013
   7 0 0 0 1 1 1 1  29   0  17   0   0   0   0     5.345    21.142    60.859     0.000     0.000     0.000     0.000   0   0   0   0   0   0   0     0.000     0.000     0.038    -0.004    -0.020     0.000     0.008
   7 0 0 0 1 1 1 1  32  13  28   0   0   0   0     4.274    54.849     5.633     0.000     0.000     0.000     0.000   0   0   0   0   0   0   0     0.000     0.000     0.038    -0.002    -0.244     0.004     0.035
   7 0 0 0 1 1 1 1  24  28  30   0   0   0   0     5.436     5.533     5.231     0.000     0.000     0.000     0.000   0   0   0   0   0   0   0     0.000     0.000     0.038    -0.001    -0.018     0.095     0.004
   7 0 0 0 1 1 1 1  18  18  28   0   0   0   0    49.205    49.203     5.648     0.000     0.000     0.000     0.000   0   0   0   0   0   0   0     0.000     0.000     0.038     0.001     0.067    -0.002    -0.022
   7 0 0 0 1 1 1 1  29   1   5   0   0   0   0     5.702    21.992    22.000     0.000     0.000     0.000     0.000   0   0   0   0   0   0   0     0.000     0.000     0.038    -0.001    -0.010     0.014     0.001
   7 0 0 0 1 1 1 1  25   0  30   0   0   0   0     5.170    21.138     5.525     0.000     0.000     0.000     0.000   0   0   0   0   0   0   0     0.000     0.000     0.038    -0.014    -0.044     0.000     0.026
   7 0 0 0 1 1 1 1  19  19  20   0   0   0   0    66.917    66.844    62.490     0.000     0.000     0.000     0.000   0   0   0   0   0   0   0     0.000     0.000     0.038     0.000     0.146    -0.071    -0.003
   7 0 0 0 1 1 1 1  17  13  28   0   0   0   0    60.859    54.849     5.648     0.000     0.000     0.000     0.000   0   0   0   0   0   0   0     0.000     0.000     0.038     0.000     0.097    -0.005    -0.020
   7 0 0 0 1 1 1 1  26  26   0   0   0   0   0     5.906     5.902    21.237     0.000     0.000     0.000     0.000   0   0   0   0   0   0   0     0.000     0.000     0.038    -0.001    -0.022     0.016     0.003
   7 0 0 0 1 1 1 1   5   2   5   0   0   0   0    22.000    21.597    22.001     0.000     0.000     0.000     0.000   0   0   0   0   0   0   0     0.000     0.000     0.038     0.002     0.024    -0.146    -0.001
   7 0 0 0 1 1 1 1  31  13  32   0   0   0   0     5.438    49.468     4.274     0.000     0.000     0.000     0.000   0   0   0   0   0   0   0     0.000     0.000     0.038    -0.012    -0.001     0.139     0.004
   7 0 0 0 1 1 1 1  26  14   9   0   0   0   0     5.880    49.189    18.001     0.000     0.000     0.000     0.000   0   0   0   0   0   0   0     0.000     0.000     0.038    -0.001    -0.019     0.092     0.002
   7 0 0 0 1 1 1 1  24  24  29   0   0   0   0     5.502     5.500     5.846     0.000     0.000     0.000     0.000   0   0   0   0   0   0   0     0.000     0.000     0.038    -0.000    -0.077     0.002     0.014
   7 0 0 0 1 1 1 1  32  13   4   0   0   0   0     4.274    54.849    23.585     0.000     0.000     0.000     0.000   0   0   0   0   0   0   0     0.000     0.000     0.038    -0.002    -0.224     0.016    -0.002
   7 0 0 0 1 1 1 1  10  31  22   0   0   0   0    15.832     5.444     4.999     0.000     0.000     0.000     0.000   0   0   0   0   0   0   0     0.000     0.000     0.038    -0.002     0.012    -0.025    -0.010
   7 0 0 0 1 1 1 1   4  21   0   0   0   0   0    23.575    68.117    21.652     0.000     0.000     0.000     0.000   0   0   0   0   0   0   0     0.000     0.000     0.038    -0.003     0.003     0.003     0.011
   7 0 0 0 1 1 1 1   4   0  28   0   0   0   0    22.349    21.142     5.648     0.000     0.000     0.000     0.000   0   0   0   0   0   0   0     0.000     0.000     0.038    -0.003    -0.017     0.002    -0.015
   7 0 0 0 1 1 1 1   3   0  26   0   0   0   0    21.961    21.138     5.919     0.000     0.000     0.000     0.000   0   0   0   0   0   0   0     0.000     0.000     0.038    -0.013    -0.041    -0.000     0.020
   7 0 0 0 1 1 1 1  19  19  28   0   0   0   0    66.917    66.844     5.648     0.000     0.000     0.000     0.000   0   0   0   0   0   0   0     0.000     0.000     0.038     0.000     0.131    -0.000    -0.059
   7 0 0 0 1 1 1 1  17  13  28   0   0   0   0    60.859    54.849     5.648     0.000     0.000     0.000     0.000   0   0   0   0   0   0   0     0.000     0.000     0.038     0.000     0.088    -0.004    -0.019
   7 0 0 0 1 1 1 1  23   2   5   0   0   0   0     5.544    21.502    22.000     0.000     0.000     0.000     0.000   0   0   0   0   0   0   0     0.000     0.000     0.038    -0.016    -0.001     0.010     0.000
   7 0 0 0 1 1 1 1   5   3  19   0   0   0   0    22.000    22.404    66.844     0.000     0.000     0.000     0.000   0   0   0   0   0   0   0     0.000     0.000     0.038     0.002     0.022    -0.001    -0.134
   7 0 0 0 1 1 1 1  19  19  20   0   0   0   0    66.917    66.844    62.490     0.000     0.000     0.000     0.000   0   0   0   0   0   0   0     0.000     0.000     0.038     0.000     0.125    -0.063    -0.003
   7 0 0 0 1 1 1 1  26  23   9   0   0   0   0     5.880     5.387    18.001     0.000     0.000     0.000     0.000   0   0   0   0   0   0   0     0.000     0.000     0.038    -0.014    -0.001     0.083     0.001
   7 0 0 0 1 1 1 1  32   5   5   0   0   0   0     4.299    22.000    23.251     0.000     0.000     0.000     0.000   0   0   0   0   0   0   0     0.000     0.000     0.038     0.003    -0.003     0.004    -0.007
   7 0 0 0 1 1 1 1  25   0  28   0   0   0   0     5.214    21.142     5.649     0.000     0.000     0.000     0.000   0   0   0   0   0   0   0     0.000     0.000     0.038    -0.010    -0.037     0.000     0.028
   7 0 0 0 1 1 1 1  10  31  25   0   0   0   0    15.814     5.444     5.799     0.000     0.000     0.000     0.000   0   0   0   0   0   0   0     0.000     0.000     0.038    -0.002     0.012    -0.023    -0.010
   7 0 0 0 1 1 1 1  17  13  28   0   0   0   0    60.859    54.849     5.648     0.000     0.000     0.000     0.000   0   0   0   0   0   0   0     0.000     0.000     0.038     0.000     0.079    -0.004    -0.018
   7 0 0 0 1 1 1 1  24  24  29   0   0   0   0     5.502     5.500     5.846     0.000     0.000     0.000     0.000   0   0   0   0   0   0   0     0.000     0.000     0.038    -0.000    -0.072     0.002     0.012
   7 0 0 1 1 1 1 1  26  19  29   0   0   0   0     5.919    66.844     5.846     0.000     0.000     0.000     0.000   0   0   0   0   0   0   0     0.000     0.000     0.018    -0.001    -0.034     0.002     0.012
   7 0 0 0 1 1 1 1  19  19  20   0   0   0   0    66.917    66.844    62.490     0.000     0.000     0.000     0.000   0   0   0   0   0   0   0     0.000     0.000     0.018     0.000     0.118    -0.060    -0.004
   7 0 0 0 1 1 1 1  25  18   0   0   0   0   0     5.980    50.529    21.757     0.000     0.000     0.000     0.000   0   0   0   0   0   0   0     0.000     0.000     0.018     0.000    -0.012     0.004     0.011
   7 0 0 0 1 1 1 1  23  17  28   0   0   0   0     5.527    56.558     5.648     0.000     0.000     0.000     0.000   0   0   0   0   0   0   0     0.000     0.000     0.018    -0.006    -0.001     0.003    -0.008
   7 0 0 0 1 1 1 1  19  19   0   0   0   0   0    66.917    66.844    21.143     0.000     0.000     0.000     0.000   0   0   0   0   0   0   0     0.000     0.000     0.018     0.000    -0.205     0.008     0.025
   7 0 0 0 1 1 1 1  11  12  28   0   0   0   0    51.975    47.832     5.537     0.000     0.000     0.000     0.000   0   0   0   0   0   0   0     0.000     0.000     0.018    -0.004     0.006    -0.003    -0.021
   7 0 0 0 1 1 1 1   0   1   1   0   0   0   0    21.197    22.037    21.879     0.000     0.000     0.000     0.000   0   0   0   0   0   0   0     0.000     0.000     0.018    -0.001    -0.016     0.019     0.001
   7 0 0 0 1 1 1 1  26  26   0   0   0   0   0     5.905     5.902    21.237     0.000     0.000     0.000     0.000   0   0   0   0   0   0   0     0.000     0.000     0.018    -0.000    -0.028     0.012     0.003
   7 0 0 0 1 1 1 1  23   3  29   0   0   0   0     5.525    21.788     5.846     0.000     0.000     0.000     0.000   0   0   0   0   0   0   0     0.000     0.000     0.018    -0.032    -0.003     0.007    -0.017
   7 0 0 0 1 1 1 1  19  19  20   0   0   0   0    66.917    66.844    62.490     0.000     0.000     0.000     0.000   0   0   0   0   0   0   0     0.000     0.000     0.018     0.000     0.112    -0.056    -0.003
   7 0 0 0 1 1 1 1  17  13  14   0   0   0   0    60.859    54.849    46.061     0.000     0.000     0.000     0.000   0   0   0   0   0   0   0     0.000     0.000     0.018     0.000     0.074    -0.009     0.000
   7 0 0 0 1 1 1 1   8  32   0   0   0   0   0    18.895     4.274    21.427     0.000     0.000     0.000     0.000   0   0   0   0   0   0   0     0.000     0.000     0.018    -0.001     0.003    -0.001    -0.018
   7 0 0 0 1 1 1 1  30  28   0   0   0   0   0     5.525     5.648    21.425     0.000     0.000     0.000     0.000   0   0   0   0   0   0   0     0.000     0.000     0.018    -0.000    -0.056     0.024     0.006
   7 0 0 0 1 1 1 1  23  27  19   0   0   0   0     5.525     5.324    66.917     0.000     0.000     0.000     0.000   0   0   0   0   0   0   0     0.000     0.000     0.018    -0.001    -0.017     0.007    -0.017
   7 0 0 0 1 1 1 1  26  23   9   0   0   0   0     5.880     5.387    18.001     0.000     0.000     0.000     0.000   0   0   0   0   0   0   0     0.000     0.000     0.018    -0.012    -0.001     0.070     0.001
   7 0 0 0 1 1 1 1   5   4   5   0   0   0   0    22.000    22.724    22.001     0.000     0.000     0.000     0.000   0   0   0   0   0   0   0     0.000     0.000     0.018     0.001     0.012    -0.046    -0.000
   7 0 0 0 1 1 1 1  19  19   0   0   0   0   0    66.917    66.844    21.143     0.000     0.000     0.000     0.000   0   0   0   0   0   0   0     0.000     0.000     0.018     0.000    -0.191     0.007     0.025
   7 0 0 0 1 1 1 1  17  23  28   0   0   0   0    56.593     5.396     5.649     0.000     0.000     0.000     0.000   0   0   0   0   0   0   0     0.000     0.000     0.018    -0.030    -0.005     0.003    -0.036
   7 0 0 0 1 1 1 1   4   1   0   0   0   0   0    23.575    21.935    21.757     0.000     0.000     0.000     0.000   0   0   0   0   0   0   0     0.000     0.000     0.018     0.000    -0.004     0.002     0.010
   7 0 0 0 1 1 1 1  21  24   5   0   0   0   0    68.548     5.502    21.872     0.000     0.000     0.000     0.000   0   0   0   0   0   0   0     0.000     0.000     0.018    -0.001     0.003     0.003     0.013
   7 0 0 0 1 1 1 1  29   5  22   0   0   0   0     5.693    22.004     5.428     0.000     0.000     0.000     0.000   0   0   0   0   0   0   0     0.000     0.000     0.018     0.002    -0.009     0.006    -0.021
   7 0 0 0 1 1 1 1  27   1  31   0   0   0   0     5.111    21.879     5.478     0.000     0.000     0.000     0.000   0   0   0   0   0   0   0     0.000     0.000     0.018     0.106     0.003    -0.000    -0.015
   7 0 0 0 1 1 1 1  17  13  28   0   0   0   0    60.859    54.849     5.648     0.000     0.000     0.000     0.000   0   0   0   0   0   0   0     0.000     0.000     0.018     0.000     0.067    -0.003    -0.016
   7 0 0 0 1 1 1 1  11   0  11   0   0   0   0    42.572    21.153    53.727     0.000     0.000     0.000     0.000   0   0   0   0   0   0   0     0.000     0.000     0.018    -0.005    -0.016     0.001    -0.009
   7 0 0 0 1 1 1 1  19  19   0   0   0   0   0    66.917    66.844    21.143     0.000     0.000     0.000     0.000   0   0   0   0   0   0   0     0.000     0.000     0.018     0.000    -0.180     0.007     0.025
   7 0 0 0 1 1 1 1  31   3  32   0   0   0   0     5.436    21.688     4.274     0.000     0.000     0.000     0.000   0   0   0   0   0   0   0     0.000     0.000     0.018    -0.024    -0.002     0.100     0.003
   7 0 0 0 1 1 1 1  26   2   9   0   0   0   0     5.880    21.453    18.001     0.000     0.000     0.000     0.000   0   0   0   0   0   0   0     0.000     0.000     0.018    -0.014    -0.001     0.064     0.001
   7 0 0 0 1 1 1 1   8  32   0   0   0   0   0    18.895     4.274    21.427     0.000     0.000     0.000     0.000   0   0   0   0   0   0   0     0.000     0.000     0.018    -0.001     0.002    -0.001    -0.016
   7 0 0 1 1 1 1 1  28  28   0   0   0   0   0     5.649     5.648    21.427     0.000     0.000     0.000     0.000   0   0   0   0   0   0   0     0.000     0.000     0.026     0.000    -0.098    -0.001    -0.016
   7 0 0 0 1 1 1 1  17  23  28   0   0   0   0    56.630     5.396     5.649     0.000     0.000     0.000     0.000   0   0   0   0   0   0   0     0.000     0.000     0.026    -0.027    -0.004     0.002    -0.034
   7 0 0 0 1 1 1 1   8   5  29   0   0   0   0    17.723    22.004     5.771     0.000     0.000     0.000     0.000   0   0   0   0   0   0   0     0.000     0.000     0.026     0.001    -0.004     0.003    -0.001
   7 0 0 0 1 1 1 1  20  28   0   0   0   0   0    62.674     5.648    21.127     0.000     0.000     0.000     0.000   0   0   0   0   0   0   0     0.000     0.000     0.026    -0.000    -0.012     0.003     0.011
   7 0 0 0 1 1 1 1  19  19  28   0   0   0   0    66.917    66.844     5.648     0.000     0.000     0.000     0.000   0   0   0   0   0   0   0     0.000     0.000     0.026     0.000    -0.166     0.013     0.029
   7 0 0 0 1 1 1 1  11  15  29   0   0   0   0    51.975    52.116     5.674     0.000     0.000     0.000     0.000   0   0   0   0   0   0   0     0.000     0.000     0.026    -0.001     0.008     0.000    -0.015
   7 0 0 0 1 1 1 1  25  17   0   0   0   0   0     5.980    60.859    21.757     0.000     0.000     0.000     0.000   0   0   0   0   0   0   0     0.000     0.000     0.026     0.000    -0.005     0.003     0.008
   7 0 1 0 1 1 1 1   2  17   8   0   0   0   0    21.453    60.859    18.895     0.000     0.000     0.000     0.000   0   0   0   0   0   0   0     0.000    -0.015     0.026     0.000    -0.005     0.000    -0.012
   7 0 0 0 1 1 1 1  23  14   5   0   0   0   0     5.525    40.049    22.000     0.000     0.000     0.000     0.000   0   0   0   0   0   0   0     0.000    -0.015     0.026     0.009    -0.005     0.013     0.000
   7 0 0 0 1 1 1 1  19  19  20   0   0   0   0    66.917    66.844    62.490     0.000     0.000     0.000     0.000   0   0   0   0   0   0   0     0.000    -0.015     0.026     0.000     0.095    -0.050    -0.002
   7 0 0 0 1 1 1 1  26  23   9   0   0   0   0     5.870     5.387    18.001     0.000     0.000     0.000     0.000   0   0   0   0   0   0   0     0.000    -0.015     0.026    -0.010    -0.001     0.019     0.001
   7 0 0 0 1 1 1 1   5   4   5   0   0   0   0    22.000    22.724    22.001     0.000     0.000     0.000     0.000   0   0   0   0   0   0   0     0.000    -0.015     0.026     0.000     0.011    -0.042    -0.000
   7 0 0 0 1 1 1 1  29  15  22   0   0   0   0     5.693    51.593     5.428     0.000     0.000     0.000     0.000   0   0   0   0   0   0   0     0.000    -0.015     0.026    -0.010     0.000     0.005    -0.018
   7 0 0 0 1 1 1 1  10  31  11   0   0   0   0    15.814     5.440    51.219     0.000     0.000     0.000     0.000   0   0   0   0   0   0   0     0.000    -0.015     0.026    -0.002     0.008    -0.007    -0.016
   7 0 0 0 1 1 1 1  26   2   9   0   0   0   0     5.880    21.453    18.001     0.000     0.000     0.000     0.000   0   0   0   0   0   0   0     0.000    -0.015     0.026    -0.012    -0.001     0.059     0.001
   7 0 0 0 1 1 1 1  11   0  11   0   0   0   0    42.572    21.153    53.727     0.000     0.000     0.000     0.000   0   0   0   0   0   0   0     0.000    -0.015     0.026    -0.004    -0.014     0.000    -0.008
   7 0 0 0 1 1 1 1  19  19  28   0   0   0   0    66.917    66.844     5.648     0.000     0.000     0.000     0.000   0   0   0   0   0   0   0     0.000    -0.015     0.026     0.000    -0.157     0.012     0.028
   7 0 0 0 1 1 1 1  19  19   2   0   0   0   0    66.917    66.844    21.782     0.000     0.000     0.000     0.000   0   0   0   0   0   0   0     0.000    -0.015     0.026     0.000     0.090     0.001    -0.041
   7 0 0 0 1 1 1 1  17  13  28   0   0   0   0    60.859    54.849     5.648     0.000     0.000     0.000     0.000   0   0   0   0   0   0   0     0.000    -0.015     0.026     0.000     0.056    -0.002    -0.014
   7 0 0 0 1 1 1 1  20  19   4   0   0   0   0    62.674    66.844    22.574     0.000     0.000     0.000     0.000   0   0   0   0   0   0   0     0.000    -0.015     0.026    -0.000    -0.010     0.003     0.010
   7 0 1 0 1 1 1 1   3  19  19   0   0   0   0    21.688    66.844    66.917     0.000     0.000     0.000     0.000   0   0   0   0   0   0   0     0.000    -0.030     0.026    -0.000    -0.010    -0.001     0.017
   7 0 0 0 1 1 1 1  28  17  24   0   0   0   0     5.614    56.574     5.502     0.000     0.000     0.000     0.000   0   0   0   0   0   0   0     0.000    -0.030     0.026    -0.008     0.000     0.051     0.003
   7 0 0 0 1 1 1 1  26  14   9   0   0   0   0     5.880    49.189    18.001     0.000     0.000     0.000     0.000   0   0   0   0   0   0   0     0.000    -0.030     0.026    -0.001    -0.011     0.054     0.001
   7 0 0 1 1 1 1 1  27  29   9   0   0   0   0     5.573     5.846    18.001     0.000     0.000     0.000     0.000   0   0   0   0   0   0   0     0.000    -0.030     0.009     0.000    -0.011     0.054     0.001
   7 0 0 0 1 1 1 1  30  28   0   0   0   0   0     5.525     5.648    21.425     0.000     0.000     0.000     0.000   0   0   0   0   0   0   0     0.000    -0.030     0.009    -0.000    -0.040     0.020     0.005
   7 0 0 0 1 1 1 1  19  19   2   0   0   0   0    66.917    66.844    21.782     0.000     0.000     0.000     0.000   0   0   0   0   0   0   0     0.000    -0.030     0.009     0.000     0.083     0.000    -0.040
   7 0 0 0 1 1 1 1   8  21   0   0   0   0   0    17.723    68.087    21.757     0.000     0.000     0.000     0.000   0   0   0   0   0   0   0     0.000    -0.030     0.009    -0.003     0.002     0.001     0.007
   7 0 0 0 1 1 1 1  17  13   1   0   0   0   0    60.859    54.849    21.887     0.000     0.000     0.000     0.000   0   0   0   0   0   0   0     0.000    -0.030     0.009    -0.000    -0.061     0.013     0.002
   7 0 0 0 1 1 1 1   5  28  19   0   0   0   0    22.000     5.243    66.844     0.000     0.000     0.000     0.000   0   0   0   0   0   0   0     0.000    -0.030     0.009     0.000     0.015    -0.001    -0.091
   7 0 0 0 1 1 1 1  11  15  29   0   0   0   0    52.124    52.036     5.674     0.000     0.000     0.000     0.000   0   0   0   0   0   0   0     0.000    -0.030     0.009    -0.001     0.007     0.000    -0.016
   7 0 0 0 1 1 1 1  17  13   8   0   0   0   0    60.859    54.849    17.182     0.000     0.000     0.000     0.000   0   0   0   0   0   0   0     0.000    -0.030     0.009     0.000     0.051    -0.015    -0.002
   7 0 0 0 1 1 1 1  32   1  17   0   0   0   0     4.300    22.001    56.611     0.000     0.000     0.000     0.000   0   0   0   0   0   0   0     0.000    -0.030     0.009    -0.000    -0.009     0.009     0.002
   7 0 0 0 1 1 1 1  23  28  11   0   0   0   0     5.750     5.648    50.915     0.000     0.000     0.000     0.000   0   0   0   0   0   0   0     0.000    -0.030     0.009    -0.001    -0.054     0.005     0.022
   7 0 0 0 1 1 1 1  19  19  20   0   0   0   0    66.917    66.844    62.490     0.000     0.000     0.000     0.000   0   0   0   0   0   0   0     0.000    -0.030     0.009     0.000     0.078    -0.043    -0.002
   7 0 0 0 1 1 1 1  25  18  11   0   0   0   0     5.980    50.487    48.598     0.000     0.000     0.000     0.000   0   0   0   0   0   0   0     0.000    -0.030     0.009     0.000    -0.006     0.007     0.003
   7 0 0 0 1 1 1 1   5   4   5   0   0   0   0    22.000    22.724    22.001     0.000     0.000     0.000     0.000   0   0   0   0   0   0   0     0.000    -0.030     0.009     0.000     0.010    -0.037    -0.000
   7 0 0 0 1 1 1 1  19  19  28   0   0   0   0    66.917    66.844     5.648     0.000     0.000     0.000     0.000   0   0   0   0   0   0   0     0.000    -0.030     0.009     0.000    -0.140     0.010     0.028
   7 0 0 0 1 1 1 1  17   2  11   0   0   0   0    55.851    21.462    52.124     0.000     0.000     0.000     0.000   0   0   0   0   0   0   0     0.000    -0.030     0.009    -0.022    -0.008     0.002    -0.008
   7 0 0 0 1 1 1 1  17  13   1   0   0   0   0    60.859    54.849    21.885     0.000     0.000     0.000     0.000   0   0   0   0   0   0   0     0.000    -0.030     0.009     0.000     0.048    -0.013    -0.002
   7 0 0 0 1 1 1 1  13   1  29   0   0   0   0    47.234    22.339     5.846     0.000     0.000     0.000     0.000   0   0   0   0   0   0   0     0.000    -0.030     0.009     0.010     0.004    -0.000    -0.008
   7 0 0 0 1 1 1 1  17  13   1   0   0   0   0    60.859    54.849    21.885     0.000     0.000     0.000     0.000   0   0   0   0   0   0   0     0.000    -0.030     0.009    -0.000    -0.133     0.027     0.007
   7 0 0 0 1 1 1 1  10  31  27   0   0   0   0    15.666     5.444     5.400     0.000     0.000     0.000     0.000   0   0   0   0   0   0   0     0.000    -0.030     0.009    -0.001     0.008    -0.002    -0.011
   7 0 0 0 1 1 1 1  26  23   9   0   0   0   0     5.880     5.387    18.001     0.000     0.000     0.000     0.000   0   0   0   0   0   0   0     0.000    -0.030     0.009    -0.008    -0.001     0.046     0.001
   7 0 0 0 1 1 1 1  20  32   0   0   0   0   0    62.674     4.299    21.127     0.000     0.000     0.000     0.000   0   0   0   0   0   0   0     0.000    -0.030     0.009    -0.001     0.002     0.002     0.009
   7 0 0 0 1 1 1 1   4   0  28   0   0   0   0    22.336    21.153     5.648     0.000     0.000     0.000     0.000   0   0   0   0   0   0   0     0.000    -0.030     0.009    -0.005    -0.032     0.002    -0.021
   7 0 0 0 1 1 1 1  19  19  20   0   0   0   0    66.917    66.844    62.490     0.000     0.000     0.000     0.000   0   0   0   0   0   0   0     0.000    -0.030     0.009     0.000     0.074    -0.040    -0.002
   7 0 0 0 1 1 1 1   8  21  29   0   0   0   0    17.723    68.087     5.771     0.000     0.000     0.000     0.000   0   0   0   0   0   0   0     0.000    -0.030     0.009    -0.002     0.001     0.003    -0.001
   7 0 0 0 1 1 1 1   5   4  19   0   0   0   0    22.000    22.724    66.844     0.000     0.000     0.000     0.000   0   0   0   0   0   0   0     0.000    -0.030     0.009     0.000     0.010    -0.000    -0.034
   7 0 0 0 1 1 1 1  23  13  32   0   0   0   0     5.520    47.543     4.274     0.000     0.000     0.000     0.000   0   0   0   0   0   0   0     0.000    -0.030     0.009     0.012    -0.004    -0.000     0.010
   7 0 0 0 1 1 1 1  19  19  20   0   0   0   0    66.917    66.844    62.490     0.000     0.000     0.000     0.000   0   0   0   0   0   0   0     0.000    -0.030     0.009     0.000     0.070    -0.038    -0.002
   7 0 0 0 1 1 1 1  17  13  28   0   0   0   0    60.859    54.849     5.648     0.000     0.000     0.000     0.000   0   0   0   0   0   0   0     0.000    -0.030     0.009     0.000     0.043    -0.002    -0.012
   7 0 1 0 1 1 1 1   2  13  11   0   0   0   0    21.453    54.849    53.727     0.000     0.000     0.000     0.000   0   0   0   0   0   0   0     0.000    -0.012     0.009     0.000     0.043     0.000    -0.007
   7 0 0 0 1 1 1 1   5   8  19   0   0   0   0    22.000    17.003    66.844     0.000     0.000     0.000     0.000   0   0   0   0   0   0   0     0.000    -0.012     0.009     0.001     0.015    -0.001    -0.074
   7 0 0 0 1 1 1 1  18  10  27   0   0   0   0    50.559    15.666     5.174     0.000     0.000     0.000     0.000   0   0   0   0   0   0   0     0.000    -0.012     0.009     0.001    -0.008    -0.019    -0.007
   7 0 0 0 1 1 1 1   0  30   0   0   0   0   0    21.652     4.593    21.757     0.000     0.000     0.000     0.000   0   0   0   0   0   0   0     0.000    -0.012     0.009    -0.006     0.000     0.002     0.006
   7 0 0 0 1 1 1 1  21  19   5   0   0   0   0    68.548    66.844    21.872     0.000     0.000     0.000     0.000   0   0   0   0   0   0   0     0.000    -0.012     0.009    -0.000    -0.009     0.002     0.010
   7 0 0 0 1 1 1 1  16  21  15   0   0   0   0    55.344    65.168    51.713     0.000     0.000     0.000     0.000   0   0   0   0   0   0   0     0.000    -0.012     0.009     0.002     0.012    -0.007     0.002
   7 0 0 0 1 1 1 1  11  18  27   0   0   0   0    53.727    49.773     5.349     0.000     0.000     0.000     0.000   0   0   0   0   0   0   0     0.000    -0.012     0.009     0.002    -0.006    -0.004    -0.016
   7 0 0 0 1 1 1 1  17  23  17   0   0   0   0    56.630     5.396    60.859     0.000     0.000     0.000     0.000   0   0   0   0   0   0   0     0.000    -0.012     0.009    -0.009    -0.001     0.001    -0.003
   7 0 0 0 1 1 1 1  17  27   1   0   0   0   0    60.859     5.133    21.885     0.000     0.000     0.000     0.000   0   0   0   0   0   0   0     0.000    -0.012     0.009    -0.053    -0.000     0.013     0.002
   7 0 0 0 1 1 1 1   3   0  19   0   0   0   0    21.788    21.153    66.917     0.000     0.000     0.000     0.000   0   0   0   0   0   0   0     0.000    -0.012     0.009    -0.009    -0.029    -0.000     0.014
   7 0 0 0 1 1 1 1  24  12  30   0   0   0   0     5.496    53.150     5.231     0.000     0.000     0.000     0.000   0   0   0   0   0   0   0     0.000    -0.012     0.009    -0.001    -0.015     0.067     0.002
   7 0 0 0 1 1 1 1  26  20   9   0   0   0   0     5.880    62.462    18.001     0.000     0.000     0.000     0.000   0   0   0   0   0   0   0     0.000    -0.012     0.009    -0.001     0.001     0.041     0.001
   7 0 0 0 1 1 1 1  12   0   8   0   0   0   0    46.264    21.153    18.895     0.000     0.000     0.000     0.000   0   0   0   0   0   0   0     0.000    -0.012     0.009    -0.003    -0.011     0.000    -0.010
   7 0 0 0 1 1 1 1  30  28   0   0   0   0   0     5.525     5.648    21.431     0.000     0.000     0.000     0.000   0   0   0   0   0   0   0     0.000    -0.012     0.009    -0.000    -0.030     0.015     0.002
   7 0 0 0 1 1 1 1  19  19  20   0   0   0   0    66.917    66.844    62.490     0.000     0.000     0.000     0.000   0   0   0   0   0   0   0     0.000    -0.012     0.009     0.000     0.063    -0.036    -0.002
   7 0 0 0 1 1 1 1  26  23   9   0   0   0   0     5.880     5.387    18.001     0.000     0.000     0.000     0.000   0   0   0   0   0   0   0     0.000    -0.012     0.009    -0.006    -0.000     0.039     0.001
   7 0 0 0 1 1 1 1  17  27   1   0   0   0   0    60.859     5.133    21.885     0.000     0.000     0.000     0.000   0   0   0   0   0   0   0     0.000    -0.012     0.009    -0.051    -0.000     0.012     0.002
   7 0 0 0 1 1 1 1  19  19   2   0   0   0   0    66.917    66.844    21.782     0.000     0.000     0.000     0.000   0   0   0   0   0   0   0     0.000    -0.012     0.009     0.000    -0.120     0.006     0.026
   7 0 0 0 1 1 1 1  10  31  28   0   0   0   0    15.814     5.444     5.587     0.000     0.000     0.000     0.000   0   0   0   0   0   0   0     0.000    -0.012     0.009    -0.001     0.006    -0.014    -0.006
   7 0 0 0 1 1 1 1  17  13   1   0   0   0   0    60.859    54.849    21.885     0.000     0.000     0.000     0.000   0   0   0   0   0   0   0     0.000    -0.012     0.009     0.000     0.037    -0.011    -0.001
   7 0 0 0 1 1 1 1  13   1  23   0   0   0   0    47.234    22.339     5.389     0.000     0.000     0.000     0.000   0   0   0   0   0   0   0     0.000    -0.012     0.009     0.009     0.004    -0.007    -0.000
   7 0 0 0 1 1 1 1   3   0  28   0   0   0   0    21.807    21.153     5.649     0.000     0.000     0.000     0.000   0   0   0   0   0   0   0     0.000    -0.012     0.009    -0.009    -0.027    -0.000     0.017
   7 0 0 0 1 1 1 1  19  19  14   0   0   0   0    66.917    66.844    46.061     0.000     0.000     0.000     0.000   0   0   0   0   0   0   0     0.000    -0.012     0.009     0.000     0.060    -0.029    -0.000
   7 0 0 0 1 1 1 1  26  19   0   0   0   0   0     5.909    66.631    21.757     0.000     0.000     0.000     0.000   0   0   0   0   0   0   0     0.000    -0.012     0.009    -0.001     0.004     0.002     0.005
   7 0 0 0 1 1 1 1  20  25   0   0   0   0   0    62.674     5.672    21.127     0.000     0.000     0.000     0.000   0   0   0   0   0   0   0     0.000    -0.012     0.009    -0.002     0.001     0.002     0.007
   7 0 0 0 1 1 1 1  29  24   8   0   0   0   0     5.704     5.503    17.176     0.000     0.000     0.000     0.000   0   0   0   0   0   0   0     0.000    -0.012     0.009    -0.002    -0.026    -0.015     0.004
   7 0 0 1 1 1 1 1  18  13   8   0   0   0   0    50.675    56.206    17.176     0.000     0.000     0.000     0.000   0   0   0   0   0   0   0     0.000    -0.012    -0.016     0.000     0.017    -0.015     0.004
   7 0 0 0 1 1 1 1  28  28  12   0   0   0   0     5.649     5.648    50.429     0.000     0.000     0.000     0.000   0   0   0   0   0   0   0     0.000    -0.012    -0.016     0.000     0.019    -0.001    -0.009
   7 0 0 0 1 1 1 1  11   4  29   0   0   0   0    53.727    22.336     5.678     0.000     0.000     0.000     0.000   0   0   0   0   0   0   0     0.000    -0.012    -0.016    -0.002     0.001     0.000    -0.014
   7 0 0 0 1 1 1 1   5   3  19   0   0   0   0    22.000    22.294    66.844     0.000     0.000     0.000     0.000   0   0   0   0   0   0   0     0.000    -0.012    -0.016    -0.000     0.011    -0.001    -0.066
   7 0 0 0 1 1 1 1  10  30   0   0   0   0   0    15.666     5.322    21.502     0.000     0.000     0.000     0.000   0   0   0   0   0   0   0     0.000    -0.012    -0.016    -0.001     0.006    -0.009    -0.001
   7 0 0 0 1 1 1 1   8  21  29   0   0   0   0    17.723    68.015     5.771     0.000     0.000     0.000     0.000   0   0   0   0   0   0   0     0.000    -0.012    -0.016    -0.002     0.001     0.002    -0.001
   7 0 0 1 1 1 1 1  27  29  29   0   0   0   0     5.573     5.846     5.771     0.000     0.000     0.000     0.000   0   0   0   0   0   0   0     0.000    -0.012     0.007     0.000    -0.008     0.002    -0.001
   7 0 0 0 1 1 1 1   3   2  19   0   0   0   0    21.842    21.462    66.917     0.000     0.000     0.000     0.000   0   0   0   0   0   0   0     0.000    -0.012     0.007    -0.025    -0.008    -0.000     0.012
   7 0 0 0 1 1 1 1  18  13   0   0   0   0   0    50.559    56.206    21.153     0.000     0.000     0.000     0.000   0   0   0   0   0   0   0     0.000    -0.012     0.007     0.000     0.015    -0.005    -0.016
   7 0 0 0 1 1 1 1  17  27   8   0   0   0   0    60.859     5.133    17.182     0.000     0.000     0.000     0.000   0   0   0   0   0   0   0     0.000    -0.012     0.007     0.034     0.000    -0.013    -0.001
   7 0 0 0 1 1 1 1   5   4  19   0   0   0   0    22.000    22.724    66.844     0.000     0.000     0.000     0.000   0   0   0   0   0   0   0     0.000    -0.012     0.007     0.000     0.009    -0.000    -0.029
   7 0 0 0 1 1 1 1  16  21  28   0   0   0   0    55.344    65.168     5.648     0.000     0.000     0.000     0.000   0   0   0   0   0   0   0     0.000    -0.012     0.007     0.001     0.010    -0.001    -0.027
   7 0 0 0 1 1 1 1  11  19  27   0   0   0   0    53.727    66.917     5.349     0.000     0.000     0.000     0.000   0   0   0   0   0   0   0     0.000    -0.012     0.007     0.001    -0.010    -0.004    -0.014
   7 0 0 0 1 1 1 1  26  17   0   0   0   0   0     5.919    60.859    21.249     0.000     0.000     0.000     0.000   0   0   0   0   0   0   0     0.000    -0.012     0.007     0.000    -0.003     0.001     0.004
   7 0 0 0 1 1 1 1  20  19   4   0   0   0   0    62.674    66.844    22.574     0.000     0.000     0.000     0.000   0   0   0   0   0   0   0     0.000    -0.012     0.007    -0.000    -0.007     0.002     0.008
   7 0 0 0 1 1 1 1  23   2  32   0   0   0   0     5.520    21.462     4.274     0.000     0.000     0.000     0.000   0   0   0   0   0   0   0     0.000    -0.012     0.007    -0.023    -0.002    -0.000     0.007
   7 0 0 0 1 1 1 1  32   5   9   0   0   0   0     4.262    21.987    18.001     0.000     0.000     0.000     0.000   0   0   0   0   0   0   0     0.000    -0.012     0.007     0.003    -0.003     0.018     0.001
   7 0 0 0 1 1 1 1  28  28   0   0   0   0   0     5.649     5.648    21.248     0.000     0.000     0.000     0.000   0   0   0   0   0   0   0     0.000    -0.012     0.007     0.000     0.017    -0.002    -0.011
   7 0 0 0 1 1 1 1  28  28  11   0   0   0   0     5.649     5.648    51.875     0.000     0.000     0.000     0.000   0   0   0   0   0   0   0     0.000    -0.012     0.007     0.000    -0.026     0.009    -0.001
   7 0 0 0 1 1 1 1   5  20  19   0   0   0   0    22.000    62.488    66.844     0.000     0.000     0.000     0.000   0   0   0   0   0   0   0     0.000    -0.012     0.007     0.014     0.001    -0.001    -0.061
   7 0 0 0 1 1 1 1  17   2  19   0   0   0   0    55.851    21.462    66.917     0.000     0.000     0.000     0.000   0   0   0   0   0   0   0     0.000    -0.012     0.007    -0.016    -0.006     0.001    -0.009
   7 0 0 0 1 1 1 1  30   7  17   0   0   0   0     4.626    19.919    60.859     0.000     0.000     0.000     0.000   0   0   0   0   0   0   0     0.000    -0.012     0.007    -0.006    -0.002     0.001    -0.002
   7 0 0 0 1 1 1 1  17  13   1   0   0   0   0    60.859    54.849    21.885     0.000     0.000     0.000     0.000   0   0   0   0   0   0   0     0.000    -0.012     0.007    -0.000    -0.045     0.012     0.001
   7 0 0 0 1 1 1 1  29  29  22   0   0   0   0     5.848     5.846     5.009     0.000     0.000     0.000     0.000   0   0   0   0   0   0   0     0.000    -0.012     0.007    -0.000    -0.030     0.007     0.018
   7 0 0 0 1 1 1 1  10  31  11   0   0   0   0    15.666     5.444    51.219     0.000     0.000     0.000     0.000   0   0   0   0   0   0   0     0.000    -0.012     0.007    -0.001     0.006    -0.004    -0.010
   7 0 0 0 1 1 1 1  26   2   9   0   0   0   0     5.880    21.453    18.001     0.000     0.000     0.000     0.000   0   0   0   0   0   0   0     0.000    -0.012     0.007    -0.007    -0.000     0.032     0.001
   7 0 1 0 1 1 1 1   2   2  11   0   0   0   0    21.453    21.453    53.727     0.000     0.000     0.000     0.000   0   0   0   0   0   0   0     0.000    -0.010     0.007    -0.007    -0.000     0.000    -0.006
   7 0 0 0 1 1 1 1  19  19   2   0   0   0   0    66.917    66.844    21.782     0.000     0.000     0.000     0.000   0   0   0   0   0   0   0     0.000    -0.010     0.007     0.000    -0.104     0.003     0.027
   7 0 0 0 1 1 1 1  11  19  27   0   0   0   0    53.727    66.917     5.349     0.000     0.000     0.000     0.000   0   0   0   0   0   0   0     0.000    -0.010     0.007     0.001    -0.008    -0.003    -0.012
   7 0 0 0 1 1 1 1   0  23   9   0   0   0   0    21.211     5.486    18.001     0.000     0.000     0.000     0.000   0   0   0   0   0   0   0     0.000    -0.010     0.007    -0.003    -0.000     0.018     0.000
   7 0 0 1 1 1 1 1   1   6   9   0   0   0   0    22.522    20.258    18.001     0.000     0.000     0.000     0.000   0   0   0   0   0   0   0     0.000    -0.010    -0.012    -0.000     0.003     0.018     0.000
   7 0 0 0 1 1 1 1  29  24   8   0   0   0   0     5.704     5.503    17.176     0.000     0.000     0.000     0.000   0   0   0   0   0   0   0     0.000    -0.010    -0.012    -0.001    -0.024    -0.012     0.004
   7 0 0 0 1 1 1 1  27  27  12   0   0   0   0     5.107     5.106    53.141     0.000     0.000     0.000     0.000   0   0   0   0   0   0   0     0.000    -0.010    -0.012     0.000     0.055    -0.000    -0.011
   7 0 0 0 1 1 1 1  28  28   0   0   0   0   0     5.649     5.648    21.248     0.000     0.000     0.000     0.000   0   0   0   0   0   0   0     0.000    -0.010    -0.012     0.000     0.015    -0.002    -0.010
   7 0 0 0 1 1 1 1   5   2  19   0   0   0   0    22.000    21.750    66.844     0.000     0.000     0.000     0.000   0   0   0   0   0   0   0     0.000    -0.010    -0.012     0.000     0.008    -0.000    -0.026
   7 0 0 0 1 1 1 1   5  20  19   0   0   0   0    22.000    62.488    66.844     0.000     0.000     0.000     0.000   0   0   0   0   0   0   0     0.000    -0.010    -0.012     0.013     0.001    -0.001    -0.053
   7 0 0 0 1 1 1 1  17  14  28   0   0   0   0    55.851    49.189     5.617     0.000     0.000     0.000     0.000   0   0   0   0   0   0   0     0.000    -0.010    -0.012    -0.005    -0.015    -0.000     0.004
   7 0 0 0 1 1 1 1   8  21   6   0   0   0   0    17.723    67.864    20.373     0.000     0.000     0.000     0.000   0   0   0   0   0   0   0     0.000    -0.010    -0.012    -0.002     0.000     0.002    -0.001
   7 0 0 0 1 1 1 1  21  19  18   0   0   0   0    68.548    66.844    49.191     0.000     0.000     0.000     0.000   0   0   0   0   0   0   0     0.000    -0.010    -0.012    -0.000    -0.006     0.008     0.001
   7 0 0 1 1 1 1 1  12  19  18   0   0   0   0    54.047    66.844    49.191     0.000     0.000     0.000     0.000   0   0   0   0   0   0   0     0.000    -0.010     0.022     0.000    -0.013     0.008     0.001
   7 0 0 0 1 1 1 1  10  31  11   0   0   0   0    15.666     5.440    51.219     0.000     0.000     0.000     0.000   0   0   0   0   0   0   0     0.000    -0.010     0.022    -0.001     0.004    -0.003    -0.009
   7 0 0 0 1 1 1 1  26  19   0   0   0   0   0     5.919    66.917    21.249     0.000     0.000     0.000     0.000   0   0   0   0   0   0   0     0.000    -0.010     0.022     0.000    -0.005     0.001     0.004
   7 0 0 0 1 1 1 1  17  13   1   0   0   0   0    60.859    54.849    21.885     0.000     0.000     0.000     0.000   0   0   0   0   0   0   0     0.000    -0.010     0.022    -0.000    -0.041     0.012     0.001
   7 0 0 0 1 1 1 1  19  19   2   0   0   0   0    66.917    66.844    21.782     0.000     0.000     0.000     0.000   0   0   0   0   0   0   0     0.000    -0.010     0.022     0.000    -0.095     0.003     0.026
