  404
   1 1   0     0.000   0     4.903
   1 1   0     0.000   0     5.546
   1 1   0     0.000   0     5.846
   1 1   0     0.000   0     6.181
   7 0 0 0 1 1 1 1  16  31  16   0   0   0   0    58.957     5.337    61.465     0.000     0.000     0.000     0.000   0   0   0   0   0   0   0     0.000     0.000     0.000    -0.200    -0.039     0.062     0.136
   7 0 0 0 1 1 1 1  25  27  25   0   0   0   0     5.715     5.200     5.918     0.000     0.000     0.000     0.000   0   0   0   0   0   0   0     0.000     0.000     0.000    -0.397    -0.087     0.020     0.084
   7 0 0 0 1 1 1 1  26  29  28   0   0   0   0     5.869     5.572     5.627     0.000     0.000     0.000     0.000   0   0   0   0   0   0   0     0.000     0.000     0.000    -0.237    -0.057     0.019     0.056
   7 0 0 0 1 1 1 1  29  24  24   0   0   0   0     5.685     5.175     5.443     0.000     0.000     0.000     0.000   0   0   0   0   0   0   0     0.000     0.000     0.000    -0.558    -0.324    -0.103     0.065
   7 0 0 0 1 1 1 1  16  31  13   0   0   0   0    59.305     5.355    55.264     0.000     0.000     0.000     0.000   0   0   0   0   0   0   0     0.000     0.000     0.000    -0.167    -0.032     0.070     0.127
   7 0 0 0 1 1 1 1  25  14  25   0   0   0   0     5.728    48.152     5.843     0.000     0.000     0.000     0.000   0   0   0   0   0   0   0     0.000     0.000     0.000    -0.076    -0.362     0.003     0.047
   7 0 0 0 1 1 1 1  26  29  16   0   0   0   0     5.869     5.556    60.584     0.000     0.000     0.000     0.000   0   0   0   0   0   0   0     0.000     0.000     0.000    -0.223    -0.053     0.020     0.055
   7 0 0 0 1 1 1 1  24  29  24   0   0   0   0     5.325     5.556     5.467     0.000     0.000     0.000     0.000   0   0   0   0   0   0   0     0.000     0.000     0.000    -0.485    -0.270    -0.082     0.062
   7 0 0 0 1 1 1 1  16  31  16   0   0   0   0    58.554     5.337    61.193     0.000     0.000     0.000     0.000   0   0   0   0   0   0   0     0.000     0.000     0.000    -0.164    -0.032     0.048     0.110
   7 0 0 0 1 1 1 1  25  14  25   0   0   0   0     5.696    48.152     5.931     0.000     0.000     0.000     0.000   0   0   0   0   0   0   0     0.000     0.000     0.000    -0.074    -0.330     0.016     0.077
   7 0 0 0 1 1 1 1  31  31  26   0   0   0   0     5.406     5.293     5.882     0.000     0.000     0.000     0.000   0   0   0   0   0   0   0     0.000     0.000     0.000    -0.227    -0.072    -0.022     0.031
   7 0 0 0 1 1 1 1  29   5  24   0   0   0   0     5.674    22.226     5.441     0.000     0.000     0.000     0.000   0   0   0   0   0   0   0     0.000     0.000     0.000    -0.601    -0.332    -0.088     0.053
   7 0 0 0 1 1 1 1  16  24  29   0   0   0   0    58.554     5.331     5.825     0.000     0.000     0.000     0.000   0   0   0   0   0   0   0     0.000     0.000     0.000    -0.127    -0.027     0.051     0.103
   7 0 0 0 1 1 1 1  25  14  25   0   0   0   0     5.761    48.152     5.935     0.000     0.000     0.000     0.000   0   0   0   0   0   0   0     0.000     0.000     0.000    -0.056    -0.302     0.019     0.071
   7 0 0 0 1 1 1 1  31  18  26   0   0   0   0     5.398    49.797     5.882     0.000     0.000     0.000     0.000   0   0   0   0   0   0   0     0.000     0.000     0.000    -0.077    -0.327    -0.021     0.028
   7 0 0 0 1 1 1 1  29  17  28   0   0   0   0     5.688    57.590     5.603     0.000     0.000     0.000     0.000   0   0   0   0   0   0   0     0.000     0.000     0.000    -0.422    -0.235    -0.046     0.061
   7 0 0 0 1 1 1 1  17  29  16   0   0   0   0    59.991     5.531    62.413     0.000     0.000     0.000     0.000   0   0   0   0   0   0   0     0.000     0.000     0.000    -0.167    -0.026     0.057     0.095
   7 0 0 0 1 1 1 1  25   3  25   0   0   0   0     5.688    21.852     5.815     0.000     0.000     0.000     0.000   0   0   0   0   0   0   0     0.000     0.000     0.000    -0.275    -0.062    -0.009     0.031
   7 0 0 0 1 1 1 1  26  29  23   0   0   0   0     5.826     5.531     5.691     0.000     0.000     0.000     0.000   0   0   0   0   0   0   0     0.000     0.000     0.000    -0.184    -0.049    -0.002     0.033
   7 0 0 0 1 1 1 1  29  25  24   0   0   0   0     5.652     5.244     5.485     0.000     0.000     0.000     0.000   0   0   0   0   0   0   0     0.000     0.000     0.000    -0.511    -0.283    -0.056     0.051
   7 0 0 0 1 1 1 1  17  22  16   0   0   0   0    59.176     5.453    60.500     0.000     0.000     0.000     0.000   0   0   0   0   0   0   0     0.000     0.000     0.000    -0.033    -0.264     0.024     0.078
   7 0 0 0 1 1 1 1  25  18  25   0   0   0   0     5.773    49.940     5.944     0.000     0.000     0.000     0.000   0   0   0   0   0   0   0     0.000     0.000     0.000    -0.042    -0.251     0.017     0.062
   7 0 0 0 1 1 1 1  31   3  26   0   0   0   0     5.384    21.852     5.881     0.000     0.000     0.000     0.000   0   0   0   0   0   0   0     0.000     0.000     0.000    -0.282    -0.076    -0.021     0.023
   7 0 0 0 1 1 1 1  24  24  23   0   0   0   0     5.383     5.243     5.828     0.000     0.000     0.000     0.000   0   0   0   0   0   0   0     0.000     0.000     0.000    -0.303    -0.086     0.016     0.102
   7 0 0 0 1 1 1 1  17  31  16   0   0   0   0    59.152     5.366    61.193     0.000     0.000     0.000     0.000   0   0   0   0   0   0   0     0.000     0.000     0.000    -0.105    -0.024     0.025     0.073
   7 0 0 0 1 1 1 1  25  14  25   0   0   0   0     5.685    48.152     5.848     0.000     0.000     0.000     0.000   0   0   0   0   0   0   0     0.000     0.000     0.000    -0.052    -0.229    -0.001     0.031
   7 0 0 0 1 1 1 1  31  11  26   0   0   0   0     5.374    45.773     5.867     0.000     0.000     0.000     0.000   0   0   0   0   0   0   0     0.000     0.000     0.000    -0.258    -0.078    -0.023     0.020
   7 0 0 0 1 1 1 1  29   6  28   0   0   0   0     5.688    19.591     5.608     0.000     0.000     0.000     0.000   0   0   0   0   0   0   0     0.000     0.000     0.000    -0.440    -0.206    -0.031     0.050
   7 0 0 0 1 1 1 1  17  12  16   0   0   0   0    59.152    48.172    60.361     0.000     0.000     0.000     0.000   0   0   0   0   0   0   0     0.000     0.000     0.000    -0.074    -0.016     0.018     0.063
   7 0 0 0 1 1 1 1  25  18  25   0   0   0   0     5.688    49.534     5.867     0.000     0.000     0.000     0.000   0   0   0   0   0   0   0     0.000     0.000     0.000    -0.047    -0.209     0.002     0.031
   7 0 0 0 1 1 1 1  26  18  16   0   0   0   0     5.794    49.534    60.206     0.000     0.000     0.000     0.000   0   0   0   0   0   0   0     0.000     0.000     0.000    -0.051    -0.235     0.002     0.036
   7 0 0 0 1 1 1 1  24  29  23   0   0   0   0     5.383     5.595     5.830     0.000     0.000     0.000     0.000   0   0   0   0   0   0   0     0.000     0.000     0.000    -0.251    -0.073     0.013     0.088
   7 0 0 0 1 1 1 1  17  29  31   0   0   0   0    59.152     5.501     5.499     0.000     0.000     0.000     0.000   0   0   0   0   0   0   0     0.000     0.000     0.000    -0.136    -0.021     0.023     0.062
   7 0 0 0 1 1 1 1  25   3  25   0   0   0   0     5.776    21.852     5.966     0.000     0.000     0.000     0.000   0   0   0   0   0   0   0     0.000     0.000     0.000    -0.191    -0.032     0.013     0.056
   7 0 0 0 1 1 1 1  24   0  26   0   0   0   0     5.275    21.069     5.882     0.000     0.000     0.000     0.000   0   0   0   0   0   0   0     0.000     0.000     0.000    -0.087    -0.215    -0.020     0.017
   7 0 0 0 1 1 1 1  24  29  23   0   0   0   0     5.387     5.572     5.830     0.000     0.000     0.000     0.000   0   0   0   0   0   0   0     0.000     0.000     0.000    -0.245    -0.070     0.012     0.079
   7 0 0 0 1 1 1 1  17  19  24   0   0   0   0    58.158    64.945     5.413     0.000     0.000     0.000     0.000   0   0   0   0   0   0   0     0.000     0.000     0.000    -0.025    -0.213    -0.001     0.047
   7 0 0 0 1 1 1 1  25  17  25   0   0   0   0     5.662    55.763     5.808     0.000     0.000     0.000     0.000   0   0   0   0   0   0   0     0.000     0.000     0.000    -0.174    -0.048    -0.009     0.019
   7 0 0 0 1 1 1 1  31   0  16   0   0   0   0     5.374    21.069    60.120     0.000     0.000     0.000     0.000   0   0   0   0   0   0   0     0.000     0.000     0.000    -0.060    -0.196    -0.002     0.030
   7 0 0 0 1 1 1 1  29  17  23   0   0   0   0     5.765    56.471     5.758     0.000     0.000     0.000     0.000   0   0   0   0   0   0   0     0.000     0.000     0.000    -0.420    -0.079     0.004     0.060
   7 0 0 0 1 1 1 1  17  12  16   0   0   0   0    59.991    48.172    63.129     0.000     0.000     0.000     0.000   0   0   0   0   0   0   0     0.000     0.000     0.000    -0.061    -0.006     0.031     0.057
   7 0 0 0 1 1 1 1  25   3  25   0   0   0   0     5.662    21.852     5.907     0.000     0.000     0.000     0.000   0   0   0   0   0   0   0     0.000     0.000     0.000    -0.159    -0.043     0.003     0.037
   7 0 0 0 1 1 1 1  31  24  30   0   0   0   0     5.395     5.132     5.822     0.000     0.000     0.000     0.000   0   0   0   0   0   0   0     0.000     0.000     0.000    -0.127    -0.039     0.006     0.073
   7 0 0 0 1 1 1 1  31   2  28   0   0   0   0     5.355    21.823     5.602     0.000     0.000     0.000     0.000   0   0   0   0   0   0   0     0.000     0.000     0.000    -0.321    -0.153    -0.028     0.032
   7 0 0 0 1 1 1 1  17  24  11   0   0   0   0    58.158     5.357    52.216     0.000     0.000     0.000     0.000   0   0   0   0   0   0   0     0.000     0.000     0.000    -0.084    -0.015     0.032    -0.045
   7 0 0 0 1 1 1 1  25  25  25   0   0   0   0     5.786     5.613     5.978     0.000     0.000     0.000     0.000   0   0   0   0   0   0   0     0.000     0.000     0.000    -0.076    -0.018     0.011     0.048
   7 0 0 0 1 1 1 1  26  24  28   0   0   0   0     5.826     5.222     5.627     0.000     0.000     0.000     0.000   0   0   0   0   0   0   0     0.000     0.000     0.000    -0.091    -0.024    -0.000     0.026
   7 0 0 0 1 1 1 1  24  29  23   0   0   0   0     5.373     5.572     5.828     0.000     0.000     0.000     0.000   0   0   0   0   0   0   0     0.000     0.000     0.000    -0.189    -0.057     0.008     0.062
   7 0 0 0 1 1 1 1  27  18  12   0   0   0   0     5.156    49.931    48.132     0.000     0.000     0.000     0.000   0   0   0   0   0   0   0     0.000     0.000     0.000     0.028     0.050    -0.053    -0.004
   7 0 0 0 1 1 1 1  25   3  25   0   0   0   0     5.666    21.852     5.843     0.000     0.000     0.000     0.000   0   0   0   0   0   0   0     0.000     0.000     0.000    -0.138    -0.035    -0.003     0.018
   7 0 0 0 1 1 1 1  24   2  25   0   0   0   0     5.347    21.823     5.787     0.000     0.000     0.000     0.000   0   0   0   0   0   0   0     0.000     0.000     0.000    -0.160    -0.051    -0.014     0.014
   7 0 0 0 1 1 1 1  29  17  23   0   0   0   0     5.765    56.471     5.745     0.000     0.000     0.000     0.000   0   0   0   0   0   0   0     0.000     0.000     0.000    -0.348    -0.060    -0.000     0.042
   7 0 0 0 1 1 1 1  17  24  29   0   0   0   0    58.158     5.357     5.780     0.000     0.000     0.000     0.000   0   0   0   0   0   0   0     0.000     0.000     0.000    -0.075    -0.012     0.001     0.034
   7 0 0 0 1 1 1 1  25   3  25   0   0   0   0     5.685    21.852     5.957     0.000     0.000     0.000     0.000   0   0   0   0   0   0   0     0.000     0.000     0.000    -0.126    -0.027     0.005     0.037
   7 0 0 0 1 1 1 1  24   2  25   0   0   0   0     5.354    21.823     5.785     0.000     0.000     0.000     0.000   0   0   0   0   0   0   0     0.000     0.000     0.000    -0.146    -0.044    -0.013     0.013
   7 0 0 0 1 1 1 1  29  29  30   0   0   0   0     5.709     5.485     5.614     0.000     0.000     0.000     0.000   0   0   0   0   0   0   0     0.000     0.000     0.000    -0.196    -0.086    -0.007     0.037
   7 0 0 0 1 1 1 1  12  25  24   0   0   0   0    48.879     5.668     5.354     0.000     0.000     0.000     0.000   0   0   0   0   0   0   0     0.000     0.000     0.000    -0.156    -0.032    -0.046     0.016
   7 0 0 0 1 1 1 1  25  25   4   0   0   0   0     5.797     5.613    23.820     0.000     0.000     0.000     0.000   0   0   0   0   0   0   0     0.000     0.000     0.000    -0.060    -0.012     0.009     0.039
   7 0 0 0 1 1 1 1  26   3  12   0   0   0   0     5.794    21.852    46.549     0.000     0.000     0.000     0.000   0   0   0   0   0   0   0     0.000     0.000     0.000    -0.133    -0.028     0.076     0.005
   7 0 0 0 1 1 1 1  24  24  23   0   0   0   0     5.373     5.259     5.844     0.000     0.000     0.000     0.000   0   0   0   0   0   0   0     0.000     0.000     0.000    -0.134    -0.040     0.008     0.057
   7 0 0 0 1 1 1 1  16  30  16   0   0   0   0    60.206     5.182    63.219     0.000     0.000     0.000     0.000   0   0   0   0   0   0   0     0.000     0.000     0.000    -0.063    -0.006     0.021     0.040
   7 0 0 0 1 1 1 1  25   3  25   0   0   0   0     5.652    21.852     5.867     0.000     0.000     0.000     0.000   0   0   0   0   0   0   0     0.000     0.000     0.000    -0.110    -0.028    -0.002     0.016
   7 0 0 0 1 1 1 1  24   2  19   0   0   0   0     5.354    21.823    65.655     0.000     0.000     0.000     0.000   0   0   0   0   0   0   0     0.000     0.000     0.000    -0.121    -0.038    -0.002     0.023
   7 0 0 0 1 1 1 1  29   3  28   0   0   0   0     5.765    22.377     5.627     0.000     0.000     0.000     0.000   0   0   0   0   0   0   0     0.000     0.000     0.000    -0.294    -0.045    -0.006     0.030
   7 0 0 0 1 1 1 1  12   2  14   0   0   0   0    48.879    22.037    46.556     0.000     0.000     0.000     0.000   0   0   0   0   0   0   0     0.000     0.000     0.000    -0.151    -0.028     0.000     0.038
   7 0 0 0 1 1 1 1   0  25   4   0   0   0   0    21.164     5.613    23.820     0.000     0.000     0.000     0.000   0   0   0   0   0   0   0     0.000     0.000     0.000    -0.050    -0.012     0.006     0.033
   7 0 0 0 1 1 1 1  25  23  28   0   0   0   0     5.732     5.488     5.627     0.000     0.000     0.000     0.000   0   0   0   0   0   0   0     0.000     0.000     0.000    -0.052    -0.013    -0.002     0.020
   7 0 0 0 1 1 1 1  24  14  30   0   0   0   0     5.352    45.092     5.614     0.000     0.000     0.000     0.000   0   0   0   0   0   0   0     0.000     0.000     0.000    -0.066    -0.149    -0.006     0.029
   7 0 0 0 1 1 1 1   4  14   0   0   0   0   0    23.324    48.227    21.285     0.000     0.000     0.000     0.000   0   0   0   0   0   0   0     0.000     0.000     0.000     0.014    -0.138    -0.038     0.001
   7 0 0 0 1 1 1 1  25   3  29   0   0   0   0     5.789    21.852     5.787     0.000     0.000     0.000     0.000   0   0   0   0   0   0   0     0.000     0.000     0.000    -0.096    -0.013     0.022     0.004
   7 0 0 0 1 1 1 1  25  24  28   0   0   0   0     5.776     5.137     5.639     0.000     0.000     0.000     0.000   0   0   0   0   0   0   0     0.000     0.000     0.000    -0.070    -0.013     0.001     0.026
   7 0 0 0 1 1 1 1  24  29  23   0   0   0   0     5.403     5.637     5.844     0.000     0.000     0.000     0.000   0   0   0   0   0   0   0     0.000     0.000     0.000    -0.103    -0.029     0.007     0.045
   7 0 0 0 1 1 1 1  17  20  11   0   0   0   0    58.158    63.035    52.400     0.000     0.000     0.000     0.000   0   0   0   0   0   0   0     0.000     0.000     0.000    -0.017     0.048     0.019    -0.033
   7 0 0 0 1 1 1 1  25   3  29   0   0   0   0     5.642    21.852     5.794     0.000     0.000     0.000     0.000   0   0   0   0   0   0   0     0.000     0.000     0.000    -0.088    -0.024     0.016    -0.000
   7 0 0 0 1 1 1 1  31   0  12   0   0   0   0     5.379    21.124    46.549     0.000     0.000     0.000     0.000   0   0   0   0   0   0   0     0.000     0.000     0.000    -0.026    -0.100     0.065     0.002
   7 0 0 0 1 1 1 1  29  14  23   0   0   0   0     5.774    46.583     5.738     0.000     0.000     0.000     0.000   0   0   0   0   0   0   0     0.000     0.000     0.000    -0.032    -0.250    -0.004     0.024
   7 0 0 0 1 1 1 1   4  25  27   0   0   0   0    23.324     5.607     5.401     0.000     0.000     0.000     0.000   0   0   0   0   0   0   0     0.000     0.000     0.000    -0.072     0.014     0.001    -0.032
   7 0 0 0 1 1 1 1   0  24  25   0   0   0   0    21.184     5.114     5.990     0.000     0.000     0.000     0.000   0   0   0   0   0   0   0     0.000     0.000     0.000    -0.061    -0.011     0.005     0.027
   7 0 0 0 1 1 1 1  23  25  25   0   0   0   0     5.523     5.712     5.797     0.000     0.000     0.000     0.000   0   0   0   0   0   0   0     0.000     0.000     0.000    -0.044    -0.011    -0.006     0.014
   7 0 0 0 1 1 1 1  24  14  17   0   0   0   0     5.364    44.658    54.322     0.000     0.000     0.000     0.000   0   0   0   0   0   0   0     0.000     0.000     0.000    -0.032    -0.105     0.098     0.008
   7 0 0 0 1 1 1 1   4   3   0   0   0   0   0    23.324    21.852    21.254     0.000     0.000     0.000     0.000   0   0   0   0   0   0   0     0.000     0.000     0.000    -0.118     0.011    -0.031    -0.001
   7 0 0 0 1 1 1 1  25  25  11   0   0   0   0     5.797     5.613    50.459     0.000     0.000     0.000     0.000   0   0   0   0   0   0   0     0.000     0.000     0.000    -0.037    -0.007     0.021     0.005
   7 0 0 0 1 1 1 1  29   3  12   0   0   0   0     5.767    22.377    46.267     0.000     0.000     0.000     0.000   0   0   0   0   0   0   0     0.000     0.000     0.000    -0.104    -0.014     0.066     0.004
   7 0 0 0 1 1 1 1  29   3  24   0   0   0   0     5.777    22.377     5.512     0.000     0.000     0.000     0.000   0   0   0   0   0   0   0     0.000     0.000     0.000    -0.220    -0.027    -0.009     0.018
   7 0 0 0 1 1 1 1  17  20  29   0   0   0   0    57.996    63.035     5.811     0.000     0.000     0.000     0.000   0   0   0   0   0   0   0     0.000     0.000     0.000    -0.014     0.041     0.003     0.022
   7 0 0 0 1 1 1 1  25   3  29   0   0   0   0     5.656    21.852     5.791     0.000     0.000     0.000     0.000   0   0   0   0   0   0   0     0.000     0.000     0.000    -0.071    -0.016     0.013     0.000
   7 0 0 0 1 1 1 1  16  26  22   0   0   0   0    59.391     5.977     5.415     0.000     0.000     0.000     0.000   0   0   0   0   0   0   0     0.000     0.000     0.000    -0.010     0.029     0.009     0.017
   7 0 0 0 1 1 1 1  31  20  24   0   0   0   0     5.374    63.046     5.515     0.000     0.000     0.000     0.000   0   0   0   0   0   0   0     0.000     0.000     0.000    -0.071     0.031    -0.010     0.016
   7 0 0 0 1 1 1 1  31   0  31   0   0   0   0     5.374    21.069     5.374     0.000     0.000     0.000     0.000   0   0   0   0   0   0   0     0.000     0.000     0.000    -0.027    -0.107     0.219     0.002
   7 0 0 0 1 1 1 1  25  24  11   0   0   0   0     5.808     5.108    50.548     0.000     0.000     0.000     0.000   0   0   0   0   0   0   0     0.000     0.000     0.000    -0.053    -0.008     0.018     0.004
   7 0 0 0 1 1 1 1  25  23  28   0   0   0   0     5.773     5.535     5.639     0.000     0.000     0.000     0.000   0   0   0   0   0   0   0     0.000     0.000     0.000    -0.033    -0.006     0.000     0.018
   7 0 0 0 1 1 1 1  29  24  17   0   0   0   0     5.709     5.122    56.463     0.000     0.000     0.000     0.000   0   0   0   0   0   0   0     0.000     0.000     0.000    -0.097    -0.041     0.022    -0.003
   7 0 0 0 1 1 1 1  12  25  14   0   0   0   0    48.879     5.712    46.588     0.000     0.000     0.000     0.000   0   0   0   0   0   0   0     0.000     0.000     0.000    -0.080    -0.015     0.000     0.026
   7 0 0 0 1 1 1 1   0   3   4   0   0   0   0    21.184    21.852    23.817     0.000     0.000     0.000     0.000   0   0   0   0   0   0   0     0.000     0.000     0.000    -0.060    -0.008     0.004     0.019
   7 0 0 0 1 1 1 1  16  26   6   0   0   0   0    59.391     5.949    19.541     0.000     0.000     0.000     0.000   0   0   0   0   0   0   0     0.000     0.000     0.000    -0.009     0.020     0.022     0.011
   7 0 0 0 1 1 1 1  24  24  17   0   0   0   0     5.403     5.146    54.322     0.000     0.000     0.000     0.000   0   0   0   0   0   0   0     0.000     0.000     0.000    -0.079    -0.022     0.083     0.006
   7 0 0 0 1 1 1 1   4  25   0   0   0   0   0    23.324     5.614    21.377     0.000     0.000     0.000     0.000   0   0   0   0   0   0   0     0.000     0.000     0.000    -0.046     0.010    -0.023     0.003
   7 0 0 0 1 1 1 1  25  16  24   0   0   0   0     5.642    55.298     5.478     0.000     0.000     0.000     0.000   0   0   0   0   0   0   0     0.000     0.000     0.000     0.006    -0.023     0.009    -0.001
   7 0 0 0 1 1 1 1  31   1  12   0   0   0   0     5.395    21.988    46.120     0.000     0.000     0.000     0.000   0   0   0   0   0   0   0     0.000     0.000     0.000    -0.015    -0.074     0.056     0.002
   7 0 0 0 1 1 1 1  31  16  28   0   0   0   0     5.374    55.298     5.632     0.000     0.000     0.000     0.000   0   0   0   0   0   0   0     0.000     0.000     0.000    -0.177    -0.034    -0.006     0.016
   7 0 0 0 1 1 1 1  17  24  24   0   0   0   0    57.996     5.127     5.517     0.000     0.000     0.000     0.000   0   0   0   0   0   0   0     0.000     0.000     0.000    -0.060    -0.007     0.005     0.021
   7 0 0 0 1 1 1 1   3   0  25   0   0   0   0    22.779    20.913     5.869     0.000     0.000     0.000     0.000   0   0   0   0   0   0   0     0.000     0.000     0.000    -0.013    -0.048    -0.001     0.008
   7 0 0 0 1 1 1 1  23  12   2   0   0   0   0     5.495    48.352    23.411     0.000     0.000     0.000     0.000   0   0   0   0   0   0   0     0.000     0.000     0.000    -0.065    -0.011     0.003     0.054
   7 0 0 0 1 1 1 1  24  22  17   0   0   0   0     5.364     4.909    54.415     0.000     0.000     0.000     0.000   0   0   0   0   0   0   0     0.000     0.000     0.000    -0.002    -0.040     0.072     0.004
   7 0 0 0 1 1 1 1  18  25  31   0   0   0   0    42.992     5.709     5.374     0.000     0.000     0.000     0.000   0   0   0   0   0   0   0     0.000     0.000     0.000    -0.050    -0.017    -0.027     0.007
   7 0 0 0 1 1 1 1  25  25  31   0   0   0   0     5.797     5.613     5.472     0.000     0.000     0.000     0.000   0   0   0   0   0   0   0     0.000     0.000     0.000    -0.024    -0.005     0.013     0.002
   7 0 0 0 1 1 1 1  16  30   6   0   0   0   0    59.391     5.795    19.541     0.000     0.000     0.000     0.000   0   0   0   0   0   0   0     0.000     0.000     0.000    -0.007     0.025     0.019     0.010
   7 0 0 0 1 1 1 1  25   1  24   0   0   0   0     5.617    21.459     5.512     0.000     0.000     0.000     0.000   0   0   0   0   0   0   0     0.000     0.000     0.000    -0.343    -0.033    -0.010     0.011
   7 0 0 0 1 1 1 1  12  24  11   0   0   0   0    50.356     5.319    52.386     0.000     0.000     0.000     0.000   0   0   0   0   0   0   0     0.000     0.000     0.000    -0.076    -0.007     0.014    -0.015
   7 0 0 0 1 1 1 1   3  16  11   0   0   0   0    22.596    55.298    50.336     0.000     0.000     0.000     0.000   0   0   0   0   0   0   0     0.000     0.000     0.000    -0.002    -0.023     0.011     0.000
   7 0 0 0 1 1 1 1  25   1  12   0   0   0   0     5.670    21.977    46.504     0.000     0.000     0.000     0.000   0   0   0   0   0   0   0     0.000     0.000     0.000    -0.011    -0.052     0.039     0.002
   7 0 0 0 1 1 1 1  25   1  23   0   0   0   0     5.617    21.459     5.734     0.000     0.000     0.000     0.000   0   0   0   0   0   0   0     0.000     0.000     0.000    -0.320    -0.030    -0.007     0.012
   7 0 0 0 1 1 1 1  18  25  29   0   0   0   0    43.016     5.762     5.709     0.000     0.000     0.000     0.000   0   0   0   0   0   0   0     0.000     0.000     0.000    -0.036    -0.013    -0.024     0.006
   7 0 0 0 1 1 1 1  25  24  31   0   0   0   0     5.810     5.122     5.472     0.000     0.000     0.000     0.000   0   0   0   0   0   0   0     0.000     0.000     0.000    -0.032    -0.004     0.011     0.002
   7 0 0 0 1 1 1 1  24  17  19   0   0   0   0     5.354    56.978    65.938     0.000     0.000     0.000     0.000   0   0   0   0   0   0   0     0.000     0.000     0.000    -0.054    -0.015    -0.001     0.011
   7 0 0 0 1 1 1 1  24  24  23   0   0   0   0     5.352     5.108     5.828     0.000     0.000     0.000     0.000   0   0   0   0   0   0   0     0.000     0.000     0.000    -0.075    -0.028    -0.001     0.020
   7 0 0 0 1 1 1 1  12  24  12   0   0   0   0    50.356     5.319    50.515     0.000     0.000     0.000     0.000   0   0   0   0   0   0   0     0.000     0.000     0.000    -0.067    -0.006     0.046     0.004
   7 0 0 0 1 1 1 1   4  25  11   0   0   0   0    22.676     5.589    50.336     0.000     0.000     0.000     0.000   0   0   0   0   0   0   0     0.000     0.000     0.000    -0.038    -0.007     0.010     0.001
   7 0 0 0 1 1 1 1  29   3  12   0   0   0   0     5.767    22.377    45.832     0.000     0.000     0.000     0.000   0   0   0   0   0   0   0     0.000     0.000     0.000    -0.072    -0.008     0.044     0.002
   7 0 0 0 1 1 1 1  24  22  17   0   0   0   0     5.403     4.915    54.322     0.000     0.000     0.000     0.000   0   0   0   0   0   0   0     0.000     0.000     0.000    -0.002    -0.029     0.063     0.004
   7 0 0 0 1 1 1 1   7  10   5   0   0   0   0    20.217    15.491    23.169     0.000     0.000     0.000     0.000   0   0   0   0   0   0   0     0.000     0.000     0.000     0.006     0.137    -0.001    -0.017
   7 0 0 0 1 1 1 1  25  14   3   0   0   0   0     5.819    46.644    24.268     0.000     0.000     0.000     0.000   0   0   0   0   0   0   0     0.000     0.000     0.000    -0.003    -0.022     0.002     0.010
   7 0 0 0 1 1 1 1  16  26   6   0   0   0   0    59.391     5.926    19.541     0.000     0.000     0.000     0.000   0   0   0   0   0   0   0     0.000     0.000     0.000    -0.007     0.010     0.016     0.007
   7 0 0 0 1 1 1 1  25   1  23   0   0   0   0     5.617    21.459     5.784     0.000     0.000     0.000     0.000   0   0   0   0   0   0   0     0.000     0.000     0.000    -0.300    -0.023    -0.002     0.015
   7 0 0 0 1 1 1 1  25   0  25   0   0   0   0     5.613    21.124     5.617     0.000     0.000     0.000     0.000   0   0   0   0   0   0   0     0.000     0.000     0.000    -0.022    -0.065     0.312     0.000
   7 0 0 0 1 1 1 1  25  12  25   0   0   0   0     5.613    49.559     5.617     0.000     0.000     0.000     0.000   0   0   0   0   0   0   0     0.000     0.000     0.000    -0.035    -0.012     0.073     0.001
   7 0 0 0 1 1 1 1  31  24  26   0   0   0   0     5.346     5.106     5.994     0.000     0.000     0.000     0.000   0   0   0   0   0   0   0     0.000     0.000     0.000    -0.040    -0.016     0.000     0.021
   7 0 0 0 1 1 1 1  24   0  23   0   0   0   0     5.275    21.069     5.871     0.000     0.000     0.000     0.000   0   0   0   0   0   0   0     0.000     0.000     0.000    -0.029    -0.075     0.000     0.033
   7 0 0 0 1 1 1 1  17  30  17   0   0   0   0    56.463     5.630    56.471     0.000     0.000     0.000     0.000   0   0   0   0   0   0   0     0.000     0.000     0.000    -0.060    -0.009     0.644     0.002
   7 0 0 0 1 1 1 1   0  24   3   0   0   0   0    21.184     5.122    24.324     0.000     0.000     0.000     0.000   0   0   0   0   0   0   0     0.000     0.000     0.000    -0.025    -0.004     0.001     0.009
   7 0 0 0 1 1 1 1  17  26   6   0   0   0   0    59.949     5.965    19.541     0.000     0.000     0.000     0.000   0   0   0   0   0   0   0     0.000     0.000     0.000    -0.005     0.014     0.013     0.007
   7 0 0 0 1 1 1 1  29  17  17   0   0   0   0     5.800    58.987    54.322     0.000     0.000     0.000     0.000   0   0   0   0   0   0   0     0.000     0.000     0.000    -0.019     0.001     0.053     0.005
   7 0 0 0 1 1 1 1  14  27  21   0   0   0   0    46.571     5.387    66.793     0.000     0.000     0.000     0.000   0   0   0   0   0   0   0     0.000     0.000     0.000     0.004    -0.007     0.612     0.006
   7 0 0 0 1 1 1 1   3  16  11   0   0   0   0    22.779    55.298    50.336     0.000     0.000     0.000     0.000   0   0   0   0   0   0   0     0.000     0.000     0.000    -0.001    -0.016     0.008     0.000
   7 0 0 0 1 1 1 1  25   2  12   0   0   0   0     5.617    21.859    45.832     0.000     0.000     0.000     0.000   0   0   0   0   0   0   0     0.000     0.000     0.000    -0.062    -0.008     0.036     0.001
   7 0 0 0 1 1 1 1  23  24  17   0   0   0   0     5.649     5.114    54.322     0.000     0.000     0.000     0.000   0   0   0   0   0   0   0     0.000     0.000     0.000    -0.053    -0.010     0.048     0.004
   7 0 0 0 1 1 1 1  25   0  25   0   0   0   0     5.615    21.124     5.617     0.000     0.000     0.000     0.000   0   0   0   0   0   0   0     0.000     0.000     0.000    -0.020    -0.054     0.359     0.000
   7 0 0 0 1 1 1 1  25  24  31   0   0   0   0     5.806     5.127     5.472     0.000     0.000     0.000     0.000   0   0   0   0   0   0   0     0.000     0.000     0.000    -0.021    -0.003     0.008     0.001
   7 0 0 0 1 1 1 1  16  26   6   0   0   0   0    59.528     5.919    19.541     0.000     0.000     0.000     0.000   0   0   0   0   0   0   0     0.000     0.000     0.000    -0.006     0.007     0.014     0.006
   7 0 0 0 1 1 1 1  25  23  28   0   0   0   0     5.617     5.824     5.640     0.000     0.000     0.000     0.000   0   0   0   0   0   0   0     0.000     0.000     0.000    -0.015    -0.279    -0.003     0.009
   7 0 0 0 1 1 1 1   4  17  11   0   0   0   0    23.324    56.463    51.091     0.000     0.000     0.000     0.000   0   0   0   0   0   0   0     0.000     0.000     0.000    -0.008     0.009    -0.001    -0.016
   7 0 0 0 1 1 1 1   4   0   3   0   0   0   0    22.026    20.685    22.377     0.000     0.000     0.000     0.000   0   0   0   0   0   0   0     0.000     0.000     0.000    -0.010    -0.028     0.152     0.000
   7 0 0 0 1 1 1 1  24  17   2   0   0   0   0     5.354    57.243    23.411     0.000     0.000     0.000     0.000   0   0   0   0   0   0   0     0.000     0.000     0.000    -0.030    -0.009     0.001     0.032
   7 0 0 0 1 1 1 1  29  24  17   0   0   0   0     5.709     5.100    56.463     0.000     0.000     0.000     0.000   0   0   0   0   0   0   0     0.000     0.000     0.000    -0.058    -0.018     0.011    -0.002
   7 0 0 0 1 1 1 1  25   0  25   0   0   0   0     5.615    21.124     5.617     0.000     0.000     0.000     0.000   0   0   0   0   0   0   0     0.000     0.000     0.000    -0.017    -0.049     0.335     0.000
   7 0 0 0 1 1 1 1   4  31  11   0   0   0   0    22.682     5.374    50.336     0.000     0.000     0.000     0.000   0   0   0   0   0   0   0     0.000     0.000     0.000    -0.017    -0.004     0.007     0.000
   7 0 0 0 1 1 1 1  17  26   8   0   0   0   0    59.949     5.935    17.257     0.000     0.000     0.000     0.000   0   0   0   0   0   0   0     0.000     0.000     0.000    -0.005     0.008     0.008     0.005
   7 0 0 0 1 1 1 1  24  22  23   0   0   0   0     5.364     4.909     5.891     0.000     0.000     0.000     0.000   0   0   0   0   0   0   0     0.000     0.000     0.000     0.002    -0.021     0.002     0.032
   7 0 0 0 1 1 1 1  14  31  21   0   0   0   0    46.571     5.395    66.793     0.000     0.000     0.000     0.000   0   0   0   0   0   0   0     0.000     0.000     0.000    -0.014    -0.000     0.546     0.005
   7 0 0 0 1 1 1 1  25  25  26   0   0   0   0     5.869     5.610     5.909     0.000     0.000     0.000     0.000   0   0   0   0   0   0   0     0.000     0.000     0.000    -0.012    -0.001     0.002     0.009
   7 0 0 0 1 1 1 1  25  23  26   0   0   0   0     5.650     5.750     6.016     0.000     0.000     0.000     0.000   0   0   0   0   0   0   0     0.000     0.000     0.000    -0.019    -0.004     0.001     0.020
   7 0 0 0 1 1 1 1  25   1  24   0   0   0   0     5.617    21.459     5.518     0.000     0.000     0.000     0.000   0   0   0   0   0   0   0     0.000     0.000     0.000    -0.261    -0.011    -0.004     0.006
   7 0 0 0 1 1 1 1  17  30  17   0   0   0   0    56.463     5.630    56.471     0.000     0.000     0.000     0.000   0   0   0   0   0   0   0     0.000     0.000     0.000    -0.054    -0.006     0.519     0.002
   7 0 0 0 1 1 1 1   4   0   3   0   0   0   0    22.026    20.685    22.377     0.000     0.000     0.000     0.000   0   0   0   0   0   0   0     0.000     0.000     0.000    -0.008    -0.023     0.145     0.000
   7 0 0 0 1 1 1 1  19  30   6   0   0   0   0    66.185     5.798    19.535     0.000     0.000     0.000     0.000   0   0   0   0   0   0   0     0.000     0.000     0.000    -0.003     0.013     0.013     0.006
   7 0 0 0 1 1 1 1  24   0  23   0   0   0   0     5.254    21.069     5.828     0.000     0.000     0.000     0.000   0   0   0   0   0   0   0     0.000     0.000     0.000    -0.018    -0.053    -0.001     0.011
   7 0 0 0 1 1 1 1   4   3   0   0   0   0   0    23.412    22.356    21.452     0.000     0.000     0.000     0.000   0   0   0   0   0   0   0     0.000     0.000     0.000    -0.021     0.005    -0.011     0.002
   7 0 0 0 1 1 1 1  25  10  26   0   0   0   0     5.869    15.180     5.909     0.000     0.000     0.000     0.000   0   0   0   0   0   0   0     0.000     0.000     0.000     0.007    -0.003     0.002     0.008
   7 0 0 0 1 1 1 1  30   0  17   0   0   0   0     5.050    20.968    59.949     0.000     0.000     0.000     0.000   0   0   0   0   0   0   0     0.000     0.000     0.000    -0.016    -0.030    -0.001     0.005
   7 0 0 0 1 1 1 1  29  17   6   0   0   0   0     5.831    58.987    21.174     0.000     0.000     0.000     0.000   0   0   0   0   0   0   0     0.000     0.000     0.000    -0.011     0.002     0.004     0.038
   7 0 0 0 1 1 1 1  14  25   5   0   0   0   0    46.631     5.783    22.259     0.000     0.000     0.000     0.000   0   0   0   0   0   0   0     0.000     0.000     0.000    -0.007     0.001     0.005     0.493
   7 0 0 0 1 1 1 1   4  25   3   0   0   0   0    22.691     5.597    24.282     0.000     0.000     0.000     0.000   0   0   0   0   0   0   0     0.000     0.000     0.000    -0.019    -0.004     0.000     0.005
   7 0 0 0 1 1 1 1  23  17   1   0   0   0   0     5.649    57.646    22.415     0.000     0.000     0.000     0.000   0   0   0   0   0   0   0     0.000     0.000     0.000    -0.015    -0.002     0.002     0.026
   7 0 0 0 1 1 1 1  25  23  30   0   0   0   0     5.617     5.824     5.791     0.000     0.000     0.000     0.000   0   0   0   0   0   0   0     0.000     0.000     0.000    -0.007    -0.243    -0.000     0.018
   7 0 0 0 1 1 1 1  18  25  29   0   0   0   0    43.162     5.709     5.711     0.000     0.000     0.000     0.000   0   0   0   0   0   0   0     0.000     0.000     0.000    -0.033    -0.007    -0.014     0.004
   7 0 0 0 1 1 1 1  25  17  25   0   0   0   0     5.610    57.432     5.617     0.000     0.000     0.000     0.000   0   0   0   0   0   0   0     0.000     0.000     0.000    -0.013     0.002     0.034     0.000
   7 0 0 0 1 1 1 1  25   1   2   0   0   0   0     5.650    21.977    23.411     0.000     0.000     0.000     0.000   0   0   0   0   0   0   0     0.000     0.000     0.000    -0.006    -0.026     0.001     0.023
   7 0 0 0 1 1 1 1  28   1  22   0   0   0   0     5.704    21.459     5.325     0.000     0.000     0.000     0.000   0   0   0   0   0   0   0     0.000     0.000     0.000    -0.506    -0.001     0.009     0.166
   7 0 0 0 1 1 1 1  14  31   5   0   0   0   0    46.631     5.398    22.259     0.000     0.000     0.000     0.000   0   0   0   0   0   0   0     0.000     0.000     0.000    -0.010    -0.000     0.004     0.468
   7 0 0 0 1 1 1 1  25  10  27   0   0   0   0     5.869    15.180     4.981     0.000     0.000     0.000     0.000   0   0   0   0   0   0   0     0.000     0.000     0.000     0.006    -0.002    -0.000     0.005
   7 0 0 0 1 1 1 1  29   1  25   0   0   0   0     5.765    21.459     5.810     0.000     0.000     0.000     0.000   0   0   0   0   0   0   0     0.000     0.000     0.000    -0.091    -0.004    -0.002     0.004
   7 0 0 0 1 1 1 1  23  17  12   0   0   0   0     5.649    58.611    46.120     0.000     0.000     0.000     0.000   0   0   0   0   0   0   0     0.000     0.000     0.000    -0.014     0.001     0.032     0.002
   7 0 0 0 1 1 1 1  17  30  17   0   0   0   0    56.463     5.630    56.471     0.000     0.000     0.000     0.000   0   0   0   0   0   0   0     0.000     0.000     0.000    -0.046    -0.005     0.444     0.002
   7 0 0 0 1 1 1 1   4   0   3   0   0   0   0    22.026    20.685    22.377     0.000     0.000     0.000     0.000   0   0   0   0   0   0   0     0.000     0.000     0.000    -0.007    -0.019     0.136     0.000
   7 0 0 0 1 1 1 1  23  17   1   0   0   0   0     5.650    57.391    22.443     0.000     0.000     0.000     0.000   0   0   0   0   0   0   0     0.000     0.000     0.000    -0.014    -0.002     0.001     0.028
   7 0 0 0 1 1 1 1   3   2  23   0   0   0   0    22.359    21.838     5.794     0.000     0.000     0.000     0.000   0   0   0   0   0   0   0     0.000     0.000     0.000     0.004    -0.481    -0.002     0.009
   7 0 0 0 1 1 1 1  27  11  11   0   0   0   0     4.959    51.834    51.803     0.000     0.000     0.000     0.000   0   0   0   0   0   0   0     0.000     0.000     0.000     0.007     0.017     0.001    -0.008
   7 0 0 0 1 1 1 1   3  10  12   0   0   0   0    24.282    15.242    46.533     0.000     0.000     0.000     0.000   0   0   0   0   0   0   0     0.000     0.000     0.000     0.005    -0.002     0.012     0.004
   7 0 0 0 1 1 1 1   3   2  22   0   0   0   0    22.359    21.838     4.986     0.000     0.000     0.000     0.000   0   0   0   0   0   0   0     0.000     0.000     0.000    -0.005    -0.149    -0.004     0.002
   7 0 0 0 1 1 1 1  24   0  29   0   0   0   0     5.122    20.869     5.831     0.000     0.000     0.000     0.000   0   0   0   0   0   0   0     0.000     0.000     0.000    -0.019    -0.046    -0.004     0.004
   7 0 0 0 1 1 1 1  18  25  25   0   0   0   0    43.162     5.709     5.615     0.000     0.000     0.000     0.000   0   0   0   0   0   0   0     0.000     0.000     0.000    -0.028    -0.006    -0.015     0.003
   7 0 0 0 1 1 1 1  25  17  25   0   0   0   0     5.615    57.432     5.617     0.000     0.000     0.000     0.000   0   0   0   0   0   0   0     0.000     0.000     0.000    -0.011     0.001     0.079     0.000
   7 0 0 0 1 1 1 1  25  23  23   0   0   0   0     5.797     5.661     5.704     0.000     0.000     0.000     0.000   0   0   0   0   0   0   0     0.000     0.000     0.000    -0.010    -0.001    -0.001     0.004
   7 0 0 0 1 1 1 1   3   2  23   0   0   0   0    22.359    21.838     5.794     0.000     0.000     0.000     0.000   0   0   0   0   0   0   0     0.000     0.000     0.000     0.005    -0.456    -0.002     0.008
   7 0 0 0 1 1 1 1  14   9   5   0   0   0   0    46.631    18.612    22.259     0.000     0.000     0.000     0.000   0   0   0   0   0   0   0     0.000     0.000     0.000     0.000    -0.008     0.003     0.422
   7 0 0 0 1 1 1 1  25   3  14   0   0   0   0     5.838    22.356    39.997     0.000     0.000     0.000     0.000   0   0   0   0   0   0   0     0.000     0.000     0.000    -0.010    -0.001     0.008     0.001
   7 0 0 0 1 1 1 1   3  21  11   0   0   0   0    22.359    66.793    52.242     0.000     0.000     0.000     0.000   0   0   0   0   0   0   0     0.000     0.000     0.000    -0.141    -0.004     0.001    -0.006
   7 0 0 0 1 1 1 1  24   2  28   0   0   0   0     5.127    21.989     5.704     0.000     0.000     0.000     0.000   0   0   0   0   0   0   0     0.000     0.000     0.000    -0.042    -0.017    -0.001     0.009
   7 0 0 0 1 1 1 1   3   0   3   0   0   0   0    22.356    20.656    22.359     0.000     0.000     0.000     0.000   0   0   0   0   0   0   0     0.000     0.000     0.000    -0.009    -0.045     0.401     0.000
   7 0 0 0 1 1 1 1   4  10   1   0   0   0   0    23.324    15.254    21.555     0.000     0.000     0.000     0.000   0   0   0   0   0   0   0     0.000     0.000     0.000     0.004    -0.003    -0.008     0.003
   7 0 0 0 1 1 1 1   3   2   2   0   0   0   0    22.359    21.838    23.519     0.000     0.000     0.000     0.000   0   0   0   0   0   0   0     0.000     0.000     0.000    -0.004    -0.134     0.000     0.025
   7 0 0 0 1 1 1 1   3   2  23   0   0   0   0    22.359    21.838     5.649     0.000     0.000     0.000     0.000   0   0   0   0   0   0   0     0.000     0.000     0.000     0.005    -0.434    -0.005     0.003
   7 0 0 0 1 1 1 1  17  11  11   0   0   0   0    61.892    51.803    51.929     0.000     0.000     0.000     0.000   0   0   0   0   0   0   0     0.000     0.000     0.000     0.001    -0.007     0.011     0.021
   7 0 0 0 1 1 1 1  30  30  16   0   0   0   0     5.420     5.055    55.298     0.000     0.000     0.000     0.000   0   0   0   0   0   0   0     0.000     0.000     0.000    -0.010     0.002     0.000    -0.008
   7 0 0 0 1 1 1 1  17  30   6   0   0   0   0    59.949     5.711    19.541     0.000     0.000     0.000     0.000   0   0   0   0   0   0   0     0.000     0.000     0.000    -0.003     0.004     0.008     0.003
   7 0 0 0 1 1 1 1  29   2  25   0   0   0   0     5.713    21.655     5.614     0.000     0.000     0.000     0.000   0   0   0   0   0   0   0     0.000     0.000     0.000    -0.039    -0.009     0.025     0.000
   7 0 0 0 1 1 1 1  19  11  32   0   0   0   0    58.327    51.519     4.268     0.000     0.000     0.000     0.000   0   0   0   0   0   0   0     0.000     0.000     0.000    -0.003    -0.019    -0.006     0.005
   7 0 0 0 1 1 1 1   3  10  22   0   0   0   0    24.268    15.492     5.044     0.000     0.000     0.000     0.000   0   0   0   0   0   0   0     0.000     0.000     0.000     0.001    -0.003     0.002     0.010
   7 0 0 0 1 1 1 1  30   0  26   0   0   0   0     5.050    21.136     6.014     0.000     0.000     0.000     0.000   0   0   0   0   0   0   0     0.000     0.000     0.000    -0.011    -0.026    -0.000     0.011
   7 0 0 0 1 1 1 1   3   2  29   0   0   0   0    22.359    21.838     6.015     0.000     0.000     0.000     0.000   0   0   0   0   0   0   0     0.000     0.000     0.000     0.005    -0.412    -0.000     0.015
   7 0 0 0 1 1 1 1   3   0   3   0   0   0   0    22.356    20.656    22.359     0.000     0.000     0.000     0.000   0   0   0   0   0   0   0     0.000     0.000     0.000    -0.008    -0.041     0.380    -0.000
   7 0 0 0 1 1 1 1   4   0   3   0   0   0   0    22.026    20.685    22.377     0.000     0.000     0.000     0.000   0   0   0   0   0   0   0     0.000     0.000     0.000    -0.005    -0.015     0.126     0.000
   7 0 0 0 1 1 1 1  25  23   2   0   0   0   0     5.809     5.661    23.570     0.000     0.000     0.000     0.000   0   0   0   0   0   0   0     0.000     0.000     0.000    -0.008    -0.001     0.001     0.025
   7 0 0 0 1 1 1 1   3   2  22   0   0   0   0    22.359    21.838     5.021     0.000     0.000     0.000     0.000   0   0   0   0   0   0   0     0.000     0.000     0.000     0.005    -0.391    -0.004     0.002
   7 0 0 0 1 1 1 1  14  25  14   0   0   0   0    46.631     5.640    46.640     0.000     0.000     0.000     0.000   0   0   0   0   0   0   0     0.000     0.000     0.000    -0.010    -0.000     0.361     0.002
   7 0 0 0 1 1 1 1   4  10  23   0   0   0   0    23.045    15.254     5.836     0.000     0.000     0.000     0.000   0   0   0   0   0   0   0     0.000     0.000     0.000     0.003    -0.003     0.001     0.008
   7 0 0 0 1 1 1 1  19   1   6   0   0   0   0    66.185    22.339    19.535     0.000     0.000     0.000     0.000   0   0   0   0   0   0   0     0.000     0.000     0.000    -0.002     0.003     0.010     0.003
   7 0 0 0 1 1 1 1  29   0   6   0   0   0   0     5.465    21.136    21.174     0.000     0.000     0.000     0.000   0   0   0   0   0   0   0     0.000     0.000     0.000    -0.019    -0.045    -0.000     0.024
   7 0 0 0 1 1 1 1  19  11  32   0   0   0   0    58.327    51.332     4.309     0.000     0.000     0.000     0.000   0   0   0   0   0   0   0     0.000     0.000     0.000    -0.003    -0.014    -0.003     0.006
   7 0 0 0 1 1 1 1  10   9  26   0   0   0   0    15.165    17.827     5.897     0.000     0.000     0.000     0.000   0   0   0   0   0   0   0     0.000     0.000     0.000    -0.004     0.008    -0.002     0.001
   7 0 0 0 1 1 1 1   3  21  22   0   0   0   0    22.359    66.793     4.986     0.000     0.000     0.000     0.000   0   0   0   0   0   0   0     0.000     0.000     0.000    -0.127    -0.002    -0.003     0.001
   7 0 0 0 1 1 1 1  29   4  25   0   0   0   0     5.713    22.524     5.614     0.000     0.000     0.000     0.000   0   0   0   0   0   0   0     0.000     0.000     0.000    -0.029    -0.007     0.022     0.000
   7 0 0 0 1 1 1 1   3   0   3   0   0   0   0    22.356    20.656    22.359     0.000     0.000     0.000     0.000   0   0   0   0   0   0   0     0.000     0.000     0.000    -0.007    -0.037     0.343     0.000
   7 0 0 0 1 1 1 1  30   0  30   0   0   0   0     5.052    21.144     5.420     0.000     0.000     0.000     0.000   0   0   0   0   0   0   0     0.000     0.000     0.000    -0.008    -0.021     0.002    -0.001
   7 0 0 0 1 1 1 1  30   0  17   0   0   0   0     5.044    21.144    54.322     0.000     0.000     0.000     0.000   0   0   0   0   0   0   0     0.000     0.000     0.000    -0.010    -0.029     0.013    -0.000
   7 0 0 0 1 1 1 1  29  17   2   0   0   0   0     5.823    59.296    23.519     0.000     0.000     0.000     0.000   0   0   0   0   0   0   0     0.000     0.000     0.000    -0.008     0.003     0.002     0.032
   7 0 0 0 1 1 1 1  17  11  11   0   0   0   0    61.932    51.803    51.929     0.000     0.000     0.000     0.000   0   0   0   0   0   0   0     0.000     0.000     0.000     0.001    -0.006     0.009     0.018
   7 0 0 0 1 1 1 1   3  10   2   0   0   0   0    24.320    15.230    23.519     0.000     0.000     0.000     0.000   0   0   0   0   0   0   0     0.000     0.000     0.000     0.004    -0.001     0.003     0.012
   7 0 0 0 1 1 1 1   3  21  14   0   0   0   0    22.359    66.793    46.141     0.000     0.000     0.000     0.000   0   0   0   0   0   0   0     0.000     0.000     0.000    -0.121    -0.002    -0.001     0.003
   7 0 0 0 1 1 1 1   3  21   3   0   0   0   0    22.359    66.793    22.407     0.000     0.000     0.000     0.000   0   0   0   0   0   0   0     0.000     0.000     0.000    -0.371     0.006     0.033     0.000
   7 0 0 0 1 1 1 1  13  25  13   0   0   0   0    50.238     5.640    50.259     0.000     0.000     0.000     0.000   0   0   0   0   0   0   0     0.000     0.000     0.000    -0.015    -0.001     0.326     0.002
   7 0 0 0 1 1 1 1  30   0  29   0   0   0   0     5.063    21.144     5.765     0.000     0.000     0.000     0.000   0   0   0   0   0   0   0     0.000     0.000     0.000    -0.007    -0.020     0.003    -0.000
   7 0 0 0 1 1 1 1  29   5   2   0   0   0   0     5.709    22.331    23.570     0.000     0.000     0.000     0.000   0   0   0   0   0   0   0     0.000     0.000     0.000    -0.014    -0.003     0.000     0.022
   7 0 0 0 1 1 1 1  24   0   3   0   0   0   0     5.106    21.144    22.356     0.000     0.000     0.000     0.000   0   0   0   0   0   0   0     0.000     0.000     0.000    -0.019    -0.049     0.016    -0.000
   7 0 0 0 1 1 1 1  16  25  29   0   0   0   0    53.124     5.715     5.809     0.000     0.000     0.000     0.000   0   0   0   0   0   0   0     0.000     0.000     0.000    -0.020    -0.004    -0.002     0.005
   7 0 0 0 1 1 1 1  30  30  23   0   0   0   0     5.795     5.420     5.998     0.000     0.000     0.000     0.000   0   0   0   0   0   0   0     0.000     0.000     0.000     0.001    -0.002     0.004     0.013
   7 0 0 0 1 1 1 1  25  28   2   0   0   0   0     5.809     5.544    23.570     0.000     0.000     0.000     0.000   0   0   0   0   0   0   0     0.000     0.000     0.000    -0.011    -0.001     0.001     0.020
   7 0 0 0 1 1 1 1   3   2  24   0   0   0   0    22.359    21.838     5.523     0.000     0.000     0.000     0.000   0   0   0   0   0   0   0     0.000     0.000     0.000     0.005    -0.353    -0.002     0.004
   7 0 0 0 1 1 1 1   3   2   3   0   0   0   0    22.356    21.825    22.359     0.000     0.000     0.000     0.000   0   0   0   0   0   0   0     0.000     0.000     0.000    -0.009    -0.065     0.310    -0.000
   7 0 0 0 1 1 1 1   4  10   1   0   0   0   0    23.178    15.492    21.555     0.000     0.000     0.000     0.000   0   0   0   0   0   0   0     0.000     0.000     0.000     0.001    -0.003    -0.006     0.002
   7 0 0 0 1 1 1 1  30  17   1   0   0   0   0     5.808    59.949    22.460     0.000     0.000     0.000     0.000   0   0   0   0   0   0   0     0.000     0.000     0.000    -0.001     0.002     0.005     0.018
   7 0 0 0 1 1 1 1   3  21   3   0   0   0   0    22.359    66.793    22.407     0.000     0.000     0.000     0.000   0   0   0   0   0   0   0     0.000     0.000     0.000    -0.335     0.004     0.030     0.000
   7 0 0 0 1 1 1 1  19  11  32   0   0   0   0    58.409    51.569     4.310     0.000     0.000     0.000     0.000   0   0   0   0   0   0   0     0.000     0.000     0.000    -0.003    -0.015    -0.002     0.005
   7 0 0 0 1 1 1 1  26  10  23   0   0   0   0     5.915    15.506     5.998     0.000     0.000     0.000     0.000   0   0   0   0   0   0   0     0.000     0.000     0.000     0.001    -0.002     0.002     0.012
   7 0 0 0 1 1 1 1   3   2  22   0   0   0   0    22.359    21.838     4.986     0.000     0.000     0.000     0.000   0   0   0   0   0   0   0     0.000     0.000     0.000    -0.001    -0.115    -0.002     0.001
   7 0 0 0 1 1 1 1   3  21  30   0   0   0   0    22.359    66.793     5.782     0.000     0.000     0.000     0.000   0   0   0   0   0   0   0     0.000     0.000     0.000    -0.318     0.004    -0.000     0.009
   7 0 0 0 1 1 1 1   7  21  32   0   0   0   0    20.194    66.793     4.301     0.000     0.000     0.000     0.000   0   0   0   0   0   0   0     0.000     0.000     0.000     0.295     0.002    -0.006     0.000
   7 0 0 0 1 1 1 1   3   0   3   0   0   0   0    22.356    20.656    22.359     0.000     0.000     0.000     0.000   0   0   0   0   0   0   0     0.000     0.000     0.000    -0.004    -0.012     0.120    -0.000
   7 0 0 0 1 1 1 1   3  22  23   0   0   0   0    24.394     4.978     5.424     0.000     0.000     0.000     0.000   0   0   0   0   0   0   0     0.000     0.000     0.000    -0.005     0.000     0.003     0.011
   7 0 0 0 1 1 1 1  24   0   2   0   0   0   0     5.102    21.144    21.838     0.000     0.000     0.000     0.000   0   0   0   0   0   0   0     0.000     0.000     0.000    -0.020    -0.047     0.005    -0.001
   7 0 0 0 1 1 1 1  17  22  17   0   0   0   0    56.463     5.324    56.471     0.000     0.000     0.000     0.000   0   0   0   0   0   0   0     0.000     0.000     0.000    -0.003    -0.031     0.280     0.001
   7 0 0 0 1 1 1 1  10   9   3   0   0   0   0    15.162    17.831    24.268     0.000     0.000     0.000     0.000   0   0   0   0   0   0   0     0.000     0.000     0.000    -0.002     0.006    -0.001     0.002
   7 0 0 0 1 1 1 1  30   0   6   0   0   0   0     5.039    21.144    19.537     0.000     0.000     0.000     0.000   0   0   0   0   0   0   0     0.000     0.000     0.000    -0.008    -0.027     0.009    -0.000
   7 0 0 0 1 1 1 1   3   2   1   0   0   0   0    22.359    21.838    22.444     0.000     0.000     0.000     0.000   0   0   0   0   0   0   0     0.000     0.000     0.000     0.004    -0.302     0.000     0.025
   7 0 0 0 1 1 1 1  17  11  24   0   0   0   0    61.932    51.803     5.525     0.000     0.000     0.000     0.000   0   0   0   0   0   0   0     0.000     0.000     0.000     0.001    -0.004     0.007     0.015
   7 0 0 0 1 1 1 1  25  17  25   0   0   0   0     5.615    57.432     5.617     0.000     0.000     0.000     0.000   0   0   0   0   0   0   0     0.000     0.000     0.000    -0.006     0.001     0.068     0.000
   7 0 0 0 1 1 1 1   1  22   2   0   0   0   0    22.339     4.976    23.570     0.000     0.000     0.000     0.000   0   0   0   0   0   0   0     0.000     0.000     0.000    -0.006     0.000     0.002     0.016
   7 0 0 0 1 1 1 1   3   0  23   0   0   0   0    21.852    21.144     5.869     0.000     0.000     0.000     0.000   0   0   0   0   0   0   0     0.000     0.000     0.000    -0.020    -0.045    -0.001     0.010
   7 0 0 0 1 1 1 1  19  25  32   0   0   0   0    58.409     5.700     4.310     0.000     0.000     0.000     0.000   0   0   0   0   0   0   0     0.000     0.000     0.000    -0.017    -0.002    -0.002     0.004
   7 0 0 0 1 1 1 1   3   0   3   0   0   0   0    22.356    20.656    22.359     0.000     0.000     0.000     0.000   0   0   0   0   0   0   0     0.000     0.000     0.000    -0.003    -0.011     0.110    -0.000
   7 0 0 0 1 1 1 1   3   2   6   0   0   0   0    22.359    21.838    19.537     0.000     0.000     0.000     0.000   0   0   0   0   0   0   0     0.000     0.000     0.000    -0.001    -0.109     0.008     0.000
   7 0 0 0 1 1 1 1  24   1  25   0   0   0   0     5.230    22.034     5.614     0.000     0.000     0.000     0.000   0   0   0   0   0   0   0     0.000     0.000     0.000    -0.009    -0.032     0.015    -0.000
   7 0 0 0 1 1 1 1  13  25  13   0   0   0   0    50.212     5.638    50.259     0.000     0.000     0.000     0.000   0   0   0   0   0   0   0     0.000     0.000     0.000    -0.012    -0.001     0.133     0.001
   7 0 0 0 1 1 1 1  10   1  26   0   0   0   0    15.230    21.554     5.915     0.000     0.000     0.000     0.000   0   0   0   0   0   0   0     0.000     0.000     0.000    -0.004     0.004    -0.001     0.002
   7 0 0 0 1 1 1 1  23  17   1   0   0   0   0     5.862    59.392    22.460     0.000     0.000     0.000     0.000   0   0   0   0   0   0   0     0.000     0.000     0.000    -0.002     0.002     0.003     0.015
   7 0 0 0 1 1 1 1  29   6   2   0   0   0   0     5.814    20.400    23.570     0.000     0.000     0.000     0.000   0   0   0   0   0   0   0     0.000     0.000     0.000     0.001    -0.010     0.002     0.030
   7 0 0 0 1 1 1 1   3   2   3   0   0   0   0    22.356    21.825    22.359     0.000     0.000     0.000     0.000   0   0   0   0   0   0   0     0.000     0.000     0.000    -0.007    -0.060     0.259    -0.000
   7 0 0 0 1 1 1 1   3  10  22   0   0   0   0    24.322    15.242     4.954     0.000     0.000     0.000     0.000   0   0   0   0   0   0   0     0.000     0.000     0.000     0.002    -0.001     0.002     0.006
   7 0 0 0 1 1 1 1  30   0   3   0   0   0   0     5.034    21.144    24.435     0.000     0.000     0.000     0.000   0   0   0   0   0   0   0     0.000     0.000     0.000    -0.007    -0.025    -0.000     0.005
   7 0 0 0 1 1 1 1  20  20  10   0   0   0   0    63.046    63.035    15.483     0.000     0.000     0.000     0.000   0   0   0   0   0   0   0     0.000     0.000     0.000     0.000    -0.194     0.002     0.155
   7 0 0 0 1 1 1 1   9  32  25   0   0   0   0    18.618     4.239     5.778     0.000     0.000     0.000     0.000   0   0   0   0   0   0   0     0.000     0.000     0.000    -0.004     0.002    -0.010    -0.003
   7 0 0 0 1 1 1 1  25  17  27   0   0   0   0     5.887    56.471     5.313     0.000     0.000     0.000     0.000   0   0   0   0   0   0   0     0.000     0.000     0.000     0.001    -0.001     0.001     0.007
   7 0 0 0 1 1 1 1  26  12   1   0   0   0   0     5.916    49.439    22.443     0.000     0.000     0.000     0.000   0   0   0   0   0   0   0     0.000     0.000     0.000    -0.007     0.000     0.002     0.011
   7 0 0 0 1 1 1 1   3   2   3   0   0   0   0    22.359    21.838    22.402     0.000     0.000     0.000     0.000   0   0   0   0   0   0   0     0.000     0.000     0.000     0.004    -0.277     0.032     0.000
   7 0 0 0 1 1 1 1  13  25  13   0   0   0   0    50.238     5.638    50.259     0.000     0.000     0.000     0.000   0   0   0   0   0   0   0     0.000     0.000     0.000    -0.010    -0.001     0.246     0.001
   7 0 0 0 1 1 1 1   3   0   3   0   0   0   0    22.356    20.656    22.359     0.000     0.000     0.000     0.000   0   0   0   0   0   0   0     0.000     0.000     0.000    -0.003    -0.010     0.105    -0.000
   7 0 0 0 1 1 1 1   3   2  14   0   0   0   0    22.359    21.838    46.089     0.000     0.000     0.000     0.000   0   0   0   0   0   0   0     0.000     0.000     0.000    -0.000    -0.103    -0.001     0.002
   7 0 0 0 1 1 1 1   3   0  32   0   0   0   0    21.852    21.144     4.500     0.000     0.000     0.000     0.000   0   0   0   0   0   0   0     0.000     0.000     0.000    -0.017    -0.041    -0.000     0.009
   7 0 0 0 1 1 1 1  17   3  17   0   0   0   0    61.987    22.356    62.233     0.000     0.000     0.000     0.000   0   0   0   0   0   0   0     0.000     0.000     0.000    -0.009     0.000     0.007     0.014
   7 0 0 0 1 1 1 1   4   1  23   0   0   0   0    23.045    21.940     5.839     0.000     0.000     0.000     0.000   0   0   0   0   0   0   0     0.000     0.000     0.000     0.000    -0.003     0.001     0.006
   7 0 0 0 1 1 1 1  30  17  24   0   0   0   0     5.711    58.824     5.715     0.000     0.000     0.000     0.000   0   0   0   0   0   0   0     0.000     0.000     0.000    -0.002     0.001     0.001     0.005
   7 0 0 0 1 1 1 1  31  20  11   0   0   0   0     5.402    63.042    50.281     0.000     0.000     0.000     0.000   0   0   0   0   0   0   0     0.000     0.000     0.000    -0.008     0.011     0.007    -0.000
   7 0 0 0 1 1 1 1  23   0  30   0   0   0   0     5.649    21.375     5.613     0.000     0.000     0.000     0.000   0   0   0   0   0   0   0     0.000     0.000     0.000    -0.006     0.001     0.004    -0.002
   7 0 0 0 1 1 1 1  10   9  25   0   0   0   0    15.162    17.831     5.887     0.000     0.000     0.000     0.000   0   0   0   0   0   0   0     0.000     0.000     0.000    -0.002     0.005    -0.001     0.002
   7 0 0 0 1 1 1 1  14   3   0   0   0   0   0    48.987    24.435    21.144     0.000     0.000     0.000     0.000   0   0   0   0   0   0   0     0.000     0.000     0.000    -0.000     0.004    -0.007    -0.023
   7 0 0 0 1 1 1 1   3   2   3   0   0   0   0    22.378    21.838    22.402     0.000     0.000     0.000     0.000   0   0   0   0   0   0   0     0.000     0.000     0.000     0.003    -0.263     0.040     0.000
   7 0 0 0 1 1 1 1  24  17  30   0   0   0   0     5.515    57.243     5.613     0.000     0.000     0.000     0.000   0   0   0   0   0   0   0     0.000     0.000     0.000    -0.009    -0.001     0.006    -0.001
   7 0 0 0 1 1 1 1  30   0  32   0   0   0   0     5.063    21.144     4.197     0.000     0.000     0.000     0.000   0   0   0   0   0   0   0     0.000     0.000     0.000    -0.004    -0.017     0.005    -0.000
   7 0 0 0 1 1 1 1  26  12   2   0   0   0   0     5.916    49.439    23.570     0.000     0.000     0.000     0.000   0   0   0   0   0   0   0     0.000     0.000     0.000    -0.006     0.000     0.002     0.012
   7 0 0 0 1 1 1 1   3   2   3   0   0   0   0    22.378    21.838    22.402     0.000     0.000     0.000     0.000   0   0   0   0   0   0   0     0.000     0.000     0.000     0.003    -0.250     0.037     0.000
   7 0 0 0 1 1 1 1  20  25  10   0   0   0   0    63.035     5.643    15.490     0.000     0.000     0.000     0.000   0   0   0   0   0   0   0     0.000     0.000     0.000    -0.006     0.000    -0.006     0.233
   7 0 0 0 1 1 1 1   3  10  22   0   0   0   0    24.340    15.492     4.954     0.000     0.000     0.000     0.000   0   0   0   0   0   0   0     0.000     0.000     0.000     0.001    -0.001     0.002     0.006
   7 0 0 0 1 1 1 1  29   8  30   0   0   0   0     5.709    17.520     5.148     0.000     0.000     0.000     0.000   0   0   0   0   0   0   0     0.000     0.000     0.000    -0.009    -0.002     0.011     0.000
   7 0 0 0 1 1 1 1  29   6   2   0   0   0   0     5.814    20.400    23.570     0.000     0.000     0.000     0.000   0   0   0   0   0   0   0     0.000     0.000     0.000     0.001    -0.008     0.001     0.026
   7 0 0 0 1 1 1 1  20  17  11   0   0   0   0    63.035    57.238    51.805     0.000     0.000     0.000     0.000   0   0   0   0   0   0   0     0.000     0.000     0.000    -0.002     0.001     0.222    -0.005
   7 0 0 0 1 1 1 1   9   0   3   0   0   0   0    17.678    21.144    22.377     0.000     0.000     0.000     0.000   0   0   0   0   0   0   0     0.000     0.000     0.000    -0.003    -0.016     0.100    -0.000
   7 0 0 0 1 1 1 1  23  25   1   0   0   0   0     5.862     5.813    22.460     0.000     0.000     0.000     0.000   0   0   0   0   0   0   0     0.000     0.000     0.000    -0.002     0.001     0.003     0.011
   7 0 0 0 1 1 1 1   3   0  28   0   0   0   0    21.852    21.144     5.704     0.000     0.000     0.000     0.000   0   0   0   0   0   0   0     0.000     0.000     0.000    -0.015    -0.039    -0.001     0.005
   7 0 0 0 1 1 1 1  24  17  30   0   0   0   0     5.517    57.243     5.613     0.000     0.000     0.000     0.000   0   0   0   0   0   0   0     0.000     0.000     0.000    -0.008    -0.001     0.005    -0.001
   7 0 0 0 1 1 1 1  30  30  23   0   0   0   0     5.795     5.420     5.998     0.000     0.000     0.000     0.000   0   0   0   0   0   0   0     0.000     0.000     0.000     0.001    -0.001     0.002     0.009
   7 0 1 0 1 1 1 1   2  30   6   0   0   0   0    21.517     5.420    19.458     0.000     0.000     0.000     0.000   0   0   0   0   0   0   0     0.000    -0.021     0.000     0.001    -0.001     0.014    -0.000
   7 0 0 0 1 1 1 1   3   2   3   0   0   0   0    22.378    21.838    22.402     0.000     0.000     0.000     0.000   0   0   0   0   0   0   0     0.000    -0.021     0.000     0.003    -0.237     0.034     0.000
   7 0 0 0 1 1 1 1  20  31  10   0   0   0   0    63.035     5.396    15.490     0.000     0.000     0.000     0.000   0   0   0   0   0   0   0     0.000    -0.021     0.000    -0.005     0.000    -0.005     0.210
   7 0 0 0 1 1 1 1  25   0  25   0   0   0   0     5.615    21.144     5.617     0.000     0.000     0.000     0.000   0   0   0   0   0   0   0     0.000    -0.021     0.000    -0.003    -0.015     0.054     0.000
   7 0 0 0 1 1 1 1  26  12  11   0   0   0   0     5.923    49.439    51.050     0.000     0.000     0.000     0.000   0   0   0   0   0   0   0     0.000    -0.021     0.000    -0.004     0.000     0.004     0.000
   7 0 0 0 1 1 1 1   3   0   2   0   0   0   0    21.852    21.144    21.838     0.000     0.000     0.000     0.000   0   0   0   0   0   0   0     0.000    -0.021     0.000    -0.014    -0.037     0.004    -0.001
   7 0 0 0 1 1 1 1  20  25  10   0   0   0   0    63.035     5.643    15.490     0.000     0.000     0.000     0.000   0   0   0   0   0   0   0     0.000    -0.021     0.000    -0.005     0.000    -0.004     0.200
   7 0 0 0 1 1 1 1  26  10  23   0   0   0   0     5.915    15.506     5.998     0.000     0.000     0.000     0.000   0   0   0   0   0   0   0     0.000    -0.021     0.000     0.001    -0.002     0.001     0.008
   7 0 0 0 1 1 1 1   3   2   6   0   0   0   0    22.378    21.838    19.541     0.000     0.000     0.000     0.000   0   0   0   0   0   0   0     0.000    -0.021     0.000     0.001    -0.098     0.005    -0.000
   7 0 0 0 1 1 1 1  26   3  11   0   0   0   0     5.916    24.277    51.276     0.000     0.000     0.000     0.000   0   0   0   0   0   0   0     0.000    -0.021     0.000    -0.000    -0.010     0.005    -0.007
   7 0 0 0 1 1 1 1  20  10  11   0   0   0   0    63.010    15.049    51.805     0.000     0.000     0.000     0.000   0   0   0   0   0   0   0     0.000    -0.021     0.000    -0.021    -0.000     0.190    -0.002
   7 0 0 0 1 1 1 1   3   2   3   0   0   0   0    22.356    21.825    22.359     0.000     0.000     0.000     0.000   0   0   0   0   0   0   0     0.000    -0.021     0.000    -0.003    -0.017     0.092    -0.000
   7 0 0 0 1 1 1 1   3  23  26   0   0   0   0    24.435     5.495     5.845     0.000     0.000     0.000     0.000   0   0   0   0   0   0   0     0.000    -0.021     0.000    -0.003     0.000     0.001     0.007
   7 0 0 0 1 1 1 1   3   2   3   0   0   0   0    22.378    21.838    22.407     0.000     0.000     0.000     0.000   0   0   0   0   0   0   0     0.000    -0.021     0.000     0.003    -0.225     0.026     0.000
   7 0 0 0 1 1 1 1  20  25  11   0   0   0   0    63.010     5.638    51.805     0.000     0.000     0.000     0.000   0   0   0   0   0   0   0     0.000    -0.021     0.000    -0.005     0.000     0.180    -0.002
   7 0 0 0 1 1 1 1   4   1   1   0   0   0   0    23.045    21.940    21.555     0.000     0.000     0.000     0.000   0   0   0   0   0   0   0     0.000    -0.021     0.000     0.000    -0.003    -0.004     0.001
   7 0 0 0 1 1 1 1  26  28  25   0   0   0   0     5.901     5.522     5.796     0.000     0.000     0.000     0.000   0   0   0   0   0   0   0     0.000    -0.021     0.000    -0.009    -0.000    -0.001     0.001
   7 0 0 0 1 1 1 1   3   0   1   0   0   0   0    21.852    21.144    22.444     0.000     0.000     0.000     0.000   0   0   0   0   0   0   0     0.000    -0.021     0.000    -0.013    -0.036    -0.000     0.018
   7 0 0 0 1 1 1 1   9  24  11   0   0   0   0    18.620     5.520    51.148     0.000     0.000     0.000     0.000   0   0   0   0   0   0   0     0.000    -0.021     0.000    -0.001     0.002    -0.001    -0.007
   7 0 0 0 1 1 1 1  23  24  23   0   0   0   0     5.850     5.514     5.998     0.000     0.000     0.000     0.000   0   0   0   0   0   0   0     0.000    -0.021     0.000     0.001    -0.001     0.002     0.007
   7 0 1 0 1 1 1 1   2  24   6   0   0   0   0    21.517     5.514    19.458     0.000     0.000     0.000     0.000   0   0   0   0   0   0   0     0.000    -0.020     0.000     0.001    -0.001     0.012    -0.000
   7 0 0 0 1 1 1 1   3   2   3   0   0   0   0    22.378    21.838    22.402     0.000     0.000     0.000     0.000   0   0   0   0   0   0   0     0.000    -0.020     0.000     0.003    -0.214     0.029     0.000
   7 0 0 0 1 1 1 1  10   0  12   0   0   0   0    15.087    20.968    49.693     0.000     0.000     0.000     0.000   0   0   0   0   0   0   0     0.000    -0.020     0.000    -0.008    -0.020    -0.002     0.001
   7 0 0 0 1 1 1 1  25  16  32   0   0   0   0     5.576    55.649     4.197     0.000     0.000     0.000     0.000   0   0   0   0   0   0   0     0.000    -0.020     0.000    -0.011    -0.003     0.004    -0.000
   7 0 0 0 1 1 1 1  23  17  24   0   0   0   0     5.862    59.949     5.715     0.000     0.000     0.000     0.000   0   0   0   0   0   0   0     0.000    -0.020     0.000    -0.001     0.001     0.001     0.004
   7 0 0 0 1 1 1 1  22   5  24   0   0   0   0     4.883    22.977     5.373     0.000     0.000     0.000     0.000   0   0   0   0   0   0   0     0.000    -0.020     0.000     0.006     0.012    -0.007     0.001
   7 0 0 0 1 1 1 1  27  27  10   0   0   0   0     4.922     4.890    15.087     0.000     0.000     0.000     0.000   0   0   0   0   0   0   0     0.000    -0.020     0.000     0.012     0.006    -0.013     0.000
   7 0 0 0 1 1 1 1   3  10  22   0   0   0   0    24.351    15.242     4.954     0.000     0.000     0.000     0.000   0   0   0   0   0   0   0     0.000    -0.020     0.000     0.002    -0.001     0.002     0.005
   7 0 0 0 1 1 1 1  26  12  25   0   0   0   0     5.914    49.439     5.820     0.000     0.000     0.000     0.000   0   0   0   0   0   0   0     0.000    -0.020     0.000    -0.005     0.000     0.000     0.003
   7 0 0 0 1 1 1 1  28   1  25   0   0   0   0     5.704    21.459     5.617     0.000     0.000     0.000     0.000   0   0   0   0   0   0   0     0.000    -0.020     0.000    -0.203    -0.000     0.145     0.002
   7 0 0 0 1 1 1 1  20  25  11   0   0   0   0    63.010     5.785    51.805     0.000     0.000     0.000     0.000   0   0   0   0   0   0   0     0.000    -0.020     0.000    -0.002     0.001     0.171    -0.002
   7 0 0 0 1 1 1 1  17  17  30   0   0   0   0    56.471    56.463     5.474     0.000     0.000     0.000     0.000   0   0   0   0   0   0   0     0.000    -0.020     0.000     0.000     0.087     0.001    -0.003
   7 0 0 0 1 1 1 1   3  28  26   0   0   0   0    24.435     5.584     5.845     0.000     0.000     0.000     0.000   0   0   0   0   0   0   0     0.000    -0.020     0.000    -0.002     0.000     0.001     0.007
   7 0 0 0 1 1 1 1   3   2   2   0   0   0   0    21.852    21.517    21.838     0.000     0.000     0.000     0.000   0   0   0   0   0   0   0     0.000    -0.020     0.000    -0.034    -0.012     0.003    -0.001
   7 0 0 0 1 1 1 1  24  17  30   0   0   0   0     5.521    57.193     5.613     0.000     0.000     0.000     0.000   0   0   0   0   0   0   0     0.000    -0.020     0.000    -0.006    -0.000     0.006    -0.001
   7 0 0 0 1 1 1 1  26  10  25   0   0   0   0     5.915    15.506     5.824     0.000     0.000     0.000     0.000   0   0   0   0   0   0   0     0.000    -0.020     0.000     0.000    -0.001     0.000     0.002
   7 0 1 0 1 1 1 1   2  10   6   0   0   0   0    21.517    15.506    19.458     0.000     0.000     0.000     0.000   0   0   0   0   0   0   0     0.000    -0.018     0.000     0.000    -0.001     0.012    -0.000
   7 0 0 0 1 1 1 1   3   2  23   0   0   0   0    22.378    21.838     5.799     0.000     0.000     0.000     0.000   0   0   0   0   0   0   0     0.000    -0.018     0.000     0.002    -0.193    -0.001     0.004
   7 0 0 0 1 1 1 1  20  25  11   0   0   0   0    63.010     5.638    51.805     0.000     0.000     0.000     0.000   0   0   0   0   0   0   0     0.000    -0.018     0.000    -0.005     0.000     0.162    -0.002
   7 0 0 0 1 1 1 1   4   0   3   0   0   0   0    22.026    20.685    22.377     0.000     0.000     0.000     0.000   0   0   0   0   0   0   0     0.000    -0.018     0.000    -0.002    -0.008     0.083    -0.000
   7 0 0 0 1 1 1 1  26  12  25   0   0   0   0     5.913    49.439     5.818     0.000     0.000     0.000     0.000   0   0   0   0   0   0   0     0.000    -0.018     0.000    -0.005     0.000    -0.000     0.002
   7 0 0 0 1 1 1 1  25   4  31   0   0   0   0     5.973    23.827     5.465     0.000     0.000     0.000     0.000   0   0   0   0   0   0   0     0.000    -0.018     0.000    -0.000    -0.033     0.004     0.008
   7 0 0 0 1 1 1 1  20  17  11   0   0   0   0    63.010    57.102    51.805     0.000     0.000     0.000     0.000   0   0   0   0   0   0   0     0.000    -0.018     0.000    -0.002     0.001     0.154    -0.002
   7 0 0 0 1 1 1 1  30  30  25   0   0   0   0     5.706     5.420     5.825     0.000     0.000     0.000     0.000   0   0   0   0   0   0   0     0.000    -0.018     0.000     0.001    -0.001     0.001     0.004
   7 0 1 0 1 1 1 1   2  30   6   0   0   0   0    21.517     5.420    19.468     0.000     0.000     0.000     0.000   0   0   0   0   0   0   0     0.000    -0.017     0.000     0.001    -0.001     0.008    -0.000
   7 0 0 0 1 1 1 1   3   2   3   0   0   0   0    22.378    21.838    22.402     0.000     0.000     0.000     0.000   0   0   0   0   0   0   0     0.000    -0.017     0.000     0.002    -0.183     0.027     0.000
   7 0 0 0 1 1 1 1  24  17  17   0   0   0   0     5.520    57.193    57.168     0.000     0.000     0.000     0.000   0   0   0   0   0   0   0     0.000    -0.017     0.000    -0.005    -0.001    -0.000     0.006
   7 0 0 1 1 1 1 1  18  17  17   0   0   0   0    50.820    56.471    57.168     0.000     0.000     0.000     0.000   0   0   0   0   0   0   0     0.000    -0.017    -0.011     0.001    -0.000    -0.000     0.006
   7 0 0 0 1 1 1 1   3  23  26   0   0   0   0    24.435     5.495     5.845     0.000     0.000     0.000     0.000   0   0   0   0   0   0   0     0.000    -0.017    -0.011    -0.002     0.000     0.001     0.006
   7 0 0 0 1 1 1 1   3   0   2   0   0   0   0    21.852    21.144    23.570     0.000     0.000     0.000     0.000   0   0   0   0   0   0   0     0.000    -0.017    -0.011    -0.011    -0.032    -0.000     0.022
   7 0 0 0 1 1 1 1  20  21  11   0   0   0   0    62.975    66.609    51.805     0.000     0.000     0.000     0.000   0   0   0   0   0   0   0     0.000    -0.017    -0.011     0.001    -0.002     0.147    -0.001
   7 0 0 0 1 1 1 1   4  17  12   0   0   0   0    23.767    56.471    50.448     0.000     0.000     0.000     0.000   0   0   0   0   0   0   0     0.000    -0.017    -0.011     0.001    -0.001     0.001     0.007
   7 0 0 0 1 1 1 1   3   2  28   0   0   0   0    22.378    21.838     5.643     0.000     0.000     0.000     0.000   0   0   0   0   0   0   0     0.000    -0.017    -0.011     0.001    -0.093    -0.000     0.001
   7 0 0 0 1 1 1 1  29  17  22   0   0   0   0     5.831    59.338     4.994     0.000     0.000     0.000     0.000   0   0   0   0   0   0   0     0.000    -0.017    -0.011    -0.004     0.002    -0.005     0.002
   7 0 0 0 1 1 1 1   9  21   1   0   0   0   0    18.630    66.791    22.388     0.000     0.000     0.000     0.000   0   0   0   0   0   0   0     0.000    -0.017    -0.011     0.002    -0.001    -0.005    -0.001
   7 0 0 0 1 1 1 1  30  21  32   0   0   0   0     5.052    67.739     4.197     0.000     0.000     0.000     0.000   0   0   0   0   0   0   0     0.000    -0.017    -0.011    -0.003    -0.011     0.004    -0.000
   7 0 0 0 1 1 1 1  26  28  25   0   0   0   0     5.901     5.522     5.889     0.000     0.000     0.000     0.000   0   0   0   0   0   0   0     0.000    -0.017    -0.011    -0.007    -0.000     0.000     0.002
   7 0 0 0 1 1 1 1  24  17  13   0   0   0   0     5.523    58.633    50.135     0.000     0.000     0.000     0.000   0   0   0   0   0   0   0     0.000    -0.017    -0.011    -0.006     0.001     0.003    -0.002
   7 0 0 0 1 1 1 1  10  11  20   0   0   0   0    15.087    55.509    63.010     0.000     0.000     0.000     0.000   0   0   0   0   0   0   0     0.000    -0.017    -0.011    -0.017    -0.006    -0.000     0.006
   7 0 0 0 1 1 1 1   4   0   3   0   0   0   0    22.026    20.685    22.377     0.000     0.000     0.000     0.000   0   0   0   0   0   0   0     0.000    -0.017    -0.011    -0.002    -0.007     0.079    -0.000
   7 0 1 0 1 1 1 1   2   0   6   0   0   0   0    21.517    20.685    19.458     0.000     0.000     0.000     0.000   0   0   0   0   0   0   0     0.000    -0.016    -0.011    -0.002    -0.007     0.010    -0.000
   7 0 0 0 1 1 1 1  22   5   4   0   0   0   0     4.894    22.977    23.830     0.000     0.000     0.000     0.000   0   0   0   0   0   0   0     0.000    -0.016    -0.011     0.004     0.010    -0.000    -0.026
   7 0 0 0 1 1 1 1  27  12  21   0   0   0   0     4.919    54.204    66.791     0.000     0.000     0.000     0.000   0   0   0   0   0   0   0     0.000    -0.016    -0.011     0.005     0.010     0.001    -0.001
   7 0 0 0 1 1 1 1   4  17  12   0   0   0   0    23.767    56.471    50.448     0.000     0.000     0.000     0.000   0   0   0   0   0   0   0     0.000    -0.016    -0.011     0.001    -0.001     0.001     0.006
   7 0 0 0 1 1 1 1   3  28  26   0   0   0   0    24.435     5.587     5.845     0.000     0.000     0.000     0.000   0   0   0   0   0   0   0     0.000    -0.016    -0.011    -0.002     0.000     0.001     0.005
   7 0 0 0 1 1 1 1  20  20  10   0   0   0   0    63.042    63.035    15.483     0.000     0.000     0.000     0.000   0   0   0   0   0   0   0     0.000    -0.016    -0.011     0.000    -0.174    -0.001     0.138
   7 0 0 0 1 1 1 1  28  26  14   0   0   0   0     5.569     5.833    47.046     0.000     0.000     0.000     0.000   0   0   0   0   0   0   0     0.000    -0.016    -0.011    -0.010    -0.001     0.000     0.009
   7 0 0 0 1 1 1 1  10   9  25   0   0   0   0    15.150    17.831     5.887     0.000     0.000     0.000     0.000   0   0   0   0   0   0   0     0.000    -0.016    -0.011    -0.003     0.004    -0.000     0.001
   7 0 0 0 1 1 1 1  26  12  25   0   0   0   0     5.911    49.439     5.825     0.000     0.000     0.000     0.000   0   0   0   0   0   0   0     0.000    -0.016    -0.011    -0.004     0.000    -0.000     0.002
   7 0 0 0 1 1 1 1   1  20   3   0   0   0   0    22.444    63.042    24.426     0.000     0.000     0.000     0.000   0   0   0   0   0   0   0     0.000    -0.016    -0.011    -0.000     0.008     0.005     0.019
   7 0 0 0 1 1 1 1   9  21   1   0   0   0   0    18.627    66.791    22.388     0.000     0.000     0.000     0.000   0   0   0   0   0   0   0     0.000    -0.016    -0.011     0.001    -0.001    -0.004    -0.001
   7 0 0 1 1 1 1 1  18  30   1   0   0   0   0    50.820     5.287    22.388     0.000     0.000     0.000     0.000   0   0   0   0   0   0   0     0.000    -0.016    -0.010     0.001    -0.000    -0.004    -0.001
   7 0 0 0 1 1 1 1   1  11  28   0   0   0   0    21.496    51.805     5.646     0.000     0.000     0.000     0.000   0   0   0   0   0   0   0     0.000    -0.016    -0.010    -0.089     0.000    -0.000     0.002
   7 0 0 0 1 1 1 1   3  21   3   0   0   0   0    22.378    66.793    22.407     0.000     0.000     0.000     0.000   0   0   0   0   0   0   0     0.000    -0.016    -0.010    -0.165     0.002     0.021     0.000
   7 0 0 0 1 1 1 1  13  19  13   0   0   0   0    50.238    61.062    50.259     0.000     0.000     0.000     0.000   0   0   0   0   0   0   0     0.000    -0.016    -0.010    -0.000    -0.006     0.139     0.001
   7 0 0 0 1 1 1 1  25  16  32   0   0   0   0     5.576    55.649     4.193     0.000     0.000     0.000     0.000   0   0   0   0   0   0   0     0.000    -0.016    -0.010    -0.009    -0.002     0.004    -0.000
   7 0 0 1 1 1 1 1  14   6  32   0   0   0   0    49.117    19.625     4.193     0.000     0.000     0.000     0.000   0   0   0   0   0   0   0     0.000    -0.016    -0.015     0.003    -0.000     0.004    -0.000
   7 0 0 0 1 1 1 1   3   2  32   0   0   0   0    21.658    21.517     4.500     0.000     0.000     0.000     0.000   0   0   0   0   0   0   0     0.000    -0.016    -0.015    -0.030    -0.010    -0.000     0.006
   7 0 0 0 1 1 1 1  10   0  13   0   0   0   0    15.049    20.922    50.238     0.000     0.000     0.000     0.000   0   0   0   0   0   0   0     0.000    -0.016    -0.015    -0.004    -0.016    -0.001     0.001
   7 0 0 0 1 1 1 1  20  20  10   0   0   0   0    63.042    63.035    15.483     0.000     0.000     0.000     0.000   0   0   0   0   0   0   0     0.000    -0.016    -0.015    -0.000     0.075    -0.002    -0.016
   7 0 0 0 1 1 1 1  26  13  25   0   0   0   0     5.905    47.988     5.823     0.000     0.000     0.000     0.000   0   0   0   0   0   0   0     0.000    -0.016    -0.015    -0.007    -0.000    -0.000     0.002
   7 0 0 0 1 1 1 1  22   9   4   0   0   0   0     4.894    18.596    23.830     0.000     0.000     0.000     0.000   0   0   0   0   0   0   0     0.000    -0.016    -0.015     0.004     0.011    -0.000    -0.023
   7 0 0 0 1 1 1 1  10  11  12   0   0   0   0    15.087    55.509    49.693     0.000     0.000     0.000     0.000   0   0   0   0   0   0   0     0.000    -0.016    -0.015    -0.015    -0.005    -0.001     0.001
   7 0 0 0 1 1 1 1   3  10  25   0   0   0   0    24.353    15.506     5.825     0.000     0.000     0.000     0.000   0   0   0   0   0   0   0     0.000    -0.016    -0.015     0.000    -0.001    -0.002     0.002
   7 0 1 0 1 1 1 1   6  10  32   0   0   0   0    19.438    15.506     4.196     0.000     0.000     0.000     0.000   0   0   0   0   0   0   0     0.000     0.010    -0.015     0.000    -0.001    -0.003     0.000
   7 0 0 0 1 1 1 1   3   2   2   0   0   0   0    21.669    21.517    21.838     0.000     0.000     0.000     0.000   0   0   0   0   0   0   0     0.000     0.010    -0.015    -0.029    -0.009     0.003    -0.001
   7 0 0 0 1 1 1 1  28   4  23   0   0   0   0     5.749    22.023     5.848     0.000     0.000     0.000     0.000   0   0   0   0   0   0   0     0.000     0.010    -0.015    -0.009     0.000     0.008     0.004
   7 0 0 0 1 1 1 1  23  24  23   0   0   0   0     5.850     5.517     5.998     0.000     0.000     0.000     0.000   0   0   0   0   0   0   0     0.000     0.010    -0.015     0.000    -0.001     0.001     0.006
   7 0 0 0 1 1 1 1   1  11  28   0   0   0   0    21.496    51.805     5.646     0.000     0.000     0.000     0.000   0   0   0   0   0   0   0     0.000     0.010    -0.015    -0.084     0.000    -0.000     0.001
   7 0 0 0 1 1 1 1  32   3  30   0   0   0   0     4.335    24.231     5.382     0.000     0.000     0.000     0.000   0   0   0   0   0   0   0     0.000     0.010    -0.015    -0.001    -0.038     0.005     0.001
   7 0 0 0 1 1 1 1  24  12  17   0   0   0   0     5.523    49.387    57.168     0.000     0.000     0.000     0.000   0   0   0   0   0   0   0     0.000     0.010    -0.015    -0.003    -0.000    -0.000     0.007
   7 0 0 0 1 1 1 1  17  17  30   0   0   0   0    56.471    56.463     5.420     0.000     0.000     0.000     0.000   0   0   0   0   0   0   0     0.000     0.010    -0.015     0.000     0.071     0.000    -0.002
   7 0 0 0 1 1 1 1   3  28  26   0   0   0   0    24.435     5.587     5.845     0.000     0.000     0.000     0.000   0   0   0   0   0   0   0     0.000     0.010    -0.015    -0.001     0.000     0.001     0.005
   7 0 0 0 1 1 1 1   3   2   3   0   0   0   0    22.378    21.838    22.501     0.000     0.000     0.000     0.000   0   0   0   0   0   0   0     0.000     0.010    -0.015     0.002    -0.157     0.009    -0.000
   7 0 0 0 1 1 1 1  21   2  21   0   0   0   0    66.791    21.851    66.797     0.000     0.000     0.000     0.000   0   0   0   0   0   0   0     0.000     0.010    -0.015     0.132     0.000    -0.031    -0.001
   7 0 0 0 1 1 1 1  30  21  32   0   0   0   0     5.063    67.739     4.193     0.000     0.000     0.000     0.000   0   0   0   0   0   0   0     0.000     0.010    -0.015    -0.002    -0.010     0.003    -0.000
   7 0 0 0 1 1 1 1   1  11   1   0   0   0   0    21.496    51.805    21.916     0.000     0.000     0.000     0.000   0   0   0   0   0   0   0     0.000     0.010    -0.015    -0.080     0.000     0.001    -0.000
   7 0 0 0 1 1 1 1  23  12   1   0   0   0   0     5.869    46.667    22.460     0.000     0.000     0.000     0.000   0   0   0   0   0   0   0     0.000     0.010    -0.015    -0.012    -0.000     0.004     0.018
   7 0 0 0 1 1 1 1  10   0  13   0   0   0   0    15.087    20.968    50.238     0.000     0.000     0.000     0.000   0   0   0   0   0   0   0     0.000     0.010    -0.015    -0.005    -0.013    -0.001     0.001
   7 0 0 0 1 1 1 1  26  12  11   0   0   0   0     5.909    49.583    51.628     0.000     0.000     0.000     0.000   0   0   0   0   0   0   0     0.000     0.010    -0.015    -0.002    -0.000     0.001     0.005
   7 0 1 0 1 1 1 1   2  12   6   0   0   0   0    21.517    49.583    19.513     0.000     0.000     0.000     0.000   0   0   0   0   0   0   0     0.000    -0.014    -0.015    -0.002    -0.000     0.005    -0.000
   7 0 0 0 1 1 1 1  32  20  22   0   0   0   0     4.319    62.362     5.001     0.000     0.000     0.000     0.000   0   0   0   0   0   0   0     0.000    -0.014    -0.015    -0.008     0.000    -0.001     0.002
   7 0 0 0 1 1 1 1  21   2  21   0   0   0   0    66.791    21.851    66.797     0.000     0.000     0.000     0.000   0   0   0   0   0   0   0     0.000    -0.014    -0.015     0.125     0.000    -0.029    -0.001
   7 0 0 0 1 1 1 1   6  30  25   0   0   0   0    20.632     5.420     5.685     0.000     0.000     0.000     0.000   0   0   0   0   0   0   0     0.000    -0.014    -0.015     0.000    -0.002     0.003     0.000
   7 0 0 0 1 1 1 1  26  12  25   0   0   0   0     5.913    49.439     5.803     0.000     0.000     0.000     0.000   0   0   0   0   0   0   0     0.000    -0.014    -0.015    -0.003     0.000    -0.000     0.002
   7 0 0 0 1 1 1 1  25   4  27   0   0   0   0     5.973    23.817     5.185     0.000     0.000     0.000     0.000   0   0   0   0   0   0   0     0.000    -0.014    -0.015    -0.000    -0.020     0.007     0.003
   7 0 0 0 1 1 1 1  28   4  23   0   0   0   0     5.749    22.023     5.848     0.000     0.000     0.000     0.000   0   0   0   0   0   0   0     0.000    -0.014    -0.015    -0.008     0.000     0.007     0.004
   7 0 0 0 1 1 1 1  30   1  32   0   0   0   0     5.097    22.055     4.193     0.000     0.000     0.000     0.000   0   0   0   0   0   0   0     0.000    -0.014    -0.015    -0.002    -0.010     0.005    -0.000
   7 0 0 0 1 1 1 1   1  11  28   0   0   0   0    21.496    51.805     5.643     0.000     0.000     0.000     0.000   0   0   0   0   0   0   0     0.000    -0.014    -0.015    -0.076     0.000    -0.000     0.001
   7 0 0 0 1 1 1 1  20  20  11   0   0   0   0    63.042    63.035    51.998     0.000     0.000     0.000     0.000   0   0   0   0   0   0   0     0.000    -0.014    -0.015     0.000    -0.149     0.131    -0.002
