  404
   1 1   0     0.000   0     4.857
   1 1   0     0.000   0     5.512
   1 1   0     0.000   0     5.801
   1 1   0     0.000   0     6.064
   7 0 0 0 1 1 1 1  31  12  16   0   0   0   0     5.337    47.051    59.994     0.000     0.000     0.000     0.000   0   0   0   0   0   0   0     0.000     0.000     0.000    -0.267    -0.135     0.019     0.161
   7 0 0 0 1 1 1 1  25  12  25   0   0   0   0     5.533    47.051     5.773     0.000     0.000     0.000     0.000   0   0   0   0   0   0   0     0.000     0.000     0.000    -0.341    -0.200    -0.032     0.086
   7 0 0 0 1 1 1 1  29  25  26   0   0   0   0     5.524     5.232     5.870     0.000     0.000     0.000     0.000   0   0   0   0   0   0   0     0.000     0.000     0.000    -0.306    -0.160    -0.021     0.071
   7 0 0 0 1 1 1 1  29  29  24   0   0   0   0     5.658     5.372     5.447     0.000     0.000     0.000     0.000   0   0   0   0   0   0   0     0.000     0.000     0.000    -0.505    -0.210    -0.002     0.168
   7 0 0 0 1 1 1 1  31  17  16   0   0   0   0     5.345    56.278    59.532     0.000     0.000     0.000     0.000   0   0   0   0   0   0   0     0.000     0.000     0.000    -0.246    -0.122     0.016     0.139
   7 0 0 0 1 1 1 1  25  25  25   0   0   0   0     5.573     5.252     5.793     0.000     0.000     0.000     0.000   0   0   0   0   0   0   0     0.000     0.000     0.000    -0.304    -0.166    -0.019     0.080
   7 0 0 0 1 1 1 1  29  25  26   0   0   0   0     5.556     5.257     5.883     0.000     0.000     0.000     0.000   0   0   0   0   0   0   0     0.000     0.000     0.000    -0.271    -0.131    -0.010     0.067
   7 0 0 0 1 1 1 1  29  29  24   0   0   0   0     5.610     5.336     5.438     0.000     0.000     0.000     0.000   0   0   0   0   0   0   0     0.000     0.000     0.000    -0.472    -0.228    -0.016     0.146
   7 0 0 0 1 1 1 1  31  12  27   0   0   0   0     5.337    47.649     5.181     0.000     0.000     0.000     0.000   0   0   0   0   0   0   0     0.000     0.000     0.000    -0.199    -0.092     0.128     0.014
   7 0 0 0 1 1 1 1  25   4  25   0   0   0   0     5.531    22.260     5.748     0.000     0.000     0.000     0.000   0   0   0   0   0   0   0     0.000     0.000     0.000    -0.277    -0.162    -0.032     0.068
   7 0 0 0 1 1 1 1  29  25  26   0   0   0   0     5.517     5.185     5.865     0.000     0.000     0.000     0.000   0   0   0   0   0   0   0     0.000     0.000     0.000    -0.262    -0.144    -0.023     0.056
   7 0 0 0 1 1 1 1  24  24  29   0   0   0   0     5.322     5.151     5.767     0.000     0.000     0.000     0.000   0   0   0   0   0   0   0     0.000     0.000     0.000    -0.392    -0.173    -0.008     0.130
   7 0 0 0 1 1 1 1  31  18  16   0   0   0   0     5.348    49.875    60.062     0.000     0.000     0.000     0.000   0   0   0   0   0   0   0     0.000     0.000     0.000    -0.097    -0.203     0.014     0.121
   7 0 0 0 1 1 1 1   3  12  25   0   0   0   0    22.594    47.883     5.866     0.000     0.000     0.000     0.000   0   0   0   0   0   0   0     0.000     0.000     0.000    -0.220    -0.094     0.011     0.080
   7 0 0 0 1 1 1 1  29   3  26   0   0   0   0     5.608    22.222     5.883     0.000     0.000     0.000     0.000   0   0   0   0   0   0   0     0.000     0.000     0.000    -0.212    -0.088    -0.003     0.055
   7 0 0 0 1 1 1 1  29  11  24   0   0   0   0     5.675    45.761     5.483     0.000     0.000     0.000     0.000   0   0   0   0   0   0   0     0.000     0.000     0.000    -0.348    -0.131     0.012     0.137
   7 0 0 0 1 1 1 1  25  18  27   0   0   0   0     5.579    50.013     5.252     0.000     0.000     0.000     0.000   0   0   0   0   0   0   0     0.000     0.000     0.000    -0.101    -0.194     0.078    -0.003
   7 0 0 0 1 1 1 1  25  12  25   0   0   0   0     5.623    47.401     5.918     0.000     0.000     0.000     0.000   0   0   0   0   0   0   0     0.000     0.000     0.000    -0.220    -0.101     0.021     0.086
   7 0 0 0 1 1 1 1  29  25  31   0   0   0   0     5.576     5.216     5.435     0.000     0.000     0.000     0.000   0   0   0   0   0   0   0     0.000     0.000     0.000    -0.206    -0.096    -0.010     0.047
   7 0 0 0 1 1 1 1  24  29  28   0   0   0   0     5.329     5.303     5.611     0.000     0.000     0.000     0.000   0   0   0   0   0   0   0     0.000     0.000     0.000    -0.372    -0.166     0.019     0.142
   7 0 0 0 1 1 1 1  31  12  27   0   0   0   0     5.368    47.981     5.175     0.000     0.000     0.000     0.000   0   0   0   0   0   0   0     0.000     0.000     0.000    -0.140    -0.050     0.099     0.012
   7 0 0 0 1 1 1 1   3  12  25   0   0   0   0    22.516    46.767     5.830     0.000     0.000     0.000     0.000   0   0   0   0   0   0   0     0.000     0.000     0.000    -0.219    -0.113    -0.003     0.060
   7 0 0 0 1 1 1 1  29  25  26   0   0   0   0     5.502     5.126     5.866     0.000     0.000     0.000     0.000   0   0   0   0   0   0   0     0.000     0.000     0.000    -0.214    -0.120    -0.019     0.042
   7 0 0 0 1 1 1 1  29  29  24   0   0   0   0     5.563     5.268     5.418     0.000     0.000     0.000     0.000   0   0   0   0   0   0   0     0.000     0.000     0.000    -0.360    -0.192    -0.023     0.095
   7 0 0 0 1 1 1 1  31  22  16   0   0   0   0     5.370     5.464    60.632     0.000     0.000     0.000     0.000   0   0   0   0   0   0   0     0.000     0.000     0.000    -0.052    -0.134     0.013     0.099
   7 0 0 0 1 1 1 1  25  12  25   0   0   0   0     5.619    48.166     5.910     0.000     0.000     0.000     0.000   0   0   0   0   0   0   0     0.000     0.000     0.000    -0.159    -0.059     0.014     0.069
   7 0 0 0 1 1 1 1  24  17  31   0   0   0   0     5.287    56.804     5.430     0.000     0.000     0.000     0.000   0   0   0   0   0   0   0     0.000     0.000     0.000    -0.158    -0.069    -0.013     0.040
   7 0 0 0 1 1 1 1  29  24  24   0   0   0   0     5.677     5.171     5.483     0.000     0.000     0.000     0.000   0   0   0   0   0   0   0     0.000     0.000     0.000    -0.260    -0.099     0.009     0.104
   7 0 0 0 1 1 1 1  12  18  16   0   0   0   0    48.281    50.115    59.270     0.000     0.000     0.000     0.000   0   0   0   0   0   0   0     0.000     0.000     0.000    -0.070    -0.159     0.007     0.077
   7 0 0 0 1 1 1 1   4  25  25   0   0   0   0    22.502     5.291     5.933     0.000     0.000     0.000     0.000   0   0   0   0   0   0   0     0.000     0.000     0.000    -0.163    -0.071     0.018     0.069
   7 0 0 0 1 1 1 1  29  25  16   0   0   0   0     5.610     5.165    59.870     0.000     0.000     0.000     0.000   0   0   0   0   0   0   0     0.000     0.000     0.000    -0.166    -0.074     0.013     0.063
   7 0 0 0 1 1 1 1  29  12  24   0   0   0   0     5.651    47.105     5.462     0.000     0.000     0.000     0.000   0   0   0   0   0   0   0     0.000     0.000     0.000    -0.263    -0.113    -0.000     0.089
   7 0 0 0 1 1 1 1  31  12  16   0   0   0   0     5.374    47.757    60.886     0.000     0.000     0.000     0.000   0   0   0   0   0   0   0     0.000     0.000     0.000    -0.108    -0.041     0.012     0.085
   7 0 0 0 1 1 1 1  25  12  25   0   0   0   0     5.665    48.222     5.943     0.000     0.000     0.000     0.000   0   0   0   0   0   0   0     0.000     0.000     0.000    -0.129    -0.042     0.022     0.065
   7 0 0 0 1 1 1 1  31   3  29   0   0   0   0     5.342    22.281     5.823     0.000     0.000     0.000     0.000   0   0   0   0   0   0   0     0.000     0.000     0.000    -0.124    -0.044     0.009     0.048
   7 0 0 0 1 1 1 1  24  29  28   0   0   0   0     5.339     5.287     5.632     0.000     0.000     0.000     0.000   0   0   0   0   0   0   0     0.000     0.000     0.000    -0.259    -0.108     0.022     0.119
   7 0 0 0 1 1 1 1  12   4  27   0   0   0   0    48.511    22.252     5.262     0.000     0.000     0.000     0.000   0   0   0   0   0   0   0     0.000     0.000     0.000    -0.114    -0.049     0.050    -0.003
   7 0 0 0 1 1 1 1  25  12  25   0   0   0   0     5.667    46.587     5.927     0.000     0.000     0.000     0.000   0   0   0   0   0   0   0     0.000     0.000     0.000    -0.161    -0.060     0.018     0.055
   7 0 0 0 1 1 1 1  24   1  29   0   0   0   0     5.287    21.947     5.787     0.000     0.000     0.000     0.000   0   0   0   0   0   0   0     0.000     0.000     0.000    -0.063    -0.136    -0.001     0.038
   7 0 0 0 1 1 1 1  29  29  29   0   0   0   0     5.569     5.236     5.752     0.000     0.000     0.000     0.000   0   0   0   0   0   0   0     0.000     0.000     0.000    -0.271    -0.135    -0.019     0.066
   7 0 0 0 1 1 1 1  31  13  16   0   0   0   0     5.384    49.747    56.781     0.000     0.000     0.000     0.000   0   0   0   0   0   0   0     0.000     0.000     0.000    -0.092    -0.035    -0.000     0.049
   7 0 0 0 1 1 1 1  25  18  25   0   0   0   0     5.537    50.249     5.789     0.000     0.000     0.000     0.000   0   0   0   0   0   0   0     0.000     0.000     0.000    -0.080    -0.164    -0.014     0.034
   7 0 0 0 1 1 1 1  31  25  26   0   0   0   0     5.370     5.374     5.985     0.000     0.000     0.000     0.000   0   0   0   0   0   0   0     0.000     0.000     0.000    -0.100    -0.032     0.016     0.091
   7 0 0 0 1 1 1 1  29  24  30   0   0   0   0     5.701     5.233     5.629     0.000     0.000     0.000     0.000   0   0   0   0   0   0   0     0.000     0.000     0.000    -0.168    -0.050     0.027     0.119
   7 0 0 0 1 1 1 1  29  18  27   0   0   0   0     5.677    50.281     5.399     0.000     0.000     0.000     0.000   0   0   0   0   0   0   0     0.000     0.000     0.000    -0.047    -0.123     0.034    -0.015
   7 0 0 0 1 1 1 1   4  12  25   0   0   0   0    22.468    46.415     5.838     0.000     0.000     0.000     0.000   0   0   0   0   0   0   0     0.000     0.000     0.000    -0.137    -0.058     0.001     0.035
   7 0 0 0 1 1 1 1  31  25  19   0   0   0   0     5.376     5.303    65.391     0.000     0.000     0.000     0.000   0   0   0   0   0   0   0     0.000     0.000     0.000    -0.094    -0.032     0.012     0.053
   7 0 0 0 1 1 1 1  24  28  28   0   0   0   0     5.339     5.088     5.640     0.000     0.000     0.000     0.000   0   0   0   0   0   0   0     0.000     0.000     0.000    -0.217    -0.086     0.016     0.098
   7 0 0 0 1 1 1 1  12  18  19   0   0   0   0    48.274    50.281    66.077     0.000     0.000     0.000     0.000   0   0   0   0   0   0   0     0.000     0.000     0.000    -0.046    -0.110     0.006     0.067
   7 0 0 0 1 1 1 1  25  12  25   0   0   0   0     5.591    46.184     5.823     0.000     0.000     0.000     0.000   0   0   0   0   0   0   0     0.000     0.000     0.000    -0.134    -0.062    -0.004     0.030
   7 0 0 0 1 1 1 1  26  28  29   0   0   0   0     5.836     5.092     5.775     0.000     0.000     0.000     0.000   0   0   0   0   0   0   0     0.000     0.000     0.000    -0.116    -0.035     0.001     0.034
   7 0 0 0 1 1 1 1  29  11  24   0   0   0   0     5.544    42.763     5.387     0.000     0.000     0.000     0.000   0   0   0   0   0   0   0     0.000     0.000     0.000    -0.233    -0.108    -0.024     0.048
   7 0 0 0 1 1 1 1  26   1  15   0   0   0   0     5.838    21.902    55.132     0.000     0.000     0.000     0.000   0   0   0   0   0   0   0     0.000     0.000     0.000    -0.022    -0.067     0.010     0.065
   7 0 0 0 1 1 1 1  25  12  25   0   0   0   0     5.495    46.038     5.733     0.000     0.000     0.000     0.000   0   0   0   0   0   0   0     0.000     0.000     0.000    -0.132    -0.066    -0.017     0.024
   7 0 0 0 1 1 1 1  24   1  26   0   0   0   0     5.289    21.993     6.003     0.000     0.000     0.000     0.000   0   0   0   0   0   0   0     0.000     0.000     0.000    -0.049    -0.128     0.009     0.083
   7 0 0 0 1 1 1 1  29  12  23   0   0   0   0     5.696    47.343     5.828     0.000     0.000     0.000     0.000   0   0   0   0   0   0   0     0.000     0.000     0.000    -0.145    -0.050     0.021     0.112
   7 0 0 0 1 1 1 1  31  22  19   0   0   0   0     5.390     5.467    57.669     0.000     0.000     0.000     0.000   0   0   0   0   0   0   0     0.000     0.000     0.000    -0.025    -0.065    -0.029     0.025
   7 0 0 0 1 1 1 1   4  12  25   0   0   0   0    22.558    47.645     5.965     0.000     0.000     0.000     0.000   0   0   0   0   0   0   0     0.000     0.000     0.000    -0.080    -0.030     0.010     0.048
   7 0 0 0 1 1 1 1  31  12  26   0   0   0   0     5.377    47.105     6.022     0.000     0.000     0.000     0.000   0   0   0   0   0   0   0     0.000     0.000     0.000    -0.078    -0.027     0.012     0.081
   7 0 0 0 1 1 1 1  24  18  29   0   0   0   0     5.265    50.491     5.784     0.000     0.000     0.000     0.000   0   0   0   0   0   0   0     0.000     0.000     0.000    -0.093    -0.200    -0.009     0.049
   7 0 0 0 1 1 1 1  29  12  16   0   0   0   0     5.688    46.114    54.624     0.000     0.000     0.000     0.000   0   0   0   0   0   0   0     0.000     0.000     0.000    -0.091    -0.032    -0.021     0.022
   7 0 0 0 1 1 1 1  25  12  25   0   0   0   0     5.688    47.973     5.968     0.000     0.000     0.000     0.000   0   0   0   0   0   0   0     0.000     0.000     0.000    -0.068    -0.020     0.012     0.044
   7 0 0 0 1 1 1 1  24  17  19   0   0   0   0     5.341    57.091    65.907     0.000     0.000     0.000     0.000   0   0   0   0   0   0   0     0.000     0.000     0.000    -0.064    -0.017     0.007     0.045
   7 0 0 0 1 1 1 1  29  24  23   0   0   0   0     5.710     5.241     5.860     0.000     0.000     0.000     0.000   0   0   0   0   0   0   0     0.000     0.000     0.000    -0.103    -0.027     0.024     0.125
   7 0 0 0 1 1 1 1  26   1  16   0   0   0   0     5.829    21.940    61.539     0.000     0.000     0.000     0.000   0   0   0   0   0   0   0     0.000     0.000     0.000    -0.022    -0.063     0.006     0.054
   7 0 0 0 1 1 1 1  25  18  25   0   0   0   0     5.691    49.665     5.957     0.000     0.000     0.000     0.000   0   0   0   0   0   0   0     0.000     0.000     0.000    -0.024    -0.072     0.010     0.037
   7 0 0 0 1 1 1 1  26  25  28   0   0   0   0     5.849     5.095     5.610     0.000     0.000     0.000     0.000   0   0   0   0   0   0   0     0.000     0.000     0.000    -0.094    -0.024     0.005     0.036
   7 0 0 0 1 1 1 1  24  12  30   0   0   0   0     5.373    47.579     5.749     0.000     0.000     0.000     0.000   0   0   0   0   0   0   0     0.000     0.000     0.000    -0.108    -0.028     0.023     0.101
   7 0 0 0 1 1 1 1  17  24  24   0   0   0   0    57.520     5.496     5.478     0.000     0.000     0.000     0.000   0   0   0   0   0   0   0     0.000     0.000     0.000    -0.043    -0.008     0.002     0.041
   7 0 0 0 1 1 1 1  25  12  25   0   0   0   0     5.495    45.936     5.850     0.000     0.000     0.000     0.000   0   0   0   0   0   0   0     0.000     0.000     0.000    -0.100    -0.043    -0.003     0.021
   7 0 0 0 1 1 1 1  25   1  23   0   0   0   0     5.658    21.989     5.598     0.000     0.000     0.000     0.000   0   0   0   0   0   0   0     0.000     0.000     0.000    -0.025    -0.092    -0.003     0.024
   7 0 0 0 1 1 1 1  29  17  28   0   0   0   0     5.701    56.290     5.651     0.000     0.000     0.000     0.000   0   0   0   0   0   0   0     0.000     0.000     0.000    -0.106    -0.036     0.012     0.069
   7 0 0 0 1 1 1 1  16  29  11   0   0   0   0    58.071     5.674    52.392     0.000     0.000     0.000     0.000   0   0   0   0   0   0   0     0.000     0.000     0.000    -0.036    -0.000     0.034    -0.016
   7 0 0 0 1 1 1 1   4  18  25   0   0   0   0    22.600    50.001     5.983     0.000     0.000     0.000     0.000   0   0   0   0   0   0   0     0.000     0.000     0.000    -0.024    -0.068     0.008     0.038
   7 0 0 0 1 1 1 1  24  17  29   0   0   0   0     5.342    56.964     6.009     0.000     0.000     0.000     0.000   0   0   0   0   0   0   0     0.000     0.000     0.000    -0.051    -0.015     0.007     0.057
   7 0 0 0 1 1 1 1  24  24  30   0   0   0   0     5.372     5.191     5.651     0.000     0.000     0.000     0.000   0   0   0   0   0   0   0     0.000     0.000     0.000    -0.082    -0.021     0.017     0.071
   7 0 0 0 1 1 1 1  17  23  24   0   0   0   0    57.695     5.504     5.485     0.000     0.000     0.000     0.000   0   0   0   0   0   0   0     0.000     0.000     0.000    -0.046    -0.012     0.003     0.036
   7 0 0 0 1 1 1 1  25  12  25   0   0   0   0     5.700    48.285     5.990     0.000     0.000     0.000     0.000   0   0   0   0   0   0   0     0.000     0.000     0.000    -0.045    -0.011     0.009     0.035
   7 0 0 0 1 1 1 1  25  23  23   0   0   0   0     5.683     5.515     5.607     0.000     0.000     0.000     0.000   0   0   0   0   0   0   0     0.000     0.000     0.000    -0.051    -0.013    -0.001     0.022
   7 0 0 0 1 1 1 1  29  28  23   0   0   0   0     5.710     5.060     5.879     0.000     0.000     0.000     0.000   0   0   0   0   0   0   0     0.000     0.000     0.000    -0.128    -0.032     0.016     0.093
   7 0 0 0 1 1 1 1  29  17  18   0   0   0   0     5.700    55.809    42.631     0.000     0.000     0.000     0.000   0   0   0   0   0   0   0     0.000     0.000     0.000    -0.069    -0.019    -0.033     0.014
   7 0 0 0 1 1 1 1  25   4  25   0   0   0   0     5.605    22.100     5.931     0.000     0.000     0.000     0.000   0   0   0   0   0   0   0     0.000     0.000     0.000    -0.075    -0.027     0.003     0.023
   7 0 0 0 1 1 1 1  29  25  26   0   0   0   0     5.701     5.050     6.035     0.000     0.000     0.000     0.000   0   0   0   0   0   0   0     0.000     0.000     0.000    -0.081    -0.019     0.008     0.064
   7 0 0 0 1 1 1 1  29  23  23   0   0   0   0     5.541     5.461     5.587     0.000     0.000     0.000     0.000   0   0   0   0   0   0   0     0.000     0.000     0.000    -0.119    -0.048    -0.011     0.027
   7 0 0 0 1 1 1 1  16  24  14   0   0   0   0    57.816     5.325    46.389     0.000     0.000     0.000     0.000   0   0   0   0   0   0   0     0.000     0.000     0.000    -0.031    -0.001     0.013     0.051
   7 0 0 0 1 1 1 1  25  12  24   0   0   0   0     5.704    46.847     5.473     0.000     0.000     0.000     0.000   0   0   0   0   0   0   0     0.000     0.000     0.000    -0.049    -0.015     0.018     0.002
   7 0 0 0 1 1 1 1  26  25  28   0   0   0   0     5.856     5.104     5.629     0.000     0.000     0.000     0.000   0   0   0   0   0   0   0     0.000     0.000     0.000    -0.059    -0.015     0.005     0.032
   7 0 0 0 1 1 1 1  29  29  23   0   0   0   0     5.733     5.512     5.883     0.000     0.000     0.000     0.000   0   0   0   0   0   0   0     0.000     0.000     0.000    -0.059    -0.013     0.017     0.082
   7 0 0 0 1 1 1 1  17  23  11   0   0   0   0    56.955     5.461    52.404     0.000     0.000     0.000     0.000   0   0   0   0   0   0   0     0.000     0.000     0.000    -0.064    -0.015     0.014    -0.022
   7 0 0 0 1 1 1 1  25  12  25   0   0   0   0     5.449    45.804     5.876     0.000     0.000     0.000     0.000   0   0   0   0   0   0   0     0.000     0.000     0.000    -0.071    -0.028    -0.002     0.015
   7 0 0 0 1 1 1 1  26  25  28   0   0   0   0     5.884     5.385     5.626     0.000     0.000     0.000     0.000   0   0   0   0   0   0   0     0.000     0.000     0.000    -0.034    -0.007     0.006     0.031
   7 0 0 0 1 1 1 1  24  22  28   0   0   0   0     5.373     5.518     5.620     0.000     0.000     0.000     0.000   0   0   0   0   0   0   0     0.000     0.000     0.000    -0.021    -0.102     0.006     0.039
   7 0 0 0 1 1 1 1  16  32  14   0   0   0   0    58.071     4.235    46.400     0.000     0.000     0.000     0.000   0   0   0   0   0   0   0     0.000     0.000     0.000    -0.023     0.000     0.012     0.046
   7 0 0 0 1 1 1 1   4  12   4   0   0   0   0    22.655    46.312    23.807     0.000     0.000     0.000     0.000   0   0   0   0   0   0   0     0.000     0.000     0.000    -0.050    -0.014     0.005     0.024
   7 0 0 0 1 1 1 1  24   5  16   0   0   0   0     5.342    21.965    59.354     0.000     0.000     0.000     0.000   0   0   0   0   0   0   0     0.000     0.000     0.000     0.058    -0.023     0.001     0.023
   7 0 0 0 1 1 1 1  29  23  30   0   0   0   0     5.614     5.478     5.592     0.000     0.000     0.000     0.000   0   0   0   0   0   0   0     0.000     0.000     0.000    -0.075    -0.025     0.003     0.041
   7 0 0 0 1 1 1 1  12  25  11   0   0   0   0    48.039     5.057    53.400     0.000     0.000     0.000     0.000   0   0   0   0   0   0   0     0.000     0.000     0.000    -0.056    -0.019     0.009    -0.026
   7 0 0 0 1 1 1 1   4  25   4   0   0   0   0    22.428     5.057    23.784     0.000     0.000     0.000     0.000   0   0   0   0   0   0   0     0.000     0.000     0.000    -0.058    -0.018     0.003     0.020
   7 0 0 0 1 1 1 1  25   1  26   0   0   0   0     5.687    22.007     6.051     0.000     0.000     0.000     0.000   0   0   0   0   0   0   0     0.000     0.000     0.000    -0.012    -0.063     0.006     0.058
   7 0 0 0 1 1 1 1  29  12  23   0   0   0   0     5.739    47.483     5.845     0.000     0.000     0.000     0.000   0   0   0   0   0   0   0     0.000     0.000     0.000    -0.054    -0.012     0.013     0.059
   7 0 0 0 1 1 1 1  16  25   5   0   0   0   0    58.390     5.619    21.962     0.000     0.000     0.000     0.000   0   0   0   0   0   0   0     0.000     0.000     0.000    -0.020    -0.001     0.050     0.012
   7 0 0 0 1 1 1 1  29  12   4   0   0   0   0     5.544    45.685    23.213     0.000     0.000     0.000     0.000   0   0   0   0   0   0   0     0.000     0.000     0.000    -0.058    -0.021    -0.002     0.011
   7 0 0 0 1 1 1 1   4  25  19   0   0   0   0    22.361     5.030    66.200     0.000     0.000     0.000     0.000   0   0   0   0   0   0   0     0.000     0.000     0.000    -0.063    -0.018     0.001     0.028
   7 0 0 0 1 1 1 1  24  22  23   0   0   0   0     5.385     5.518     5.928     0.000     0.000     0.000     0.000   0   0   0   0   0   0   0     0.000     0.000     0.000    -0.016    -0.081     0.012     0.080
   7 0 0 0 1 1 1 1  16  24  11   0   0   0   0    57.816     5.334    53.271     0.000     0.000     0.000     0.000   0   0   0   0   0   0   0     0.000     0.000     0.000    -0.020    -0.001     0.018    -0.019
   7 0 0 0 1 1 1 1  25  12  25   0   0   0   0     5.717    48.285     5.996     0.000     0.000     0.000     0.000   0   0   0   0   0   0   0     0.000     0.000     0.000    -0.024    -0.006     0.005     0.022
   7 0 0 0 1 1 1 1  24   5  29   0   0   0   0     5.352    21.965     6.085     0.000     0.000     0.000     0.000   0   0   0   0   0   0   0     0.000     0.000     0.000     0.054    -0.016     0.005     0.054
   7 0 0 0 1 1 1 1  29  16  24   0   0   0   0     5.693    57.952     5.520     0.000     0.000     0.000     0.000   0   0   0   0   0   0   0     0.000     0.000     0.000    -0.032     0.029     0.001     0.026
   7 0 0 0 1 1 1 1  17  23  24   0   0   0   0    56.798     5.438     5.492     0.000     0.000     0.000     0.000   0   0   0   0   0   0   0     0.000     0.000     0.000    -0.066    -0.012    -0.000     0.020
   7 0 0 0 1 1 1 1  25  18  24   0   0   0   0     5.725    50.132     5.488     0.000     0.000     0.000     0.000   0   0   0   0   0   0   0     0.000     0.000     0.000    -0.009    -0.035     0.011    -0.000
   7 0 0 0 1 1 1 1  16  26   8   0   0   0   0    59.354     5.953    17.159     0.000     0.000     0.000     0.000   0   0   0   0   0   0   0     0.000     0.000     0.000    -0.007     0.029     0.038     0.015
   7 0 0 0 1 1 1 1  29  23  29   0   0   0   0     5.589     5.460     5.826     0.000     0.000     0.000     0.000   0   0   0   0   0   0   0     0.000     0.000     0.000    -0.072    -0.021    -0.001     0.023
   7 0 0 0 1 1 1 1   5   5  32   0   0   0   0    21.977    21.947     4.232     0.000     0.000     0.000     0.000   0   0   0   0   0   0   0     0.000     0.000     0.000     0.042     0.022    -0.014     0.003
   7 0 0 0 1 1 1 1  25  25  25   0   0   0   0     5.422     5.025     5.906     0.000     0.000     0.000     0.000   0   0   0   0   0   0   0     0.000     0.000     0.000    -0.049    -0.017    -0.001     0.010
   7 0 0 0 1 1 1 1  25  23  23   0   0   0   0     5.789     5.537     5.620     0.000     0.000     0.000     0.000   0   0   0   0   0   0   0     0.000     0.000     0.000    -0.024    -0.003     0.000     0.015
   7 0 0 0 1 1 1 1  24  23  17   0   0   0   0     5.372     5.693    54.221     0.000     0.000     0.000     0.000   0   0   0   0   0   0   0     0.000     0.000     0.000    -0.016    -0.596     0.073     0.009
   7 0 0 0 1 1 1 1  12  11  29   0   0   0   0    49.300    51.877     5.749     0.000     0.000     0.000     0.000   0   0   0   0   0   0   0     0.000     0.000     0.000    -0.009    -0.060    -0.005     0.013
   7 0 0 0 1 1 1 1   4   1  11   0   0   0   0    22.656    21.982    50.464     0.000     0.000     0.000     0.000   0   0   0   0   0   0   0     0.000     0.000     0.000    -0.009    -0.035     0.013     0.002
   7 0 0 0 1 1 1 1   4  28   5   0   0   0   0    22.361     4.999    21.985     0.000     0.000     0.000     0.000   0   0   0   0   0   0   0     0.000     0.000     0.000    -0.055    -0.014     0.028     0.001
   7 0 0 0 1 1 1 1  32   5  23   0   0   0   0     4.271    21.985     5.691     0.000     0.000     0.000     0.000   0   0   0   0   0   0   0     0.000     0.000     0.000     0.036    -0.020     0.000     0.022
   7 0 0 0 1 1 1 1   5   7  32   0   0   0   0    21.978    20.082     4.232     0.000     0.000     0.000     0.000   0   0   0   0   0   0   0     0.000     0.000     0.000     0.040     0.020    -0.012     0.003
   7 0 0 0 1 1 1 1  25  17   3   0   0   0   0     5.640    56.280    24.270     0.000     0.000     0.000     0.000   0   0   0   0   0   0   0     0.000     0.000     0.000    -0.023    -0.007     0.001     0.012
   7 0 0 0 1 1 1 1  31   5  26   0   0   0   0     5.393    21.979     6.083     0.000     0.000     0.000     0.000   0   0   0   0   0   0   0     0.000     0.000     0.000     0.042    -0.013     0.004     0.057
   7 0 0 0 1 1 1 1  29  23  11   0   0   0   0     5.515     5.454    53.142     0.000     0.000     0.000     0.000   0   0   0   0   0   0   0     0.000     0.000     0.000    -0.071    -0.020     0.008    -0.024
   7 0 0 0 1 1 1 1  17  23  11   0   0   0   0    56.798     5.434    52.399     0.000     0.000     0.000     0.000   0   0   0   0   0   0   0     0.000     0.000     0.000    -0.059    -0.009     0.008    -0.014
   7 0 0 0 1 1 1 1  25  25  31   0   0   0   0     5.804     5.362     5.470     0.000     0.000     0.000     0.000   0   0   0   0   0   0   0     0.000     0.000     0.000    -0.017    -0.004     0.011     0.001
   7 0 0 0 1 1 1 1  16  26   8   0   0   0   0    58.868     5.942    17.159     0.000     0.000     0.000     0.000   0   0   0   0   0   0   0     0.000     0.000     0.000    -0.006     0.022     0.031     0.010
   7 0 0 0 1 1 1 1  29  12  28   0   0   0   0     5.512    45.604     5.659     0.000     0.000     0.000     0.000   0   0   0   0   0   0   0     0.000     0.000     0.000    -0.085    -0.021     0.001     0.029
   7 0 0 0 1 1 1 1   5   5  24   0   0   0   0    21.978    21.945     5.341     0.000     0.000     0.000     0.000   0   0   0   0   0   0   0     0.000     0.000     0.000     0.033     0.015    -0.012     0.002
   7 0 0 0 1 1 1 1   4  13  11   0   0   0   0    22.746    49.716    50.464     0.000     0.000     0.000     0.000   0   0   0   0   0   0   0     0.000     0.000     0.000    -0.015    -0.003     0.011     0.001
   7 0 0 0 1 1 1 1  25   1   5   0   0   0   0     5.422    22.021    22.004     0.000     0.000     0.000     0.000   0   0   0   0   0   0   0     0.000     0.000     0.000    -0.013    -0.053     0.023     0.000
   7 0 0 0 1 1 1 1  31  23  23   0   0   0   0     5.453     5.541     5.950     0.000     0.000     0.000     0.000   0   0   0   0   0   0   0     0.000     0.000     0.000    -0.023     0.001     0.008     0.066
   7 0 0 0 1 1 1 1  12  11  29   0   0   0   0    49.464    51.890     5.751     0.000     0.000     0.000     0.000   0   0   0   0   0   0   0     0.000     0.000     0.000    -0.007    -0.050    -0.004     0.012
   7 0 0 0 1 1 1 1  25   5   1   0   0   0   0     5.807    21.985    22.451     0.000     0.000     0.000     0.000   0   0   0   0   0   0   0     0.000     0.000     0.000     0.018    -0.007     0.004     0.021
   7 0 0 0 1 1 1 1  25   1  26   0   0   0   0     5.788    21.995     6.095     0.000     0.000     0.000     0.000   0   0   0   0   0   0   0     0.000     0.000     0.000    -0.004    -0.030     0.004     0.054
   7 0 0 0 1 1 1 1  24   0  27   0   0   0   0     5.515    21.154     5.995     0.000     0.000     0.000     0.000   0   0   0   0   0   0   0     0.000     0.000     0.000    -0.019     0.001     0.012     0.063
   7 0 0 0 1 1 1 1  17  23  24   0   0   0   0    58.117     5.473     5.518     0.000     0.000     0.000     0.000   0   0   0   0   0   0   0     0.000     0.000     0.000    -0.021    -0.003     0.002     0.021
   7 0 0 0 1 1 1 1  25   1   8   0   0   0   0     5.422    22.016    17.200     0.000     0.000     0.000     0.000   0   0   0   0   0   0   0     0.000     0.000     0.000    -0.010    -0.036     0.017     0.001
   7 0 0 0 1 1 1 1  17  26   8   0   0   0   0    59.916     5.964    17.135     0.000     0.000     0.000     0.000   0   0   0   0   0   0   0     0.000     0.000     0.000    -0.004     0.021     0.027     0.010
   7 0 0 0 1 1 1 1  23  17   8   0   0   0   0     5.541    58.612    17.081     0.000     0.000     0.000     0.000   0   0   0   0   0   0   0     0.000     0.000     0.000    -0.022     0.001     0.041     0.005
   7 0 0 0 1 1 1 1  12   4  11   0   0   0   0    47.712    22.072    53.400     0.000     0.000     0.000     0.000   0   0   0   0   0   0   0     0.000     0.000     0.000    -0.034    -0.009     0.005    -0.015
   7 0 0 0 1 1 1 1   4   1   8   0   0   0   0    22.781    22.007    17.194     0.000     0.000     0.000     0.000   0   0   0   0   0   0   0     0.000     0.000     0.000    -0.004    -0.029     0.018     0.003
   7 0 0 0 1 1 1 1  24   5  27   0   0   0   0     5.342    21.982     5.967     0.000     0.000     0.000     0.000   0   0   0   0   0   0   0     0.000     0.000     0.000     0.034    -0.011     0.002     0.036
   7 0 0 0 1 1 1 1  31   5  23   0   0   0   0     5.454    22.015     5.940     0.000     0.000     0.000     0.000   0   0   0   0   0   0   0     0.000     0.000     0.000     0.022    -0.011     0.007     0.050
   7 0 0 0 1 1 1 1   5   7  26   0   0   0   0    21.977    20.082     5.803     0.000     0.000     0.000     0.000   0   0   0   0   0   0   0     0.000     0.000     0.000     0.030     0.013    -0.011     0.001
   7 0 0 0 1 1 1 1  29  18  26   0   0   0   0     5.544    50.654     5.911     0.000     0.000     0.000     0.000   0   0   0   0   0   0   0     0.000     0.000     0.000    -0.008    -0.032    -0.000     0.008
   7 0 0 0 1 1 1 1   5   1  30   0   0   0   0    21.985    21.874     5.153     0.000     0.000     0.000     0.000   0   0   0   0   0   0   0     0.000     0.000     0.000     0.048     0.012    -0.012     0.001
   7 0 0 0 1 1 1 1  25   3  23   0   0   0   0     5.047    21.676     5.819     0.000     0.000     0.000     0.000   0   0   0   0   0   0   0     0.000     0.000     0.000    -0.091    -0.043    -0.001     0.023
   7 0 0 0 1 1 1 1  16  25  16   0   0   0   0    54.770     5.672    54.773     0.000     0.000     0.000     0.000   0   0   0   0   0   0   0     0.000     0.000     0.000    -0.032    -0.007     0.382     0.002
   7 0 0 0 1 1 1 1  25   5   1   0   0   0   0     5.816    21.994    22.447     0.000     0.000     0.000     0.000   0   0   0   0   0   0   0     0.000     0.000     0.000     0.013    -0.005     0.003     0.018
   7 0 0 0 1 1 1 1  16  26   6   0   0   0   0    58.071     5.942    19.432     0.000     0.000     0.000     0.000   0   0   0   0   0   0   0     0.000     0.000     0.000    -0.005     0.016     0.042     0.006
   7 0 0 0 1 1 1 1  24   0  17   0   0   0   0     5.521    21.154    53.870     0.000     0.000     0.000     0.000   0   0   0   0   0   0   0     0.000     0.000     0.000    -0.015     0.001     0.052     0.010
   7 0 0 0 1 1 1 1  27  31  12   0   0   0   0     4.979     5.527    46.197     0.000     0.000     0.000     0.000   0   0   0   0   0   0   0     0.000     0.000     0.000     0.017     0.028    -0.020    -0.000
   7 0 0 0 1 1 1 1  22  26  12   0   0   0   0     5.454     5.911    45.542     0.000     0.000     0.000     0.000   0   0   0   0   0   0   0     0.000     0.000     0.000    -0.000     0.007    -0.027    -0.007
   7 0 0 0 1 1 1 1  17  26   8   0   0   0   0    59.823     6.030    17.177     0.000     0.000     0.000     0.000   0   0   0   0   0   0   0     0.000     0.000     0.000    -0.003     0.024     0.020     0.007
   7 0 0 0 1 1 1 1  22  11   0   0   0   0   0     5.515    54.285    21.148     0.000     0.000     0.000     0.000   0   0   0   0   0   0   0     0.000     0.000     0.000     0.003    -0.022    -0.023    -0.091
   7 0 0 0 1 1 1 1   5  18  32   0   0   0   0    22.074    48.704     4.243     0.000     0.000     0.000     0.000   0   0   0   0   0   0   0     0.000     0.000     0.000     0.040     0.010    -0.010     0.002
   7 0 0 0 1 1 1 1   4  10  26   0   0   0   0    23.724    15.198     5.916     0.000     0.000     0.000     0.000   0   0   0   0   0   0   0     0.000     0.000     0.000     0.005    -0.003     0.005     0.014
   7 0 0 0 1 1 1 1  24  25   8   0   0   0   0     5.153     5.003    17.175     0.000     0.000     0.000     0.000   0   0   0   0   0   0   0     0.000     0.000     0.000    -0.043    -0.010     0.021     0.000
   7 0 0 0 1 1 1 1  23  17  28   0   0   0   0     5.502    58.609     5.678     0.000     0.000     0.000     0.000   0   0   0   0   0   0   0     0.000     0.000     0.000    -0.022     0.002     0.002     0.020
   7 0 0 0 1 1 1 1  18  22  29   0   0   0   0    42.631     4.858     5.748     0.000     0.000     0.000     0.000   0   0   0   0   0   0   0     0.000     0.000     0.000    -0.065    -0.014    -0.004     0.007
   7 0 0 0 1 1 1 1  25  12  11   0   0   0   0     5.367    45.445    45.761     0.000     0.000     0.000     0.000   0   0   0   0   0   0   0     0.000     0.000     0.000    -0.030    -0.008     0.130     0.001
   7 0 0 0 1 1 1 1   1   4   3   0   0   0   0    22.557    22.360    24.519     0.000     0.000     0.000     0.000   0   0   0   0   0   0   0     0.000     0.000     0.000    -0.009     0.002    -0.065    -0.044
   7 0 0 0 1 1 1 1   3   3  29   0   0   0   0    21.766    21.680     5.826     0.000     0.000     0.000     0.000   0   0   0   0   0   0   0     0.000     0.000     0.000    -0.074    -0.035    -0.003     0.010
   7 0 0 0 1 1 1 1  16  25  16   0   0   0   0    54.770     5.672    54.773     0.000     0.000     0.000     0.000   0   0   0   0   0   0   0     0.000     0.000     0.000    -0.027    -0.006     0.356     0.002
   7 0 0 0 1 1 1 1  25   5  26   0   0   0   0     5.850    21.993     5.916     0.000     0.000     0.000     0.000   0   0   0   0   0   0   0     0.000     0.000     0.000     0.012    -0.004     0.002     0.012
   7 0 0 0 1 1 1 1   5   1  30   0   0   0   0    22.010    21.872     5.155     0.000     0.000     0.000     0.000   0   0   0   0   0   0   0     0.000     0.000     0.000     0.036     0.008    -0.011     0.001
   7 0 0 0 1 1 1 1  31   5  23   0   0   0   0     5.454    22.023     5.977     0.000     0.000     0.000     0.000   0   0   0   0   0   0   0     0.000     0.000     0.000     0.017    -0.009     0.005     0.044
   7 0 0 0 1 1 1 1  13  26  32   0   0   0   0    49.178     5.893     4.316     0.000     0.000     0.000     0.000   0   0   0   0   0   0   0     0.000     0.000     0.000    -0.015     0.000    -0.001     0.013
   7 0 0 0 1 1 1 1  25  16   8   0   0   0   0     5.601    57.425    17.194     0.000     0.000     0.000     0.000   0   0   0   0   0   0   0     0.000     0.000     0.000    -0.007     0.006     0.012     0.001
   7 0 0 0 1 1 1 1  26  17  11   0   0   0   0     6.107    59.373    50.219     0.000     0.000     0.000     0.000   0   0   0   0   0   0   0     0.000     0.000     0.000    -0.003     0.006     0.044     0.016
   7 0 0 0 1 1 1 1  29   0   8   0   0   0   0     5.501    21.151    17.074     0.000     0.000     0.000     0.000   0   0   0   0   0   0   0     0.000     0.000     0.000    -0.012    -0.131     0.038     0.001
   7 0 0 0 1 1 1 1   5  19   5   0   0   0   0    21.963    66.393    23.198     0.000     0.000     0.000     0.000   0   0   0   0   0   0   0     0.000     0.000     0.000     0.044     0.015     0.000    -0.016
   7 0 0 0 1 1 1 1  26  12   3   0   0   0   0     5.907    48.511    24.340     0.000     0.000     0.000     0.000   0   0   0   0   0   0   0     0.000     0.000     0.000    -0.007    -0.000     0.003     0.011
   7 0 0 0 1 1 1 1   1  25  11   0   0   0   0    22.557     5.037    53.581     0.000     0.000     0.000     0.000   0   0   0   0   0   0   0     0.000     0.000     0.000    -0.028     0.001    -0.039    -0.059
   7 0 0 0 1 1 1 1  23  17  28   0   0   0   0     5.502    58.609     5.672     0.000     0.000     0.000     0.000   0   0   0   0   0   0   0     0.000     0.000     0.000    -0.018     0.002     0.002     0.017
   7 0 0 0 1 1 1 1  11  13  17   0   0   0   0    53.400    50.171    57.331     0.000     0.000     0.000     0.000   0   0   0   0   0   0   0     0.000     0.000     0.000    -0.003     0.006    -0.052    -0.010
   7 0 0 0 1 1 1 1   4  10  26   0   0   0   0    23.724    15.198     5.919     0.000     0.000     0.000     0.000   0   0   0   0   0   0   0     0.000     0.000     0.000     0.004    -0.003     0.004     0.013
   7 0 0 0 1 1 1 1  26   5  26   0   0   0   0     5.902    22.010     6.107     0.000     0.000     0.000     0.000   0   0   0   0   0   0   0     0.000     0.000     0.000     0.010    -0.004     0.004     0.039
   7 0 0 0 1 1 1 1  11   3  11   0   0   0   0    42.068    21.638    54.285     0.000     0.000     0.000     0.000   0   0   0   0   0   0   0     0.000     0.000     0.000    -0.083    -0.039     0.002    -0.017
   7 0 0 0 1 1 1 1  12  18  11   0   0   0   0    45.963    50.615    53.400     0.000     0.000     0.000     0.000   0   0   0   0   0   0   0     0.000     0.000     0.000    -0.012    -0.030     0.002    -0.011
   7 0 0 0 1 1 1 1  25   3  11   0   0   0   0     5.367    21.680    45.761     0.000     0.000     0.000     0.000   0   0   0   0   0   0   0     0.000     0.000     0.000    -0.027    -0.006     0.123     0.001
   7 0 0 0 1 1 1 1   1  25   3   0   0   0   0    22.557     5.087    24.519     0.000     0.000     0.000     0.000   0   0   0   0   0   0   0     0.000     0.000     0.000    -0.019     0.001    -0.054    -0.035
   7 0 0 0 1 1 1 1  31   5   6   0   0   0   0     5.460    22.007    21.319     0.000     0.000     0.000     0.000   0   0   0   0   0   0   0     0.000     0.000     0.000     0.020    -0.007     0.004     0.047
   7 0 0 0 1 1 1 1   7  32  25   0   0   0   0    21.194     4.306     5.791     0.000     0.000     0.000     0.000   0   0   0   0   0   0   0     0.000     0.000     0.000    -0.003     0.006    -0.026    -0.006
   7 0 0 0 1 1 1 1  26  10   1   0   0   0   0     5.907    15.198    22.452     0.000     0.000     0.000     0.000   0   0   0   0   0   0   0     0.000     0.000     0.000     0.004    -0.002     0.003     0.012
   7 0 0 0 1 1 1 1  29  17   6   0   0   0   0     6.079    59.945    21.338     0.000     0.000     0.000     0.000   0   0   0   0   0   0   0     0.000     0.000     0.000    -0.002     0.006     0.014     0.036
   7 0 0 0 1 1 1 1  24   5  17   0   0   0   0     5.521    22.023    53.492     0.000     0.000     0.000     0.000   0   0   0   0   0   0   0     0.000     0.000     0.000     0.011    -0.005     0.043     0.007
   7 0 0 0 1 1 1 1   5  18  32   0   0   0   0    22.074    48.704     4.211     0.000     0.000     0.000     0.000   0   0   0   0   0   0   0     0.000     0.000     0.000     0.033     0.007    -0.008     0.001
   7 0 0 0 1 1 1 1  25   5  26   0   0   0   0     5.876    21.996     5.915     0.000     0.000     0.000     0.000   0   0   0   0   0   0   0     0.000     0.000     0.000     0.010    -0.003     0.002     0.008
   7 0 0 0 1 1 1 1  26  16   2   0   0   0   0     5.915    57.952    23.563     0.000     0.000     0.000     0.000   0   0   0   0   0   0   0     0.000     0.000     0.000    -0.004     0.004     0.006     0.033
   7 0 0 0 1 1 1 1  25   3  28   0   0   0   0     5.025    21.638     5.672     0.000     0.000     0.000     0.000   0   0   0   0   0   0   0     0.000     0.000     0.000    -0.075    -0.032    -0.001     0.014
   7 0 0 0 1 1 1 1  13  26  32   0   0   0   0    49.178     5.893     4.319     0.000     0.000     0.000     0.000   0   0   0   0   0   0   0     0.000     0.000     0.000    -0.012     0.000    -0.001     0.010
   7 0 0 0 1 1 1 1   4   1  25   0   0   0   0    23.331    21.916     5.714     0.000     0.000     0.000     0.000   0   0   0   0   0   0   0     0.000     0.000     0.000     0.002    -0.004    -0.007     0.003
   7 0 0 0 1 1 1 1   1  24   3   0   0   0   0    22.557     4.949    24.519     0.000     0.000     0.000     0.000   0   0   0   0   0   0   0     0.000     0.000     0.000    -0.027     0.001    -0.049    -0.031
   7 0 0 0 1 1 1 1  29   0  30   0   0   0   0     5.501    21.152     5.025     0.000     0.000     0.000     0.000   0   0   0   0   0   0   0     0.000     0.000     0.000    -0.009    -0.123     0.052     0.001
   7 0 0 0 1 1 1 1  18  25  29   0   0   0   0    42.631     5.784     5.764     0.000     0.000     0.000     0.000   0   0   0   0   0   0   0     0.000     0.000     0.000    -0.027    -0.006    -0.002     0.005
   7 0 0 0 1 1 1 1  25  12  25   0   0   0   0     5.367    45.471     5.370     0.000     0.000     0.000     0.000   0   0   0   0   0   0   0     0.000     0.000     0.000    -0.021    -0.004     0.119     0.001
   7 0 0 0 1 1 1 1   5  18  30   0   0   0   0    22.010    48.704     5.159     0.000     0.000     0.000     0.000   0   0   0   0   0   0   0     0.000     0.000     0.000     0.042     0.006    -0.008     0.001
   7 0 0 0 1 1 1 1  31   5   6   0   0   0   0     5.454    21.985    21.191     0.000     0.000     0.000     0.000   0   0   0   0   0   0   0     0.000     0.000     0.000     0.025    -0.006     0.003     0.026
   7 0 0 0 1 1 1 1  12  22  16   0   0   0   0    45.711     5.525    54.770     0.000     0.000     0.000     0.000   0   0   0   0   0   0   0     0.000     0.000     0.000    -0.011    -0.027    -0.006     0.002
   7 0 0 0 1 1 1 1  14  25  17   0   0   0   0    39.333     5.843    58.260     0.000     0.000     0.000     0.000   0   0   0   0   0   0   0     0.000     0.000     0.000     0.004     0.010    -0.003     0.001
   7 0 0 0 1 1 1 1  26  15   2   0   0   0   0     5.921    47.634    23.563     0.000     0.000     0.000     0.000   0   0   0   0   0   0   0     0.000     0.000     0.000    -0.024    -0.000     0.006     0.029
   7 0 0 0 1 1 1 1  23  17   6   0   0   0   0     5.488    58.564    19.164     0.000     0.000     0.000     0.000   0   0   0   0   0   0   0     0.000     0.000     0.000    -0.015     0.001     0.042     0.002
   7 0 0 0 1 1 1 1   5  19  18   0   0   0   0    21.963    66.393    50.527     0.000     0.000     0.000     0.000   0   0   0   0   0   0   0     0.000     0.000     0.000     0.037     0.010    -0.000    -0.019
   7 0 0 0 1 1 1 1   4  10  22   0   0   0   0    23.724    15.198     4.950     0.000     0.000     0.000     0.000   0   0   0   0   0   0   0     0.000     0.000     0.000     0.003    -0.002     0.003     0.010
   7 0 0 0 1 1 1 1   3   4  12   0   0   0   0    21.680    21.969    55.180     0.000     0.000     0.000     0.000   0   0   0   0   0   0   0     0.000     0.000     0.000    -0.053    -0.024     0.001    -0.014
   7 0 0 0 1 1 1 1  28   4  27   0   0   0   0     4.986    21.969     5.203     0.000     0.000     0.000     0.000   0   0   0   0   0   0   0     0.000     0.000     0.000    -0.070    -0.032     0.007    -0.002
   7 0 0 0 1 1 1 1  11  13  17   0   0   0   0    52.862    50.171    57.331     0.000     0.000     0.000     0.000   0   0   0   0   0   0   0     0.000     0.000     0.000    -0.002     0.004    -0.040    -0.007
   7 0 0 0 1 1 1 1  14  25  12   0   0   0   0    39.217     5.852    48.511     0.000     0.000     0.000     0.000   0   0   0   0   0   0   0     0.000     0.000     0.000     0.004     0.010    -0.004     0.000
   7 0 0 0 1 1 1 1   5   1  30   0   0   0   0    22.010    21.872     5.159     0.000     0.000     0.000     0.000   0   0   0   0   0   0   0     0.000     0.000     0.000     0.029     0.004    -0.007     0.001
   7 0 0 0 1 1 1 1  24  17  17   0   0   0   0     5.579    59.149    53.460     0.000     0.000     0.000     0.000   0   0   0   0   0   0   0     0.000     0.000     0.000    -0.005     0.004     0.036     0.008
   7 0 0 0 1 1 1 1  24  27  12   0   0   0   0     5.495     5.469    50.204     0.000     0.000     0.000     0.000   0   0   0   0   0   0   0     0.000     0.000     0.000    -0.001    -0.016    -0.002     0.007
   7 0 0 0 1 1 1 1  11   4  24   0   0   0   0    42.456    21.979     5.706     0.000     0.000     0.000     0.000   0   0   0   0   0   0   0     0.000     0.000     0.000    -0.033    -0.010    -0.000     0.008
   7 0 0 0 1 1 1 1   1  30   3   0   0   0   0    22.557     5.840    24.519     0.000     0.000     0.000     0.000   0   0   0   0   0   0   0     0.000     0.000     0.000    -0.000     0.013    -0.042    -0.026
   7 0 0 0 1 1 1 1  24   5  24   0   0   0   0     5.579    22.028     5.733     0.000     0.000     0.000     0.000   0   0   0   0   0   0   0     0.000     0.000     0.000     0.008    -0.003     0.007     0.026
   7 0 0 0 1 1 1 1  32  16   9   0   0   0   0     4.309    54.517    18.514     0.000     0.000     0.000     0.000   0   0   0   0   0   0   0     0.000     0.000     0.000    -0.038    -0.002     0.006    -0.004
   7 0 0 0 1 1 1 1  14   1  10   0   0   0   0    39.481    22.371    15.191     0.000     0.000     0.000     0.000   0   0   0   0   0   0   0     0.000     0.000     0.000     0.003     0.007     0.003    -0.001
   7 0 0 0 1 1 1 1  17  23   4   0   0   0   0    60.022     5.777    22.806     0.000     0.000     0.000     0.000   0   0   0   0   0   0   0     0.000     0.000     0.000    -0.003     0.006     0.001     0.007
   7 0 0 0 1 1 1 1   3   4  11   0   0   0   0    21.711    21.969    58.074     0.000     0.000     0.000     0.000   0   0   0   0   0   0   0     0.000     0.000     0.000    -0.063    -0.027     0.001    -0.023
   7 0 0 0 1 1 1 1   5  18  30   0   0   0   0    22.023    48.704     5.312     0.000     0.000     0.000     0.000   0   0   0   0   0   0   0     0.000     0.000     0.000     0.027     0.005    -0.005     0.001
   7 0 0 0 1 1 1 1   4  28  22   0   0   0   0    23.716     5.666     4.950     0.000     0.000     0.000     0.000   0   0   0   0   0   0   0     0.000     0.000     0.000    -0.001     0.004     0.003     0.009
   7 0 0 0 1 1 1 1  22  25   1   0   0   0   0     5.541     5.646    21.894     0.000     0.000     0.000     0.000   0   0   0   0   0   0   0     0.000     0.000     0.000    -0.005     0.001     0.047     0.024
   7 0 0 0 1 1 1 1  31   5   8   0   0   0   0     5.460    22.023    19.076     0.000     0.000     0.000     0.000   0   0   0   0   0   0   0     0.000     0.000     0.000     0.011    -0.005     0.003     0.023
   7 0 0 0 1 1 1 1   5  32   5   0   0   0   0    23.251     4.306    23.533     0.000     0.000     0.000     0.000   0   0   0   0   0   0   0     0.000     0.000     0.000    -0.002     0.003    -0.009    -0.036
   7 0 0 0 1 1 1 1  25   4  24   0   0   0   0     5.064    21.969     5.706     0.000     0.000     0.000     0.000   0   0   0   0   0   0   0     0.000     0.000     0.000    -0.031    -0.008    -0.000     0.006
   7 0 0 0 1 1 1 1   6   1  26   0   0   0   0    19.193    21.876     5.789     0.000     0.000     0.000     0.000   0   0   0   0   0   0   0     0.000     0.000     0.000     0.036    -0.018    -0.006     0.001
   7 0 0 0 1 1 1 1  29   0  30   0   0   0   0     5.479    21.152     5.018     0.000     0.000     0.000     0.000   0   0   0   0   0   0   0     0.000     0.000     0.000    -0.007    -0.217     0.044     0.001
   7 0 0 0 1 1 1 1  25  13  16   0   0   0   0     5.057    48.936    54.770     0.000     0.000     0.000     0.000   0   0   0   0   0   0   0     0.000     0.000     0.000    -0.022    -0.009    -0.005     0.001
   7 0 0 0 1 1 1 1  25   5  26   0   0   0   0     5.880    22.002     5.918     0.000     0.000     0.000     0.000   0   0   0   0   0   0   0     0.000     0.000     0.000     0.008    -0.002     0.001     0.006
   7 0 0 0 1 1 1 1   3   3   1   0   0   0   0    21.676    21.569    22.557     0.000     0.000     0.000     0.000   0   0   0   0   0   0   0     0.000     0.000     0.000    -0.049    -0.021     0.000    -0.028
   7 0 0 0 1 1 1 1  28  27  24   0   0   0   0     5.688     5.207     5.733     0.000     0.000     0.000     0.000   0   0   0   0   0   0   0     0.000     0.000     0.000     0.004    -0.003     0.008     0.022
   7 0 0 0 1 1 1 1   5   1  24   0   0   0   0    22.023    21.870     5.227     0.000     0.000     0.000     0.000   0   0   0   0   0   0   0     0.000     0.000     0.000     0.018     0.003    -0.008     0.000
   7 0 0 0 1 1 1 1   4  10  25   0   0   0   0    23.333    15.218     5.714     0.000     0.000     0.000     0.000   0   0   0   0   0   0   0     0.000     0.000     0.000     0.003    -0.002    -0.006     0.002
   7 0 0 0 1 1 1 1   5   1  23   0   0   0   0    22.010    21.883     5.777     0.000     0.000     0.000     0.000   0   0   0   0   0   0   0     0.000     0.000     0.000     0.021     0.002    -0.002     0.005
   7 0 0 0 1 1 1 1  29   1  11   0   0   0   0     5.146    22.054    54.745     0.000     0.000     0.000     0.000   0   0   0   0   0   0   0     0.000     0.000     0.000    -0.027    -0.063     0.001    -0.011
   7 0 0 0 1 1 1 1  24  27  12   0   0   0   0     5.525     5.393    50.626     0.000     0.000     0.000     0.000   0   0   0   0   0   0   0     0.000     0.000     0.000     0.000    -0.008     0.000     0.012
   7 0 0 0 1 1 1 1  25   3  11   0   0   0   0     5.367    21.658    45.761     0.000     0.000     0.000     0.000   0   0   0   0   0   0   0     0.000     0.000     0.000    -0.023    -0.003     0.112     0.000
   7 0 0 0 1 1 1 1  22  22   5   0   0   0   0     5.540     5.537    22.504     0.000     0.000     0.000     0.000   0   0   0   0   0   0   0     0.000     0.000     0.000    -0.000    -0.061     0.021     0.043
   7 0 0 0 1 1 1 1  24  27  28   0   0   0   0     5.528     5.338     5.722     0.000     0.000     0.000     0.000   0   0   0   0   0   0   0     0.000     0.000     0.000     0.001    -0.009     0.004     0.015
   7 0 0 0 1 1 1 1   5  24   5   0   0   0   0    23.252     5.525    23.533     0.000     0.000     0.000     0.000   0   0   0   0   0   0   0     0.000     0.000     0.000    -0.001     0.005    -0.008    -0.031
   7 0 0 0 1 1 1 1  24  17  26   0   0   0   0     5.706    58.260     5.748     0.000     0.000     0.000     0.000   0   0   0   0   0   0   0     0.000     0.000     0.000    -0.002     0.001     0.009     0.004
   7 0 0 0 1 1 1 1  26  15  17   0   0   0   0     5.915    47.679    53.460     0.000     0.000     0.000     0.000   0   0   0   0   0   0   0     0.000     0.000     0.000    -0.019    -0.000     0.024     0.004
   7 0 0 0 1 1 1 1   6   1  25   0   0   0   0    19.161    21.848     5.044     0.000     0.000     0.000     0.000   0   0   0   0   0   0   0     0.000     0.000     0.000     0.057     0.020    -0.022     0.000
   7 0 0 0 1 1 1 1  25   4  16   0   0   0   0     5.025    21.969    54.770     0.000     0.000     0.000     0.000   0   0   0   0   0   0   0     0.000     0.000     0.000    -0.031    -0.014    -0.004     0.001
   7 0 0 0 1 1 1 1  14  25   5   0   0   0   0    39.158     5.845    22.010     0.000     0.000     0.000     0.000   0   0   0   0   0   0   0     0.000     0.000     0.000     0.003     0.007     0.004    -0.001
   7 0 0 0 1 1 1 1  17  23   6   0   0   0   0    59.357     5.774    19.448     0.000     0.000     0.000     0.000   0   0   0   0   0   0   0     0.000     0.000     0.000    -0.003     0.005     0.018     0.003
   7 0 0 0 1 1 1 1  30  27  23   0   0   0   0     5.578     5.281     6.006     0.000     0.000     0.000     0.000   0   0   0   0   0   0   0     0.000     0.000     0.000     0.002    -0.006     0.005     0.024
   7 0 0 0 1 1 1 1  32  16   7   0   0   0   0     4.319    54.517    20.999     0.000     0.000     0.000     0.000   0   0   0   0   0   0   0     0.000     0.000     0.000    -0.029    -0.001     0.006    -0.001
   7 0 0 0 1 1 1 1  18   5   4   0   0   0   0    50.546    22.004    21.969     0.000     0.000     0.000     0.000   0   0   0   0   0   0   0     0.000     0.000     0.000     0.005    -0.000    -0.026    -0.006
   7 0 0 0 1 1 1 1  11   3  12   0   0   0   0    41.826    21.569    55.180     0.000     0.000     0.000     0.000   0   0   0   0   0   0   0     0.000     0.000     0.000    -0.044    -0.018     0.001    -0.011
   7 0 0 0 1 1 1 1  29  13  30   0   0   0   0     5.478    48.362     5.025     0.000     0.000     0.000     0.000   0   0   0   0   0   0   0     0.000     0.000     0.000    -0.251    -0.005     0.036     0.000
   7 0 0 0 1 1 1 1  12  12  30   0   0   0   0    55.946    47.094     5.048     0.000     0.000     0.000     0.000   0   0   0   0   0   0   0     0.000     0.000     0.000    -0.005     0.001    -0.023    -0.008
   7 0 0 0 1 1 1 1   4  28  22   0   0   0   0    23.721     5.666     4.950     0.000     0.000     0.000     0.000   0   0   0   0   0   0   0     0.000     0.000     0.000    -0.001     0.004     0.002     0.008
   7 0 0 0 1 1 1 1   6   2  26   0   0   0   0    19.193    21.599     5.786     0.000     0.000     0.000     0.000   0   0   0   0   0   0   0     0.000     0.000     0.000    -0.014     0.032    -0.006     0.001
   7 0 0 0 1 1 1 1  23  13   7   0   0   0   0     5.482    48.448    20.233     0.000     0.000     0.000     0.000   0   0   0   0   0   0   0     0.000     0.000     0.000     0.005    -0.009     0.006     0.000
   7 0 0 0 1 1 1 1   5  27  21   0   0   0   0    22.098     5.368    67.426     0.000     0.000     0.000     0.000   0   0   0   0   0   0   0     0.000     0.000     0.000     0.003     0.037     0.000    -0.006
   7 0 0 0 1 1 1 1   4   5  25   0   0   0   0    23.333    22.320     5.714     0.000     0.000     0.000     0.000   0   0   0   0   0   0   0     0.000     0.000     0.000     0.000    -0.004    -0.005     0.002
   7 0 0 0 1 1 1 1  22  22   1   0   0   0   0     5.539     5.537    21.894     0.000     0.000     0.000     0.000   0   0   0   0   0   0   0     0.000     0.000     0.000    -0.000    -0.092     0.039     0.018
   7 0 0 0 1 1 1 1  11   1  11   0   0   0   0    41.826    22.054    58.074     0.000     0.000     0.000     0.000   0   0   0   0   0   0   0     0.000     0.000     0.000    -0.025    -0.055     0.001    -0.017
   7 0 0 0 1 1 1 1  22  22  14   0   0   0   0     5.549     5.537    46.796     0.000     0.000     0.000     0.000   0   0   0   0   0   0   0     0.000     0.000     0.000    -0.000     0.027    -0.009    -0.034
   7 0 0 0 1 1 1 1  24   4  24   0   0   0   0     5.723    22.348     5.743     0.000     0.000     0.000     0.000   0   0   0   0   0   0   0     0.000     0.000     0.000    -0.003     0.000     0.006     0.011
   7 0 0 0 1 1 1 1   5  18  32   0   0   0   0    22.019    48.704     4.169     0.000     0.000     0.000     0.000   0   0   0   0   0   0   0     0.000     0.000     0.000     0.030     0.003    -0.006     0.001
   7 0 0 0 1 1 1 1   6   1  23   0   0   0   0    19.164    21.863     5.762     0.000     0.000     0.000     0.000   0   0   0   0   0   0   0     0.000     0.000     0.000     0.038    -0.004    -0.001     0.005
   7 0 0 0 1 1 1 1  32  16  14   0   0   0   0     4.319    54.611    40.375     0.000     0.000     0.000     0.000   0   0   0   0   0   0   0     0.000     0.000     0.000    -0.019    -0.001    -0.002     0.005
   7 0 0 0 1 1 1 1   3   3  14   0   0   0   0    21.731    21.569    39.141     0.000     0.000     0.000     0.000   0   0   0   0   0   0   0     0.000     0.000     0.000    -0.024    -0.007     0.004    -0.000
   7 0 0 0 1 1 1 1   6  17   6   0   0   0   0    21.232    60.044    21.370     0.000     0.000     0.000     0.000   0   0   0   0   0   0   0     0.000     0.000     0.000    -0.001     0.004     0.012     0.023
   7 0 0 0 1 1 1 1  29   0   8   0   0   0   0     5.478    21.152    17.039     0.000     0.000     0.000     0.000   0   0   0   0   0   0   0     0.000     0.000     0.000    -0.005    -0.232     0.027     0.000
   7 0 0 0 1 1 1 1  12  11   1   0   0   0   0    55.946    42.456    21.487     0.000     0.000     0.000     0.000   0   0   0   0   0   0   0     0.000     0.000     0.000    -0.012     0.000    -0.021    -0.007
   7 0 0 0 1 1 1 1  10  23   4   0   0   0   0    15.215     5.664    23.313     0.000     0.000     0.000     0.000   0   0   0   0   0   0   0     0.000     0.000     0.000     0.001     0.009    -0.002     0.001
   7 0 0 0 1 1 1 1  26  26  22   0   0   0   0     5.672     5.646     5.539     0.000     0.000     0.000     0.000   0   0   0   0   0   0   0     0.000     0.000     0.000    -0.032    -0.015    -0.000     0.020
   7 0 0 0 1 1 1 1  13  23   7   0   0   0   0    48.188     5.998    20.978     0.000     0.000     0.000     0.000   0   0   0   0   0   0   0     0.000     0.000     0.000     0.004     0.019     0.000    -0.014
   7 0 0 0 1 1 1 1   5   1  19   0   0   0   0    22.098    21.870    64.946     0.000     0.000     0.000     0.000   0   0   0   0   0   0   0     0.000     0.000     0.000     0.016     0.002     0.000    -0.006
   7 0 0 0 1 1 1 1  28  17  10   0   0   0   0     5.667    58.115    15.525     0.000     0.000     0.000     0.000   0   0   0   0   0   0   0     0.000     0.000     0.000    -0.002     0.001     0.007     0.002
   7 0 0 0 1 1 1 1   3   3   1   0   0   0   0    21.676    21.569    22.557     0.000     0.000     0.000     0.000   0   0   0   0   0   0   0     0.000     0.000     0.000    -0.039    -0.016     0.000    -0.021
   7 0 0 0 1 1 1 1  28   1  27   0   0   0   0     4.978    22.054     5.194     0.000     0.000     0.000     0.000   0   0   0   0   0   0   0     0.000     0.000     0.000    -0.022    -0.050     0.005    -0.001
   7 0 0 0 1 1 1 1  22  22  22   0   0   0   0     5.539     5.537     5.552     0.000     0.000     0.000     0.000   0   0   0   0   0   0   0     0.000     0.000     0.000    -0.000     0.254    -0.011    -0.029
   7 0 0 0 1 1 1 1  18   5   3   0   0   0   0    50.499    22.010    21.569     0.000     0.000     0.000     0.000   0   0   0   0   0   0   0     0.000     0.000     0.000     0.004    -0.000    -0.022    -0.004
   7 0 0 0 1 1 1 1  26  16  26   0   0   0   0     5.915    53.278     6.103     0.000     0.000     0.000     0.000   0   0   0   0   0   0   0     0.000     0.000     0.000    -0.015    -0.000     0.003     0.018
   7 0 0 0 1 1 1 1  13   6   7   0   0   0   0    48.293    21.357    20.980     0.000     0.000     0.000     0.000   0   0   0   0   0   0   0     0.000     0.000     0.000     0.004     0.021     0.000    -0.015
   7 0 0 0 1 1 1 1  24  27  12   0   0   0   0     5.531     5.467    50.626     0.000     0.000     0.000     0.000   0   0   0   0   0   0   0     0.000     0.000     0.000    -0.000    -0.010     0.000     0.012
   7 0 0 0 1 1 1 1  28  30  20   0   0   0   0     5.707     5.390    62.884     0.000     0.000     0.000     0.000   0   0   0   0   0   0   0     0.000     0.000     0.000     0.001    -0.002     0.003     0.007
   7 0 0 0 1 1 1 1   6   1  23   0   0   0   0    19.193    21.876     5.782     0.000     0.000     0.000     0.000   0   0   0   0   0   0   0     0.000     0.000     0.000     0.026    -0.016    -0.001     0.004
   7 0 0 0 1 1 1 1  11  22  24   0   0   0   0    58.438     5.461     5.130     0.000     0.000     0.000     0.000   0   0   0   0   0   0   0     0.000     0.000     0.000     0.001    -0.006    -0.033    -0.012
   7 0 0 0 1 1 1 1   5  24   9   0   0   0   0    23.248     5.531    18.835     0.000     0.000     0.000     0.000   0   0   0   0   0   0   0     0.000     0.000     0.000    -0.001     0.004    -0.006    -0.022
   7 0 0 0 1 1 1 1  14  11  10   0   0   0   0    39.229    51.031    15.545     0.000     0.000     0.000     0.000   0   0   0   0   0   0   0     0.000     0.000     0.000     0.004    -0.001     0.000    -0.002
   7 0 0 0 1 1 1 1  22  22   1   0   0   0   0     5.539     5.537    21.893     0.000     0.000     0.000     0.000   0   0   0   0   0   0   0     0.000     0.000     0.000    -0.000    -0.084     0.038     0.016
   7 0 0 0 1 1 1 1  11   3   7   0   0   0   0    42.073    21.569    20.304     0.000     0.000     0.000     0.000   0   0   0   0   0   0   0     0.000     0.000     0.000    -0.043    -0.014     0.004    -0.001
   7 0 0 0 1 1 1 1  32  16  21   0   0   0   0     4.310    54.517    65.120     0.000     0.000     0.000     0.000   0   0   0   0   0   0   0     0.000     0.000     0.000    -0.025    -0.001    -0.003     0.003
   7 0 0 0 1 1 1 1   4   1  23   0   0   0   0    23.716    21.900     5.451     0.000     0.000     0.000     0.000   0   0   0   0   0   0   0     0.000     0.000     0.000     0.001    -0.001     0.002     0.011
   7 0 0 0 1 1 1 1   5  18  30   0   0   0   0    22.019    49.383     5.159     0.000     0.000     0.000     0.000   0   0   0   0   0   0   0     0.000     0.000     0.000     0.012    -0.000    -0.005     0.000
   7 0 0 0 1 1 1 1  27  27   7   0   0   0   0     5.559     5.290    21.598     0.000     0.000     0.000     0.000   0   0   0   0   0   0   0     0.000     0.000     0.000     0.001    -0.004     0.004     0.019
   7 0 0 0 1 1 1 1   6  22  32   0   0   0   0    19.328     5.440     4.310     0.000     0.000     0.000     0.000   0   0   0   0   0   0   0     0.000     0.000     0.000     0.028     0.004    -0.002     0.001
   7 0 0 0 1 1 1 1  26  32   3   0   0   0   0     5.913     4.329    24.298     0.000     0.000     0.000     0.000   0   0   0   0   0   0   0     0.000     0.000     0.000     0.000    -0.002     0.001     0.004
   7 0 0 0 1 1 1 1  20  17  13   0   0   0   0    63.169    59.255    54.731     0.000     0.000     0.000     0.000   0   0   0   0   0   0   0     0.000     0.000     0.000    -0.001     0.003    -0.009    -0.022
   7 0 0 0 1 1 1 1   6  19  29   0   0   0   0    19.161    66.424     5.521     0.000     0.000     0.000     0.000   0   0   0   0   0   0   0     0.000     0.000     0.000     0.044     0.013    -0.005     0.001
   7 0 0 0 1 1 1 1  12  16   2   0   0   0   0    56.235    54.770    22.450     0.000     0.000     0.000     0.000   0   0   0   0   0   0   0     0.000     0.000     0.000    -0.003     0.001    -0.019    -0.006
   7 0 0 0 1 1 1 1  18  18   3   0   0   0   0    49.664    49.662    21.664     0.000     0.000     0.000     0.000   0   0   0   0   0   0   0     0.000     0.000     0.000     0.000     0.179    -0.014    -0.002
   7 0 0 0 1 1 1 1  28   4  22   0   0   0   0     4.978    21.969     5.539     0.000     0.000     0.000     0.000   0   0   0   0   0   0   0     0.000     0.000     0.000    -0.034    -0.013    -0.000     0.016
   7 0 0 0 1 1 1 1  12   4  26   0   0   0   0    55.180    23.753     5.678     0.000     0.000     0.000     0.000   0   0   0   0   0   0   0     0.000     0.000     0.000     0.001    -0.004    -0.027    -0.008
   7 0 0 0 1 1 1 1  11   3  22   0   0   0   0    42.073    21.569     5.539     0.000     0.000     0.000     0.000   0   0   0   0   0   0   0     0.000     0.000     0.000    -0.027    -0.010     0.000    -0.014
   7 0 0 0 1 1 1 1   4  10  22   0   0   0   0    23.569    15.215     4.938     0.000     0.000     0.000     0.000   0   0   0   0   0   0   0     0.000     0.000     0.000     0.002    -0.001     0.001     0.004
   7 0 0 0 1 1 1 1  26  16   6   0   0   0   0     5.915    53.278    21.357     0.000     0.000     0.000     0.000   0   0   0   0   0   0   0     0.000     0.000     0.000    -0.013    -0.000     0.003     0.018
   7 0 0 0 1 1 1 1  25  18   7   0   0   0   0     5.095    50.731    20.302     0.000     0.000     0.000     0.000   0   0   0   0   0   0   0     0.000     0.000     0.000    -0.008    -0.031     0.004    -0.001
   7 0 0 0 1 1 1 1   6  22  30   0   0   0   0    19.340     5.440     5.312     0.000     0.000     0.000     0.000   0   0   0   0   0   0   0     0.000     0.000     0.000     0.025     0.003    -0.002     0.001
   7 0 0 0 1 1 1 1  28  24  10   0   0   0   0     5.671     5.521    15.525     0.000     0.000     0.000     0.000   0   0   0   0   0   0   0     0.000     0.000     0.000     0.000    -0.002     0.006     0.002
   7 0 0 0 1 1 1 1  24   3  27   0   0   0   0     4.956    21.638     5.206     0.000     0.000     0.000     0.000   0   0   0   0   0   0   0     0.000     0.000     0.000    -0.029    -0.009     0.003    -0.001
   7 0 0 0 1 1 1 1  13  23  13   0   0   0   0    48.293     5.965    48.314     0.000     0.000     0.000     0.000   0   0   0   0   0   0   0     0.000     0.000     0.000     0.003     0.013    -0.062    -0.001
   7 0 0 0 1 1 1 1   5  24  25   0   0   0   0    23.191     5.531     5.757     0.000     0.000     0.000     0.000   0   0   0   0   0   0   0     0.000     0.000     0.000    -0.000     0.003    -0.014    -0.003
   7 0 0 0 1 1 1 1  28   0  11   0   0   0   0     5.305    21.148    45.761     0.000     0.000     0.000     0.000   0   0   0   0   0   0   0     0.000     0.000     0.000    -0.002    -0.018     0.170     0.000
   7 0 0 0 1 1 1 1  23  27  11   0   0   0   0     5.782     5.466    50.344     0.000     0.000     0.000     0.000   0   0   0   0   0   0   0     0.000     0.000     0.000     0.000    -0.007     0.014     0.002
   7 0 0 0 1 1 1 1  29   0  32   0   0   0   0     5.459    21.152     4.021     0.000     0.000     0.000     0.000   0   0   0   0   0   0   0     0.000     0.000     0.000    -0.003    -0.309     0.023     0.000
   7 0 0 0 1 1 1 1  12  15  30   0   0   0   0    55.946    51.108     5.048     0.000     0.000     0.000     0.000   0   0   0   0   0   0   0     0.000     0.000     0.000    -0.001     0.001    -0.016    -0.005
   7 0 0 0 1 1 1 1   5  14  25   0   0   0   0    22.010    45.974     5.883     0.000     0.000     0.000     0.000   0   0   0   0   0   0   0     0.000     0.000     0.000     0.024     0.001    -0.001     0.001
   7 0 0 0 1 1 1 1   6  14  26   0   0   0   0    19.193    47.539     5.902     0.000     0.000     0.000     0.000   0   0   0   0   0   0   0     0.000     0.000     0.000     0.023    -0.012    -0.001     0.002
   7 0 0 0 1 1 1 1  13   5  13   0   0   0   0    48.313    22.468    48.314     0.000     0.000     0.000     0.000   0   0   0   0   0   0   0     0.000     0.000     0.000     0.064     0.003    -0.487    -0.001
   7 0 0 0 1 1 1 1  12  16  27   0   0   0   0    51.871    58.222     4.976     0.000     0.000     0.000     0.000   0   0   0   0   0   0   0     0.000     0.000     0.000    -0.000     0.009     0.005    -0.004
   7 0 0 0 1 1 1 1  14  25  10   0   0   0   0    39.131     5.814    15.535     0.000     0.000     0.000     0.000   0   0   0   0   0   0   0     0.000     0.000     0.000    -0.000     0.004     0.000    -0.001
   7 0 0 0 1 1 1 1  26  26  20   0   0   0   0     5.672     5.646    63.169     0.000     0.000     0.000     0.000   0   0   0   0   0   0   0     0.000     0.000     0.000    -0.025    -0.011     0.000    -0.014
   7 0 0 0 1 1 1 1   4   0  23   0   0   0   0    23.753    21.394     5.444     0.000     0.000     0.000     0.000   0   0   0   0   0   0   0     0.000     0.000     0.000    -0.000     0.010    -0.002    -0.049
   7 0 0 0 1 1 1 1  22  22   0   0   0   0   0     5.549     5.537    21.159     0.000     0.000     0.000     0.000   0   0   0   0   0   0   0     0.000     0.000     0.000    -0.000     0.026    -0.011    -0.026
   7 0 0 0 1 1 1 1  28  24  10   0   0   0   0     5.667     5.521    15.525     0.000     0.000     0.000     0.000   0   0   0   0   0   0   0     0.000     0.000     0.000     0.000    -0.002     0.005     0.001
   7 0 0 0 1 1 1 1   5  18  32   0   0   0   0    22.019    48.724     4.200     0.000     0.000     0.000     0.000   0   0   0   0   0   0   0     0.000     0.000     0.000     0.023     0.002    -0.004     0.001
   7 0 0 0 1 1 1 1  28  28  24   0   0   0   0     5.723     5.509     5.743     0.000     0.000     0.000     0.000   0   0   0   0   0   0   0     0.000     0.000     0.000     0.002    -0.002     0.008     0.018
   7 0 0 0 1 1 1 1  22  22   0   0   0   0   0     5.539     5.537    21.159     0.000     0.000     0.000     0.000   0   0   0   0   0   0   0     0.000     0.000     0.000    -0.000     0.234    -0.010    -0.024
   7 0 0 0 1 1 1 1  25   1   6   0   0   0   0     5.013    22.054    19.508     0.000     0.000     0.000     0.000   0   0   0   0   0   0   0     0.000     0.000     0.000    -0.006    -0.019     0.002    -0.000
   7 0 0 0 1 1 1 1  22  26   5   0   0   0   0     5.542     5.942    22.529     0.000     0.000     0.000     0.000   0   0   0   0   0   0   0     0.000     0.000     0.000    -0.000     0.005     0.014     0.033
   7 0 0 0 1 1 1 1   3   0  32   0   0   0   0    22.344    21.153     4.092     0.000     0.000     0.000     0.000   0   0   0   0   0   0   0     0.000     0.000     0.000    -0.003    -0.068     0.018    -0.000
   7 0 0 0 1 1 1 1  11   4  16   0   0   0   0    42.073    21.969    54.770     0.000     0.000     0.000     0.000   0   0   0   0   0   0   0     0.000     0.000     0.000    -0.023    -0.008    -0.002     0.001
   7 0 0 0 1 1 1 1  24  23   6   0   0   0   0     5.191     5.438    19.432     0.000     0.000     0.000     0.000   0   0   0   0   0   0   0     0.000     0.000     0.000    -0.007    -0.001     0.011     0.000
   7 0 0 0 1 1 1 1  22  22   1   0   0   0   0     5.539     5.537    21.893     0.000     0.000     0.000     0.000   0   0   0   0   0   0   0     0.000     0.000     0.000    -0.000    -0.077     0.031     0.012
   7 0 0 0 1 1 1 1  24  27  32   0   0   0   0     5.528     5.341     4.277     0.000     0.000     0.000     0.000   0   0   0   0   0   0   0     0.000     0.000     0.000     0.001    -0.006    -0.003     0.004
   7 0 0 0 1 1 1 1  32   1  14   0   0   0   0     4.329    21.956    40.375     0.000     0.000     0.000     0.000   0   0   0   0   0   0   0     0.000     0.000     0.000     0.000    -0.004    -0.001     0.004
   7 0 0 0 1 1 1 1   3  10  12   0   0   0   0    24.331    15.545    50.484     0.000     0.000     0.000     0.000   0   0   0   0   0   0   0     0.000     0.000     0.000     0.000    -0.002     0.002     0.011
   7 0 0 0 1 1 1 1  24   3   6   0   0   0   0     4.956    21.569    19.514     0.000     0.000     0.000     0.000   0   0   0   0   0   0   0     0.000     0.000     0.000    -0.029    -0.008     0.004    -0.000
   7 0 0 0 1 1 1 1  25   1  27   0   0   0   0     4.999    22.054     5.209     0.000     0.000     0.000     0.000   0   0   0   0   0   0   0     0.000     0.000     0.000    -0.015    -0.038     0.003    -0.001
   7 0 0 0 1 1 1 1  13  16  17   0   0   0   0    53.137    58.502    61.645     0.000     0.000     0.000     0.000   0   0   0   0   0   0   0     0.000     0.000     0.000    -0.000     0.010    -0.004     0.004
   7 0 0 0 1 1 1 1  26  32   1   0   0   0   0     5.913     4.329    22.309     0.000     0.000     0.000     0.000   0   0   0   0   0   0   0     0.000     0.000     0.000     0.000    -0.002     0.001     0.003
   7 0 0 0 1 1 1 1  17   5  25   0   0   0   0    60.044    21.986     5.914     0.000     0.000     0.000     0.000   0   0   0   0   0   0   0     0.000     0.000     0.000     0.010    -0.001    -0.000     0.005
   7 0 0 0 1 1 1 1   4   0  11   0   0   0   0    23.749    21.394    50.197     0.000     0.000     0.000     0.000   0   0   0   0   0   0   0     0.000     0.000     0.000     0.000     0.009     0.003    -0.014
   7 0 0 0 1 1 1 1  22  22   0   0   0   0   0     5.539     5.537    21.159     0.000     0.000     0.000     0.000   0   0   0   0   0   0   0     0.000     0.000     0.000    -0.000     0.216    -0.009    -0.021
   7 0 0 0 1 1 1 1  32  22   6   0   0   0   0     4.167     5.537    19.432     0.000     0.000     0.000     0.000   0   0   0   0   0   0   0     0.000     0.000     0.000    -0.002     0.008     0.020     0.000
   7 0 0 0 1 1 1 1  23  27  11   0   0   0   0     5.780     5.466    50.344     0.000     0.000     0.000     0.000   0   0   0   0   0   0   0     0.000     0.000     0.000     0.000    -0.006     0.012     0.002
   7 0 0 0 1 1 1 1   6  22  24   0   0   0   0    19.164     5.443     5.528     0.000     0.000     0.000     0.000   0   0   0   0   0   0   0     0.000     0.000     0.000     0.036     0.008    -0.001     0.003
   7 0 0 0 1 1 1 1   6  22  32   0   0   0   0    19.328     5.440     4.303     0.000     0.000     0.000     0.000   0   0   0   0   0   0   0     0.000     0.000     0.000     0.021     0.003    -0.002     0.001
   7 0 0 0 1 1 1 1  18   2   8   0   0   0   0    45.179    22.539    17.903     0.000     0.000     0.000     0.000   0   0   0   0   0   0   0     0.000     0.000     0.000     0.011     0.001     0.000    -0.004
   7 0 0 0 1 1 1 1  26   5   3   0   0   0   0     5.672    23.565    24.451     0.000     0.000     0.000     0.000   0   0   0   0   0   0   0     0.000     0.000     0.000    -0.011    -0.028    -0.000     0.005
   7 0 0 0 1 1 1 1   7   6   3   0   0   0   0    21.573    19.960    24.494     0.000     0.000     0.000     0.000   0   0   0   0   0   0   0     0.000     0.000     0.000     0.002    -0.001     0.010     0.018
   7 0 0 0 1 1 1 1  26  16  12   0   0   0   0     5.672    50.947    46.068     0.000     0.000     0.000     0.000   0   0   0   0   0   0   0     0.000     0.000     0.000    -0.025    -0.010    -0.005     0.000
   7 0 0 0 1 1 1 1  28   0   3   0   0   0   0     5.672    21.240    22.516     0.000     0.000     0.000     0.000   0   0   0   0   0   0   0     0.000     0.000     0.000    -0.001     0.001     0.005     0.001
   7 0 0 0 1 1 1 1  20  28  13   0   0   0   0    63.117     4.966    54.599     0.000     0.000     0.000     0.000   0   0   0   0   0   0   0     0.000     0.000     0.000    -0.017     0.000    -0.004    -0.014
   7 0 0 0 1 1 1 1   3   0   8   0   0   0   0    22.281    21.153    17.066     0.000     0.000     0.000     0.000   0   0   0   0   0   0   0     0.000     0.000     0.000    -0.003    -0.459     0.016    -0.000
   7 0 0 0 1 1 1 1  13  16  27   0   0   0   0    53.137    58.502     4.986     0.000     0.000     0.000     0.000   0   0   0   0   0   0   0     0.000     0.000     0.000    -0.000     0.009     0.003    -0.003
   7 0 0 0 1 1 1 1  24  25  22   0   0   0   0     5.726     5.683     5.315     0.000     0.000     0.000     0.000   0   0   0   0   0   0   0     0.000     0.000     0.000    -0.001     0.000     0.005     0.001
   7 0 0 0 1 1 1 1  23  17  11   0   0   0   0     5.782    57.469    50.298     0.000     0.000     0.000     0.000   0   0   0   0   0   0   0     0.000     0.000     0.000    -0.003     0.001     0.011     0.001
   7 0 0 0 1 1 1 1  13   5  13   0   0   0   0    48.311    22.468    48.314     0.000     0.000     0.000     0.000   0   0   0   0   0   0   0     0.000     0.000     0.000     0.065     0.003    -0.290    -0.001
   7 0 0 0 1 1 1 1  24  16  29   0   0   0   0     5.531    54.770     5.767     0.000     0.000     0.000     0.000   0   0   0   0   0   0   0     0.000     0.000     0.000    -0.006     0.000    -0.008     0.003
   7 0 0 0 1 1 1 1   6  14  30   0   0   0   0    19.209    47.455     5.079     0.000     0.000     0.000     0.000   0   0   0   0   0   0   0     0.000     0.000     0.000     0.010     0.001    -0.002     0.000
   7 0 0 0 1 1 1 1  22   5   1   0   0   0   0     5.542    22.061    21.893     0.000     0.000     0.000     0.000   0   0   0   0   0   0   0     0.000     0.000     0.000     0.003    -0.001     0.028     0.012
   7 0 0 0 1 1 1 1  25   1  28   0   0   0   0     5.052    22.054     5.509     0.000     0.000     0.000     0.000   0   0   0   0   0   0   0     0.000     0.000     0.000    -0.009    -0.035     0.002    -0.001
   7 0 0 0 1 1 1 1   5  24  11   0   0   0   0    23.258     5.531    50.751     0.000     0.000     0.000     0.000   0   0   0   0   0   0   0     0.000     0.000     0.000    -0.000     0.002    -0.002    -0.009
   7 0 0 0 1 1 1 1   5  14  22   0   0   0   0    22.010    45.932     5.146     0.000     0.000     0.000     0.000   0   0   0   0   0   0   0     0.000     0.000     0.000     0.020     0.001     0.001    -0.001
   7 0 0 0 1 1 1 1  26  32   6   0   0   0   0     5.915     4.371    21.373     0.000     0.000     0.000     0.000   0   0   0   0   0   0   0     0.000     0.000     0.000    -0.000    -0.006     0.002     0.013
   7 0 0 0 1 1 1 1  23   6  28   0   0   0   0     5.762    20.203     5.726     0.000     0.000     0.000     0.000   0   0   0   0   0   0   0     0.000     0.000     0.000     0.001    -0.004     0.002     0.009
   7 0 0 0 1 1 1 1   6  22  32   0   0   0   0    19.340     5.438     4.319     0.000     0.000     0.000     0.000   0   0   0   0   0   0   0     0.000     0.000     0.000     0.021     0.003    -0.001     0.001
   7 0 0 0 1 1 1 1  31  25  32   0   0   0   0     5.466     5.717     4.282     0.000     0.000     0.000     0.000   0   0   0   0   0   0   0     0.000     0.000     0.000    -0.001     0.002     0.009    -0.001
   7 0 0 0 1 1 1 1  26  13   6   0   0   0   0     5.786    49.787    19.272     0.000     0.000     0.000     0.000   0   0   0   0   0   0   0     0.000     0.000     0.000    -0.009    -0.001     0.024     0.000
   7 0 0 0 1 1 1 1  29   0  32   0   0   0   0     5.521    21.153     4.111     0.000     0.000     0.000     0.000   0   0   0   0   0   0   0     0.000     0.000     0.000    -0.003    -0.061     0.019     0.000
   7 0 0 0 1 1 1 1  18  25  30   0   0   0   0    42.577     5.807     5.632     0.000     0.000     0.000     0.000   0   0   0   0   0   0   0     0.000     0.000     0.000    -0.010    -0.001    -0.000     0.005
   7 0 0 0 1 1 1 1  28  30  10   0   0   0   0     5.666     5.390    15.525     0.000     0.000     0.000     0.000   0   0   0   0   0   0   0     0.000     0.000     0.000     0.000    -0.001     0.004     0.001
   7 0 0 0 1 1 1 1  20  22  13   0   0   0   0    63.169     5.539    54.731     0.000     0.000     0.000     0.000   0   0   0   0   0   0   0     0.000     0.000     0.000     0.000     0.011    -0.006    -0.015
   7 0 0 0 1 1 1 1  12  17   6   0   0   0   0    53.918    59.382    19.633     0.000     0.000     0.000     0.000   0   0   0   0   0   0   0     0.000     0.000     0.000    -0.001     0.004    -0.011    -0.001
   7 0 0 0 1 1 1 1  22  22  20   0   0   0   0     5.537     5.521    62.421     0.000     0.000     0.000     0.000   0   0   0   0   0   0   0     0.000     0.000     0.000     0.000    -0.008     0.218    -0.012
   7 0 0 0 1 1 1 1  14  25  32   0   0   0   0    39.073     5.813     4.329     0.000     0.000     0.000     0.000   0   0   0   0   0   0   0     0.000     0.000     0.000    -0.000     0.003     0.000    -0.001
   7 0 0 0 1 1 1 1  17   5   4   0   0   0   0    60.044    21.989    22.813     0.000     0.000     0.000     0.000   0   0   0   0   0   0   0     0.000     0.000     0.000     0.007    -0.001    -0.001     0.004
   7 0 0 0 1 1 1 1  13   5  13   0   0   0   0    48.313    22.468    48.314     0.000     0.000     0.000     0.000   0   0   0   0   0   0   0     0.000     0.000     0.000     0.065     0.003    -0.418    -0.001
   7 0 0 0 1 1 1 1  25  22  17   0   0   0   0     6.014     4.901    59.263     0.000     0.000     0.000     0.000   0   0   0   0   0   0   0     0.000     0.000     0.000    -0.005     0.000     0.003     0.006
   7 0 0 0 1 1 1 1   3   1   6   0   0   0   0    21.668    22.054    19.508     0.000     0.000     0.000     0.000   0   0   0   0   0   0   0     0.000     0.000     0.000    -0.006    -0.016     0.002    -0.000
   7 0 0 0 1 1 1 1  23  26  11   0   0   0   0     5.780     5.785    50.373     0.000     0.000     0.000     0.000   0   0   0   0   0   0   0     0.000     0.000     0.000    -0.006    -0.000     0.009     0.001
   7 0 0 0 1 1 1 1  24  28  32   0   0   0   0     5.528     5.523     4.273     0.000     0.000     0.000     0.000   0   0   0   0   0   0   0     0.000     0.000     0.000     0.002    -0.004    -0.003     0.004
   7 0 0 0 1 1 1 1  12  16   7   0   0   0   0    56.378    55.894    20.868     0.000     0.000     0.000     0.000   0   0   0   0   0   0   0     0.000     0.000     0.000    -0.001     0.001    -0.015    -0.004
   7 0 0 0 1 1 1 1  22  25  20   0   0   0   0     5.536     5.433    62.421     0.000     0.000     0.000     0.000   0   0   0   0   0   0   0     0.000     0.000     0.000    -0.002     0.000     0.073    -0.001
   7 0 0 0 1 1 1 1  24   3   6   0   0   0   0     4.907    21.542    19.456     0.000     0.000     0.000     0.000   0   0   0   0   0   0   0     0.000     0.000     0.000    -0.026    -0.010     0.004    -0.000
   7 0 0 0 1 1 1 1   4   0  23   0   0   0   0    23.754    21.394     5.441     0.000     0.000     0.000     0.000   0   0   0   0   0   0   0     0.000     0.000     0.000     0.000     0.008    -0.002    -0.039
   7 0 0 0 1 1 1 1  12  13  15   0   0   0   0    51.871    50.855    56.242     0.000     0.000     0.000     0.000   0   0   0   0   0   0   0     0.000     0.000     0.000    -0.001     0.005    -0.003     0.002
   7 0 0 0 1 1 1 1  30  23  24   0   0   0   0     5.652     5.852     5.729     0.000     0.000     0.000     0.000   0   0   0   0   0   0   0     0.000     0.000     0.000    -0.000    -0.020     0.001     0.004
   7 0 0 0 1 1 1 1  26  16   6   0   0   0   0     5.942    52.944    21.383     0.000     0.000     0.000     0.000   0   0   0   0   0   0   0     0.000     0.000     0.000    -0.009    -0.000     0.003     0.012
   7 0 0 0 1 1 1 1  30  25   9   0   0   0   0     4.723     4.983    17.798     0.000     0.000     0.000     0.000   0   0   0   0   0   0   0     0.000     0.000     0.000    -0.021    -0.004     0.008    -0.000
   7 0 0 0 1 1 1 1  22  22  20   0   0   0   0     5.537     5.526    62.421     0.000     0.000     0.000     0.000   0   0   0   0   0   0   0     0.000     0.000     0.000     0.000    -0.009     0.202    -0.011
   7 0 0 0 1 1 1 1  22  32  20   0   0   0   0     5.536     4.167    62.421     0.000     0.000     0.000     0.000   0   0   0   0   0   0   0     0.000     0.000     0.000    -0.001     0.000     0.068    -0.001
   7 0 0 0 1 1 1 1  20  25  13   0   0   0   0    63.117     5.643    54.599     0.000     0.000     0.000     0.000   0   0   0   0   0   0   0     0.000     0.000     0.000    -0.002     0.001    -0.003    -0.012
   7 0 0 0 1 1 1 1   6  30  19   0   0   0   0    19.926     4.739    61.905     0.000     0.000     0.000     0.000   0   0   0   0   0   0   0     0.000     0.000     0.000    -0.004     0.004     0.001    -0.005
   7 0 0 0 1 1 1 1  28   4   0   0   0   0   0     5.739    22.337    20.608     0.000     0.000     0.000     0.000   0   0   0   0   0   0   0     0.000     0.000     0.000    -0.002     0.000     0.020     0.008
   7 0 0 0 1 1 1 1   6   0   3   0   0   0   0    19.508    21.245    23.796     0.000     0.000     0.000     0.000   0   0   0   0   0   0   0     0.000     0.000     0.000     0.001     0.012    -0.001     0.001
   7 0 0 0 1 1 1 1  22  22   1   0   0   0   0     5.542     5.537    21.893     0.000     0.000     0.000     0.000   0   0   0   0   0   0   0     0.000     0.000     0.000    -0.000    -0.023     0.024     0.010
   7 0 0 0 1 1 1 1  11   4  26   0   0   0   0    60.048    23.749     5.667     0.000     0.000     0.000     0.000   0   0   0   0   0   0   0     0.000     0.000     0.000     0.001    -0.003    -0.025    -0.009
   7 0 0 0 1 1 1 1  13  16  15   0   0   0   0    53.137    58.579    52.711     0.000     0.000     0.000     0.000   0   0   0   0   0   0   0     0.000     0.000     0.000    -0.000     0.008     0.007    -0.002
   7 0 0 0 1 1 1 1   6   2   3   0   0   0   0    19.209    21.604    21.542     0.000     0.000     0.000     0.000   0   0   0   0   0   0   0     0.000     0.000     0.000     0.001     0.009    -0.015    -0.000
   7 0 0 0 1 1 1 1   6   1   3   0   0   0   0    19.193    21.876    24.440     0.000     0.000     0.000     0.000   0   0   0   0   0   0   0     0.000     0.000     0.000     0.016    -0.015    -0.000     0.003
   7 0 0 0 1 1 1 1  28  15   4   0   0   0   0     5.509    52.054    23.775     0.000     0.000     0.000     0.000   0   0   0   0   0   0   0     0.000     0.000     0.000    -0.000     0.015    -0.000    -0.018
