  404
   1 1   0     0.000   0     4.775
   1 1   0     0.000   0     5.403
   1 1   0     0.000   0     5.790
   1 1   0     0.000   0     6.125
   7 0 0 0 1 1 1 1  22  12  12   0   0   0   0     5.460    49.325    47.927     0.000     0.000     0.000     0.000   0   0   0   0   0   0   0     0.000     0.000     0.000    -0.007     0.062    -0.140    -0.065
   7 0 0 0 1 1 1 1  25  12  25   0   0   0   0     5.630    48.427     5.765     0.000     0.000     0.000     0.000   0   0   0   0   0   0   0     0.000     0.000     0.000    -0.093     0.002     0.105     0.170
   7 0 0 0 1 1 1 1  25  32  23   0   0   0   0     5.387     3.752     5.852     0.000     0.000     0.000     0.000   0   0   0   0   0   0   0     0.000     0.000     0.000    -0.289    -0.139    -0.008     0.036
   7 0 0 0 1 1 1 1  30  29  28   0   0   0   0     5.531     5.579     5.661     0.000     0.000     0.000     0.000   0   0   0   0   0   0   0     0.000     0.000     0.000    -0.250    -0.054     0.049     0.131
   7 0 0 0 1 1 1 1  22  12  18   0   0   0   0     5.462    49.421    49.508     0.000     0.000     0.000     0.000   0   0   0   0   0   0   0     0.000     0.000     0.000    -0.003     0.058    -0.064    -0.132
   7 0 0 0 1 1 1 1  25  28  25   0   0   0   0     5.630     5.523     5.744     0.000     0.000     0.000     0.000   0   0   0   0   0   0   0     0.000     0.000     0.000    -0.086     0.001     0.087     0.150
   7 0 0 0 1 1 1 1  24  27  19   0   0   0   0     5.306     5.283    60.776     0.000     0.000     0.000     0.000   0   0   0   0   0   0   0     0.000     0.000     0.000    -0.241    -0.104     0.021    -0.013
   7 0 0 0 1 1 1 1   0  28  29   0   0   0   0    21.029     5.640     5.540     0.000     0.000     0.000     0.000   0   0   0   0   0   0   0     0.000     0.000     0.000     0.019     0.105    -0.283    -0.070
   7 0 0 0 1 1 1 1  22  12  14   0   0   0   0     5.467    49.308    46.629     0.000     0.000     0.000     0.000   0   0   0   0   0   0   0     0.000     0.000     0.000    -0.007     0.050    -0.055    -0.116
   7 0 0 0 1 1 1 1  25  28  25   0   0   0   0     5.630     5.563     5.788     0.000     0.000     0.000     0.000   0   0   0   0   0   0   0     0.000     0.000     0.000    -0.067     0.006     0.088     0.141
   7 0 0 0 1 1 1 1  25  25  23   0   0   0   0     5.408     5.220     5.856     0.000     0.000     0.000     0.000   0   0   0   0   0   0   0     0.000     0.000     0.000    -0.238    -0.116    -0.006     0.035
   7 0 0 0 1 1 1 1   0  28  29   0   0   0   0    20.982     5.671     5.607     0.000     0.000     0.000     0.000   0   0   0   0   0   0   0     0.000     0.000     0.000     0.039     0.110    -0.167    -0.038
   7 0 0 0 1 1 1 1  22  29  12   0   0   0   0     5.470     5.744    47.853     0.000     0.000     0.000     0.000   0   0   0   0   0   0   0     0.000     0.000     0.000     0.004     0.052    -0.107    -0.052
   7 0 0 0 1 1 1 1   3  11  25   0   0   0   0    22.792    48.294     5.711     0.000     0.000     0.000     0.000   0   0   0   0   0   0   0     0.000     0.000     0.000    -0.074    -0.001     0.058     0.120
   7 0 0 0 1 1 1 1  32  27  26   0   0   0   0     4.114     5.283     5.783     0.000     0.000     0.000     0.000   0   0   0   0   0   0   0     0.000     0.000     0.000    -0.198    -0.064    -0.013     0.019
   7 0 0 0 1 1 1 1  30  29  29   0   0   0   0     5.536     5.621     5.757     0.000     0.000     0.000     0.000   0   0   0   0   0   0   0     0.000     0.000     0.000    -0.136    -0.025     0.045     0.105
   7 0 0 0 1 1 1 1  12  11  29   0   0   0   0    49.020    48.293     5.754     0.000     0.000     0.000     0.000   0   0   0   0   0   0   0     0.000     0.000     0.000    -0.085    -0.022     0.016     0.056
   7 0 0 0 1 1 1 1   3  18  25   0   0   0   0    22.735    48.436     5.704     0.000     0.000     0.000     0.000   0   0   0   0   0   0   0     0.000     0.000     0.000     0.010    -0.049     0.051     0.107
   7 0 0 0 1 1 1 1  24  24  26   0   0   0   0     5.310     5.057     5.801     0.000     0.000     0.000     0.000   0   0   0   0   0   0   0     0.000     0.000     0.000    -0.197    -0.090    -0.004     0.031
   7 0 0 0 1 1 1 1   0  28  28   0   0   0   0    21.041     5.626     5.332     0.000     0.000     0.000     0.000   0   0   0   0   0   0   0     0.000     0.000     0.000     0.007     0.074    -0.340    -0.058
   7 0 0 0 1 1 1 1  12  18  27   0   0   0   0    49.011    49.022     5.264     0.000     0.000     0.000     0.000   0   0   0   0   0   0   0     0.000     0.000     0.000    -0.021    -0.078     0.185     0.030
   7 0 0 0 1 1 1 1  29  12  25   0   0   0   0     5.715    47.782     5.683     0.000     0.000     0.000     0.000   0   0   0   0   0   0   0     0.000     0.000     0.000    -0.077    -0.025     0.015     0.095
   7 0 0 0 1 1 1 1  31  25  26   0   0   0   0     5.302     5.345     5.791     0.000     0.000     0.000     0.000   0   0   0   0   0   0   0     0.000     0.000     0.000    -0.138    -0.050    -0.008     0.020
   7 0 0 0 1 1 1 1  29  29  28   0   0   0   0     5.659     5.443     5.635     0.000     0.000     0.000     0.000   0   0   0   0   0   0   0     0.000     0.000     0.000    -0.341    -0.080    -0.003     0.071
   7 0 0 0 1 1 1 1  12  18   6   0   0   0   0    49.106    49.508    20.245     0.000     0.000     0.000     0.000   0   0   0   0   0   0   0     0.000     0.000     0.000    -0.024    -0.081     0.190     0.029
   7 0 0 0 1 1 1 1  29  12  25   0   0   0   0     5.735    47.892     5.683     0.000     0.000     0.000     0.000   0   0   0   0   0   0   0     0.000     0.000     0.000    -0.065    -0.016     0.019     0.084
   7 0 0 0 1 1 1 1  24  12  23   0   0   0   0     5.310    46.707     5.864     0.000     0.000     0.000     0.000   0   0   0   0   0   0   0     0.000     0.000     0.000    -0.180    -0.079    -0.003     0.034
   7 0 0 0 1 1 1 1  30  29  29   0   0   0   0     5.523     5.553     5.754     0.000     0.000     0.000     0.000   0   0   0   0   0   0   0     0.000     0.000     0.000    -0.182    -0.035     0.026     0.078
   7 0 0 0 1 1 1 1  11  12  29   0   0   0   0    48.938    47.745     5.752     0.000     0.000     0.000     0.000   0   0   0   0   0   0   0     0.000     0.000     0.000    -0.076    -0.039     0.002     0.039
   7 0 0 0 1 1 1 1   3  12  25   0   0   0   0    22.628    48.040     5.802     0.000     0.000     0.000     0.000   0   0   0   0   0   0   0     0.000     0.000     0.000    -0.055    -0.001     0.049     0.089
   7 0 0 0 1 1 1 1  25   4  26   0   0   0   0     5.465    22.299     5.862     0.000     0.000     0.000     0.000   0   0   0   0   0   0   0     0.000     0.000     0.000    -0.145    -0.050     0.001     0.078
   7 0 0 0 1 1 1 1  29  25  28   0   0   0   0     5.662     5.319     5.635     0.000     0.000     0.000     0.000   0   0   0   0   0   0   0     0.000     0.000     0.000    -0.321    -0.067    -0.002     0.058
   7 0 0 0 1 1 1 1  12  22  26   0   0   0   0    49.146     5.512     5.862     0.000     0.000     0.000     0.000   0   0   0   0   0   0   0     0.000     0.000     0.000    -0.014    -0.058     0.024     0.119
   7 0 0 0 1 1 1 1  29  12  25   0   0   0   0     5.729    47.645     5.675     0.000     0.000     0.000     0.000   0   0   0   0   0   0   0     0.000     0.000     0.000    -0.062    -0.017     0.015     0.068
   7 0 0 0 1 1 1 1  23  25   8   0   0   0   0     5.847     5.765    18.271     0.000     0.000     0.000     0.000   0   0   0   0   0   0   0     0.000     0.000     0.000    -0.013     0.027     0.014     0.048
   7 0 0 0 1 1 1 1   0  28  29   0   0   0   0    21.045     5.688     5.518     0.000     0.000     0.000     0.000   0   0   0   0   0   0   0     0.000     0.000     0.000     0.019     0.068    -0.181    -0.037
   7 0 0 0 1 1 1 1  29  12  30   0   0   0   0     5.713    48.040     5.401     0.000     0.000     0.000     0.000   0   0   0   0   0   0   0     0.000     0.000     0.000    -0.056    -0.013     0.152     0.023
   7 0 0 0 1 1 1 1  22  25  28   0   0   0   0     5.364     5.725     5.477     0.000     0.000     0.000     0.000   0   0   0   0   0   0   0     0.000     0.000     0.000     0.020     0.065    -0.050    -0.010
   7 0 0 0 1 1 1 1  24  17   4   0   0   0   0     5.329    57.024    22.426     0.000     0.000     0.000     0.000   0   0   0   0   0   0   0     0.000     0.000     0.000    -0.084    -0.017    -0.004     0.021
   7 0 0 0 1 1 1 1  29  14  28   0   0   0   0     5.639    47.899     5.629     0.000     0.000     0.000     0.000   0   0   0   0   0   0   0     0.000     0.000     0.000    -0.068    -0.340    -0.005     0.046
   7 0 0 0 1 1 1 1  12  18  29   0   0   0   0    49.131    49.508     5.757     0.000     0.000     0.000     0.000   0   0   0   0   0   0   0     0.000     0.000     0.000    -0.016    -0.055     0.007     0.036
   7 0 0 0 1 1 1 1  29  11  25   0   0   0   0     5.713    46.927     5.669     0.000     0.000     0.000     0.000   0   0   0   0   0   0   0     0.000     0.000     0.000    -0.067    -0.020     0.010     0.056
   7 0 0 0 1 1 1 1  32   3  26   0   0   0   0     4.127    22.053     5.776     0.000     0.000     0.000     0.000   0   0   0   0   0   0   0     0.000     0.000     0.000    -0.131    -0.043    -0.010     0.011
   7 0 0 0 1 1 1 1  29  11  28   0   0   0   0     5.666    45.957     5.645     0.000     0.000     0.000     0.000   0   0   0   0   0   0   0     0.000     0.000     0.000    -0.216    -0.048     0.001     0.047
   7 0 0 0 1 1 1 1  22  12  12   0   0   0   0     5.482    50.005    47.668     0.000     0.000     0.000     0.000   0   0   0   0   0   0   0     0.000     0.000     0.000     0.004     0.035    -0.055    -0.027
   7 0 0 0 1 1 1 1  25  12  25   0   0   0   0     5.618    47.999     5.784     0.000     0.000     0.000     0.000   0   0   0   0   0   0   0     0.000     0.000     0.000    -0.039    -0.006     0.020     0.059
   7 0 0 0 1 1 1 1  24  17   4   0   0   0   0     5.337    57.024    22.429     0.000     0.000     0.000     0.000   0   0   0   0   0   0   0     0.000     0.000     0.000    -0.070    -0.011    -0.003     0.021
   7 0 0 0 1 1 1 1  30  29  30   0   0   0   0     5.512     5.563     5.632     0.000     0.000     0.000     0.000   0   0   0   0   0   0   0     0.000     0.000     0.000    -0.112    -0.024     0.019     0.069
   7 0 0 0 1 1 1 1  12  11  27   0   0   0   0    49.182    48.296     5.264     0.000     0.000     0.000     0.000   0   0   0   0   0   0   0     0.000     0.000     0.000    -0.039    -0.009     0.130     0.017
   7 0 0 0 1 1 1 1  29  12  25   0   0   0   0     5.713    47.133     5.694     0.000     0.000     0.000     0.000   0   0   0   0   0   0   0     0.000     0.000     0.000    -0.113    -0.019     0.009     0.048
   7 0 0 0 1 1 1 1  23  26   8   0   0   0   0     5.843     5.836    18.310     0.000     0.000     0.000     0.000   0   0   0   0   0   0   0     0.000     0.000     0.000    -0.011     0.032     0.011     0.050
   7 0 0 0 1 1 1 1   0  28  25   0   0   0   0    20.993     5.700     5.256     0.000     0.000     0.000     0.000   0   0   0   0   0   0   0     0.000     0.000     0.000     0.018     0.055    -0.287    -0.028
   7 0 0 0 1 1 1 1  29  12  26   0   0   0   0     5.715    47.756     5.857     0.000     0.000     0.000     0.000   0   0   0   0   0   0   0     0.000     0.000     0.000    -0.043    -0.012     0.014     0.082
   7 0 0 0 1 1 1 1  22  25  11   0   0   0   0     5.371     5.794    47.232     0.000     0.000     0.000     0.000   0   0   0   0   0   0   0     0.000     0.000     0.000     0.014     0.050    -0.045    -0.010
   7 0 0 0 1 1 1 1  32  30  26   0   0   0   0     4.132     4.634     5.864     0.000     0.000     0.000     0.000   0   0   0   0   0   0   0     0.000     0.000     0.000    -0.123    -0.036     0.001     0.059
   7 0 0 0 1 1 1 1  29  25  28   0   0   0   0     5.633     5.220     5.629     0.000     0.000     0.000     0.000   0   0   0   0   0   0   0     0.000     0.000     0.000    -0.270    -0.050    -0.003     0.032
   7 0 0 0 1 1 1 1  12  18  29   0   0   0   0    48.951    49.612     5.757     0.000     0.000     0.000     0.000   0   0   0   0   0   0   0     0.000     0.000     0.000    -0.014    -0.038     0.002     0.026
   7 0 0 0 1 1 1 1  25  29  25   0   0   0   0     5.617     5.637     5.822     0.000     0.000     0.000     0.000   0   0   0   0   0   0   0     0.000     0.000     0.000    -0.029    -0.004     0.017     0.054
   7 0 0 0 1 1 1 1  23  25   8   0   0   0   0     5.838     5.794    18.258     0.000     0.000     0.000     0.000   0   0   0   0   0   0   0     0.000     0.000     0.000    -0.013     0.018     0.007     0.032
   7 0 0 0 1 1 1 1  11  29  28   0   0   0   0    48.304     5.398     5.651     0.000     0.000     0.000     0.000   0   0   0   0   0   0   0     0.000     0.000     0.000    -0.211    -0.040     0.001     0.034
   7 0 0 0 1 1 1 1  22  24  17   0   0   0   0     5.377     5.338    57.494     0.000     0.000     0.000     0.000   0   0   0   0   0   0   0     0.000     0.000     0.000    -0.015     0.021    -0.015     0.115
   7 0 0 0 1 1 1 1  22  25  12   0   0   0   0     5.352     5.855    47.570     0.000     0.000     0.000     0.000   0   0   0   0   0   0   0     0.000     0.000     0.000     0.019     0.068    -0.037    -0.006
   7 0 0 0 1 1 1 1  24  17  26   0   0   0   0     5.338    57.024     5.862     0.000     0.000     0.000     0.000   0   0   0   0   0   0   0     0.000     0.000     0.000    -0.058    -0.007     0.001     0.051
   7 0 0 0 1 1 1 1  30  31  30   0   0   0   0     5.511     5.289     5.652     0.000     0.000     0.000     0.000   0   0   0   0   0   0   0     0.000     0.000     0.000    -0.103    -0.018     0.016     0.093
   7 0 0 0 1 1 1 1  29  18  18   0   0   0   0     5.659    49.999    49.505     0.000     0.000     0.000     0.000   0   0   0   0   0   0   0     0.000     0.000     0.000    -0.021    -0.047     0.007     0.150
   7 0 0 0 1 1 1 1  29  12  17   0   0   0   0     5.704    47.116    56.503     0.000     0.000     0.000     0.000   0   0   0   0   0   0   0     0.000     0.000     0.000    -0.092    -0.014     0.005     0.032
   7 0 0 0 1 1 1 1  23  17   4   0   0   0   0     5.836    57.409    22.436     0.000     0.000     0.000     0.000   0   0   0   0   0   0   0     0.000     0.000     0.000    -0.013     0.014     0.005     0.024
   7 0 0 0 1 1 1 1  29   3   0   0   0   0   0     5.614    22.053    20.946     0.000     0.000     0.000     0.000   0   0   0   0   0   0   0     0.000     0.000     0.000    -0.222    -0.043     0.022    -0.006
   7 0 0 0 1 1 1 1  22  24  15   0   0   0   0     5.374     5.347    52.279     0.000     0.000     0.000     0.000   0   0   0   0   0   0   0     0.000     0.000     0.000    -0.010     0.019    -0.013     0.096
   7 0 0 0 1 1 1 1  22  25  12   0   0   0   0     5.389     5.807    46.963     0.000     0.000     0.000     0.000   0   0   0   0   0   0   0     0.000     0.000     0.000     0.009     0.036    -0.093    -0.011
   7 0 0 0 1 1 1 1  32   3   9   0   0   0   0     4.108    21.984    18.780     0.000     0.000     0.000     0.000   0   0   0   0   0   0   0     0.000     0.000     0.000    -0.104    -0.032     0.003    -0.043
   7 0 0 0 1 1 1 1  29  30  13   0   0   0   0     5.598     4.634    49.231     0.000     0.000     0.000     0.000   0   0   0   0   0   0   0     0.000     0.000     0.000    -0.226    -0.048    -0.005     0.022
   7 0 0 0 1 1 1 1  22  26  18   0   0   0   0     5.493     5.836    50.022     0.000     0.000     0.000     0.000   0   0   0   0   0   0   0     0.000     0.000     0.000     0.004     0.043    -0.019    -0.042
   7 0 0 0 1 1 1 1  29  25   1   0   0   0   0     5.697     5.174    21.831     0.000     0.000     0.000     0.000   0   0   0   0   0   0   0     0.000     0.000     0.000    -0.112    -0.013     0.003     0.026
   7 0 0 0 1 1 1 1  23  16  10   0   0   0   0     5.849    59.064    15.901     0.000     0.000     0.000     0.000   0   0   0   0   0   0   0     0.000     0.000     0.000    -0.005     0.073     0.011     0.055
   7 0 0 0 1 1 1 1  29  11  23   0   0   0   0     5.669    46.065     5.435     0.000     0.000     0.000     0.000   0   0   0   0   0   0   0     0.000     0.000     0.000    -0.112    -0.023    -0.019     0.016
   7 0 0 0 1 1 1 1  12  18  16   0   0   0   0    48.944    49.933    55.273     0.000     0.000     0.000     0.000   0   0   0   0   0   0   0     0.000     0.000     0.000    -0.011    -0.034     0.007     0.051
   7 0 0 0 1 1 1 1  25  11  30   0   0   0   0     5.621    46.616     5.457     0.000     0.000     0.000     0.000   0   0   0   0   0   0   0     0.000     0.000     0.000    -0.042    -0.004     0.055     0.014
   7 0 0 0 1 1 1 1  31  25   3   0   0   0   0     5.313     5.382    24.517     0.000     0.000     0.000     0.000   0   0   0   0   0   0   0     0.000     0.000     0.000    -0.058    -0.019     0.003    -0.038
   7 0 0 0 1 1 1 1  25  11  29   0   0   0   0     5.574    45.657     5.851     0.000     0.000     0.000     0.000   0   0   0   0   0   0   0     0.000     0.000     0.000    -0.112    -0.020     0.008     0.117
   7 0 0 0 1 1 1 1  22  24  17   0   0   0   0     5.369     5.337    57.330     0.000     0.000     0.000     0.000   0   0   0   0   0   0   0     0.000     0.000     0.000    -0.014     0.016    -0.010     0.078
   7 0 0 0 1 1 1 1  29  12   0   0   0   0   0     5.690    46.707    21.069     0.000     0.000     0.000     0.000   0   0   0   0   0   0   0     0.000     0.000     0.000    -0.105    -0.012     0.002     0.022
   7 0 0 0 1 1 1 1   6  13   1   0   0   0   0    20.414    52.478    22.533     0.000     0.000     0.000     0.000   0   0   0   0   0   0   0     0.000     0.000     0.000    -0.014     0.066     0.005    -0.035
   7 0 0 0 1 1 1 1  29  14  30   0   0   0   0     5.595    48.314     5.622     0.000     0.000     0.000     0.000   0   0   0   0   0   0   0     0.000     0.000     0.000    -0.040    -0.184    -0.000     0.032
   7 0 0 0 1 1 1 1  29  18  18   0   0   0   0     5.659    50.076    49.506     0.000     0.000     0.000     0.000   0   0   0   0   0   0   0     0.000     0.000     0.000    -0.015    -0.039     0.005     0.121
   7 0 0 0 1 1 1 1  22   4  12   0   0   0   0     5.460    22.442    47.173     0.000     0.000     0.000     0.000   0   0   0   0   0   0   0     0.000     0.000     0.000     0.002     0.020    -0.059    -0.012
   7 0 0 0 1 1 1 1  25  11  26   0   0   0   0     5.425    43.172     5.885     0.000     0.000     0.000     0.000   0   0   0   0   0   0   0     0.000     0.000     0.000    -0.092    -0.036    -0.000     0.044
   7 0 0 0 1 1 1 1   0  28  26   0   0   0   0    20.967     5.717     5.890     0.000     0.000     0.000     0.000   0   0   0   0   0   0   0     0.000     0.000     0.000     0.011     0.042    -0.015     0.080
   7 0 0 0 1 1 1 1  22  24  16   0   0   0   0     5.361     5.345    57.741     0.000     0.000     0.000     0.000   0   0   0   0   0   0   0     0.000     0.000     0.000    -0.010     0.017    -0.008     0.062
   7 0 0 0 1 1 1 1  22  25  12   0   0   0   0     5.380     5.886    47.432     0.000     0.000     0.000     0.000   0   0   0   0   0   0   0     0.000     0.000     0.000     0.008     0.056    -0.028    -0.005
   7 0 0 0 1 1 1 1  23  25  13   0   0   0   0     5.859     5.382    45.388     0.000     0.000     0.000     0.000   0   0   0   0   0   0   0     0.000     0.000     0.000    -0.046    -0.002     0.085     0.013
   7 0 0 0 1 1 1 1  29   3  29   0   0   0   0     5.591    22.029     5.851     0.000     0.000     0.000     0.000   0   0   0   0   0   0   0     0.000     0.000     0.000    -0.161    -0.036     0.003     0.097
   7 0 0 0 1 1 1 1  22  26  12   0   0   0   0     5.493     5.878    47.562     0.000     0.000     0.000     0.000   0   0   0   0   0   0   0     0.000     0.000     0.000     0.003     0.050    -0.025    -0.011
   7 0 0 0 1 1 1 1  25  25  27   0   0   0   0     5.614     5.499     5.356     0.000     0.000     0.000     0.000   0   0   0   0   0   0   0     0.000     0.000     0.000    -0.024    -0.003     0.046     0.008
   7 0 0 0 1 1 1 1  32  25  26   0   0   0   0     4.207     5.382     5.759     0.000     0.000     0.000     0.000   0   0   0   0   0   0   0     0.000     0.000     0.000    -0.042    -0.010    -0.008     0.007
   7 0 0 0 1 1 1 1  24  17  22   0   0   0   0     5.611    59.490     5.321     0.000     0.000     0.000     0.000   0   0   0   0   0   0   0     0.000     0.000     0.000    -0.020     0.107     0.056     0.006
   7 0 0 0 1 1 1 1  22  28  21   0   0   0   0     5.382     5.713    68.131     0.000     0.000     0.000     0.000   0   0   0   0   0   0   0     0.000     0.000     0.000     0.006     0.026    -0.008     0.050
   7 0 0 0 1 1 1 1  22  25   3   0   0   0   0     5.344     5.871    22.373     0.000     0.000     0.000     0.000   0   0   0   0   0   0   0     0.000     0.000     0.000     0.010     0.041    -0.019    -0.002
   7 0 0 0 1 1 1 1  26  23   0   0   0   0   0     5.854     5.826    21.306     0.000     0.000     0.000     0.000   0   0   0   0   0   0   0     0.000     0.000     0.000    -0.008     0.004     0.056     0.012
   7 0 0 0 1 1 1 1   0  28  26   0   0   0   0    21.007     5.710     5.885     0.000     0.000     0.000     0.000   0   0   0   0   0   0   0     0.000     0.000     0.000     0.006     0.030    -0.015     0.058
   7 0 0 0 1 1 1 1  25   0  14   0   0   0   0     5.573    21.144    46.628     0.000     0.000     0.000     0.000   0   0   0   0   0   0   0     0.000     0.000     0.000    -0.007    -0.022     0.003     0.040
   7 0 0 0 1 1 1 1  22  17   3   0   0   0   0     5.460    57.656    21.984     0.000     0.000     0.000     0.000   0   0   0   0   0   0   0     0.000     0.000     0.000     0.002     0.024    -0.086    -0.009
   7 0 0 0 1 1 1 1  23  24   1   0   0   0   0     5.869     5.348    22.175     0.000     0.000     0.000     0.000   0   0   0   0   0   0   0     0.000     0.000     0.000    -0.018    -0.000     0.014     0.077
   7 0 0 0 1 1 1 1  28  24  26   0   0   0   0     5.425     5.015     5.889     0.000     0.000     0.000     0.000   0   0   0   0   0   0   0     0.000     0.000     0.000    -0.147    -0.034     0.001     0.077
   7 0 0 0 1 1 1 1  22  18   0   0   0   0   0     5.348    42.618    21.231     0.000     0.000     0.000     0.000   0   0   0   0   0   0   0     0.000     0.000     0.000    -0.011     0.015    -0.005     0.061
   7 0 0 0 1 1 1 1  22  25  12   0   0   0   0     5.341     5.936    47.279     0.000     0.000     0.000     0.000   0   0   0   0   0   0   0     0.000     0.000     0.000     0.009     0.057    -0.031    -0.002
   7 0 0 0 1 1 1 1  32  14  26   0   0   0   0     4.207    48.314     5.760     0.000     0.000     0.000     0.000   0   0   0   0   0   0   0     0.000     0.000     0.000    -0.009    -0.068    -0.006     0.006
   7 0 0 0 1 1 1 1   0  28  28   0   0   0   0    20.947     5.713     5.643     0.000     0.000     0.000     0.000   0   0   0   0   0   0   0     0.000     0.000     0.000     0.008     0.027    -0.010     0.096
   7 0 0 0 1 1 1 1  22  26  18   0   0   0   0     5.493     5.844    50.133     0.000     0.000     0.000     0.000   0   0   0   0   0   0   0     0.000     0.000     0.000     0.002     0.033    -0.010    -0.037
   7 0 0 0 1 1 1 1  22  25  25   0   0   0   0     5.433     5.841     5.116     0.000     0.000     0.000     0.000   0   0   0   0   0   0   0     0.000     0.000     0.000     0.003     0.026    -0.080    -0.006
   7 0 0 0 1 1 1 1  26   6   0   0   0   0   0     5.853    20.380    21.306     0.000     0.000     0.000     0.000   0   0   0   0   0   0   0     0.000     0.000     0.000    -0.018     0.001     0.049     0.010
   7 0 0 0 1 1 1 1  25  30   4   0   0   0   0     5.574     5.530    23.693     0.000     0.000     0.000     0.000   0   0   0   0   0   0   0     0.000     0.000     0.000    -0.013    -0.231     0.009    -0.012
   7 0 0 0 1 1 1 1  22  24  21   0   0   0   0     5.380     5.326    68.175     0.000     0.000     0.000     0.000   0   0   0   0   0   0   0     0.000     0.000     0.000    -0.019     0.008    -0.006     0.042
   7 0 0 0 1 1 1 1  29  11  17   0   0   0   0     5.659    43.466    58.189     0.000     0.000     0.000     0.000   0   0   0   0   0   0   0     0.000     0.000     0.000    -0.069    -0.008     0.002     0.034
   7 0 0 0 1 1 1 1  23   3  10   0   0   0   0     5.866    24.517    15.897     0.000     0.000     0.000     0.000   0   0   0   0   0   0   0     0.000     0.000     0.000    -0.001    -0.027     0.010     0.034
   7 0 0 0 1 1 1 1  28  11  26   0   0   0   0     5.386    43.114     5.890     0.000     0.000     0.000     0.000   0   0   0   0   0   0   0     0.000     0.000     0.000    -0.147    -0.036     0.001     0.058
   7 0 0 0 1 1 1 1  22  24  12   0   0   0   0     5.347     5.348    47.640     0.000     0.000     0.000     0.000   0   0   0   0   0   0   0     0.000     0.000     0.000    -0.008     0.013    -0.015    -0.001
   7 0 0 0 1 1 1 1  25  12  30   0   0   0   0     5.624    46.932     5.443     0.000     0.000     0.000     0.000   0   0   0   0   0   0   0     0.000     0.000     0.000    -0.045    -0.002     0.033     0.008
   7 0 0 0 1 1 1 1  26   6  22   0   0   0   0     5.853    20.378     5.001     0.000     0.000     0.000     0.000   0   0   0   0   0   0   0     0.000     0.000     0.000    -0.016     0.001     0.009     0.043
   7 0 0 0 1 1 1 1  28   4  26   0   0   0   0     5.453    22.275     5.885     0.000     0.000     0.000     0.000   0   0   0   0   0   0   0     0.000     0.000     0.000    -0.105    -0.021     0.002     0.064
   7 0 0 0 1 1 1 1  25  28  30   0   0   0   0     5.803     5.704     5.427     0.000     0.000     0.000     0.000   0   0   0   0   0   0   0     0.000     0.000     0.000    -0.003     0.015     0.046     0.014
   7 0 0 0 1 1 1 1  22  25  13   0   0   0   0     5.390     5.834    50.773     0.000     0.000     0.000     0.000   0   0   0   0   0   0   0     0.000     0.000     0.000     0.003     0.018    -0.005     0.030
   7 0 0 0 1 1 1 1  23  17  23   0   0   0   0     5.840    57.656     5.896     0.000     0.000     0.000     0.000   0   0   0   0   0   0   0     0.000     0.000     0.000    -0.005     0.012     0.003     0.018
   7 0 0 0 1 1 1 1  24  12  22   0   0   0   0     5.605    51.106     5.321     0.000     0.000     0.000     0.000   0   0   0   0   0   0   0     0.000     0.000     0.000    -0.014     0.068     0.039     0.004
   7 0 0 0 1 1 1 1  25   1  18   0   0   0   0     5.573    21.948    49.506     0.000     0.000     0.000     0.000   0   0   0   0   0   0   0     0.000     0.000     0.000    -0.006    -0.034     0.003     0.065
   7 0 0 0 1 1 1 1  22  29  25   0   0   0   0     5.347     5.742     5.461     0.000     0.000     0.000     0.000   0   0   0   0   0   0   0     0.000     0.000     0.000     0.051     0.006    -0.017    -0.002
   7 0 0 0 1 1 1 1   1   4   0   0   0   0   0    22.533    22.426    21.523     0.000     0.000     0.000     0.000   0   0   0   0   0   0   0     0.000     0.000     0.000    -0.002     0.007    -0.040    -0.023
   7 0 0 0 1 1 1 1   1  11  29   0   0   0   0    21.716    51.749     5.502     0.000     0.000     0.000     0.000   0   0   0   0   0   0   0     0.000     0.000     0.000     0.005     0.019    -0.051    -0.005
   7 0 0 0 1 1 1 1  22  26  18   0   0   0   0     5.517     5.853    50.185     0.000     0.000     0.000     0.000   0   0   0   0   0   0   0     0.000     0.000     0.000     0.001     0.027    -0.008    -0.035
   7 0 0 0 1 1 1 1  25   4  25   0   0   0   0     5.563    22.133     5.831     0.000     0.000     0.000     0.000   0   0   0   0   0   0   0     0.000     0.000     0.000    -0.075    -0.007     0.001     0.016
   7 0 0 0 1 1 1 1  24  17   4   0   0   0   0     5.348    57.105    22.432     0.000     0.000     0.000     0.000   0   0   0   0   0   0   0     0.000     0.000     0.000    -0.024    -0.001    -0.001     0.009
   7 0 0 0 1 1 1 1  24   2  28   0   0   0   0     5.339    21.523     5.592     0.000     0.000     0.000     0.000   0   0   0   0   0   0   0     0.000     0.000     0.000    -0.152    -0.024    -0.005     0.008
   7 0 0 0 1 1 1 1  13  25  15   0   0   0   0    49.944     5.798    51.926     0.000     0.000     0.000     0.000   0   0   0   0   0   0   0     0.000     0.000     0.000    -0.003     0.013     0.008     0.027
   7 0 0 0 1 1 1 1  22  29   3   0   0   0   0     5.339     5.742    22.215     0.000     0.000     0.000     0.000   0   0   0   0   0   0   0     0.000     0.000     0.000     0.045     0.006    -0.034    -0.002
   7 0 0 0 1 1 1 1  23  16  23   0   0   0   0     5.832    58.030     5.899     0.000     0.000     0.000     0.000   0   0   0   0   0   0   0     0.000     0.000     0.000    -0.005     0.038     0.002     0.015
   7 0 0 0 1 1 1 1  11  11  29   0   0   0   0    48.307    48.296     5.853     0.000     0.000     0.000     0.000   0   0   0   0   0   0   0     0.000     0.000     0.000    -0.011    -0.282     0.003     0.053
   7 0 0 0 1 1 1 1  22  26  27   0   0   0   0     5.520     5.884     5.504     0.000     0.000     0.000     0.000   0   0   0   0   0   0   0     0.000     0.000     0.000     0.001     0.027    -0.009     0.027
   7 0 0 0 1 1 1 1  29   2  11   0   0   0   0     5.659    21.523    48.298     0.000     0.000     0.000     0.000   0   0   0   0   0   0   0     0.000     0.000     0.000    -0.074    -0.006     0.093     0.002
   7 0 0 0 1 1 1 1  25   1  11   0   0   0   0     5.486    21.969    52.192     0.000     0.000     0.000     0.000   0   0   0   0   0   0   0     0.000     0.000     0.000    -0.011    -0.073     0.002    -0.012
   7 0 0 0 1 1 1 1  24   2  12   0   0   0   0     5.313    21.523    50.122     0.000     0.000     0.000     0.000   0   0   0   0   0   0   0     0.000     0.000     0.000    -0.138    -0.033    -0.002     0.013
   7 0 0 0 1 1 1 1  13  26  13   0   0   0   0    49.914     5.813    50.343     0.000     0.000     0.000     0.000   0   0   0   0   0   0   0     0.000     0.000     0.000    -0.003     0.009     0.007     0.022
   7 0 0 0 1 1 1 1   4  25  30   0   0   0   0    22.548     5.504     5.420     0.000     0.000     0.000     0.000   0   0   0   0   0   0   0     0.000     0.000     0.000    -0.011    -0.000     0.029     0.006
   7 0 0 0 1 1 1 1  19   9   3   0   0   0   0    61.174    18.780    22.457     0.000     0.000     0.000     0.000   0   0   0   0   0   0   0     0.000     0.000     0.000     0.002    -0.018    -0.008     0.034
   7 0 0 0 1 1 1 1  28   2  26   0   0   0   0     5.415    21.523     5.890     0.000     0.000     0.000     0.000   0   0   0   0   0   0   0     0.000     0.000     0.000    -0.126    -0.021     0.001     0.046
   7 0 0 0 1 1 1 1  12  18  12   0   0   0   0    49.557    50.052    50.752     0.000     0.000     0.000     0.000   0   0   0   0   0   0   0     0.000     0.000     0.000    -0.002    -0.018     0.003     0.021
   7 0 0 0 1 1 1 1  22  25  15   0   0   0   0     5.395     5.953    51.972     0.000     0.000     0.000     0.000   0   0   0   0   0   0   0     0.000     0.000     0.000     0.003     0.037    -0.003     0.024
   7 0 0 0 1 1 1 1  25  23  26   0   0   0   0     5.526     5.474     5.774     0.000     0.000     0.000     0.000   0   0   0   0   0   0   0     0.000     0.000     0.000    -0.045    -0.007    -0.003     0.004
   7 0 0 0 1 1 1 1  24  11  29   0   0   0   0     5.347    43.172     5.824     0.000     0.000     0.000     0.000   0   0   0   0   0   0   0     0.000     0.000     0.000    -0.088    -0.017     0.001     0.039
   7 0 0 0 1 1 1 1  28  25  22   0   0   0   0     5.717     5.803     5.316     0.000     0.000     0.000     0.000   0   0   0   0   0   0   0     0.000     0.000     0.000    -0.002     0.012     0.022     0.011
   7 0 0 0 1 1 1 1  25  27  25   0   0   0   0     5.553     5.215     5.843     0.000     0.000     0.000     0.000   0   0   0   0   0   0   0     0.000     0.000     0.000    -0.062    -0.005     0.001     0.014
   7 0 0 0 1 1 1 1  31  23  25   0   0   0   0     5.526     5.831     5.794     0.000     0.000     0.000     0.000   0   0   0   0   0   0   0     0.000     0.000     0.000    -0.003     0.002     0.010     0.046
   7 0 0 0 1 1 1 1  24  15  18   0   0   0   0     5.672    53.153    42.909     0.000     0.000     0.000     0.000   0   0   0   0   0   0   0     0.000     0.000     0.000    -0.004     0.052     0.095     0.007
   7 0 0 0 1 1 1 1  12  26  11   0   0   0   0    49.627     5.833    52.043     0.000     0.000     0.000     0.000   0   0   0   0   0   0   0     0.000     0.000     0.000    -0.003     0.010     0.003     0.016
   7 0 0 0 1 1 1 1  22  29  12   0   0   0   0     5.338     5.732    47.304     0.000     0.000     0.000     0.000   0   0   0   0   0   0   0     0.000     0.000     0.000     0.039     0.004    -0.015    -0.001
   7 0 0 0 1 1 1 1  26   6  31   0   0   0   0     5.890    20.388     5.515     0.000     0.000     0.000     0.000   0   0   0   0   0   0   0     0.000     0.000     0.000    -0.009     0.001     0.012     0.036
   7 0 0 0 1 1 1 1  28  14  26   0   0   0   0     5.466    48.135     5.878     0.000     0.000     0.000     0.000   0   0   0   0   0   0   0     0.000     0.000     0.000    -0.011    -0.069     0.001     0.045
   7 0 0 0 1 1 1 1  12  27  26   0   0   0   0    47.627     5.215     5.885     0.000     0.000     0.000     0.000   0   0   0   0   0   0   0     0.000     0.000     0.000    -0.063    -0.008     0.001     0.023
   7 0 0 0 1 1 1 1  17  27  29   0   0   0   0    57.302     5.257     5.733     0.000     0.000     0.000     0.000   0   0   0   0   0   0   0     0.000     0.000     0.000    -0.033    -0.001     0.035     0.006
   7 0 0 0 1 1 1 1  25   0  26   0   0   0   0     5.100    21.143     5.844     0.000     0.000     0.000     0.000   0   0   0   0   0   0   0     0.000     0.000     0.000    -0.030    -0.071    -0.000     0.014
   7 0 0 0 1 1 1 1  24  12  22   0   0   0   0     5.604    50.906     5.332     0.000     0.000     0.000     0.000   0   0   0   0   0   0   0     0.000     0.000     0.000    -0.008     0.043     0.021     0.002
   7 0 0 0 1 1 1 1  13  24  32   0   0   0   0    49.874     5.313     4.310     0.000     0.000     0.000     0.000   0   0   0   0   0   0   0     0.000     0.000     0.000    -0.025    -0.001     0.006     0.035
   7 0 0 0 1 1 1 1  22  14   2   0   0   0   0     5.377    39.902    21.523     0.000     0.000     0.000     0.000   0   0   0   0   0   0   0     0.000     0.000     0.000     0.019     0.002    -0.057    -0.002
   7 0 0 0 1 1 1 1  25  23  18   0   0   0   0     5.544     5.512    48.540     0.000     0.000     0.000     0.000   0   0   0   0   0   0   0     0.000     0.000     0.000    -0.033    -0.004    -0.001     0.008
   7 0 0 0 1 1 1 1  24   2  29   0   0   0   0     5.339    21.523     5.675     0.000     0.000     0.000     0.000   0   0   0   0   0   0   0     0.000     0.000     0.000    -0.101    -0.016    -0.005     0.004
   7 0 0 0 1 1 1 1  22  28  27   0   0   0   0     5.523     5.720     5.504     0.000     0.000     0.000     0.000   0   0   0   0   0   0   0     0.000     0.000     0.000     0.001     0.012    -0.007     0.025
   7 0 0 0 1 1 1 1  25  20  25   0   0   0   0     5.526    62.432     5.861     0.000     0.000     0.000     0.000   0   0   0   0   0   0   0     0.000     0.000     0.000    -0.020    -0.004     0.001     0.013
   7 0 0 0 1 1 1 1  11   4  12   0   0   0   0    52.201    22.444    49.456     0.000     0.000     0.000     0.000   0   0   0   0   0   0   0     0.000     0.000     0.000    -0.001     0.006    -0.015    -0.005
   7 0 0 0 1 1 1 1  29   2  28   0   0   0   0     5.510    21.523     5.697     0.000     0.000     0.000     0.000   0   0   0   0   0   0   0     0.000     0.000     0.000    -0.092    -0.022    -0.001     0.011
   7 0 0 0 1 1 1 1  25   0  30   0   0   0   0     5.807    21.099     5.427     0.000     0.000     0.000     0.000   0   0   0   0   0   0   0     0.000     0.000     0.000     0.001    -0.005     0.023     0.007
   7 0 0 0 1 1 1 1  22  27   2   0   0   0   0     5.470     5.336    21.523     0.000     0.000     0.000     0.000   0   0   0   0   0   0   0     0.000     0.000     0.000     0.014     0.001    -0.050    -0.003
   7 0 0 0 1 1 1 1  25   2  21   0   0   0   0     5.382    21.523    68.131     0.000     0.000     0.000     0.000   0   0   0   0   0   0   0     0.000     0.000     0.000    -0.060    -0.015     0.000     0.026
   7 0 0 0 1 1 1 1  24  27  29   0   0   0   0     5.350     5.290     5.824     0.000     0.000     0.000     0.000   0   0   0   0   0   0   0     0.000     0.000     0.000    -0.045    -0.011     0.001     0.029
   7 0 0 0 1 1 1 1  24   1  22   0   0   0   0     5.324    21.925     5.342     0.000     0.000     0.000     0.000   0   0   0   0   0   0   0     0.000     0.000     0.000     0.013    -0.017     0.005    -0.001
   7 0 0 0 1 1 1 1  29  17  22   0   0   0   0     5.751    57.081     4.874     0.000     0.000     0.000     0.000   0   0   0   0   0   0   0     0.000     0.000     0.000    -0.002     0.023    -0.017     0.003
   7 0 0 0 1 1 1 1  23  25   6   0   0   0   0     5.831     5.797    21.132     0.000     0.000     0.000     0.000   0   0   0   0   0   0   0     0.000     0.000     0.000    -0.004     0.005     0.002     0.047
   7 0 0 0 1 1 1 1   0  28  12   0   0   0   0    21.079     5.715    51.190     0.000     0.000     0.000     0.000   0   0   0   0   0   0   0     0.000     0.000     0.000     0.002     0.013    -0.006     0.038
   7 0 0 0 1 1 1 1  24   1  22   0   0   0   0     5.319    21.925     5.342     0.000     0.000     0.000     0.000   0   0   0   0   0   0   0     0.000     0.000     0.000     0.012    -0.017     0.005    -0.001
   7 0 0 0 1 1 1 1  11   2  27   0   0   0   0    46.495    21.523     5.332     0.000     0.000     0.000     0.000   0   0   0   0   0   0   0     0.000     0.000     0.000    -0.046    -0.008     0.013     0.000
   7 0 0 0 1 1 1 1   3   1   1   0   0   0   0    22.358    21.973    22.533     0.000     0.000     0.000     0.000   0   0   0   0   0   0   0     0.000     0.000     0.000    -0.006    -0.051     0.001    -0.013
   7 0 0 0 1 1 1 1  24   2   6   0   0   0   0     5.315    21.501    21.154     0.000     0.000     0.000     0.000   0   0   0   0   0   0   0     0.000     0.000     0.000    -0.085    -0.019     0.000     0.080
   7 0 0 0 1 1 1 1  12  18  29   0   0   0   0    49.557    50.127     5.836     0.000     0.000     0.000     0.000   0   0   0   0   0   0   0     0.000     0.000     0.000    -0.001    -0.020     0.002     0.023
   7 0 0 0 1 1 1 1  11   4  25   0   0   0   0    47.348    22.135     5.758     0.000     0.000     0.000     0.000   0   0   0   0   0   0   0     0.000     0.000     0.000    -0.035    -0.004     0.000     0.005
   7 0 0 0 1 1 1 1  23  13   1   0   0   0   0     5.896    51.283    22.254     0.000     0.000     0.000     0.000   0   0   0   0   0   0   0     0.000     0.000     0.000    -0.001     0.023     0.008     0.049
   7 0 0 0 1 1 1 1  11   2  19   0   0   0   0    47.798    21.523    61.406     0.000     0.000     0.000     0.000   0   0   0   0   0   0   0     0.000     0.000     0.000    -0.073    -0.007     0.001     0.016
   7 0 0 0 1 1 1 1  26  10   4   0   0   0   0     5.842    15.866    22.730     0.000     0.000     0.000     0.000   0   0   0   0   0   0   0     0.000     0.000     0.000     0.000    -0.009     0.028     0.009
   7 0 0 0 1 1 1 1  22  14  13   0   0   0   0     5.405    39.798    50.611     0.000     0.000     0.000     0.000   0   0   0   0   0   0   0     0.000     0.000     0.000     0.017     0.001    -0.002     0.016
   7 0 0 0 1 1 1 1  19  11   4   0   0   0   0    61.143    52.192    22.520     0.000     0.000     0.000     0.000   0   0   0   0   0   0   0     0.000     0.000     0.000     0.002    -0.009    -0.005     0.020
   7 0 0 0 1 1 1 1  28  29   0   0   0   0   0     5.696     5.509    21.023     0.000     0.000     0.000     0.000   0   0   0   0   0   0   0     0.000     0.000     0.000    -0.020    -0.001     0.008     0.075
   7 0 0 0 1 1 1 1  28  25  22   0   0   0   0     5.717     5.802     5.316     0.000     0.000     0.000     0.000   0   0   0   0   0   0   0     0.000     0.000     0.000    -0.001     0.007     0.015     0.006
   7 0 0 0 1 1 1 1  25   1  22   0   0   0   0     5.523    21.967     5.336     0.000     0.000     0.000     0.000   0   0   0   0   0   0   0     0.000     0.000     0.000    -0.003    -0.026     0.003    -0.000
   7 0 0 0 1 1 1 1  25   1  18   0   0   0   0     5.547    21.968    48.537     0.000     0.000     0.000     0.000   0   0   0   0   0   0   0     0.000     0.000     0.000    -0.004    -0.033    -0.001     0.007
   7 0 0 0 1 1 1 1  24   2  29   0   0   0   0     5.350    21.501     5.822     0.000     0.000     0.000     0.000   0   0   0   0   0   0   0     0.000     0.000     0.000    -0.070    -0.010     0.000     0.023
   7 0 0 0 1 1 1 1  12  27  16   0   0   0   0    47.574     5.215    55.123     0.000     0.000     0.000     0.000   0   0   0   0   0   0   0     0.000     0.000     0.000    -0.049    -0.005    -0.000     0.006
   7 0 0 0 1 1 1 1  11   2  16   0   0   0   0    46.495    21.501    55.269     0.000     0.000     0.000     0.000   0   0   0   0   0   0   0     0.000     0.000     0.000    -0.040    -0.007    -0.000     0.007
   7 0 0 0 1 1 1 1  31  17  19   0   0   0   0     5.527    56.358    54.610     0.000     0.000     0.000     0.000   0   0   0   0   0   0   0     0.000     0.000     0.000    -0.013     0.000     0.042     0.015
   7 0 0 0 1 1 1 1  12  26  19   0   0   0   0    49.088     5.997    61.406     0.000     0.000     0.000     0.000   0   0   0   0   0   0   0     0.000     0.000     0.000    -0.004     0.056     0.002     0.014
   7 0 0 0 1 1 1 1  24   1  22   0   0   0   0     5.318    21.940     5.342     0.000     0.000     0.000     0.000   0   0   0   0   0   0   0     0.000     0.000     0.000     0.009    -0.016     0.004    -0.001
   7 0 0 0 1 1 1 1  11  13  25   0   0   0   0    47.398    50.650     5.836     0.000     0.000     0.000     0.000   0   0   0   0   0   0   0     0.000     0.000     0.000    -0.004     0.025     0.000     0.006
   7 0 0 0 1 1 1 1  23  25  10   0   0   0   0     5.826     5.807    15.884     0.000     0.000     0.000     0.000   0   0   0   0   0   0   0     0.000     0.000     0.000    -0.004     0.005     0.001     0.015
   7 0 0 0 1 1 1 1  24  12  17   0   0   0   0     5.611    51.190    54.233     0.000     0.000     0.000     0.000   0   0   0   0   0   0   0     0.000     0.000     0.000    -0.005     0.030     0.060     0.002
   7 0 0 0 1 1 1 1  10  23  22   0   0   0   0    15.830     5.895     4.896     0.000     0.000     0.000     0.000   0   0   0   0   0   0   0     0.000     0.000     0.000     0.000     0.242    -0.016    -0.003
   7 0 0 0 1 1 1 1  11   0  22   0   0   0   0    44.248    21.145     5.338     0.000     0.000     0.000     0.000   0   0   0   0   0   0   0     0.000     0.000     0.000    -0.012    -0.039     0.002    -0.001
   7 0 0 0 1 1 1 1   3   2   1   0   0   0   0    22.354    21.501    22.533     0.000     0.000     0.000     0.000   0   0   0   0   0   0   0     0.000     0.000     0.000    -0.048    -0.005     0.001    -0.010
   7 0 0 0 1 1 1 1  28   2  30   0   0   0   0     5.421    21.493     5.643     0.000     0.000     0.000     0.000   0   0   0   0   0   0   0     0.000     0.000     0.000    -0.069    -0.010     0.000     0.012
   7 0 0 0 1 1 1 1  26  18   4   0   0   0   0     5.885    50.091    22.737     0.000     0.000     0.000     0.000   0   0   0   0   0   0   0     0.000     0.000     0.000     0.000    -0.013     0.024     0.010
   7 0 0 0 1 1 1 1   5   1  19   0   0   0   0    22.001    21.874    61.909     0.000     0.000     0.000     0.000   0   0   0   0   0   0   0     0.000     0.000     0.000     0.029     0.009     0.000    -0.012
   7 0 0 0 1 1 1 1  19  11   4   0   0   0   0    61.092    52.201    22.520     0.000     0.000     0.000     0.000   0   0   0   0   0   0   0     0.000     0.000     0.000     0.002    -0.007    -0.003     0.017
   7 0 0 0 1 1 1 1  24   2  12   0   0   0   0     5.315    21.493    51.048     0.000     0.000     0.000     0.000   0   0   0   0   0   0   0     0.000     0.000     0.000    -0.064    -0.014     0.000     0.023
   7 0 1 0 1 1 1 1  28   2  16   0   0   0   0     5.057    21.493    54.963     0.000     0.000     0.000     0.000   0   0   0   0   0   0   0     0.000    -0.043     0.000    -0.064    -0.014    -0.001     0.003
   7 0 0 0 1 1 1 1  22  14  13   0   0   0   0     5.405    39.619    50.611     0.000     0.000     0.000     0.000   0   0   0   0   0   0   0     0.000    -0.043     0.000     0.016     0.001    -0.002     0.012
   7 0 0 0 1 1 1 1  23   2   6   0   0   0   0     5.905    21.523    21.209     0.000     0.000     0.000     0.000   0   0   0   0   0   0   0     0.000    -0.043     0.000    -0.041    -0.000     0.008     0.042
   7 0 0 0 1 1 1 1  12  23  19   0   0   0   0    49.011     5.797    61.406     0.000     0.000     0.000     0.000   0   0   0   0   0   0   0     0.000    -0.043     0.000    -0.011    -0.001     0.001     0.011
   7 0 0 0 1 1 1 1  28  25  22   0   0   0   0     5.725     5.808     5.315     0.000     0.000     0.000     0.000   0   0   0   0   0   0   0     0.000    -0.043     0.000    -0.001     0.006     0.013     0.006
   7 0 1 0 1 1 1 1   2  25   4   0   0   0   0    21.501     5.808    23.751     0.000     0.000     0.000     0.000   0   0   0   0   0   0   0     0.000    -0.032     0.000    -0.001     0.006    -0.000     0.003
   7 0 0 0 1 1 1 1   6  16  11   0   0   0   0    20.395    57.590    52.192     0.000     0.000     0.000     0.000   0   0   0   0   0   0   0     0.000    -0.032     0.000    -0.005     0.015     0.001    -0.005
   7 0 0 0 1 1 1 1  24  12   0   0   0   0   0     5.675    51.361    21.034     0.000     0.000     0.000     0.000   0   0   0   0   0   0   0     0.000    -0.032     0.000    -0.002     0.025     0.003     0.055
   7 0 0 0 1 1 1 1  12   2  16   0   0   0   0    47.605    21.523    55.165     0.000     0.000     0.000     0.000   0   0   0   0   0   0   0     0.000    -0.032     0.000    -0.041    -0.004     0.000     0.006
   7 0 0 0 1 1 1 1  25   4  25   0   0   0   0     5.483    22.470     5.861     0.000     0.000     0.000     0.000   0   0   0   0   0   0   0     0.000    -0.032     0.000    -0.005     0.021     0.000     0.007
   7 0 0 0 1 1 1 1  13   1   3   0   0   0   0    45.036    22.414    22.352     0.000     0.000     0.000     0.000   0   0   0   0   0   0   0     0.000    -0.032     0.000     0.019     0.042    -0.005     0.000
   7 0 0 0 1 1 1 1  24  27  11   0   0   0   0     5.358     5.271    49.801     0.000     0.000     0.000     0.000   0   0   0   0   0   0   0     0.000    -0.032     0.000    -0.025    -0.005    -0.002     0.003
   7 0 0 0 1 1 1 1  24  17  22   0   0   0   0     5.329    56.503     5.341     0.000     0.000     0.000     0.000   0   0   0   0   0   0   0     0.000    -0.032     0.000    -0.014    -0.002     0.003    -0.001
   7 0 0 0 1 1 1 1  25   2  15   0   0   0   0     5.105    21.493    51.785     0.000     0.000     0.000     0.000   0   0   0   0   0   0   0     0.000    -0.032     0.000    -0.032    -0.011    -0.000     0.006
   7 0 0 0 1 1 1 1  11   0  23   0   0   0   0    44.873    21.145     5.908     0.000     0.000     0.000     0.000   0   0   0   0   0   0   0     0.000    -0.032     0.000    -0.013    -0.044    -0.000     0.010
   7 0 0 0 1 1 1 1  30  12   6   0   0   0   0     5.639    48.040    21.185     0.000     0.000     0.000     0.000   0   0   0   0   0   0   0     0.000    -0.032     0.000    -0.005     0.000     0.007     0.056
   7 0 0 0 1 1 1 1  10  23   1   0   0   0   0    15.830     5.895    21.818     0.000     0.000     0.000     0.000   0   0   0   0   0   0   0     0.000    -0.032     0.000     0.000     0.223    -0.041    -0.003
   7 0 0 0 1 1 1 1  18  18   1   0   0   0   0    49.508    49.507    21.997     0.000     0.000     0.000     0.000   0   0   0   0   0   0   0     0.000    -0.032     0.000     0.000     0.155    -0.002    -0.029
   7 0 0 1 1 1 1 1  13  19   1   0   0   0   0    53.805    61.483    21.997     0.000     0.000     0.000     0.000   0   0   0   0   0   0   0     0.000    -0.032     0.018     0.000    -0.007    -0.002    -0.029
   7 0 0 0 1 1 1 1  24  17  29   0   0   0   0     5.358    57.118     5.791     0.000     0.000     0.000     0.000   0   0   0   0   0   0   0     0.000    -0.032     0.018    -0.012    -0.002     0.000     0.012
   7 0 0 0 1 1 1 1  26  13   5   0   0   0   0     5.881    48.170    21.907     0.000     0.000     0.000     0.000   0   0   0   0   0   0   0     0.000    -0.032     0.018    -0.004     0.000     0.025     0.008
   7 0 0 0 1 1 1 1  12  14   2   0   0   0   0    49.434    39.619    21.793     0.000     0.000     0.000     0.000   0   0   0   0   0   0   0     0.000    -0.032     0.018     0.014    -0.001     0.005     0.001
   7 0 0 0 1 1 1 1  10  15  11   0   0   0   0    16.075    47.600    50.371     0.000     0.000     0.000     0.000   0   0   0   0   0   0   0     0.000    -0.032     0.018    -0.007     0.000     0.038     0.017
   7 0 0 0 1 1 1 1  10  12   6   0   0   0   0    16.102    48.040    21.209     0.000     0.000     0.000     0.000   0   0   0   0   0   0   0     0.000    -0.032     0.018    -0.004     0.001     0.021     0.053
   7 0 0 0 1 1 1 1  28   0  16   0   0   0   0     5.061    21.145    54.951     0.000     0.000     0.000     0.000   0   0   0   0   0   0   0     0.000    -0.032     0.018    -0.017    -0.042    -0.001     0.002
   7 0 0 0 1 1 1 1   4  13  30   0   0   0   0    23.749    49.117     5.401     0.000     0.000     0.000     0.000   0   0   0   0   0   0   0     0.000    -0.032     0.018    -0.001     0.001     0.022     0.003
   7 0 0 0 1 1 1 1  19  26  19   0   0   0   0    61.003     5.750    66.399     0.000     0.000     0.000     0.000   0   0   0   0   0   0   0     0.000    -0.032     0.018    -0.007     0.001    -0.002     0.016
   7 0 0 0 1 1 1 1  24  14  29   0   0   0   0     5.364    40.475     5.784     0.000     0.000     0.000     0.000   0   0   0   0   0   0   0     0.000    -0.032     0.018    -0.002    -0.013     0.000     0.015
   7 0 0 0 1 1 1 1  28  25  22   0   0   0   0     5.726     5.865     5.315     0.000     0.000     0.000     0.000   0   0   0   0   0   0   0     0.000    -0.032     0.018    -0.000     0.010     0.012     0.005
   7 0 0 0 1 1 1 1  11   1  28   0   0   0   0    46.495    21.997     5.358     0.000     0.000     0.000     0.000   0   0   0   0   0   0   0     0.000    -0.032     0.018    -0.004    -0.027     0.025     0.000
   7 0 0 0 1 1 1 1  25   4  18   0   0   0   0     5.547    22.256    48.537     0.000     0.000     0.000     0.000   0   0   0   0   0   0   0     0.000    -0.032     0.018    -0.018    -0.002    -0.000     0.005
   7 0 0 0 1 1 1 1  28  28   0   0   0   0   0     5.694     5.061    21.059     0.000     0.000     0.000     0.000   0   0   0   0   0   0   0     0.000    -0.032     0.018    -0.040    -0.001     0.004     0.047
   7 0 0 0 1 1 1 1  24   5  13   0   0   0   0     5.325    22.011    48.170     0.000     0.000     0.000     0.000   0   0   0   0   0   0   0     0.000    -0.032     0.018     0.012    -0.009    -0.003     0.001
   7 0 0 0 1 1 1 1   4  22  25   0   0   0   0    23.751     4.884     5.630     0.000     0.000     0.000     0.000   0   0   0   0   0   0   0     0.000    -0.032     0.018    -0.012    -0.000     0.014     0.002
   7 0 0 0 1 1 1 1  19   1   2   0   0   0   0    54.642    22.414    21.493     0.000     0.000     0.000     0.000   0   0   0   0   0   0   0     0.000    -0.032     0.018     0.016     0.035    -0.038    -0.000
   7 0 0 0 1 1 1 1  12  24   2   0   0   0   0    50.931     5.588    21.767     0.000     0.000     0.000     0.000   0   0   0   0   0   0   0     0.000    -0.032     0.018    -0.003     0.001     0.008     0.028
   7 0 0 0 1 1 1 1  26  18  25   0   0   0   0     5.810    50.222     5.984     0.000     0.000     0.000     0.000   0   0   0   0   0   0   0     0.000    -0.032     0.018    -0.000    -0.016     0.003     0.024
   7 0 0 0 1 1 1 1   5   1  24   0   0   0   0    22.001    21.874     5.294     0.000     0.000     0.000     0.000   0   0   0   0   0   0   0     0.000    -0.032     0.018     0.022     0.006    -0.012     0.000
   7 0 0 0 1 1 1 1  23  25   2   0   0   0   0     5.826     5.808    22.069     0.000     0.000     0.000     0.000   0   0   0   0   0   0   0     0.000    -0.032     0.018    -0.002     0.003     0.000     0.003
   7 0 0 0 1 1 1 1  13   6  12   0   0   0   0    45.388    21.209    48.040     0.000     0.000     0.000     0.000   0   0   0   0   0   0   0     0.000    -0.032     0.018     0.018     0.043    -0.004     0.001
   7 0 0 0 1 1 1 1  11   0  16   0   0   0   0    43.172    21.145    55.082     0.000     0.000     0.000     0.000   0   0   0   0   0   0   0     0.000    -0.032     0.018    -0.014    -0.036    -0.000     0.003
   7 0 0 0 1 1 1 1  11   5  14   0   0   0   0    47.038    21.974    39.619     0.000     0.000     0.000     0.000   0   0   0   0   0   0   0     0.000    -0.032     0.018     0.013    -0.004     0.011     0.000
   7 0 0 0 1 1 1 1  13   1  17   0   0   0   0    45.036    22.414    56.358     0.000     0.000     0.000     0.000   0   0   0   0   0   0   0     0.000    -0.032     0.018     0.014     0.032    -0.008     0.000
   7 0 1 0 1 1 1 1   2   1  28   0   0   0   0    21.493    22.414     5.704     0.000     0.000     0.000     0.000   0   0   0   0   0   0   0     0.000    -0.049     0.018     0.014     0.032    -0.000     0.005
   7 0 0 0 1 1 1 1  30  10  19   0   0   0   0     5.652    15.868    54.642     0.000     0.000     0.000     0.000   0   0   0   0   0   0   0     0.000    -0.049     0.018     0.000    -0.005    -0.004     0.010
   7 0 0 0 1 1 1 1   2   2  15   0   0   0   0    21.523    21.493    51.785     0.000     0.000     0.000     0.000   0   0   0   0   0   0   0     0.000    -0.049     0.018    -0.023    -0.008    -0.000     0.004
   7 0 1 0 1 1 1 1   2   2  13   0   0   0   0    21.493    21.493    53.805     0.000     0.000     0.000     0.000   0   0   0   0   0   0   0     0.000    -0.034     0.018    -0.023    -0.008    -0.000     0.014
   7 0 0 0 1 1 1 1  24  14   4   0   0   0   0     5.364    40.475    22.744     0.000     0.000     0.000     0.000   0   0   0   0   0   0   0     0.000    -0.034     0.018    -0.002    -0.010     0.000     0.014
   7 0 0 0 1 1 1 1  24   1  26   0   0   0   0     5.310    21.940     5.810     0.000     0.000     0.000     0.000   0   0   0   0   0   0   0     0.000    -0.034     0.018     0.007    -0.012    -0.000     0.003
   7 0 0 0 1 1 1 1   4  22  29   0   0   0   0    23.749     4.884     5.723     0.000     0.000     0.000     0.000   0   0   0   0   0   0   0     0.000    -0.034     0.018    -0.011    -0.000     0.017     0.002
   7 0 0 0 1 1 1 1   6   0  22   0   0   0   0    20.389    21.163     4.893     0.000     0.000     0.000     0.000   0   0   0   0   0   0   0     0.000    -0.034     0.018    -0.005     0.006    -0.008     0.001
   7 0 0 0 1 1 1 1  15   6   2   0   0   0   0    52.196    20.334    21.767     0.000     0.000     0.000     0.000   0   0   0   0   0   0   0     0.000    -0.034     0.018    -0.007     0.000     0.008     0.024
   7 0 0 0 1 1 1 1  12   2  14   0   0   0   0    47.526    21.501    46.628     0.000     0.000     0.000     0.000   0   0   0   0   0   0   0     0.000    -0.034     0.018    -0.030    -0.003    -0.000     0.004
   7 0 0 0 1 1 1 1  25  23  23   0   0   0   0     5.526     5.448     5.848     0.000     0.000     0.000     0.000   0   0   0   0   0   0   0     0.000    -0.034     0.018    -0.016    -0.002     0.001    -0.001
   7 0 0 0 1 1 1 1  23   3   1   0   0   0   0     5.908    22.331    22.414     0.000     0.000     0.000     0.000   0   0   0   0   0   0   0     0.000    -0.034     0.018    -0.004     0.000     0.006     0.029
   7 0 0 0 1 1 1 1   3   2   3   0   0   0   0    24.492    21.501    24.526     0.000     0.000     0.000     0.000   0   0   0   0   0   0   0     0.000    -0.034     0.018    -0.040     0.000    -0.015    -0.008
   7 0 0 0 1 1 1 1  25  22  30   0   0   0   0     5.865     4.890     5.401     0.000     0.000     0.000     0.000   0   0   0   0   0   0   0     0.000    -0.034     0.018    -0.015    -0.000     0.017     0.005
   7 0 0 0 1 1 1 1  25   1  10   0   0   0   0     5.382    21.997    15.259     0.000     0.000     0.000     0.000   0   0   0   0   0   0   0     0.000    -0.034     0.018    -0.004    -0.020     0.011     0.000
   7 0 0 0 1 1 1 1   2  25  11   0   0   0   0    22.041     5.585    51.259     0.000     0.000     0.000     0.000   0   0   0   0   0   0   0     0.000    -0.034     0.018    -0.003     0.000     0.002    -0.003
   7 0 0 0 1 1 1 1  30  23   6   0   0   0   0     5.646     5.895    21.185     0.000     0.000     0.000     0.000   0   0   0   0   0   0   0     0.000    -0.034     0.018     0.000    -0.007     0.006     0.036
   7 0 0 0 1 1 1 1  30  25  19   0   0   0   0     5.650     5.865    54.642     0.000     0.000     0.000     0.000   0   0   0   0   0   0   0     0.000    -0.034     0.018    -0.000     0.007    -0.004     0.008
   7 0 0 0 1 1 1 1  22  29   3   0   0   0   0     5.340     5.723    22.351     0.000     0.000     0.000     0.000   0   0   0   0   0   0   0     0.000    -0.034     0.018     0.016     0.001    -0.003    -0.000
   7 0 1 0 1 1 1 1   2  29  19   0   0   0   0    21.493     5.723    54.610     0.000     0.000     0.000     0.000   0   0   0   0   0   0   0     0.000    -0.030     0.018     0.016     0.001     0.022    -0.000
   7 0 0 0 1 1 1 1  14   8   0   0   0   0   0    48.216    18.252    21.145     0.000     0.000     0.000     0.000   0   0   0   0   0   0   0     0.000    -0.030     0.018     0.001    -0.002    -0.013    -0.040
   7 0 0 0 1 1 1 1  12  28  29   0   0   0   0    49.619     5.601     5.836     0.000     0.000     0.000     0.000   0   0   0   0   0   0   0     0.000    -0.030     0.018     0.000    -0.003     0.001     0.012
   7 0 0 0 1 1 1 1  21  27  18   0   0   0   0    68.202     5.185    49.049     0.000     0.000     0.000     0.000   0   0   0   0   0   0   0     0.000    -0.030     0.018    -0.022    -0.000     0.023     0.005
   7 0 0 0 1 1 1 1   4   6  24   0   0   0   0    22.388    20.365     5.635     0.000     0.000     0.000     0.000   0   0   0   0   0   0   0     0.000    -0.030     0.018    -0.007    -0.000    -0.000     0.004
   7 0 0 0 1 1 1 1  13   6  12   0   0   0   0    45.388    21.209    49.197     0.000     0.000     0.000     0.000   0   0   0   0   0   0   0     0.000    -0.030     0.018     0.014     0.035    -0.002     0.001
   7 0 0 0 1 1 1 1  13   1  23   0   0   0   0    48.170    21.818     5.895     0.000     0.000     0.000     0.000   0   0   0   0   0   0   0     0.000    -0.030     0.018    -0.036    -0.002     0.000     0.205
   7 0 0 0 1 1 1 1  22  29   3   0   0   0   0     5.348     5.727    22.295     0.000     0.000     0.000     0.000   0   0   0   0   0   0   0     0.000    -0.030     0.018     0.014     0.001    -0.004    -0.000
   7 0 0 0 1 1 1 1  16  19  21   0   0   0   0    57.590    61.491    68.131     0.000     0.000     0.000     0.000   0   0   0   0   0   0   0     0.000    -0.030     0.018     0.000    -0.005    -0.001     0.011
   7 0 0 0 1 1 1 1  15  24   2   0   0   0   0    52.196     5.588    21.776     0.000     0.000     0.000     0.000   0   0   0   0   0   0   0     0.000    -0.030     0.018    -0.002     0.001     0.009     0.028
   7 0 0 0 1 1 1 1  11   0  16   0   0   0   0    43.172    21.145    54.802     0.000     0.000     0.000     0.000   0   0   0   0   0   0   0     0.000    -0.030     0.018    -0.011    -0.030    -0.001     0.001
   7 0 0 0 1 1 1 1  15  24   2   0   0   0   0    51.785     5.294    21.940     0.000     0.000     0.000     0.000   0   0   0   0   0   0   0     0.000    -0.030     0.018    -0.009    -0.000     0.004    -0.017
   7 0 0 0 1 1 1 1  22   0  25   0   0   0   0     4.893    21.534     5.843     0.000     0.000     0.000     0.000   0   0   0   0   0   0   0     0.000    -0.030     0.018    -0.012    -0.001    -0.000     0.007
   7 0 0 0 1 1 1 1  29   1   3   0   0   0   0     5.508    21.997    24.492     0.000     0.000     0.000     0.000   0   0   0   0   0   0   0     0.000    -0.030     0.018    -0.006    -0.037     0.000    -0.007
   7 0 0 0 1 1 1 1  26  22  25   0   0   0   0     5.810     4.884     5.984     0.000     0.000     0.000     0.000   0   0   0   0   0   0   0     0.000    -0.030     0.018    -0.019    -0.000     0.002     0.019
   7 0 0 0 1 1 1 1   4  22  25   0   0   0   0    23.752     4.890     5.630     0.000     0.000     0.000     0.000   0   0   0   0   0   0   0     0.000    -0.030     0.018    -0.007    -0.000     0.012     0.001
   7 0 0 0 1 1 1 1   1   4   0   0   0   0   0    22.533    22.388    21.532     0.000     0.000     0.000     0.000   0   0   0   0   0   0   0     0.000    -0.030     0.018    -0.001     0.002    -0.011    -0.005
   7 0 0 0 1 1 1 1  13   6  23   0   0   0   0    45.166    21.209     5.895     0.000     0.000     0.000     0.000   0   0   0   0   0   0   0     0.000    -0.030     0.018     0.013     0.032     0.000    -0.006
   7 0 0 0 1 1 1 1   5   0  24   0   0   0   0    21.979    21.250     5.306     0.000     0.000     0.000     0.000   0   0   0   0   0   0   0     0.000    -0.030     0.018     0.008     0.017    -0.009     0.000
   7 0 0 0 1 1 1 1  10   0  25   0   0   0   0    15.030    21.144     5.483     0.000     0.000     0.000     0.000   0   0   0   0   0   0   0     0.000    -0.030     0.018     0.005     0.021    -0.002     0.000
   7 0 1 0 1 1 1 1   2   0  10   0   0   0   0    21.493    21.144    16.075     0.000     0.000     0.000     0.000   0   0   0   0   0   0   0     0.000    -0.027     0.018     0.005     0.021    -0.000     0.017
   7 0 0 0 1 1 1 1  13   6   2   0   0   0   0    50.674    20.339    21.767     0.000     0.000     0.000     0.000   0   0   0   0   0   0   0     0.000    -0.027     0.018    -0.006     0.000     0.006     0.020
   7 0 0 0 1 1 1 1  30  17  13   0   0   0   0     5.654    56.267    45.036     0.000     0.000     0.000     0.000   0   0   0   0   0   0   0     0.000    -0.027     0.018    -0.010    -0.000    -0.002     0.008
   7 0 0 0 1 1 1 1   5   1  27   0   0   0   0    22.011    21.909     5.194     0.000     0.000     0.000     0.000   0   0   0   0   0   0   0     0.000    -0.027     0.018     0.009    -0.001    -0.018    -0.000
   7 0 0 0 1 1 1 1  22   1   2   0   0   0   0     4.893    22.343    22.057     0.000     0.000     0.000     0.000   0   0   0   0   0   0   0     0.000    -0.027     0.018    -0.013    -0.002    -0.001     0.001
   7 0 0 0 1 1 1 1  30  23   6   0   0   0   0     5.645     5.895    21.185     0.000     0.000     0.000     0.000   0   0   0   0   0   0   0     0.000    -0.027     0.018     0.000    -0.005     0.005     0.028
   7 0 0 0 1 1 1 1  13  26  23   0   0   0   0    48.151     5.900     5.895     0.000     0.000     0.000     0.000   0   0   0   0   0   0   0     0.000    -0.027     0.018    -0.003     0.008     0.000     0.094
   7 0 0 0 1 1 1 1  14   1  12   0   0   0   0    39.619    22.387    49.471     0.000     0.000     0.000     0.000   0   0   0   0   0   0   0     0.000    -0.027     0.018     0.001     0.012    -0.001     0.001
   7 0 0 0 1 1 1 1   1  10   1   0   0   0   0    22.533    15.900    22.575     0.000     0.000     0.000     0.000   0   0   0   0   0   0   0     0.000    -0.027     0.018     0.000     0.009    -0.008    -0.004
   7 0 0 0 1 1 1 1   2   0   3   0   0   0   0    21.493    21.147    24.492     0.000     0.000     0.000     0.000   0   0   0   0   0   0   0     0.000    -0.027     0.018    -0.010    -0.037     0.000    -0.007
   7 0 0 0 1 1 1 1  19  26  12   0   0   0   0    61.067     5.805    47.204     0.000     0.000     0.000     0.000   0   0   0   0   0   0   0     0.000    -0.027     0.018    -0.001     0.002    -0.007     0.002
   7 0 0 0 1 1 1 1  25  22  13   0   0   0   0     5.837     4.884    47.472     0.000     0.000     0.000     0.000   0   0   0   0   0   0   0     0.000    -0.027     0.018    -0.008    -0.000     0.011     0.002
   7 0 0 0 1 1 1 1  16  19  21   0   0   0   0    57.590    61.483    68.131     0.000     0.000     0.000     0.000   0   0   0   0   0   0   0     0.000    -0.027     0.018     0.000    -0.005    -0.001     0.010
   7 0 0 0 1 1 1 1  28  18   0   0   0   0   0     5.703    48.233    21.059     0.000     0.000     0.000     0.000   0   0   0   0   0   0   0     0.000    -0.027     0.018    -0.002     0.001     0.003     0.027
   7 0 0 0 1 1 1 1   5   0  18   0   0   0   0    21.979    21.250    50.228     0.000     0.000     0.000     0.000   0   0   0   0   0   0   0     0.000    -0.027     0.018     0.007     0.015     0.000    -0.012
   7 0 0 0 1 1 1 1  23  12   4   0   0   0   0     5.853    47.398    22.422     0.000     0.000     0.000     0.000   0   0   0   0   0   0   0     0.000    -0.027     0.018    -0.003     0.000    -0.003     0.000
   7 0 0 0 1 1 1 1  28   0   1   0   0   0   0     5.057    21.147    22.533     0.000     0.000     0.000     0.000   0   0   0   0   0   0   0     0.000    -0.027     0.018    -0.010    -0.027     0.000    -0.005
   7 0 0 0 1 1 1 1  25  23   6   0   0   0   0     5.557     5.481    20.380     0.000     0.000     0.000     0.000   0   0   0   0   0   0   0     0.000    -0.027     0.018    -0.016    -0.002     0.011     0.000
   7 0 0 0 1 1 1 1  28  25  22   0   0   0   0     5.716     5.841     5.315     0.000     0.000     0.000     0.000   0   0   0   0   0   0   0     0.000    -0.027     0.018    -0.000     0.004     0.007     0.002
   7 0 0 0 1 1 1 1  10   1  24   0   0   0   0    15.030    21.868     5.297     0.000     0.000     0.000     0.000   0   0   0   0   0   0   0     0.000    -0.027     0.018     0.018     0.004    -0.004     0.000
   7 0 0 0 1 1 1 1  25   4  18   0   0   0   0     5.550    22.238    48.537     0.000     0.000     0.000     0.000   0   0   0   0   0   0   0     0.000    -0.027     0.018    -0.011    -0.001    -0.000     0.003
   7 0 0 0 1 1 1 1  28  28   0   0   0   0   0     5.694     5.635    21.059     0.000     0.000     0.000     0.000   0   0   0   0   0   0   0     0.000    -0.027     0.018     0.000    -0.003     0.002     0.025
   7 0 0 0 1 1 1 1  13   1  23   0   0   0   0    48.170    21.818     5.895     0.000     0.000     0.000     0.000   0   0   0   0   0   0   0     0.000    -0.027     0.018    -0.037    -0.002     0.000     0.181
   7 0 0 0 1 1 1 1  15  24   2   0   0   0   0    51.785     5.292    21.940     0.000     0.000     0.000     0.000   0   0   0   0   0   0   0     0.000    -0.027     0.018    -0.007    -0.000     0.003    -0.014
   7 0 0 0 1 1 1 1  25  22  28   0   0   0   0     5.841     4.884     5.561     0.000     0.000     0.000     0.000   0   0   0   0   0   0   0     0.000    -0.027     0.018    -0.013    -0.000     0.002     0.011
   7 0 0 0 1 1 1 1  28   2  13   0   0   0   0     5.061    21.485    50.706     0.000     0.000     0.000     0.000   0   0   0   0   0   0   0     0.000    -0.027     0.018    -0.033    -0.012    -0.000     0.009
   7 0 0 0 1 1 1 1   2   0  19   0   0   0   0    21.501    21.145    61.067     0.000     0.000     0.000     0.000   0   0   0   0   0   0   0     0.000    -0.027     0.018    -0.006    -0.024    -0.000     0.001
   7 0 0 0 1 1 1 1   3  20  26   0   0   0   0    24.267    62.457     5.899     0.000     0.000     0.000     0.000   0   0   0   0   0   0   0     0.000    -0.027     0.018    -0.003    -0.000     0.001     0.009
   7 0 0 0 1 1 1 1  23  25  20   0   0   0   0     5.823     5.808    62.639     0.000     0.000     0.000     0.000   0   0   0   0   0   0   0     0.000    -0.027     0.018    -0.002     0.002     0.002     0.000
   7 0 0 0 1 1 1 1  24  17  23   0   0   0   0     5.619    56.444     5.807     0.000     0.000     0.000     0.000   0   0   0   0   0   0   0     0.000    -0.027     0.018    -0.005    -0.001     0.016     0.000
   7 0 0 0 1 1 1 1  26  22  25   0   0   0   0     5.806     4.880     5.984     0.000     0.000     0.000     0.000   0   0   0   0   0   0   0     0.000    -0.027     0.018    -0.017    -0.000     0.002     0.016
   7 0 0 0 1 1 1 1  10   2  24   0   0   0   0    15.104    21.623     5.297     0.000     0.000     0.000     0.000   0   0   0   0   0   0   0     0.000    -0.027     0.018     0.003     0.015    -0.005     0.000
   7 0 0 0 1 1 1 1  19   1  17   0   0   0   0    54.610    22.414    56.121     0.000     0.000     0.000     0.000   0   0   0   0   0   0   0     0.000    -0.027     0.018     0.009     0.021    -0.007     0.000
   7 0 0 0 1 1 1 1   3  11   7   0   0   0   0    24.492    49.823    21.547     0.000     0.000     0.000     0.000   0   0   0   0   0   0   0     0.000    -0.027     0.018    -0.001     0.001    -0.012    -0.005
   7 0 0 0 1 1 1 1  12   2  29   0   0   0   0    47.066    21.493     5.849     0.000     0.000     0.000     0.000   0   0   0   0   0   0   0     0.000    -0.027     0.018    -0.022    -0.005     0.000     0.009
   7 0 0 0 1 1 1 1  23  12   4   0   0   0   0     5.851    47.403    22.423     0.000     0.000     0.000     0.000   0   0   0   0   0   0   0     0.000    -0.027     0.018    -0.002     0.000    -0.002     0.000
   7 0 0 0 1 1 1 1  22   1   4   0   0   0   0     4.892    22.343    22.386     0.000     0.000     0.000     0.000   0   0   0   0   0   0   0     0.000    -0.027     0.018    -0.011    -0.001    -0.000     0.001
   7 0 0 0 1 1 1 1  13  11  23   0   0   0   0    45.388    50.371     5.895     0.000     0.000     0.000     0.000   0   0   0   0   0   0   0     0.000    -0.027     0.018     0.024     0.011     0.000    -0.005
   7 0 0 0 1 1 1 1   8  12  24   0   0   0   0    17.918    47.094     5.662     0.000     0.000     0.000     0.000   0   0   0   0   0   0   0     0.000    -0.027     0.018    -0.007     0.001     0.000    -0.003
   7 0 0 0 1 1 1 1  13   3   1   0   0   0   0    50.143    22.354    21.909     0.000     0.000     0.000     0.000   0   0   0   0   0   0   0     0.000    -0.027     0.018    -0.002     0.000     0.002    -0.004
   7 0 0 0 1 1 1 1   3   1  18   0   0   0   0    22.358    21.997    48.522     0.000     0.000     0.000     0.000   0   0   0   0   0   0   0     0.000    -0.027     0.018    -0.002    -0.021    -0.000     0.002
   7 0 0 0 1 1 1 1  24   0   8   0   0   0   0     5.103    21.147    18.249     0.000     0.000     0.000     0.000   0   0   0   0   0   0   0     0.000    -0.027     0.018    -0.008    -0.030     0.001    -0.002
   7 0 0 0 1 1 1 1  13   1  23   0   0   0   0    48.170    21.818     5.895     0.000     0.000     0.000     0.000   0   0   0   0   0   0   0     0.000    -0.027     0.018    -0.033    -0.001     0.000     0.167
   7 0 0 0 1 1 1 1  25  22   0   0   0   0   0     5.859     4.884    21.245     0.000     0.000     0.000     0.000   0   0   0   0   0   0   0     0.000    -0.027     0.018    -0.007    -0.000     0.009     0.002
   7 0 0 0 1 1 1 1  32   2  18   0   0   0   0     4.223    22.038    48.538     0.000     0.000     0.000     0.000   0   0   0   0   0   0   0     0.000    -0.027     0.018    -0.003     0.001    -0.000     0.003
   7 0 0 0 1 1 1 1  30  23  25   0   0   0   0     5.653     5.895     5.840     0.000     0.000     0.000     0.000   0   0   0   0   0   0   0     0.000    -0.027     0.018     0.000    -0.004     0.005     0.020
   7 0 0 0 1 1 1 1  24  27  22   0   0   0   0     5.725     5.547     5.315     0.000     0.000     0.000     0.000   0   0   0   0   0   0   0     0.000    -0.027     0.018     0.000    -0.002     0.006     0.002
   7 0 0 0 1 1 1 1  10   0   8   0   0   0   0    15.104    21.147    18.252     0.000     0.000     0.000     0.000   0   0   0   0   0   0   0     0.000    -0.027     0.018     0.003     0.014    -0.000     0.001
   7 0 0 0 1 1 1 1  19   1  16   0   0   0   0    54.610    22.414    52.905     0.000     0.000     0.000     0.000   0   0   0   0   0   0   0     0.000    -0.027     0.018     0.008     0.019    -0.004     0.000
   7 0 0 0 1 1 1 1  13   6   2   0   0   0   0    50.706    20.339    21.776     0.000     0.000     0.000     0.000   0   0   0   0   0   0   0     0.000    -0.027     0.018    -0.004     0.000     0.005     0.021
   7 0 0 0 1 1 1 1  28  27  28   0   0   0   0     5.537     5.505     5.598     0.000     0.000     0.000     0.000   0   0   0   0   0   0   0     0.000    -0.027     0.018    -0.000    -0.053     0.002    -0.000
   7 0 0 0 1 1 1 1  23  12   4   0   0   0   0     5.853    47.398    22.422     0.000     0.000     0.000     0.000   0   0   0   0   0   0   0     0.000    -0.027     0.018    -0.002     0.000    -0.002     0.000
   7 0 0 0 1 1 1 1  25   1  18   0   0   0   0     5.552    21.973    48.522     0.000     0.000     0.000     0.000   0   0   0   0   0   0   0     0.000    -0.027     0.018    -0.001    -0.011    -0.000     0.002
   7 0 0 0 1 1 1 1   3   3   3   0   0   0   0    24.492    22.493    24.526     0.000     0.000     0.000     0.000   0   0   0   0   0   0   0     0.000    -0.027     0.018    -0.000     0.001    -0.010    -0.004
   7 0 0 0 1 1 1 1  20  20  20   0   0   0   0    62.760    62.758    62.761     0.000     0.000     0.000     0.000   0   0   0   0   0   0   0     0.000    -0.027     0.018    -0.000    -0.023     0.029     0.000
   7 0 0 0 1 1 1 1  14  11  13   0   0   0   0    39.619    50.647    49.117     0.000     0.000     0.000     0.000   0   0   0   0   0   0   0     0.000    -0.027     0.018     0.008    -0.000    -0.000     0.000
   7 0 0 0 1 1 1 1  13  11  17   0   0   0   0    45.166    50.371    55.888     0.000     0.000     0.000     0.000   0   0   0   0   0   0   0     0.000    -0.027     0.018     0.017     0.007    -0.008     0.000
   7 0 0 0 1 1 1 1   2   2   0   0   0   0   0    21.493    21.485    21.520     0.000     0.000     0.000     0.000   0   0   0   0   0   0   0     0.000    -0.027     0.018    -0.027    -0.007     0.000    -0.002
   7 0 0 0 1 1 1 1   5  26  24   0   0   0   0    21.979     5.900     5.309     0.000     0.000     0.000     0.000   0   0   0   0   0   0   0     0.000    -0.027     0.018     0.009    -0.001    -0.006     0.000
   7 0 0 0 1 1 1 1  11   9  16   0   0   0   0    52.562    18.828    51.326     0.000     0.000     0.000     0.000   0   0   0   0   0   0   0     0.000    -0.027     0.018    -0.000    -0.007    -0.003     0.007
   7 0 0 0 1 1 1 1  16  19  21   0   0   0   0    57.590    61.491    68.131     0.000     0.000     0.000     0.000   0   0   0   0   0   0   0     0.000    -0.027     0.018     0.000    -0.003    -0.002     0.007
   7 0 0 0 1 1 1 1  32  19  10   0   0   0   0     4.354    59.871    15.829     0.000     0.000     0.000     0.000   0   0   0   0   0   0   0     0.000    -0.027     0.018    -0.003     0.000     0.002     0.009
   7 0 0 0 1 1 1 1  18  22   0   0   0   0   0    49.980     5.581    21.250     0.000     0.000     0.000     0.000   0   0   0   0   0   0   0     0.000    -0.027     0.018    -0.000     0.004    -0.003     0.011
   7 0 0 0 1 1 1 1  10   0   4   0   0   0   0    15.030    21.144    23.748     0.000     0.000     0.000     0.000   0   0   0   0   0   0   0     0.000    -0.027     0.018     0.003     0.014    -0.000     0.001
   7 0 0 0 1 1 1 1  23  14   0   0   0   0   0     5.912    46.432    20.964     0.000     0.000     0.000     0.000   0   0   0   0   0   0   0     0.000    -0.027     0.018     0.000    -0.001    -0.009     0.006
   7 0 0 0 1 1 1 1  25  30  22   0   0   0   0     5.605     5.530     5.402     0.000     0.000     0.000     0.000   0   0   0   0   0   0   0     0.000    -0.027     0.018     0.001    -0.005    -0.000     0.007
   7 0 0 0 1 1 1 1  16  24   2   0   0   0   0    54.802     5.662    21.999     0.000     0.000     0.000     0.000   0   0   0   0   0   0   0     0.000    -0.027     0.018     0.000    -0.003     0.001     0.005
   7 0 1 0 1 1 1 1   2  24  16   0   0   0   0    21.485     5.662    55.221     0.000     0.000     0.000     0.000   0   0   0   0   0   0   0     0.000    -0.013     0.018     0.000    -0.003    -0.000     0.001
   7 0 0 0 1 1 1 1  22   0  25   0   0   0   0     4.903    21.386     5.843     0.000     0.000     0.000     0.000   0   0   0   0   0   0   0     0.000    -0.013     0.018    -0.010    -0.002     0.000     0.004
   7 0 0 0 1 1 1 1  30  17  32   0   0   0   0     5.488    56.444     4.236     0.000     0.000     0.000     0.000   0   0   0   0   0   0   0     0.000    -0.013     0.018    -0.004    -0.000     0.005    -0.000
   7 0 0 0 1 1 1 1  28  27  28   0   0   0   0     5.541     5.505     5.592     0.000     0.000     0.000     0.000   0   0   0   0   0   0   0     0.000    -0.013     0.018    -0.000    -0.047     0.002    -0.000
   7 0 0 0 1 1 1 1  14   2  22   0   0   0   0    39.889    23.387     4.883     0.000     0.000     0.000     0.000   0   0   0   0   0   0   0     0.000    -0.013     0.018     0.003     0.009    -0.006     0.000
   7 0 1 0 1 1 1 1   2   2   1   0   0   0   0    21.485    23.387    22.533     0.000     0.000     0.000     0.000   0   0   0   0   0   0   0     0.000    -0.020     0.018     0.003     0.009     0.000    -0.004
   7 0 0 0 1 1 1 1  30  28  14   0   0   0   0     5.646     5.635    38.023     0.000     0.000     0.000     0.000   0   0   0   0   0   0   0     0.000    -0.020     0.018     0.000    -0.001     0.017     0.003
   7 0 0 0 1 1 1 1  30  17  19   0   0   0   0     5.657    56.745    54.610     0.000     0.000     0.000     0.000   0   0   0   0   0   0   0     0.000    -0.020     0.018    -0.000     0.001    -0.004     0.006
   7 0 0 0 1 1 1 1  10   0  24   0   0   0   0    15.036    21.147     5.297     0.000     0.000     0.000     0.000   0   0   0   0   0   0   0     0.000    -0.020     0.018     0.004     0.013    -0.003     0.000
   7 0 0 0 1 1 1 1   6   0  22   0   0   0   0    20.395    21.161     4.880     0.000     0.000     0.000     0.000   0   0   0   0   0   0   0     0.000    -0.020     0.018    -0.002     0.004    -0.007     0.000
   7 0 0 0 1 1 1 1  12   2  18   0   0   0   0    49.201    22.057    48.237     0.000     0.000     0.000     0.000   0   0   0   0   0   0   0     0.000    -0.020     0.018    -0.003     0.001    -0.000     0.006
   7 0 0 0 1 1 1 1  13  28  23   0   0   0   0    48.151     5.512     5.895     0.000     0.000     0.000     0.000   0   0   0   0   0   0   0     0.000    -0.020     0.018    -0.001    -0.006     0.000     0.081
   7 0 0 0 1 1 1 1  11   9  32   0   0   0   0    52.562    18.827     4.327     0.000     0.000     0.000     0.000   0   0   0   0   0   0   0     0.000    -0.020     0.018    -0.000    -0.006    -0.001     0.008
   7 0 0 0 1 1 1 1  10  17   1   0   0   0   0    16.075    56.019    22.425     0.000     0.000     0.000     0.000   0   0   0   0   0   0   0     0.000    -0.020     0.018    -0.006     0.000     0.007     0.016
   7 0 0 0 1 1 1 1  28  28   0   0   0   0   0     5.693     5.635    21.125     0.000     0.000     0.000     0.000   0   0   0   0   0   0   0     0.000    -0.020     0.018     0.000    -0.003     0.002     0.019
   7 0 0 0 1 1 1 1  25  22  30   0   0   0   0     5.984     4.893     5.393     0.000     0.000     0.000     0.000   0   0   0   0   0   0   0     0.000    -0.020     0.018    -0.006     0.000     0.004     0.017
   7 0 0 0 1 1 1 1   8  23   4   0   0   0   0    18.252     5.889    22.426     0.000     0.000     0.000     0.000   0   0   0   0   0   0   0     0.000    -0.020     0.018    -0.000    -0.008     0.146     0.000
   7 0 0 0 1 1 1 1  13   0  22   0   0   0   0    47.697    20.937     4.880     0.000     0.000     0.000     0.000   0   0   0   0   0   0   0     0.000    -0.020     0.018    -0.009     0.005    -0.008    -0.000
   7 0 0 0 1 1 1 1  25  30  22   0   0   0   0     5.605     5.530     5.402     0.000     0.000     0.000     0.000   0   0   0   0   0   0   0     0.000    -0.020     0.018     0.001    -0.004     0.000     0.006
   7 0 0 0 1 1 1 1   2   0  16   0   0   0   0    21.501    21.145    54.803     0.000     0.000     0.000     0.000   0   0   0   0   0   0   0     0.000    -0.020     0.018    -0.005    -0.019    -0.000     0.001
   7 0 0 0 1 1 1 1  21  27   1   0   0   0   0    67.990     5.188    21.909     0.000     0.000     0.000     0.000   0   0   0   0   0   0   0     0.000    -0.020     0.018    -0.014    -0.000     0.006    -0.001
   7 0 0 0 1 1 1 1   3  14   1   0   0   0   0    24.538    46.432    22.575     0.000     0.000     0.000     0.000   0   0   0   0   0   0   0     0.000    -0.020     0.018     0.001    -0.001    -0.006    -0.003
   7 0 0 0 1 1 1 1  12   2  18   0   0   0   0    49.221    22.057    48.237     0.000     0.000     0.000     0.000   0   0   0   0   0   0   0     0.000    -0.020     0.018    -0.003     0.001    -0.000     0.006
   7 0 0 0 1 1 1 1  30  23   0   0   0   0   0     5.659     5.896    21.023     0.000     0.000     0.000     0.000   0   0   0   0   0   0   0     0.000    -0.020     0.018     0.000    -0.003     0.006    -0.002
   7 0 0 0 1 1 1 1  23  18  32   0   0   0   0     5.853    49.802     4.257     0.000     0.000     0.000     0.000   0   0   0   0   0   0   0     0.000    -0.020     0.018     0.000    -0.002     0.000    -0.002
   7 0 0 0 1 1 1 1  21   6   4   0   0   0   0    68.131    20.386    22.768     0.000     0.000     0.000     0.000   0   0   0   0   0   0   0     0.000    -0.020     0.018    -0.002     0.000     0.004     0.011
   7 0 0 0 1 1 1 1   2   2   0   0   0   0   0    21.493    21.485    21.548     0.000     0.000     0.000     0.000   0   0   0   0   0   0   0     0.000    -0.020     0.018    -0.025    -0.007     0.000    -0.004
   7 0 0 0 1 1 1 1  17  23  17   0   0   0   0    56.745     5.888    56.746     0.000     0.000     0.000     0.000   0   0   0   0   0   0   0     0.000    -0.020     0.018    -0.000    -0.018     0.303    -0.000
   7 0 0 0 1 1 1 1  25  22   6   0   0   0   0     5.942     4.880    20.282     0.000     0.000     0.000     0.000   0   0   0   0   0   0   0     0.000    -0.020     0.018    -0.004     0.000     0.015     0.003
   7 0 0 1 1 1 1 1  14  22   6   0   0   0   0    49.047     4.903    20.282     0.000     0.000     0.000     0.000   0   0   0   0   0   0   0     0.000    -0.020    -0.017    -0.003     0.000     0.015     0.003
   7 0 0 0 1 1 1 1  32  19   4   0   0   0   0     4.354    59.871    23.794     0.000     0.000     0.000     0.000   0   0   0   0   0   0   0     0.000    -0.020    -0.017    -0.003     0.000     0.006    -0.000
   7 0 0 0 1 1 1 1  26  22   2   0   0   0   0     5.901     4.899    23.172     0.000     0.000     0.000     0.000   0   0   0   0   0   0   0     0.000    -0.020    -0.017    -0.005     0.000     0.008    -0.001
   7 0 0 0 1 1 1 1  11   9  32   0   0   0   0    52.562    18.828     4.327     0.000     0.000     0.000     0.000   0   0   0   0   0   0   0     0.000    -0.020    -0.017    -0.000    -0.006    -0.001     0.007
   7 0 0 0 1 1 1 1  25  22  22   0   0   0   0     5.831     4.884     4.919     0.000     0.000     0.000     0.000   0   0   0   0   0   0   0     0.000    -0.020    -0.017    -0.008    -0.000     0.001     0.006
   7 0 0 0 1 1 1 1  12  30  18   0   0   0   0    49.221     5.530    48.237     0.000     0.000     0.000     0.000   0   0   0   0   0   0   0     0.000    -0.020    -0.017     0.000    -0.004    -0.000     0.005
   7 0 0 0 1 1 1 1  26   8  13   0   0   0   0     5.805    17.968    47.947     0.000     0.000     0.000     0.000   0   0   0   0   0   0   0     0.000    -0.020    -0.017     0.001    -0.001     0.007     0.001
   7 0 0 0 1 1 1 1  13  30  29   0   0   0   0    49.117     5.568     5.714     0.000     0.000     0.000     0.000   0   0   0   0   0   0   0     0.000    -0.020    -0.017    -0.000    -0.003     0.002     0.000
   7 0 0 0 1 1 1 1  23  14   0   0   0   0   0     5.911    46.436    20.937     0.000     0.000     0.000     0.000   0   0   0   0   0   0   0     0.000    -0.020    -0.017     0.000    -0.001    -0.008     0.004
   7 0 0 0 1 1 1 1  25  30  22   0   0   0   0     5.605     5.530     5.403     0.000     0.000     0.000     0.000   0   0   0   0   0   0   0     0.000    -0.020    -0.017     0.001    -0.004     0.000     0.005
   7 0 0 0 1 1 1 1   4  22   9   0   0   0   0    23.801     4.886    18.609     0.000     0.000     0.000     0.000   0   0   0   0   0   0   0     0.000    -0.020    -0.017    -0.011     0.000     0.011     0.003
   7 0 0 0 1 1 1 1  14   2  22   0   0   0   0    39.889    23.387     4.892     0.000     0.000     0.000     0.000   0   0   0   0   0   0   0     0.000    -0.020    -0.017     0.003     0.009    -0.003     0.000
   7 0 0 0 1 1 1 1   3   4   3   0   0   0   0    24.538    22.386    24.555     0.000     0.000     0.000     0.000   0   0   0   0   0   0   0     0.000    -0.020    -0.017    -0.000     0.001    -0.003    -0.006
   7 0 0 0 1 1 1 1  30  13  28   0   0   0   0     5.488    48.719     5.523     0.000     0.000     0.000     0.000   0   0   0   0   0   0   0     0.000    -0.020    -0.017    -0.000    -0.003     0.005    -0.000
