  404
   1 1   0     0.000   0     4.794
   1 1   0     0.000   0     5.387
   1 1   0     0.000   0     5.749
   1 1   0     0.000   0     6.118
   7 0 0 0 1 1 1 1  11   1  13   0   0   0   0    49.018    21.899    50.140     0.000     0.000     0.000     0.000   0   0   0   0   0   0   0     0.000     0.000     0.000    -0.088    -0.160     0.035     0.088
   7 0 0 0 1 1 1 1  29   4   4   0   0   0   0     5.633    22.237    22.482     0.000     0.000     0.000     0.000   0   0   0   0   0   0   0     0.000     0.000     0.000    -0.203    -0.095     0.039     0.172
   7 0 0 0 1 1 1 1  32  25  26   0   0   0   0     4.114     5.287     5.841     0.000     0.000     0.000     0.000   0   0   0   0   0   0   0     0.000     0.000     0.000    -0.208    -0.055     0.022     0.118
   7 0 0 0 1 1 1 1  31  31  28   0   0   0   0     5.326     5.232     5.690     0.000     0.000     0.000     0.000   0   0   0   0   0   0   0     0.000     0.000     0.000    -0.482    -0.221     0.057     0.163
   7 0 0 0 1 1 1 1  11   1  12   0   0   0   0    49.018    21.899    50.276     0.000     0.000     0.000     0.000   0   0   0   0   0   0   0     0.000     0.000     0.000    -0.079    -0.144     0.029     0.077
   7 0 0 0 1 1 1 1  31  12   3   0   0   0   0     5.341    47.509    22.833     0.000     0.000     0.000     0.000   0   0   0   0   0   0   0     0.000     0.000     0.000    -0.123    -0.058     0.035     0.156
   7 0 0 0 1 1 1 1  32   4  25   0   0   0   0     4.045    22.253     5.557     0.000     0.000     0.000     0.000   0   0   0   0   0   0   0     0.000     0.000     0.000    -0.194    -0.064    -0.018     0.026
   7 0 0 0 1 1 1 1  29   3  28   0   0   0   0     5.646    22.230     5.690     0.000     0.000     0.000     0.000   0   0   0   0   0   0   0     0.000     0.000     0.000    -0.440    -0.196     0.054     0.147
   7 0 0 0 1 1 1 1  22  13   1   0   0   0   0     5.424    50.128    21.899     0.000     0.000     0.000     0.000   0   0   0   0   0   0   0     0.000     0.000     0.000     0.026     0.071    -0.074    -0.130
   7 0 0 0 1 1 1 1  11  12  20   0   0   0   0    49.018    47.541    62.455     0.000     0.000     0.000     0.000   0   0   0   0   0   0   0     0.000     0.000     0.000    -0.111    -0.051     0.135     0.032
   7 0 0 0 1 1 1 1  32   3  26   0   0   0   0     4.094    22.224     5.841     0.000     0.000     0.000     0.000   0   0   0   0   0   0   0     0.000     0.000     0.000    -0.170    -0.047     0.017     0.104
   7 0 0 0 1 1 1 1  29  31  30   0   0   0   0     5.663     5.284     5.598     0.000     0.000     0.000     0.000   0   0   0   0   0   0   0     0.000     0.000     0.000    -0.264    -0.105     0.049     0.131
   7 0 0 0 1 1 1 1  11  18  10   0   0   0   0    49.353    49.281    15.508     0.000     0.000     0.000     0.000   0   0   0   0   0   0   0     0.000     0.000     0.000    -0.060    -0.116     0.067     0.028
   7 0 0 0 1 1 1 1  11  11   4   0   0   0   0    48.167    44.344    22.629     0.000     0.000     0.000     0.000   0   0   0   0   0   0   0     0.000     0.000     0.000    -0.173    -0.071     0.028     0.130
   7 0 0 0 1 1 1 1  32  27  26   0   0   0   0     4.114     5.292     5.876     0.000     0.000     0.000     0.000   0   0   0   0   0   0   0     0.000     0.000     0.000    -0.159    -0.042     0.017     0.136
   7 0 0 0 1 1 1 1  28  29  28   0   0   0   0     5.479     5.422     5.617     0.000     0.000     0.000     0.000   0   0   0   0   0   0   0     0.000     0.000     0.000    -0.368    -0.158    -0.025     0.095
   7 0 0 0 1 1 1 1  11   1  12   0   0   0   0    48.983    21.918    50.120     0.000     0.000     0.000     0.000   0   0   0   0   0   0   0     0.000     0.000     0.000    -0.067    -0.114     0.014     0.053
   7 0 0 0 1 1 1 1  11   4   3   0   0   0   0    49.353    22.243    22.815     0.000     0.000     0.000     0.000   0   0   0   0   0   0   0     0.000     0.000     0.000    -0.145    -0.058     0.027     0.114
   7 0 0 0 1 1 1 1  32  25  26   0   0   0   0     4.045     5.255     5.835     0.000     0.000     0.000     0.000   0   0   0   0   0   0   0     0.000     0.000     0.000    -0.155    -0.051     0.010     0.083
   7 0 0 0 1 1 1 1  29  11  28   0   0   0   0     5.595    44.907     5.611     0.000     0.000     0.000     0.000   0   0   0   0   0   0   0     0.000     0.000     0.000    -0.359    -0.152    -0.030     0.085
   7 0 0 0 1 1 1 1  22   2   1   0   0   0   0     5.421    21.865    21.899     0.000     0.000     0.000     0.000   0   0   0   0   0   0   0     0.000     0.000     0.000     0.057     0.022    -0.054    -0.096
   7 0 0 0 1 1 1 1  22  26  12   0   0   0   0     5.421     5.817    47.204     0.000     0.000     0.000     0.000   0   0   0   0   0   0   0     0.000     0.000     0.000     0.023     0.102    -0.106    -0.049
   7 0 0 0 1 1 1 1  32   3   2   0   0   0   0     4.114    22.253    23.274     0.000     0.000     0.000     0.000   0   0   0   0   0   0   0     0.000     0.000     0.000    -0.121    -0.033     0.014     0.145
   7 0 0 0 1 1 1 1  28   3  28   0   0   0   0     5.451    22.253     5.690     0.000     0.000     0.000     0.000   0   0   0   0   0   0   0     0.000     0.000     0.000    -0.298    -0.137     0.024     0.101
   7 0 0 0 1 1 1 1  25  12  12   0   0   0   0     5.520    46.557    49.914     0.000     0.000     0.000     0.000   0   0   0   0   0   0   0     0.000     0.000     0.000    -0.136    -0.066     0.002     0.040
   7 0 0 0 1 1 1 1  11  11   1   0   0   0   0    47.969    44.344    21.858     0.000     0.000     0.000     0.000   0   0   0   0   0   0   0     0.000     0.000     0.000    -0.133    -0.054     0.020     0.097
   7 0 0 0 1 1 1 1  32   3  25   0   0   0   0     4.031    22.067     5.572     0.000     0.000     0.000     0.000   0   0   0   0   0   0   0     0.000     0.000     0.000    -0.138    -0.048    -0.015     0.017
   7 0 0 0 1 1 1 1  28  29  28   0   0   0   0     5.533     5.528     5.707     0.000     0.000     0.000     0.000   0   0   0   0   0   0   0     0.000     0.000     0.000    -0.182    -0.056     0.041     0.101
   7 0 0 0 1 1 1 1  11  12  25   0   0   0   0    48.167    46.557     5.608     0.000     0.000     0.000     0.000   0   0   0   0   0   0   0     0.000     0.000     0.000    -0.124    -0.061     0.006     0.039
   7 0 0 0 1 1 1 1  31   1  25   0   0   0   0     5.356    21.897     5.667     0.000     0.000     0.000     0.000   0   0   0   0   0   0   0     0.000     0.000     0.000    -0.025    -0.070     0.020     0.081
   7 0 0 0 1 1 1 1  32  23  26   0   0   0   0     4.114     5.665     5.876     0.000     0.000     0.000     0.000   0   0   0   0   0   0   0     0.000     0.000     0.000    -0.096    -0.025     0.011     0.108
   7 0 0 0 1 1 1 1  28  28  29   0   0   0   0     5.566     5.338     5.771     0.000     0.000     0.000     0.000   0   0   0   0   0   0   0     0.000     0.000     0.000    -0.198    -0.072     0.039     0.089
   7 0 0 0 1 1 1 1  22   2   1   0   0   0   0     5.421    21.865    21.918     0.000     0.000     0.000     0.000   0   0   0   0   0   0   0     0.000     0.000     0.000     0.044     0.015    -0.043    -0.079
   7 0 0 0 1 1 1 1  31  11   4   0   0   0   0     5.361    46.911    22.773     0.000     0.000     0.000     0.000   0   0   0   0   0   0   0     0.000     0.000     0.000    -0.062    -0.020     0.020     0.084
   7 0 0 0 1 1 1 1  32  11  19   0   0   0   0     4.044    43.700    61.122     0.000     0.000     0.000     0.000   0   0   0   0   0   0   0     0.000     0.000     0.000    -0.138    -0.038     0.033     0.003
   7 0 0 0 1 1 1 1  28  18  28   0   0   0   0     5.434    49.910     5.623     0.000     0.000     0.000     0.000   0   0   0   0   0   0   0     0.000     0.000     0.000    -0.115    -0.288    -0.025     0.058
   7 0 0 0 1 1 1 1  31  12   2   0   0   0   0     5.356    47.870    21.865     0.000     0.000     0.000     0.000   0   0   0   0   0   0   0     0.000     0.000     0.000    -0.063    -0.026     0.039     0.016
   7 0 0 0 1 1 1 1  11   4  25   0   0   0   0    47.710    22.185     5.610     0.000     0.000     0.000     0.000   0   0   0   0   0   0   0     0.000     0.000     0.000    -0.111    -0.043    -0.003     0.029
   7 0 0 0 1 1 1 1  32   4   2   0   0   0   0     4.127    22.230    23.274     0.000     0.000     0.000     0.000   0   0   0   0   0   0   0     0.000     0.000     0.000    -0.102    -0.023     0.010     0.121
   7 0 0 0 1 1 1 1  28   3  28   0   0   0   0     5.421    22.067     5.640     0.000     0.000     0.000     0.000   0   0   0   0   0   0   0     0.000     0.000     0.000    -0.261    -0.109    -0.009     0.059
   7 0 0 0 1 1 1 1  31  22  12   0   0   0   0     5.356     5.495    50.005     0.000     0.000     0.000     0.000   0   0   0   0   0   0   0     0.000     0.000     0.000    -0.026    -0.059     0.004     0.028
   7 0 0 0 1 1 1 1  31  27  25   0   0   0   0     5.358     5.286     5.820     0.000     0.000     0.000     0.000   0   0   0   0   0   0   0     0.000     0.000     0.000    -0.088    -0.030     0.016     0.088
   7 0 0 0 1 1 1 1  32  11  14   0   0   0   0     4.030    43.700    46.231     0.000     0.000     0.000     0.000   0   0   0   0   0   0   0     0.000     0.000     0.000    -0.117    -0.036     0.032     0.002
   7 0 0 0 1 1 1 1  28  29  28   0   0   0   0     5.566     5.504     5.725     0.000     0.000     0.000     0.000   0   0   0   0   0   0   0     0.000     0.000     0.000    -0.128    -0.038     0.031     0.078
   7 0 0 0 1 1 1 1  11  12  12   0   0   0   0    48.025    46.557    49.815     0.000     0.000     0.000     0.000   0   0   0   0   0   0   0     0.000     0.000     0.000    -0.093    -0.040    -0.004     0.024
   7 0 0 0 1 1 1 1  11   4  25   0   0   0   0    47.523    22.185     5.608     0.000     0.000     0.000     0.000   0   0   0   0   0   0   0     0.000     0.000     0.000    -0.092    -0.037    -0.004     0.024
   7 0 0 0 1 1 1 1  32   6  26   0   0   0   0     4.127    20.163     5.865     0.000     0.000     0.000     0.000   0   0   0   0   0   0   0     0.000     0.000     0.000    -0.064    -0.015     0.008     0.069
   7 0 0 0 1 1 1 1  28   3  22   0   0   0   0     5.566    22.291     5.337     0.000     0.000     0.000     0.000   0   0   0   0   0   0   0     0.000     0.000     0.000    -0.151    -0.051     0.060     0.021
   7 0 0 0 1 1 1 1  22  25  18   0   0   0   0     5.432     5.608    49.627     0.000     0.000     0.000     0.000   0   0   0   0   0   0   0     0.000     0.000     0.000     0.002     0.024    -0.032    -0.066
   7 0 0 0 1 1 1 1  11  18  25   0   0   0   0    47.523    50.221     5.610     0.000     0.000     0.000     0.000   0   0   0   0   0   0   0     0.000     0.000     0.000    -0.035    -0.099    -0.003     0.022
   7 0 0 0 1 1 1 1  24   1  25   0   0   0   0     5.344    21.979     5.573     0.000     0.000     0.000     0.000   0   0   0   0   0   0   0     0.000     0.000     0.000    -0.047    -0.112    -0.013     0.010
   7 0 0 0 1 1 1 1  28  28  27   0   0   0   0     5.416     5.124     5.541     0.000     0.000     0.000     0.000   0   0   0   0   0   0   0     0.000     0.000     0.000    -0.248    -0.084     0.005     0.053
   7 0 0 0 1 1 1 1  11  12  12   0   0   0   0    48.025    46.480    49.815     0.000     0.000     0.000     0.000   0   0   0   0   0   0   0     0.000     0.000     0.000    -0.082    -0.033    -0.004     0.020
   7 0 0 0 1 1 1 1  31  12  26   0   0   0   0     5.363    47.313     5.838     0.000     0.000     0.000     0.000   0   0   0   0   0   0   0     0.000     0.000     0.000    -0.046    -0.015     0.011     0.065
   7 0 0 0 1 1 1 1  32  11  29   0   0   0   0     4.114    43.700     5.816     0.000     0.000     0.000     0.000   0   0   0   0   0   0   0     0.000     0.000     0.000    -0.092    -0.019     0.006     0.094
   7 0 0 0 1 1 1 1  30  29  24   0   0   0   0     5.461     5.327     5.731     0.000     0.000     0.000     0.000   0   0   0   0   0   0   0     0.000     0.000     0.000    -0.194    -0.054     0.022     0.060
   7 0 0 0 1 1 1 1  18  25  18   0   0   0   0    48.977     5.610    50.221     0.000     0.000     0.000     0.000   0   0   0   0   0   0   0     0.000     0.000     0.000    -0.000     0.020    -0.033    -0.084
   7 0 0 0 1 1 1 1  22  25  12   0   0   0   0     5.360     5.820    47.419     0.000     0.000     0.000     0.000   0   0   0   0   0   0   0     0.000     0.000     0.000     0.013     0.069    -0.039    -0.010
   7 0 0 0 1 1 1 1  24   1  19   0   0   0   0     5.344    21.979    61.122     0.000     0.000     0.000     0.000   0   0   0   0   0   0   0     0.000     0.000     0.000    -0.040    -0.094     0.023    -0.002
   7 0 0 0 1 1 1 1  28  28  28   0   0   0   0     5.409     5.124     5.634     0.000     0.000     0.000     0.000   0   0   0   0   0   0   0     0.000     0.000     0.000    -0.208    -0.071    -0.010     0.035
   7 0 0 0 1 1 1 1  22  15   3   0   0   0   0     5.464    51.419    21.938     0.000     0.000     0.000     0.000   0   0   0   0   0   0   0     0.000     0.000     0.000    -0.001     0.018    -0.076    -0.030
   7 0 0 0 1 1 1 1  11   3  25   0   0   0   0    47.376    21.938     5.640     0.000     0.000     0.000     0.000   0   0   0   0   0   0   0     0.000     0.000     0.000    -0.083    -0.025     0.006     0.043
   7 0 0 0 1 1 1 1  32   3  25   0   0   0   0     4.127    22.067     5.655     0.000     0.000     0.000     0.000   0   0   0   0   0   0   0     0.000     0.000     0.000    -0.065    -0.014     0.004     0.040
   7 0 0 0 1 1 1 1  11  14  28   0   0   0   0    47.188    48.241     5.646     0.000     0.000     0.000     0.000   0   0   0   0   0   0   0     0.000     0.000     0.000    -0.066    -0.189    -0.006     0.034
   7 0 0 0 1 1 1 1  11  12   2   0   0   0   0    47.853    46.929    21.865     0.000     0.000     0.000     0.000   0   0   0   0   0   0   0     0.000     0.000     0.000    -0.058    -0.025     0.022     0.004
   7 0 0 0 1 1 1 1  22  25  12   0   0   0   0     5.357     5.820    47.236     0.000     0.000     0.000     0.000   0   0   0   0   0   0   0     0.000     0.000     0.000     0.011     0.059    -0.040    -0.011
   7 0 0 0 1 1 1 1  32   3   2   0   0   0   0     4.031    21.898    23.274     0.000     0.000     0.000     0.000   0   0   0   0   0   0   0     0.000     0.000     0.000    -0.077    -0.022     0.003     0.090
   7 0 0 0 1 1 1 1  28  31  28   0   0   0   0     5.441     5.178     5.716     0.000     0.000     0.000     0.000   0   0   0   0   0   0   0     0.000     0.000     0.000    -0.143    -0.048     0.009     0.043
   7 0 0 0 1 1 1 1  12  22   0   0   0   0   0    49.615     5.512    20.972     0.000     0.000     0.000     0.000   0   0   0   0   0   0   0     0.000     0.000     0.000    -0.011    -0.033     0.012     0.059
   7 0 0 0 1 1 1 1  25  17  26   0   0   0   0     5.608    56.317     5.841     0.000     0.000     0.000     0.000   0   0   0   0   0   0   0     0.000     0.000     0.000    -0.031    -0.007     0.011     0.049
   7 0 0 0 1 1 1 1  25   8   4   0   0   0   0     5.572    17.767    22.349     0.000     0.000     0.000     0.000   0   0   0   0   0   0   0     0.000     0.000     0.000    -0.035    -0.007     0.004     0.036
   7 0 0 0 1 1 1 1  28  14  30   0   0   0   0     5.584    47.009     5.653     0.000     0.000     0.000     0.000   0   0   0   0   0   0   0     0.000     0.000     0.000    -0.026    -0.088     0.017     0.051
   7 0 0 0 1 1 1 1  22  17   3   0   0   0   0     5.464    56.450    21.938     0.000     0.000     0.000     0.000   0   0   0   0   0   0   0     0.000     0.000     0.000     0.001     0.017    -0.062    -0.022
   7 0 0 0 1 1 1 1  22  25  12   0   0   0   0     5.360     5.820    46.929     0.000     0.000     0.000     0.000   0   0   0   0   0   0   0     0.000     0.000     0.000     0.009     0.049    -0.054    -0.011
   7 0 0 0 1 1 1 1  25   8   2   0   0   0   0     5.573    17.758    23.274     0.000     0.000     0.000     0.000   0   0   0   0   0   0   0     0.000     0.000     0.000    -0.033    -0.006     0.005     0.080
   7 0 0 0 1 1 1 1  28  11  23   0   0   0   0     5.399    43.382     5.825     0.000     0.000     0.000     0.000   0   0   0   0   0   0   0     0.000     0.000     0.000    -0.157    -0.050    -0.003     0.027
   7 0 0 0 1 1 1 1  12  18   0   0   0   0   0    49.615    49.569    20.972     0.000     0.000     0.000     0.000   0   0   0   0   0   0   0     0.000     0.000     0.000    -0.011    -0.033     0.010     0.052
   7 0 0 0 1 1 1 1  11   3  25   0   0   0   0    47.806    21.938     5.655     0.000     0.000     0.000     0.000   0   0   0   0   0   0   0     0.000     0.000     0.000    -0.065    -0.016     0.005     0.034
   7 0 0 0 1 1 1 1  19   2  25   0   0   0   0    61.322    23.274     5.287     0.000     0.000     0.000     0.000   0   0   0   0   0   0   0     0.000     0.000     0.000     0.010     0.073    -0.039    -0.004
   7 0 0 0 1 1 1 1  28  11  22   0   0   0   0     5.584    45.702     5.336     0.000     0.000     0.000     0.000   0   0   0   0   0   0   0     0.000     0.000     0.000    -0.095    -0.026     0.031     0.008
   7 0 0 0 1 1 1 1  22  26  17   0   0   0   0     5.372     5.736    56.982     0.000     0.000     0.000     0.000   0   0   0   0   0   0   0     0.000     0.000     0.000     0.017     0.005    -0.017     0.051
   7 0 0 0 1 1 1 1  22  25  17   0   0   0   0     5.353     5.820    56.236     0.000     0.000     0.000     0.000   0   0   0   0   0   0   0     0.000     0.000     0.000     0.008     0.041    -0.042    -0.008
   7 0 0 0 1 1 1 1  25   1   6   0   0   0   0     5.413    21.979    20.464     0.000     0.000     0.000     0.000   0   0   0   0   0   0   0     0.000     0.000     0.000    -0.013    -0.065     0.000     0.017
   7 0 0 0 1 1 1 1  25   1  25   0   0   0   0     5.436    21.979     5.611     0.000     0.000     0.000     0.000   0   0   0   0   0   0   0     0.000     0.000     0.000    -0.042    -0.149    -0.003     0.023
   7 0 0 0 1 1 1 1  18  17   3   0   0   0   0    49.050    56.450    21.938     0.000     0.000     0.000     0.000   0   0   0   0   0   0   0     0.000     0.000     0.000     0.000     0.013    -0.052    -0.017
   7 0 0 0 1 1 1 1  18  22   3   0   0   0   0    49.117     5.338    21.898     0.000     0.000     0.000     0.000   0   0   0   0   0   0   0     0.000     0.000     0.000     0.012    -0.001    -0.058    -0.015
   7 0 0 0 1 1 1 1  25  11  20   0   0   0   0     5.573    43.700    62.619     0.000     0.000     0.000     0.000   0   0   0   0   0   0   0     0.000     0.000     0.000    -0.051    -0.008     0.028     0.003
   7 0 0 0 1 1 1 1  28  11  22   0   0   0   0     5.566    43.700     5.316     0.000     0.000     0.000     0.000   0   0   0   0   0   0   0     0.000     0.000     0.000    -0.120    -0.025     0.038     0.011
   7 0 0 0 1 1 1 1  31  12  17   0   0   0   0     5.363    47.165    56.457     0.000     0.000     0.000     0.000   0   0   0   0   0   0   0     0.000     0.000     0.000    -0.029    -0.010     0.002     0.016
   7 0 0 0 1 1 1 1  28   1  25   0   0   0   0     5.409    21.979     5.640     0.000     0.000     0.000     0.000   0   0   0   0   0   0   0     0.000     0.000     0.000    -0.014    -0.056     0.003     0.026
   7 0 0 0 1 1 1 1  19   2  31   0   0   0   0    61.361    23.274     5.373     0.000     0.000     0.000     0.000   0   0   0   0   0   0   0     0.000     0.000     0.000     0.008     0.064    -0.010     0.005
   7 0 0 0 1 1 1 1  31   1  23   0   0   0   0     5.280    21.979     5.825     0.000     0.000     0.000     0.000   0   0   0   0   0   0   0     0.000     0.000     0.000    -0.037    -0.126    -0.003     0.019
   7 0 0 0 1 1 1 1  22  26   1   0   0   0   0     5.470     5.736    21.979     0.000     0.000     0.000     0.000   0   0   0   0   0   0   0     0.000     0.000     0.000     0.014     0.001    -0.015    -0.049
   7 0 0 0 1 1 1 1  25  12  26   0   0   0   0     5.608    47.236     5.841     0.000     0.000     0.000     0.000   0   0   0   0   0   0   0     0.000     0.000     0.000    -0.022    -0.005     0.007     0.032
   7 0 0 0 1 1 1 1  24   1   4   0   0   0   0     5.344    21.979    22.392     0.000     0.000     0.000     0.000   0   0   0   0   0   0   0     0.000     0.000     0.000    -0.018    -0.054    -0.000     0.021
   7 0 0 0 1 1 1 1  29   1  25   0   0   0   0     5.499    21.979     5.611     0.000     0.000     0.000     0.000   0   0   0   0   0   0   0     0.000     0.000     0.000    -0.036    -0.115    -0.004     0.017
   7 0 0 0 1 1 1 1  12  17  31   0   0   0   0    49.615    56.728     5.373     0.000     0.000     0.000     0.000   0   0   0   0   0   0   0     0.000     0.000     0.000    -0.012     0.015     0.015     0.002
   7 0 0 0 1 1 1 1  22  25   1   0   0   0   0     5.341     5.611    21.904     0.000     0.000     0.000     0.000   0   0   0   0   0   0   0     0.000     0.000     0.000     0.051     0.008    -0.002    -0.016
   7 0 0 0 1 1 1 1  14   2  19   0   0   0   0    46.421    23.274    62.252     0.000     0.000     0.000     0.000   0   0   0   0   0   0   0     0.000     0.000     0.000     0.008     0.057    -0.001    -0.021
   7 0 0 0 1 1 1 1  28  29   0   0   0   0   0     5.589     5.462    21.045     0.000     0.000     0.000     0.000   0   0   0   0   0   0   0     0.000     0.000     0.000    -0.055    -0.014     0.011     0.097
   7 0 0 0 1 1 1 1  25   1  25   0   0   0   0     5.608    21.923     5.611     0.000     0.000     0.000     0.000   0   0   0   0   0   0   0     0.000     0.000     0.000    -0.005    -0.020     0.071     0.004
   7 0 0 0 1 1 1 1  22   3   3   0   0   0   0     5.368    24.261    21.938     0.000     0.000     0.000     0.000   0   0   0   0   0   0   0     0.000     0.000     0.000     0.005     0.038    -0.043    -0.007
   7 0 0 0 1 1 1 1  19   2  31   0   0   0   0    61.322    23.274     5.373     0.000     0.000     0.000     0.000   0   0   0   0   0   0   0     0.000     0.000     0.000     0.007     0.052    -0.008     0.004
   7 0 0 0 1 1 1 1  25   1  30   0   0   0   0     5.436    21.979     5.652     0.000     0.000     0.000     0.000   0   0   0   0   0   0   0     0.000     0.000     0.000    -0.026    -0.100     0.003     0.029
   7 0 0 0 1 1 1 1  25  26  25   0   0   0   0     5.610     5.781     5.611     0.000     0.000     0.000     0.000   0   0   0   0   0   0   0     0.000     0.000     0.000     0.000    -0.011     0.677     0.003
   7 0 0 0 1 1 1 1  22  25   1   0   0   0   0     5.338     5.611    21.979     0.000     0.000     0.000     0.000   0   0   0   0   0   0   0     0.000     0.000     0.000     0.081     0.007    -0.004    -0.044
   7 0 0 0 1 1 1 1  14  23   1   0   0   0   0    48.130     5.841    21.998     0.000     0.000     0.000     0.000   0   0   0   0   0   0   0     0.000     0.000     0.000    -0.002     0.011    -0.021    -0.053
   7 0 0 0 1 1 1 1  28  11   0   0   0   0   0     5.593    44.821    21.045     0.000     0.000     0.000     0.000   0   0   0   0   0   0   0     0.000     0.000     0.000    -0.063    -0.014     0.009     0.087
   7 0 0 0 1 1 1 1  25  18  25   0   0   0   0     5.610    49.636     5.611     0.000     0.000     0.000     0.000   0   0   0   0   0   0   0     0.000     0.000     0.000    -0.004    -0.022     0.643     0.003
   7 0 0 0 1 1 1 1  11   1  25   0   0   0   0    46.987    21.979     5.655     0.000     0.000     0.000     0.000   0   0   0   0   0   0   0     0.000     0.000     0.000    -0.010    -0.040     0.002     0.021
   7 0 0 0 1 1 1 1  14  29  19   0   0   0   0    46.317     5.816    62.230     0.000     0.000     0.000     0.000   0   0   0   0   0   0   0     0.000     0.000     0.000     0.008     0.044    -0.001    -0.016
   7 0 0 0 1 1 1 1  29   1  23   0   0   0   0     5.497    21.985     5.825     0.000     0.000     0.000     0.000   0   0   0   0   0   0   0     0.000     0.000     0.000    -0.027    -0.092    -0.004     0.013
   7 0 0 0 1 1 1 1  25  26  25   0   0   0   0     5.610     5.781     5.611     0.000     0.000     0.000     0.000   0   0   0   0   0   0   0     0.000     0.000     0.000     0.001    -0.010     0.611     0.003
   7 0 0 0 1 1 1 1  25  27  25   0   0   0   0     5.610     5.286     5.611     0.000     0.000     0.000     0.000   0   0   0   0   0   0   0     0.000     0.000     0.000    -0.023    -0.004     0.163     0.005
   7 0 0 0 1 1 1 1  14  26   1   0   0   0   0    46.561     5.876    21.979     0.000     0.000     0.000     0.000   0   0   0   0   0   0   0     0.000     0.000     0.000     0.004     0.038    -0.003    -0.042
   7 0 0 0 1 1 1 1  24   3  22   0   0   0   0     5.398    21.794     5.336     0.000     0.000     0.000     0.000   0   0   0   0   0   0   0     0.000     0.000     0.000    -0.090    -0.025     0.016    -0.002
   7 0 0 0 1 1 1 1  25   3  25   0   0   0   0     5.610    21.898     5.611     0.000     0.000     0.000     0.000   0   0   0   0   0   0   0     0.000     0.000     0.000    -0.036    -0.004     0.581     0.002
   7 0 0 0 1 1 1 1  18  26   1   0   0   0   0    49.079     5.841    21.998     0.000     0.000     0.000     0.000   0   0   0   0   0   0   0     0.000     0.000     0.000     0.002     0.024    -0.008    -0.040
   7 0 0 0 1 1 1 1  31   8  11   0   0   0   0     5.376    17.811    50.418     0.000     0.000     0.000     0.000   0   0   0   0   0   0   0     0.000     0.000     0.000    -0.007     0.003     0.044     0.005
   7 0 0 0 1 1 1 1  29   1  30   0   0   0   0     5.495    21.998     5.656     0.000     0.000     0.000     0.000   0   0   0   0   0   0   0     0.000     0.000     0.000    -0.023    -0.083     0.001     0.023
   7 0 0 0 1 1 1 1  17  26  11   0   0   0   0    57.796     5.736    50.490     0.000     0.000     0.000     0.000   0   0   0   0   0   0   0     0.000     0.000     0.000     0.009    -0.004     0.048     0.024
   7 0 0 0 1 1 1 1  22  25  17   0   0   0   0     5.338     5.611    56.309     0.000     0.000     0.000     0.000   0   0   0   0   0   0   0     0.000     0.000     0.000     0.071     0.005    -0.012    -0.002
   7 0 0 0 1 1 1 1   6   3  12   0   0   0   0    20.404    22.627    48.720     0.000     0.000     0.000     0.000   0   0   0   0   0   0   0     0.000     0.000     0.000    -0.005     0.021     0.029     0.004
   7 0 0 0 1 1 1 1  28  24   2   0   0   0   0     5.554     5.360    23.250     0.000     0.000     0.000     0.000   0   0   0   0   0   0   0     0.000     0.000     0.000    -0.037    -0.009     0.006     0.076
   7 0 0 0 1 1 1 1  17  11  17   0   0   0   0    56.450    47.376    56.459     0.000     0.000     0.000     0.000   0   0   0   0   0   0   0     0.000     0.000     0.000    -0.010    -0.001     0.035     0.002
   7 0 0 0 1 1 1 1  25   3  25   0   0   0   0     5.610    21.970     5.611     0.000     0.000     0.000     0.000   0   0   0   0   0   0   0     0.000     0.000     0.000    -0.027    -0.003     0.151     0.004
   7 0 0 0 1 1 1 1  11   3  23   0   0   0   0    43.382    21.794     5.841     0.000     0.000     0.000     0.000   0   0   0   0   0   0   0     0.000     0.000     0.000    -0.044    -0.016    -0.001     0.008
   7 0 0 0 1 1 1 1  24   3  25   0   0   0   0     5.398    21.866     5.611     0.000     0.000     0.000     0.000   0   0   0   0   0   0   0     0.000     0.000     0.000    -0.065    -0.018    -0.004     0.011
   7 0 0 0 1 1 1 1  17  15   0   0   0   0   0    57.796    51.190    21.302     0.000     0.000     0.000     0.000   0   0   0   0   0   0   0     0.000     0.000     0.000    -0.006     0.003     0.048     0.024
   7 0 0 0 1 1 1 1  22  25   1   0   0   0   0     5.382     5.865    21.985     0.000     0.000     0.000     0.000   0   0   0   0   0   0   0     0.000     0.000     0.000     0.003     0.033    -0.004    -0.031
   7 0 0 0 1 1 1 1  14  26   1   0   0   0   0    48.118     5.856    21.998     0.000     0.000     0.000     0.000   0   0   0   0   0   0   0     0.000     0.000     0.000     0.000     0.021    -0.014    -0.040
   7 0 0 0 1 1 1 1  18   2   3   0   0   0   0    49.117    23.274    21.972     0.000     0.000     0.000     0.000   0   0   0   0   0   0   0     0.000     0.000     0.000     0.004     0.069    -0.050    -0.012
   7 0 0 0 1 1 1 1  17   3  17   0   0   0   0    56.457    21.866    56.459     0.000     0.000     0.000     0.000   0   0   0   0   0   0   0     0.000     0.000     0.000    -0.034    -0.002     0.274     0.002
   7 0 0 0 1 1 1 1  25  26  25   0   0   0   0     5.631     5.739     5.865     0.000     0.000     0.000     0.000   0   0   0   0   0   0   0     0.000     0.000     0.000     0.005    -0.003     0.010     0.030
   7 0 0 0 1 1 1 1  31   8  11   0   0   0   0     5.374    17.806    50.418     0.000     0.000     0.000     0.000   0   0   0   0   0   0   0     0.000     0.000     0.000    -0.007     0.002     0.036     0.003
   7 0 0 0 1 1 1 1  23  26   0   0   0   0   0     5.825     5.738    21.075     0.000     0.000     0.000     0.000   0   0   0   0   0   0   0     0.000     0.000     0.000    -0.280    -0.003     0.007     0.063
   7 0 0 0 1 1 1 1  17  26  26   0   0   0   0    56.888     5.736     5.841     0.000     0.000     0.000     0.000   0   0   0   0   0   0   0     0.000     0.000     0.000     0.007    -0.003     0.011     0.032
   7 0 0 0 1 1 1 1  31   1  26   0   0   0   0     5.278    21.998     5.800     0.000     0.000     0.000     0.000   0   0   0   0   0   0   0     0.000     0.000     0.000    -0.006    -0.031     0.001     0.014
   7 0 0 0 1 1 1 1   3   0  14   0   0   0   0    21.866    21.119    46.240     0.000     0.000     0.000     0.000   0   0   0   0   0   0   0     0.000     0.000     0.000    -0.012    -0.036     0.008    -0.001
   7 0 0 0 1 1 1 1  28  18   3   0   0   0   0     5.600    49.733    22.815     0.000     0.000     0.000     0.000   0   0   0   0   0   0   0     0.000     0.000     0.000    -0.007    -0.038     0.005     0.050
   7 0 0 0 1 1 1 1  17  18  13   0   0   0   0    56.888    49.117    50.722     0.000     0.000     0.000     0.000   0   0   0   0   0   0   0     0.000     0.000     0.000     0.001    -0.008     0.013     0.039
   7 0 0 0 1 1 1 1  18   4   1   0   0   0   0    49.296    22.418    21.998     0.000     0.000     0.000     0.000   0   0   0   0   0   0   0     0.000     0.000     0.000     0.001     0.014    -0.006    -0.028
   7 0 0 0 1 1 1 1   6   6  12   0   0   0   0    20.401    20.401    48.720     0.000     0.000     0.000     0.000   0   0   0   0   0   0   0     0.000     0.000     0.000    -0.002    -0.042     0.023     0.003
   7 0 0 0 1 1 1 1  25   0   2   0   0   0   0     5.611    20.749    23.274     0.000     0.000     0.000     0.000   0   0   0   0   0   0   0     0.000     0.000     0.000    -0.659    -0.002     0.006     0.054
   7 0 0 0 1 1 1 1  17   3  17   0   0   0   0    56.457    22.047    56.459     0.000     0.000     0.000     0.000   0   0   0   0   0   0   0     0.000     0.000     0.000    -0.020    -0.002     0.253     0.001
   7 0 0 0 1 1 1 1  22  25  17   0   0   0   0     5.338     5.611    56.236     0.000     0.000     0.000     0.000   0   0   0   0   0   0   0     0.000     0.000     0.000     0.062     0.003    -0.014    -0.002
   7 0 0 0 1 1 1 1  18   4   1   0   0   0   0    49.727    22.386    21.998     0.000     0.000     0.000     0.000   0   0   0   0   0   0   0     0.000     0.000     0.000    -0.000     0.009    -0.011    -0.033
   7 0 0 0 1 1 1 1  24   3  22   0   0   0   0     5.398    21.794     5.318     0.000     0.000     0.000     0.000   0   0   0   0   0   0   0     0.000     0.000     0.000    -0.061    -0.013     0.015     0.000
   7 0 0 0 1 1 1 1  17  26  12   0   0   0   0    57.796     5.736    51.058     0.000     0.000     0.000     0.000   0   0   0   0   0   0   0     0.000     0.000     0.000     0.006    -0.002     0.018     0.038
   7 0 0 0 1 1 1 1  25  26  25   0   0   0   0     5.630     5.736     5.865     0.000     0.000     0.000     0.000   0   0   0   0   0   0   0     0.000     0.000     0.000     0.004    -0.002     0.007     0.025
   7 0 0 0 1 1 1 1  24   3  26   0   0   0   0     5.354    21.794     5.876     0.000     0.000     0.000     0.000   0   0   0   0   0   0   0     0.000     0.000     0.000    -0.031    -0.009     0.000     0.027
   7 0 0 0 1 1 1 1  22   2   1   0   0   0   0     5.463    23.274    21.998     0.000     0.000     0.000     0.000   0   0   0   0   0   0   0     0.000     0.000     0.000     0.003     0.049    -0.009    -0.056
   7 0 0 0 1 1 1 1  14  26   9   0   0   0   0    46.586     5.737    17.595     0.000     0.000     0.000     0.000   0   0   0   0   0   0   0     0.000     0.000     0.000     0.522     0.001     0.004    -0.006
   7 0 0 0 1 1 1 1  18  26   1   0   0   0   0    49.475     5.876    21.998     0.000     0.000     0.000     0.000   0   0   0   0   0   0   0     0.000     0.000     0.000     0.001     0.021    -0.005    -0.025
   7 0 0 0 1 1 1 1  31  18  11   0   0   0   0     5.374    48.120    50.373     0.000     0.000     0.000     0.000   0   0   0   0   0   0   0     0.000     0.000     0.000    -0.030    -0.001     0.030     0.003
   7 0 0 0 1 1 1 1  14  28  14   0   0   0   0    46.548     5.656    46.583     0.000     0.000     0.000     0.000   0   0   0   0   0   0   0     0.000     0.000     0.000    -0.000     0.013    -0.051    -0.002
   7 0 0 0 1 1 1 1  14  26   9   0   0   0   0    46.586     5.737    17.595     0.000     0.000     0.000     0.000   0   0   0   0   0   0   0     0.000     0.000     0.000     0.496     0.001     0.003    -0.006
   7 0 0 0 1 1 1 1  22  25   1   0   0   0   0     5.369     5.865    21.979     0.000     0.000     0.000     0.000   0   0   0   0   0   0   0     0.000     0.000     0.000     0.002     0.021    -0.002    -0.020
   7 0 0 0 1 1 1 1   8  25  23   0   0   0   0    17.857     5.611     5.849     0.000     0.000     0.000     0.000   0   0   0   0   0   0   0     0.000     0.000     0.000    -0.005     0.002     0.003     0.018
   7 0 0 0 1 1 1 1  24   3  22   0   0   0   0     5.392    21.794     5.318     0.000     0.000     0.000     0.000   0   0   0   0   0   0   0     0.000     0.000     0.000    -0.051    -0.012     0.013    -0.000
   7 0 0 0 1 1 1 1  17  26  12   0   0   0   0    56.888     5.736    51.058     0.000     0.000     0.000     0.000   0   0   0   0   0   0   0     0.000     0.000     0.000     0.005    -0.002     0.012     0.035
   7 0 0 0 1 1 1 1  25  26  25   0   0   0   0     5.630     5.736     5.880     0.000     0.000     0.000     0.000   0   0   0   0   0   0   0     0.000     0.000     0.000     0.003    -0.002     0.006     0.022
   7 0 0 0 1 1 1 1   8   8  29   0   0   0   0    17.806    17.804     5.816     0.000     0.000     0.000     0.000   0   0   0   0   0   0   0     0.000     0.000     0.000    -0.002    -0.047     0.002     0.021
   7 0 0 0 1 1 1 1  14   5  14   0   0   0   0    46.582    22.318    46.583     0.000     0.000     0.000     0.000   0   0   0   0   0   0   0     0.000     0.000     0.000     0.014     0.001    -0.415    -0.002
   7 0 0 0 1 1 1 1  14  26   1   0   0   0   0    46.586     5.737    21.998     0.000     0.000     0.000     0.000   0   0   0   0   0   0   0     0.000     0.000     0.000     0.471     0.001    -0.003    -0.032
   7 0 0 0 1 1 1 1  31   1  26   0   0   0   0     5.275    21.998     5.876     0.000     0.000     0.000     0.000   0   0   0   0   0   0   0     0.000     0.000     0.000    -0.004    -0.021     0.001     0.018
   7 0 0 0 1 1 1 1  24   3   4   0   0   0   0     5.382    21.794    22.392     0.000     0.000     0.000     0.000   0   0   0   0   0   0   0     0.000     0.000     0.000    -0.028    -0.005     0.000     0.012
   7 0 0 0 1 1 1 1  18  30   1   0   0   0   0    49.580     5.658    21.998     0.000     0.000     0.000     0.000   0   0   0   0   0   0   0     0.000     0.000     0.000    -0.000     0.014    -0.013    -0.047
   7 0 0 0 1 1 1 1  17  14  11   0   0   0   0    57.796    46.586    50.490     0.000     0.000     0.000     0.000   0   0   0   0   0   0   0     0.000     0.000     0.000     0.003    -0.003     0.029     0.013
   7 0 0 0 1 1 1 1  18  25   1   0   0   0   0    49.482     5.630    21.998     0.000     0.000     0.000     0.000   0   0   0   0   0   0   0     0.000     0.000     0.000     0.000     0.007    -0.004    -0.019
   7 0 0 0 1 1 1 1  23   4   3   0   0   0   0     5.825    22.064    22.443     0.000     0.000     0.000     0.000   0   0   0   0   0   0   0     0.000     0.000     0.000    -0.049    -0.001     0.001     0.008
   7 0 0 0 1 1 1 1  14  28  14   0   0   0   0    46.582     5.661    46.583     0.000     0.000     0.000     0.000   0   0   0   0   0   0   0     0.000     0.000     0.000     0.000     0.011    -0.387    -0.001
   7 0 0 0 1 1 1 1  17  26  16   0   0   0   0    56.888     5.736    56.143     0.000     0.000     0.000     0.000   0   0   0   0   0   0   0     0.000     0.000     0.000     0.005    -0.002     0.009     0.026
   7 0 0 0 1 1 1 1  22  25  12   0   0   0   0     5.380     5.865    46.480     0.000     0.000     0.000     0.000   0   0   0   0   0   0   0     0.000     0.000     0.000     0.001     0.016    -0.012    -0.002
   7 0 0 0 1 1 1 1  31  18  11   0   0   0   0     5.373    48.120    50.373     0.000     0.000     0.000     0.000   0   0   0   0   0   0   0     0.000     0.000     0.000    -0.045    -0.001     0.025     0.002
   7 0 0 0 1 1 1 1  24   3  22   0   0   0   0     5.374    21.794     5.335     0.000     0.000     0.000     0.000   0   0   0   0   0   0   0     0.000     0.000     0.000    -0.043    -0.012     0.007    -0.002
   7 0 0 0 1 1 1 1  14  26   1   0   0   0   0    46.586     5.737    21.998     0.000     0.000     0.000     0.000   0   0   0   0   0   0   0     0.000     0.000     0.000     0.447     0.000    -0.002    -0.029
   7 0 0 0 1 1 1 1  12  27  25   0   0   0   0    50.351     5.286     5.611     0.000     0.000     0.000     0.000   0   0   0   0   0   0   0     0.000     0.000     0.000    -0.009    -0.001     0.140     0.001
   7 0 0 0 1 1 1 1  14  13  14   0   0   0   0    46.561    50.345    46.586     0.000     0.000     0.000     0.000   0   0   0   0   0   0   0     0.000     0.000     0.000     0.002     0.018    -0.017    -0.001
   7 0 0 0 1 1 1 1   3   3   5   0   0   0   0    22.377    22.375    22.318     0.000     0.000     0.000     0.000   0   0   0   0   0   0   0     0.000     0.000     0.000    -0.001    -0.294     0.011     0.001
   7 0 0 0 1 1 1 1  17   3   0   0   0   0   0    57.796    22.365    21.302     0.000     0.000     0.000     0.000   0   0   0   0   0   0   0     0.000     0.000     0.000    -0.003     0.002     0.027     0.013
   7 0 0 0 1 1 1 1   4  20  30   0   0   0   0    22.468    62.936     5.460     0.000     0.000     0.000     0.000   0   0   0   0   0   0   0     0.000     0.000     0.000    -0.002     0.002     0.014     0.004
   7 0 0 0 1 1 1 1   8  13  29   0   0   0   0    17.807    50.146     5.816     0.000     0.000     0.000     0.000   0   0   0   0   0   0   0     0.000     0.000     0.000    -0.007     0.002     0.002     0.016
   7 0 0 0 1 1 1 1   3  14   2   0   0   0   0    22.377    46.585    23.274     0.000     0.000     0.000     0.000   0   0   0   0   0   0   0     0.000     0.000     0.000    -0.285    -0.001     0.003     0.040
   7 0 0 0 1 1 1 1  17  26  11   0   0   0   0    56.888     5.736    51.234     0.000     0.000     0.000     0.000   0   0   0   0   0   0   0     0.000     0.000     0.000     0.004    -0.002     0.015    -0.002
   7 0 0 0 1 1 1 1  25  26  25   0   0   0   0     5.630     5.736     5.880     0.000     0.000     0.000     0.000   0   0   0   0   0   0   0     0.000     0.000     0.000     0.003    -0.001     0.004     0.017
   7 0 0 0 1 1 1 1  23   3  25   0   0   0   0     5.667    21.839     5.646     0.000     0.000     0.000     0.000   0   0   0   0   0   0   0     0.000     0.000     0.000    -0.019    -0.005     0.000     0.014
   7 0 0 0 1 1 1 1  24   3  22   0   0   0   0     5.374    21.794     5.319     0.000     0.000     0.000     0.000   0   0   0   0   0   0   0     0.000     0.000     0.000    -0.040    -0.010     0.009    -0.001
   7 0 0 0 1 1 1 1   3   9  26   0   0   0   0    22.365    17.594     5.736     0.000     0.000     0.000     0.000   0   0   0   0   0   0   0     0.000     0.000     0.000     0.003    -0.005     0.202     0.000
   7 0 0 0 1 1 1 1  18  26   1   0   0   0   0    49.666     5.876    21.998     0.000     0.000     0.000     0.000   0   0   0   0   0   0   0     0.000     0.000     0.000     0.000     0.013    -0.005    -0.016
   7 0 0 0 1 1 1 1   8   8  23   0   0   0   0    17.806    17.804     5.830     0.000     0.000     0.000     0.000   0   0   0   0   0   0   0     0.000     0.000     0.000    -0.001    -0.042     0.001     0.004
   7 0 0 0 1 1 1 1  14   2  14   0   0   0   0    46.582    21.918    46.583     0.000     0.000     0.000     0.000   0   0   0   0   0   0   0     0.000     0.000     0.000     0.010     0.000    -0.342    -0.001
   7 0 0 0 1 1 1 1  14  26  18   0   0   0   0    46.586     5.737    48.136     0.000     0.000     0.000     0.000   0   0   0   0   0   0   0     0.000     0.000     0.000     0.414     0.000    -0.008    -0.001
   7 0 0 0 1 1 1 1  32   1  25   0   0   0   0     4.027    21.998     5.880     0.000     0.000     0.000     0.000   0   0   0   0   0   0   0     0.000     0.000     0.000    -0.003    -0.015     0.000     0.015
   7 0 0 0 1 1 1 1  23  26   3   0   0   0   0     5.825     5.738    22.464     0.000     0.000     0.000     0.000   0   0   0   0   0   0   0     0.000     0.000     0.000    -0.061    -0.001     0.001     0.007
   7 0 0 0 1 1 1 1  24  26   0   0   0   0   0     5.731     5.736    20.903     0.000     0.000     0.000     0.000   0   0   0   0   0   0   0     0.000     0.000     0.000    -0.029    -0.000     0.006     0.036
   7 0 1 0 1 1 1 1   3  26  17   0   0   0   0    21.794     5.736    57.796     0.000     0.000     0.000     0.000   0   0   0   0   0   0   0     0.000    -0.026     0.000    -0.029    -0.000     0.000     0.016
   7 0 0 0 1 1 1 1  25  26  25   0   0   0   0     5.630     5.736     5.880     0.000     0.000     0.000     0.000   0   0   0   0   0   0   0     0.000    -0.026     0.000     0.002    -0.001     0.004     0.014
   7 0 0 0 1 1 1 1  16  19   5   0   0   0   0    57.536    62.300    21.990     0.000     0.000     0.000     0.000   0   0   0   0   0   0   0     0.000    -0.026     0.000     0.000    -0.008     0.022     0.001
   7 0 0 0 1 1 1 1  13  13  11   0   0   0   0    50.144    50.140    51.557     0.000     0.000     0.000     0.000   0   0   0   0   0   0   0     0.000    -0.026     0.000    -0.000    -0.536     0.013     0.004
   7 0 0 0 1 1 1 1  14  26  18   0   0   0   0    46.586     5.737    48.130     0.000     0.000     0.000     0.000   0   0   0   0   0   0   0     0.000    -0.026     0.000     0.394     0.000    -0.008    -0.001
   7 0 0 0 1 1 1 1  31   1  26   0   0   0   0     5.274    21.998     5.876     0.000     0.000     0.000     0.000   0   0   0   0   0   0   0     0.000    -0.026     0.000    -0.002    -0.013     0.000     0.011
   7 0 0 0 1 1 1 1   4   6  28   0   0   0   0    22.365    20.401     5.503     0.000     0.000     0.000     0.000   0   0   0   0   0   0   0     0.000    -0.026     0.000    -0.003     0.002     0.001     0.011
   7 0 0 0 1 1 1 1  18   2   1   0   0   0   0    49.569    23.274    21.998     0.000     0.000     0.000     0.000   0   0   0   0   0   0   0     0.000    -0.026     0.000     0.001     0.033    -0.010    -0.036
   7 0 0 0 1 1 1 1  18  16   2   0   0   0   0    50.135    57.536    21.627     0.000     0.000     0.000     0.000   0   0   0   0   0   0   0     0.000    -0.026     0.000     0.000     0.022    -0.024    -0.008
   7 0 0 0 1 1 1 1  17  28  19   0   0   0   0    56.427     5.307    61.380     0.000     0.000     0.000     0.000   0   0   0   0   0   0   0     0.000    -0.026     0.000    -0.005    -0.001     0.003    -0.000
   7 0 0 0 1 1 1 1  14  16   1   0   0   0   0    48.400    57.536    21.998     0.000     0.000     0.000     0.000   0   0   0   0   0   0   0     0.000    -0.026     0.000     0.000     0.017    -0.007    -0.018
   7 0 0 0 1 1 1 1  18  18   3   0   0   0   0    49.343    48.124    21.898     0.000     0.000     0.000     0.000   0   0   0   0   0   0   0     0.000    -0.026     0.000    -0.003     0.004    -0.028    -0.006
   7 0 0 0 1 1 1 1  14  26   1   0   0   0   0    46.586     5.737    21.998     0.000     0.000     0.000     0.000   0   0   0   0   0   0   0     0.000    -0.026     0.000     0.374    -0.000    -0.001    -0.022
   7 0 0 0 1 1 1 1  26  26   0   0   0   0   0     5.876     5.736    21.215     0.000     0.000     0.000     0.000   0   0   0   0   0   0   0     0.000    -0.026     0.000     0.002    -0.001     0.004     0.018
   7 0 0 0 1 1 1 1  11   3  16   0   0   0   0    43.700    21.794    57.536     0.000     0.000     0.000     0.000   0   0   0   0   0   0   0     0.000    -0.026     0.000    -0.017    -0.007     0.000     0.015
   7 0 0 0 1 1 1 1  13  13  11   0   0   0   0    50.144    50.140    51.557     0.000     0.000     0.000     0.000   0   0   0   0   0   0   0     0.000    -0.026     0.000    -0.000    -0.509     0.012     0.003
   7 0 0 0 1 1 1 1  17   5   8   0   0   0   0    56.888    22.279    17.845     0.000     0.000     0.000     0.000   0   0   0   0   0   0   0     0.000    -0.026     0.000    -0.003     0.001     0.017     0.004
   7 0 0 0 1 1 1 1  17  24  30   0   0   0   0    56.784     5.681     5.460     0.000     0.000     0.000     0.000   0   0   0   0   0   0   0     0.000    -0.026     0.000    -0.001     0.001     0.009     0.002
   7 0 0 0 1 1 1 1   8  13   2   0   0   0   0    17.809    50.146    23.394     0.000     0.000     0.000     0.000   0   0   0   0   0   0   0     0.000    -0.026     0.000    -0.006     0.001     0.001     0.014
   7 0 0 0 1 1 1 1  24   1   3   0   0   0   0     5.361    21.998    22.377     0.000     0.000     0.000     0.000   0   0   0   0   0   0   0     0.000    -0.026     0.000    -0.007    -0.033    -0.003     0.003
   7 0 0 0 1 1 1 1  12   3  25   0   0   0   0    50.020    21.839     5.611     0.000     0.000     0.000     0.000   0   0   0   0   0   0   0     0.000    -0.026     0.000    -0.018    -0.001     0.016    -0.000
   7 0 1 0 1 1 1 1   3   3  26   0   0   0   0    21.794    21.839     5.876     0.000     0.000     0.000     0.000   0   0   0   0   0   0   0     0.000    -0.012     0.000    -0.018    -0.001     0.000     0.009
   7 0 0 0 1 1 1 1   8   8  23   0   0   0   0    17.806    17.804     5.736     0.000     0.000     0.000     0.000   0   0   0   0   0   0   0     0.000    -0.012     0.000    -0.001    -0.037    -0.004     0.002
   7 0 0 0 1 1 1 1  23  20  22   0   0   0   0     5.825    62.981     5.369     0.000     0.000     0.000     0.000   0   0   0   0   0   0   0     0.000    -0.012     0.000    -0.000    -0.194     0.005    -0.007
   7 0 0 0 1 1 1 1  26  13  25   0   0   0   0     5.736    50.146     5.624     0.000     0.000     0.000     0.000   0   0   0   0   0   0   0     0.000    -0.012     0.000     0.354    -0.001    -0.002     0.005
   7 0 0 0 1 1 1 1  17  28  17   0   0   0   0    56.457     5.306    56.459     0.000     0.000     0.000     0.000   0   0   0   0   0   0   0     0.000    -0.012     0.000    -0.005    -0.000     0.066     0.000
   7 0 0 0 1 1 1 1   4  19   0   0   0   0   0    22.365    62.300    21.272     0.000     0.000     0.000     0.000   0   0   0   0   0   0   0     0.000    -0.012     0.000    -0.000    -0.006     0.006    -0.004
   7 0 0 0 1 1 1 1  13  13  11   0   0   0   0    50.144    50.140    51.557     0.000     0.000     0.000     0.000   0   0   0   0   0   0   0     0.000    -0.012     0.000    -0.000    -0.473     0.011     0.003
   7 0 0 0 1 1 1 1  26   2  25   0   0   0   0     5.736    21.862     5.627     0.000     0.000     0.000     0.000   0   0   0   0   0   0   0     0.000    -0.012     0.000    -0.001     0.337    -0.002     0.006
   7 0 0 0 1 1 1 1  17  24  30   0   0   0   0    56.784     5.685     5.460     0.000     0.000     0.000     0.000   0   0   0   0   0   0   0     0.000    -0.012     0.000    -0.001     0.001     0.008     0.002
   7 0 0 0 1 1 1 1  31  18  11   0   0   0   0     5.374    48.120    50.334     0.000     0.000     0.000     0.000   0   0   0   0   0   0   0     0.000    -0.012     0.000    -0.014    -0.000     0.016     0.001
   7 0 0 0 1 1 1 1   3   3   8   0   0   0   0    22.377    22.375    17.865     0.000     0.000     0.000     0.000   0   0   0   0   0   0   0     0.000    -0.012     0.000    -0.001    -0.212     0.006    -0.002
   7 0 0 0 1 1 1 1  26   2   4   0   0   0   0     5.736    21.862    22.054     0.000     0.000     0.000     0.000   0   0   0   0   0   0   0     0.000    -0.012     0.000    -0.001     0.320    -0.013    -0.000
   7 0 0 0 1 1 1 1  27   1  26   0   0   0   0     5.216    21.944     5.876     0.000     0.000     0.000     0.000   0   0   0   0   0   0   0     0.000    -0.012     0.000    -0.003    -0.010     0.000     0.010
   7 0 0 0 1 1 1 1  14  14   2   0   0   0   0    48.486    46.332    21.627     0.000     0.000     0.000     0.000   0   0   0   0   0   0   0     0.000    -0.012     0.000     0.003    -0.000    -0.014    -0.005
   7 0 0 0 1 1 1 1  27   3  19   0   0   0   0     5.424    21.975    61.413     0.000     0.000     0.000     0.000   0   0   0   0   0   0   0     0.000    -0.012     0.000    -0.020    -0.004    -0.001     0.005
   7 0 0 0 1 1 1 1  17  26  11   0   0   0   0    57.901     5.736    50.490     0.000     0.000     0.000     0.000   0   0   0   0   0   0   0     0.000    -0.012     0.000     0.003    -0.001     0.017     0.006
   7 0 0 0 1 1 1 1   3   9  26   0   0   0   0    22.375    17.625     5.736     0.000     0.000     0.000     0.000   0   0   0   0   0   0   0     0.000    -0.012     0.000     0.001    -0.002     0.129     0.000
   7 0 0 0 1 1 1 1  23  26   3   0   0   0   0     5.825     5.738    22.478     0.000     0.000     0.000     0.000   0   0   0   0   0   0   0     0.000    -0.012     0.000    -0.056    -0.000     0.001     0.005
   7 0 0 0 1 1 1 1  23  26   0   0   0   0   0     5.826     5.738    21.075     0.000     0.000     0.000     0.000   0   0   0   0   0   0   0     0.000    -0.012     0.000    -0.137    -0.000     0.002     0.031
   7 0 0 0 1 1 1 1  16  21   8   0   0   0   0    55.776    66.740    17.845     0.000     0.000     0.000     0.000   0   0   0   0   0   0   0     0.000    -0.012     0.000     0.001    -0.003     0.012    -0.002
   7 0 0 0 1 1 1 1  25  27   0   0   0   0   0     5.880     5.216    21.544     0.000     0.000     0.000     0.000   0   0   0   0   0   0   0     0.000    -0.012     0.000    -0.009     0.000     0.013     0.003
   7 0 0 0 1 1 1 1   5   3  19   0   0   0   0    21.990    22.245    62.300     0.000     0.000     0.000     0.000   0   0   0   0   0   0   0     0.000    -0.012     0.000     0.003     0.017     0.000    -0.005
   7 0 0 0 1 1 1 1  13  13  11   0   0   0   0    50.144    50.140    51.588     0.000     0.000     0.000     0.000   0   0   0   0   0   0   0     0.000    -0.012     0.000    -0.000    -0.432     0.011     0.002
   7 0 0 0 1 1 1 1  26   2  25   0   0   0   0     5.736    21.862     5.624     0.000     0.000     0.000     0.000   0   0   0   0   0   0   0     0.000    -0.012     0.000    -0.001     0.304    -0.002     0.004
   7 0 0 0 1 1 1 1  17  30  30   0   0   0   0    56.784     5.140     5.460     0.000     0.000     0.000     0.000   0   0   0   0   0   0   0     0.000    -0.012     0.000    -0.003     0.000     0.007     0.001
   7 0 0 0 1 1 1 1   5   3  19   0   0   0   0    21.990    22.245    62.300     0.000     0.000     0.000     0.000   0   0   0   0   0   0   0     0.000    -0.012     0.000     0.003     0.015     0.000    -0.005
   7 0 0 0 1 1 1 1  18   2   1   0   0   0   0    49.659    23.274    21.998     0.000     0.000     0.000     0.000   0   0   0   0   0   0   0     0.000    -0.012     0.000     0.000     0.028    -0.009    -0.027
   7 0 0 0 1 1 1 1  26   2   4   0   0   0   0     5.736    21.862    22.054     0.000     0.000     0.000     0.000   0   0   0   0   0   0   0     0.000    -0.012     0.000    -0.001     0.288    -0.012    -0.000
   7 0 0 0 1 1 1 1   3  22  26   0   0   0   0    22.375     5.319     5.736     0.000     0.000     0.000     0.000   0   0   0   0   0   0   0     0.000    -0.012     0.000     0.001    -0.002     0.122     0.000
   7 0 0 0 1 1 1 1  23   0   4   0   0   0   0     5.497    21.519    22.392     0.000     0.000     0.000     0.000   0   0   0   0   0   0   0     0.000    -0.012     0.000    -0.008     0.003    -0.000     0.007
   7 0 0 0 1 1 1 1  22  18   1   0   0   0   0     5.470    48.124    21.998     0.000     0.000     0.000     0.000   0   0   0   0   0   0   0     0.000    -0.012     0.000    -0.003     0.004    -0.004    -0.025
   7 0 0 0 1 1 1 1  18  16   1   0   0   0   0    49.659    55.987    21.998     0.000     0.000     0.000     0.000   0   0   0   0   0   0   0     0.000    -0.012     0.000     0.000     0.011    -0.005    -0.016
   7 0 0 0 1 1 1 1  25  31  25   0   0   0   0     5.626     5.373     5.880     0.000     0.000     0.000     0.000   0   0   0   0   0   0   0     0.000    -0.012     0.000     0.000    -0.002     0.002     0.009
   7 0 0 0 1 1 1 1  31  18  11   0   0   0   0     5.373    48.120    50.202     0.000     0.000     0.000     0.000   0   0   0   0   0   0   0     0.000    -0.012     0.000    -0.037    -0.000     0.013     0.001
   7 0 0 0 1 1 1 1   8   8   8   0   0   0   0    17.806    17.804    17.858     0.000     0.000     0.000     0.000   0   0   0   0   0   0   0     0.000    -0.012     0.000    -0.000    -0.115     0.006    -0.002
   7 0 0 0 1 1 1 1  26   2  13   0   0   0   0     5.736    21.862    50.345     0.000     0.000     0.000     0.000   0   0   0   0   0   0   0     0.000    -0.012     0.000    -0.001     0.274    -0.001     0.012
   7 0 1 0 1 1 1 1  27   2  26   0   0   0   0     5.216    21.862     5.876     0.000     0.000     0.000     0.000   0   0   0   0   0   0   0     0.000    -0.008     0.000    -0.001     0.274     0.000     0.008
   7 0 0 0 1 1 1 1  18  28  18   0   0   0   0    48.119     5.503    48.120     0.000     0.000     0.000     0.000   0   0   0   0   0   0   0     0.000    -0.008     0.000    -0.006     0.002    -0.144    -0.000
   7 0 0 0 1 1 1 1  13  13  32   0   0   0   0    50.144    50.140     4.265     0.000     0.000     0.000     0.000   0   0   0   0   0   0   0     0.000    -0.008     0.000    -0.000    -0.405     0.013     0.002
   7 0 0 0 1 1 1 1  13   5   3   0   0   0   0    50.622    22.279    22.148     0.000     0.000     0.000     0.000   0   0   0   0   0   0   0     0.000    -0.008     0.000    -0.005     0.001     0.003     0.009
   7 0 0 0 1 1 1 1  26   2  25   0   0   0   0     5.736    21.862     5.624     0.000     0.000     0.000     0.000   0   0   0   0   0   0   0     0.000    -0.008     0.000    -0.000     0.116    -0.001     0.002
   7 0 0 0 1 1 1 1   4  19   0   0   0   0   0    22.365    61.378    21.272     0.000     0.000     0.000     0.000   0   0   0   0   0   0   0     0.000    -0.008     0.000     0.001    -0.001     0.005    -0.003
   7 0 1 0 1 1 1 1  13  19   1   0   0   0   0    45.644    61.378    21.906     0.000     0.000     0.000     0.000   0   0   0   0   0   0   0     0.000     0.026     0.000     0.001    -0.001     0.001    -0.006
   7 0 0 0 1 1 1 1  26   2  25   0   0   0   0     5.736    21.862     5.624     0.000     0.000     0.000     0.000   0   0   0   0   0   0   0     0.000     0.026     0.000    -0.001     0.260    -0.001     0.003
   7 0 0 0 1 1 1 1  26   2  25   0   0   0   0     5.736    21.862     5.624     0.000     0.000     0.000     0.000   0   0   0   0   0   0   0     0.000     0.026     0.000    -0.000     0.110    -0.001     0.002
   7 0 1 0 1 1 1 1  27   2  16   0   0   0   0     5.216    21.862    57.536     0.000     0.000     0.000     0.000   0   0   0   0   0   0   0     0.000    -0.011     0.000    -0.000     0.110    -0.000     0.012
   7 0 0 0 1 1 1 1  13  26  11   0   0   0   0    50.144     5.738    51.588     0.000     0.000     0.000     0.000   0   0   0   0   0   0   0     0.000    -0.011     0.000    -0.385    -0.000     0.009     0.002
   7 0 0 0 1 1 1 1  26   2  17   0   0   0   0     5.736    21.862    57.735     0.000     0.000     0.000     0.000   0   0   0   0   0   0   0     0.000    -0.011     0.000    -0.000     0.247    -0.001     0.008
   7 0 1 0 1 1 1 1  27   2  17   0   0   0   0     5.216    21.862    58.492     0.000     0.000     0.000     0.000   0   0   0   0   0   0   0     0.000    -0.007     0.000    -0.000     0.247     0.000     0.009
   7 0 0 0 1 1 1 1  18  28  18   0   0   0   0    48.119     5.503    48.120     0.000     0.000     0.000     0.000   0   0   0   0   0   0   0     0.000    -0.007     0.000    -0.005     0.002    -0.137    -0.000
   7 0 0 0 1 1 1 1  18   0   1   0   0   0   0    49.672    21.456    21.998     0.000     0.000     0.000     0.000   0   0   0   0   0   0   0     0.000    -0.007     0.000     0.000    -0.022    -0.008    -0.022
   7 0 0 0 1 1 1 1  13   5   4   0   0   0   0    50.437    22.279    22.468     0.000     0.000     0.000     0.000   0   0   0   0   0   0   0     0.000    -0.007     0.000    -0.006     0.001     0.003     0.013
   7 0 0 0 1 1 1 1  26   2  21   0   0   0   0     5.736    21.862    66.697     0.000     0.000     0.000     0.000   0   0   0   0   0   0   0     0.000    -0.007     0.000    -0.000     0.105     0.000    -0.002
   7 0 0 0 1 1 1 1   2  13  28   0   0   0   0    21.989    50.144     5.508     0.000     0.000     0.000     0.000   0   0   0   0   0   0   0     0.000    -0.007     0.000    -0.002     0.001     0.000     0.004
   7 0 0 1 1 1 1 1   2  26  28   0   0   0   0    23.274     5.784     5.508     0.000     0.000     0.000     0.000   0   0   0   0   0   0   0     0.000    -0.007     0.024     0.001    -0.004     0.000     0.004
   7 0 0 0 1 1 1 1  26   2   4   0   0   0   0     5.736    21.862    22.054     0.000     0.000     0.000     0.000   0   0   0   0   0   0   0     0.000    -0.007     0.024    -0.000     0.235    -0.009    -0.000
   7 0 0 0 1 1 1 1  17   3  19   0   0   0   0    56.427    21.794    61.380     0.000     0.000     0.000     0.000   0   0   0   0   0   0   0     0.000    -0.007     0.024    -0.007    -0.001     0.002    -0.000
   7 0 0 0 1 1 1 1  27   1  16   0   0   0   0     5.216    22.012    57.536     0.000     0.000     0.000     0.000   0   0   0   0   0   0   0     0.000    -0.007     0.024    -0.005    -0.012    -0.000     0.011
   7 0 0 0 1 1 1 1   8   8   2   0   0   0   0    17.806    17.804    21.904     0.000     0.000     0.000     0.000   0   0   0   0   0   0   0     0.000    -0.007     0.024    -0.000    -0.095     0.008     0.000
   7 0 0 0 1 1 1 1   8  19   0   0   0   0   0    17.931    61.380    21.359     0.000     0.000     0.000     0.000   0   0   0   0   0   0   0     0.000    -0.007     0.024     0.003    -0.000    -0.005     0.006
   7 0 0 0 1 1 1 1  26  13  25   0   0   0   0     5.738    50.146     5.880     0.000     0.000     0.000     0.000   0   0   0   0   0   0   0     0.000    -0.007     0.024     0.099    -0.000    -0.000     0.007
   7 0 0 0 1 1 1 1   8   8   1   0   0   0   0    17.806    17.804    22.468     0.000     0.000     0.000     0.000   0   0   0   0   0   0   0     0.000    -0.007     0.024    -0.000    -0.029     0.001     0.014
   7 0 0 0 1 1 1 1  30  10   0   0   0   0   0     5.649    15.508    20.873     0.000     0.000     0.000     0.000   0   0   0   0   0   0   0     0.000    -0.007     0.024    -0.009     0.001     0.004     0.022
   7 0 0 0 1 1 1 1  26   2  13   0   0   0   0     5.736    21.862    50.345     0.000     0.000     0.000     0.000   0   0   0   0   0   0   0     0.000    -0.007     0.024    -0.000     0.223    -0.001     0.009
   7 0 0 0 1 1 1 1  16  30   0   0   0   0   0    55.763     5.140    21.216     0.000     0.000     0.000     0.000   0   0   0   0   0   0   0     0.000    -0.007     0.024    -0.003     0.000     0.002     0.011
   7 0 0 0 1 1 1 1  18  28  18   0   0   0   0    48.119     5.503    48.120     0.000     0.000     0.000     0.000   0   0   0   0   0   0   0     0.000    -0.007     0.024    -0.005     0.002    -0.129    -0.000
   7 0 0 0 1 1 1 1  15  26   0   0   0   0   0    51.747     5.737    20.691     0.000     0.000     0.000     0.000   0   0   0   0   0   0   0     0.000    -0.007     0.024    -0.090     0.000     0.003     0.016
   7 0 0 0 1 1 1 1  26   2   5   0   0   0   0     5.736    21.862    22.301     0.000     0.000     0.000     0.000   0   0   0   0   0   0   0     0.000    -0.007     0.024    -0.000     0.212    -0.004     0.000
   7 0 0 0 1 1 1 1  26   2  21   0   0   0   0     5.738    21.862    66.697     0.000     0.000     0.000     0.000   0   0   0   0   0   0   0     0.000    -0.007     0.024    -0.000     0.094     0.000    -0.002
   7 0 0 0 1 1 1 1  16  28  13   0   0   0   0    54.829     5.508    50.144     0.000     0.000     0.000     0.000   0   0   0   0   0   0   0     0.000    -0.007     0.024     0.001     0.003    -0.002     0.001
   7 0 0 0 1 1 1 1  13  26  32   0   0   0   0    50.144     5.738     4.265     0.000     0.000     0.000     0.000   0   0   0   0   0   0   0     0.000    -0.007     0.024    -0.356    -0.000     0.011     0.002
   7 0 0 0 1 1 1 1  13   5   3   0   0   0   0    50.571    22.279    22.856     0.000     0.000     0.000     0.000   0   0   0   0   0   0   0     0.000    -0.007     0.024    -0.004     0.001     0.003     0.014
   7 0 0 0 1 1 1 1  16  20   0   0   0   0   0    55.763    62.936    21.216     0.000     0.000     0.000     0.000   0   0   0   0   0   0   0     0.000    -0.007     0.024    -0.001     0.001     0.002     0.011
   7 0 0 0 1 1 1 1   4   4  13   0   0   0   0    22.065    22.060    50.169     0.000     0.000     0.000     0.000   0   0   0   0   0   0   0     0.000    -0.007     0.024    -0.000    -0.061     0.000     0.004
   7 0 0 0 1 1 1 1  15  13  11   0   0   0   0    51.365    47.951    51.546     0.000     0.000     0.000     0.000   0   0   0   0   0   0   0     0.000    -0.007     0.024     0.016    -0.003     0.007    -0.002
   7 0 0 0 1 1 1 1  26   2  25   0   0   0   0     5.736    21.862     5.623     0.000     0.000     0.000     0.000   0   0   0   0   0   0   0     0.000    -0.007     0.024    -0.000     0.201    -0.001     0.002
   7 0 0 0 1 1 1 1  16  31   0   0   0   0   0    55.763     5.373    21.216     0.000     0.000     0.000     0.000   0   0   0   0   0   0   0     0.000    -0.007     0.024     0.000    -0.001     0.002     0.010
   7 0 0 0 1 1 1 1  16  16  16   0   0   0   0    55.224    55.221    55.249     0.000     0.000     0.000     0.000   0   0   0   0   0   0   0     0.000    -0.007     0.024     0.001     0.011    -0.022    -0.000
   7 0 0 0 1 1 1 1  13  13  19   0   0   0   0    50.144    50.140    66.319     0.000     0.000     0.000     0.000   0   0   0   0   0   0   0     0.000    -0.007     0.024     0.000    -0.338     0.002     0.017
   7 0 0 0 1 1 1 1   8  18   0   0   0   0   0    17.931    48.119    21.359     0.000     0.000     0.000     0.000   0   0   0   0   0   0   0     0.000    -0.007     0.024    -0.001     0.002    -0.004     0.006
   7 0 0 0 1 1 1 1  26  13   4   0   0   0   0     5.739    50.146    22.044     0.000     0.000     0.000     0.000   0   0   0   0   0   0   0     0.000    -0.007     0.024     0.090    -0.000    -0.006    -0.000
   7 0 0 0 1 1 1 1  18  31  18   0   0   0   0    48.119     5.374    48.120     0.000     0.000     0.000     0.000   0   0   0   0   0   0   0     0.000    -0.007     0.024     0.008     0.001    -0.118    -0.000
   7 0 0 0 1 1 1 1   0   8   1   0   0   0   0    21.456    17.806    22.383     0.000     0.000     0.000     0.000   0   0   0   0   0   0   0     0.000    -0.007     0.024    -0.002     0.002    -0.028    -0.009
   7 0 0 0 1 1 1 1  22  18   0   0   0   0   0     5.525    48.119    21.132     0.000     0.000     0.000     0.000   0   0   0   0   0   0   0     0.000    -0.007     0.024    -0.001     0.001    -0.011    -0.002
   7 0 0 0 1 1 1 1  15   4  31   0   0   0   0    51.354    22.276     5.373     0.000     0.000     0.000     0.000   0   0   0   0   0   0   0     0.000    -0.007     0.024    -0.002     0.000     0.002    -0.001
   7 0 0 0 1 1 1 1  23   2   4   0   0   0   0     5.497    23.069    22.392     0.000     0.000     0.000     0.000   0   0   0   0   0   0   0     0.000    -0.007     0.024    -0.007     0.000    -0.000     0.005
   7 0 0 0 1 1 1 1  13  26  32   0   0   0   0    50.147     5.738     4.265     0.000     0.000     0.000     0.000   0   0   0   0   0   0   0     0.000    -0.007     0.024    -0.321    -0.000     0.009     0.002
   7 0 0 0 1 1 1 1  13   7   4   0   0   0   0    50.437    20.212    22.468     0.000     0.000     0.000     0.000   0   0   0   0   0   0   0     0.000    -0.007     0.024    -0.005     0.001     0.002     0.010
   7 0 0 0 1 1 1 1  25  13  22   0   0   0   0     5.880    49.790     4.919     0.000     0.000     0.000     0.000   0   0   0   0   0   0   0     0.000    -0.007     0.024    -0.001     0.001     0.001     0.009
   7 0 0 0 1 1 1 1  16   1  16   0   0   0   0    55.242    22.468    55.249     0.000     0.000     0.000     0.000   0   0   0   0   0   0   0     0.000    -0.007     0.024     0.001     0.013    -0.075    -0.000
   7 0 0 0 1 1 1 1  23  13   4   0   0   0   0     5.471    48.194    22.468     0.000     0.000     0.000     0.000   0   0   0   0   0   0   0     0.000    -0.007     0.024     0.003    -0.020    -0.000     0.012
   7 0 0 0 1 1 1 1  26   2  25   0   0   0   0     5.738    21.862     5.623     0.000     0.000     0.000     0.000   0   0   0   0   0   0   0     0.000    -0.007     0.024    -0.000     0.191    -0.001     0.002
   7 0 0 0 1 1 1 1   3  22  26   0   0   0   0    22.375     5.319     5.736     0.000     0.000     0.000     0.000   0   0   0   0   0   0   0     0.000    -0.007     0.024     0.001    -0.001     0.085     0.000
   7 0 0 0 1 1 1 1  19  23  19   0   0   0   0    61.378     5.815    61.380     0.000     0.000     0.000     0.000   0   0   0   0   0   0   0     0.000    -0.007     0.024    -0.001     0.002    -0.070    -0.000
   7 0 0 0 1 1 1 1  30  10   0   0   0   0   0     5.648    15.508    21.120     0.000     0.000     0.000     0.000   0   0   0   0   0   0   0     0.000    -0.007     0.024    -0.007     0.001     0.003     0.020
   7 0 0 0 1 1 1 1   8  12  10   0   0   0   0    17.938    47.194    15.694     0.000     0.000     0.000     0.000   0   0   0   0   0   0   0     0.000    -0.007     0.024    -0.004     0.001    -0.006     0.002
   7 0 0 0 1 1 1 1  25  31  25   0   0   0   0     5.626     5.373     5.880     0.000     0.000     0.000     0.000   0   0   0   0   0   0   0     0.000    -0.007     0.024     0.000    -0.001     0.001     0.006
   7 0 0 0 1 1 1 1  27   2  16   0   0   0   0     5.216    21.605    57.536     0.000     0.000     0.000     0.000   0   0   0   0   0   0   0     0.000    -0.007     0.024    -0.011    -0.005    -0.000     0.010
   7 0 0 0 1 1 1 1  15  26  12   0   0   0   0    51.680     5.738    50.499     0.000     0.000     0.000     0.000   0   0   0   0   0   0   0     0.000    -0.007     0.024    -0.195    -0.000     0.013     0.002
   7 0 0 0 1 1 1 1  26   2   4   0   0   0   0     5.738    21.862    22.054     0.000     0.000     0.000     0.000   0   0   0   0   0   0   0     0.000    -0.007     0.024    -0.000     0.181    -0.007    -0.000
   7 0 1 0 1 1 1 1  27   2  17   0   0   0   0     5.216    21.862    58.492     0.000     0.000     0.000     0.000   0   0   0   0   0   0   0     0.000    -0.005     0.024    -0.000     0.181     0.000     0.006
   7 0 0 0 1 1 1 1  18  31  18   0   0   0   0    48.119     5.374    48.120     0.000     0.000     0.000     0.000   0   0   0   0   0   0   0     0.000    -0.005     0.024     0.008     0.001    -0.105    -0.000
   7 0 0 0 1 1 1 1  26  30  28   0   0   0   0     5.784     5.597     5.664     0.000     0.000     0.000     0.000   0   0   0   0   0   0   0     0.000    -0.005     0.024     0.005    -0.002    -0.003     0.015
   7 0 0 0 1 1 1 1  26   2  17   0   0   0   0     5.738    21.862    57.735     0.000     0.000     0.000     0.000   0   0   0   0   0   0   0     0.000    -0.005     0.024    -0.000     0.172    -0.001     0.006
   7 0 0 0 1 1 1 1  26   2  21   0   0   0   0     5.739    21.862    66.697     0.000     0.000     0.000     0.000   0   0   0   0   0   0   0     0.000    -0.005     0.024    -0.000     0.081     0.000    -0.002
   7 0 0 0 1 1 1 1  27   1  16   0   0   0   0     5.216    22.012    57.536     0.000     0.000     0.000     0.000   0   0   0   0   0   0   0     0.000    -0.005     0.024    -0.004    -0.010    -0.000     0.009
   7 0 0 0 1 1 1 1  13  26  25   0   0   0   0    50.147     5.738     5.612     0.000     0.000     0.000     0.000   0   0   0   0   0   0   0     0.000    -0.005     0.024    -0.295    -0.000     0.014     0.002
   7 0 0 0 1 1 1 1   8  16  10   0   0   0   0    17.938    55.249    15.694     0.000     0.000     0.000     0.000   0   0   0   0   0   0   0     0.000    -0.005     0.024     0.002    -0.001    -0.005     0.001
   7 0 0 0 1 1 1 1  16  11   0   0   0   0   0    55.763    50.972    21.216     0.000     0.000     0.000     0.000   0   0   0   0   0   0   0     0.000    -0.005     0.024    -0.001     0.000     0.002     0.008
   7 0 0 0 1 1 1 1  18  31  18   0   0   0   0    48.119     5.374    48.120     0.000     0.000     0.000     0.000   0   0   0   0   0   0   0     0.000    -0.005     0.024     0.007     0.001    -0.100    -0.000
   7 0 0 0 1 1 1 1  15  13  11   0   0   0   0    51.365    48.002    51.546     0.000     0.000     0.000     0.000   0   0   0   0   0   0   0     0.000    -0.005     0.024     0.011    -0.002     0.005    -0.001
   7 0 0 0 1 1 1 1  13   7   3   0   0   0   0    50.437    20.212    22.856     0.000     0.000     0.000     0.000   0   0   0   0   0   0   0     0.000    -0.005     0.024    -0.004     0.001     0.002     0.011
   7 0 0 0 1 1 1 1   6  19  32   0   0   0   0    20.416    61.383     4.281     0.000     0.000     0.000     0.000   0   0   0   0   0   0   0     0.000    -0.005     0.024     0.003    -0.000    -0.002     0.000
   7 0 0 0 1 1 1 1  23   2  25   0   0   0   0     5.497    23.069     5.640     0.000     0.000     0.000     0.000   0   0   0   0   0   0   0     0.000    -0.005     0.024    -0.006     0.000    -0.000     0.005
   7 0 0 0 1 1 1 1  13  26  29   0   0   0   0    50.149     5.738     5.758     0.000     0.000     0.000     0.000   0   0   0   0   0   0   0     0.000    -0.005     0.024    -0.280    -0.000     0.009     0.002
   7 0 0 0 1 1 1 1  26   2  16   0   0   0   0     5.738    21.862    55.674     0.000     0.000     0.000     0.000   0   0   0   0   0   0   0     0.000    -0.005     0.024    -0.000     0.164    -0.001     0.004
   7 0 0 0 1 1 1 1  26   2   4   0   0   0   0     5.739    21.862    22.044     0.000     0.000     0.000     0.000   0   0   0   0   0   0   0     0.000    -0.005     0.024    -0.000     0.077    -0.005    -0.000
   7 0 0 0 1 1 1 1  16   1  16   0   0   0   0    55.242    22.468    55.249     0.000     0.000     0.000     0.000   0   0   0   0   0   0   0     0.000    -0.005     0.024     0.001     0.012    -0.061    -0.000
   7 0 0 0 1 1 1 1   4   6   0   0   0   0   0    23.798    20.401    21.572     0.000     0.000     0.000     0.000   0   0   0   0   0   0   0     0.000    -0.005     0.024    -0.001     0.002    -0.025    -0.006
   7 0 0 0 1 1 1 1  22  31   0   0   0   0   0     5.525     5.373    21.132     0.000     0.000     0.000     0.000   0   0   0   0   0   0   0     0.000    -0.005     0.024     0.001    -0.001    -0.009    -0.002
   7 0 0 0 1 1 1 1  16  20   0   0   0   0   0    55.763    62.936    21.216     0.000     0.000     0.000     0.000   0   0   0   0   0   0   0     0.000    -0.005     0.024    -0.000     0.001     0.001     0.008
   7 0 0 0 1 1 1 1  23  26   0   0   0   0   0     5.825     5.738    21.174     0.000     0.000     0.000     0.000   0   0   0   0   0   0   0     0.000    -0.005     0.024    -0.033    -0.000     0.001     0.011
   7 0 0 0 1 1 1 1  27   1   9   0   0   0   0     5.292    22.012    17.700     0.000     0.000     0.000     0.000   0   0   0   0   0   0   0     0.000    -0.005     0.024    -0.004    -0.026     0.003    -0.001
   7 0 0 0 1 1 1 1  26   2  29   0   0   0   0     5.738    21.862     5.769     0.000     0.000     0.000     0.000   0   0   0   0   0   0   0     0.000    -0.005     0.024    -0.000     0.155    -0.001     0.002
   7 0 0 0 1 1 1 1  23  26  32   0   0   0   0     5.830     5.736     4.278     0.000     0.000     0.000     0.000   0   0   0   0   0   0   0     0.000    -0.005     0.024     0.024     0.000    -0.002     0.000
   7 0 0 0 1 1 1 1   5   1  19   0   0   0   0    21.990    21.889    62.191     0.000     0.000     0.000     0.000   0   0   0   0   0   0   0     0.000    -0.005     0.024     0.009     0.003     0.000    -0.003
   7 0 0 0 1 1 1 1   0   8   1   0   0   0   0    21.456    17.806    22.383     0.000     0.000     0.000     0.000   0   0   0   0   0   0   0     0.000    -0.005     0.024    -0.002     0.001    -0.022    -0.006
   7 0 0 0 1 1 1 1  13   1  19   0   0   0   0    50.798    21.188    66.256     0.000     0.000     0.000     0.000   0   0   0   0   0   0   0     0.000    -0.005     0.024    -0.026     0.000     0.004     0.010
   7 0 0 0 1 1 1 1  24  26  19   0   0   0   0     5.076     5.788    66.319     0.000     0.000     0.000     0.000   0   0   0   0   0   0   0     0.000    -0.005     0.024    -0.005    -0.002     0.000     0.007
   7 0 0 0 1 1 1 1   5   1  19   0   0   0   0    21.990    21.889    62.191     0.000     0.000     0.000     0.000   0   0   0   0   0   0   0     0.000    -0.005     0.024     0.008     0.003     0.000    -0.002
   7 0 0 0 1 1 1 1  15  26  12   0   0   0   0    51.680     5.738    50.499     0.000     0.000     0.000     0.000   0   0   0   0   0   0   0     0.000    -0.005     0.024    -0.164     0.000     0.010     0.002
   7 0 0 0 1 1 1 1   8  19   0   0   0   0   0    17.931    61.380    21.359     0.000     0.000     0.000     0.000   0   0   0   0   0   0   0     0.000    -0.005     0.024     0.002    -0.000    -0.003     0.004
   7 0 0 0 1 1 1 1   3  22  26   0   0   0   0    22.375     5.319     5.736     0.000     0.000     0.000     0.000   0   0   0   0   0   0   0     0.000    -0.005     0.024     0.000    -0.001     0.072     0.000
   7 0 0 0 1 1 1 1  16   1  13   0   0   0   0    54.829    22.468    50.149     0.000     0.000     0.000     0.000   0   0   0   0   0   0   0     0.000    -0.005     0.024     0.001     0.011    -0.002     0.001
   7 0 0 0 1 1 1 1  27  23   9   0   0   0   0     5.292     5.520    17.700     0.000     0.000     0.000     0.000   0   0   0   0   0   0   0     0.000    -0.005     0.024    -0.016    -0.001     0.003    -0.001
   7 0 0 0 1 1 1 1  13   7   3   0   0   0   0    50.437    20.212    22.856     0.000     0.000     0.000     0.000   0   0   0   0   0   0   0     0.000    -0.005     0.024    -0.004     0.000     0.002     0.010
   7 0 0 0 1 1 1 1  25  31   0   0   0   0   0     5.880     5.373    21.544     0.000     0.000     0.000     0.000   0   0   0   0   0   0   0     0.000    -0.005     0.024     0.000    -0.001     0.007     0.001
   7 0 0 0 1 1 1 1  19  28  19   0   0   0   0    61.378     5.508    61.380     0.000     0.000     0.000     0.000   0   0   0   0   0   0   0     0.000    -0.005     0.024    -0.002     0.001    -0.056    -0.000
   7 0 0 0 1 1 1 1  10  10   2   0   0   0   0    15.508    15.506    21.904     0.000     0.000     0.000     0.000   0   0   0   0   0   0   0     0.000    -0.005     0.024     0.000    -0.131     0.009    -0.001
   7 0 0 0 1 1 1 1  26   2   4   0   0   0   0     5.738    21.862    22.283     0.000     0.000     0.000     0.000   0   0   0   0   0   0   0     0.000    -0.005     0.024    -0.000     0.147    -0.001     0.001
   7 0 0 0 1 1 1 1  24  26  19   0   0   0   0     5.076     5.788    66.319     0.000     0.000     0.000     0.000   0   0   0   0   0   0   0     0.000    -0.005     0.024    -0.004    -0.001     0.000     0.006
   7 0 0 0 1 1 1 1   5   3   8   0   0   0   0    21.990    22.245    17.772     0.000     0.000     0.000     0.000   0   0   0   0   0   0   0     0.000    -0.005     0.024     0.003     0.007    -0.001     0.000
   7 0 0 0 1 1 1 1  13   3  19   0   0   0   0    47.951    24.227    60.932     0.000     0.000     0.000     0.000   0   0   0   0   0   0   0     0.000    -0.005     0.024     0.003     0.015    -0.006     0.000
   7 0 0 0 1 1 1 1  22   3   0   0   0   0   0     5.525    22.397    21.132     0.000     0.000     0.000     0.000   0   0   0   0   0   0   0     0.000    -0.005     0.024     0.001    -0.001    -0.008    -0.002
   7 0 0 0 1 1 1 1  25   8  11   0   0   0   0     5.861    17.935    50.770     0.000     0.000     0.000     0.000   0   0   0   0   0   0   0     0.000    -0.005     0.024     0.000    -0.001     0.002     0.006
   7 0 0 0 1 1 1 1  13  26  28   0   0   0   0    50.149     5.738     5.701     0.000     0.000     0.000     0.000   0   0   0   0   0   0   0     0.000    -0.005     0.024    -0.087    -0.000     0.003     0.000
   7 0 0 0 1 1 1 1  10  10   2   0   0   0   0    15.507    15.506    21.902     0.000     0.000     0.000     0.000   0   0   0   0   0   0   0     0.000    -0.005     0.024     0.000    -0.163     0.009    -0.000
   7 0 0 0 1 1 1 1  26   2  29   0   0   0   0     5.738    21.862     5.769     0.000     0.000     0.000     0.000   0   0   0   0   0   0   0     0.000    -0.005     0.024    -0.000     0.140    -0.001     0.002
   7 0 0 0 1 1 1 1   3  22  26   0   0   0   0    22.375     5.323     5.736     0.000     0.000     0.000     0.000   0   0   0   0   0   0   0     0.000    -0.005     0.024     0.000    -0.001     0.068     0.000
   7 0 0 0 1 1 1 1  23   0   4   0   0   0   0     5.491    21.547    22.383     0.000     0.000     0.000     0.000   0   0   0   0   0   0   0     0.000    -0.005     0.024    -0.004     0.003    -0.000     0.003
   7 0 0 0 1 1 1 1  27   1  17   0   0   0   0     5.292    22.012    56.457     0.000     0.000     0.000     0.000   0   0   0   0   0   0   0     0.000    -0.005     0.024    -0.003    -0.023     0.001    -0.002
   7 0 0 0 1 1 1 1  13   1   0   0   0   0   0    50.798    21.188    21.216     0.000     0.000     0.000     0.000   0   0   0   0   0   0   0     0.000    -0.005     0.024    -0.025     0.000     0.004     0.012
   7 0 0 0 1 1 1 1  25  31  25   0   0   0   0     5.626     5.373     5.880     0.000     0.000     0.000     0.000   0   0   0   0   0   0   0     0.000    -0.005     0.024     0.000    -0.001     0.001     0.004
   7 0 0 0 1 1 1 1  16   1  29   0   0   0   0    54.829    22.468     5.719     0.000     0.000     0.000     0.000   0   0   0   0   0   0   0     0.000    -0.005     0.024     0.001     0.010    -0.003     0.000
   7 0 0 0 1 1 1 1  13  15  13   0   0   0   0    50.147    51.600    50.152     0.000     0.000     0.000     0.000   0   0   0   0   0   0   0     0.000    -0.005     0.024     0.000    -0.243     0.021     0.001
   7 0 0 0 1 1 1 1   8  25   0   0   0   0   0    17.931     5.395    21.359     0.000     0.000     0.000     0.000   0   0   0   0   0   0   0     0.000    -0.005     0.024    -0.002     0.001    -0.003     0.004
   7 0 1 0 1 1 1 1  27  25  26   0   0   0   0     5.207     5.395     5.876     0.000     0.000     0.000     0.000   0   0   0   0   0   0   0     0.000    -0.005     0.024    -0.002     0.001     0.000     0.004
   7 0 1 0 1 1 1 1  27  25  17   0   0   0   0     5.207     5.395    56.457     0.000     0.000     0.000     0.000   0   0   0   0   0   0   0     0.000    -0.007     0.024    -0.002     0.001     0.000    -0.001
   7 0 0 0 1 1 1 1  13   3  19   0   0   0   0    48.002    24.227    60.932     0.000     0.000     0.000     0.000   0   0   0   0   0   0   0     0.000    -0.007     0.024     0.003     0.013    -0.006     0.000
   7 0 0 0 1 1 1 1  13  13   3   0   0   0   0    50.415    50.144    22.856     0.000     0.000     0.000     0.000   0   0   0   0   0   0   0     0.000    -0.007     0.024     0.001    -0.003     0.002     0.009
   7 0 0 0 1 1 1 1  11   4  25   0   0   0   0    50.972    22.286     5.611     0.000     0.000     0.000     0.000   0   0   0   0   0   0   0     0.000    -0.007     0.024    -0.001     0.000     0.003    -0.000
   7 0 0 0 1 1 1 1  18  31  18   0   0   0   0    48.119     5.374    48.120     0.000     0.000     0.000     0.000   0   0   0   0   0   0   0     0.000    -0.007     0.024     0.007     0.000    -0.083    -0.000
   7 0 0 0 1 1 1 1   8   8  14   0   0   0   0    17.806    17.804    46.490     0.000     0.000     0.000     0.000   0   0   0   0   0   0   0     0.000    -0.007     0.024    -0.000    -0.052    -0.001     0.005
   7 0 0 0 1 1 1 1  22  31   0   0   0   0   0     5.525     5.373    21.132     0.000     0.000     0.000     0.000   0   0   0   0   0   0   0     0.000    -0.007     0.024     0.001    -0.001    -0.007    -0.001
   7 0 0 0 1 1 1 1  12   5  25   0   0   0   0    50.349    22.301     5.611     0.000     0.000     0.000     0.000   0   0   0   0   0   0   0     0.000    -0.007     0.024    -0.002     0.000     0.064    -0.000
   7 0 0 0 1 1 1 1   5   3  17   0   0   0   0    21.990    22.245    56.457     0.000     0.000     0.000     0.000   0   0   0   0   0   0   0     0.000    -0.007     0.024     0.002     0.006     0.000    -0.001
   7 0 0 0 1 1 1 1  27  19  12   0   0   0   0     5.424    66.319    48.309     0.000     0.000     0.000     0.000   0   0   0   0   0   0   0     0.000    -0.007     0.024    -0.003     0.011     0.008     0.000
   7 0 0 0 1 1 1 1  26   2   4   0   0   0   0     5.739    21.862    22.283     0.000     0.000     0.000     0.000   0   0   0   0   0   0   0     0.000    -0.007     0.024    -0.000     0.133    -0.001     0.001
   7 0 0 0 1 1 1 1  25  31  16   0   0   0   0     5.622     5.373    55.334     0.000     0.000     0.000     0.000   0   0   0   0   0   0   0     0.000    -0.007     0.024     0.000    -0.002    -0.000     0.001
   7 0 0 0 1 1 1 1  13  26  24   0   0   0   0    50.149     5.738     5.701     0.000     0.000     0.000     0.000   0   0   0   0   0   0   0     0.000    -0.007     0.024    -0.079    -0.000     0.003     0.000
   7 0 0 0 1 1 1 1  13  15  13   0   0   0   0    50.147    51.600    50.152     0.000     0.000     0.000     0.000   0   0   0   0   0   0   0     0.000    -0.007     0.024     0.000    -0.228     0.020     0.001
   7 0 0 0 1 1 1 1  32  31  22   0   0   0   0     4.281     5.373     4.888     0.000     0.000     0.000     0.000   0   0   0   0   0   0   0     0.000    -0.007     0.024     0.000    -0.002    -0.004     0.002
   7 0 0 0 1 1 1 1  12  12  25   0   0   0   0    50.284    50.280     5.611     0.000     0.000     0.000     0.000   0   0   0   0   0   0   0     0.000    -0.007     0.024    -0.000    -0.008     0.061    -0.000
   7 0 1 0 1 1 1 1  27  12   1   0   0   0   0     5.207    50.280    22.468     0.000     0.000     0.000     0.000   0   0   0   0   0   0   0     0.000    -0.007     0.024    -0.000    -0.008    -0.000     0.009
   7 0 0 0 1 1 1 1   4  26   0   0   0   0   0    23.798     5.875    21.572     0.000     0.000     0.000     0.000   0   0   0   0   0   0   0     0.000    -0.007     0.024    -0.000     0.011    -0.018    -0.003
   7 0 0 0 1 1 1 1  15   9  13   0   0   0   0    51.375    17.818    50.144     0.000     0.000     0.000     0.000   0   0   0   0   0   0   0     0.000    -0.007     0.024    -0.003     0.000     0.003    -0.001
   7 0 0 0 1 1 1 1  12  12  25   0   0   0   0    50.284    50.280     5.611     0.000     0.000     0.000     0.000   0   0   0   0   0   0   0     0.000    -0.007     0.024    -0.000    -0.008     0.058    -0.000
   7 0 0 0 1 1 1 1  16  25  29   0   0   0   0    54.829     5.880     5.719     0.000     0.000     0.000     0.000   0   0   0   0   0   0   0     0.000    -0.007     0.024     0.001     0.007    -0.002     0.000
   7 0 0 0 1 1 1 1  26  22  13   0   0   0   0     5.784     5.465    48.058     0.000     0.000     0.000     0.000   0   0   0   0   0   0   0     0.000    -0.007     0.024     0.000     0.019     0.007    -0.002
   7 0 0 0 1 1 1 1  26  13  16   0   0   0   0     5.739    50.146    55.674     0.000     0.000     0.000     0.000   0   0   0   0   0   0   0     0.000    -0.007     0.024     0.126    -0.000    -0.001     0.003
   7 0 1 0 1 1 1 1  27  13  26   0   0   0   0     5.207    50.146     5.876     0.000     0.000     0.000     0.000   0   0   0   0   0   0   0     0.000    -0.004     0.024     0.126    -0.000     0.000     0.004
   7 0 0 1 1 1 1 1  19  23  26   0   0   0   0    66.319     5.563     5.876     0.000     0.000     0.000     0.000   0   0   0   0   0   0   0     0.000    -0.004     0.006    -0.003     0.000     0.000     0.004
   7 0 0 0 1 1 1 1  10  10   2   0   0   0   0    15.507    15.506    21.904     0.000     0.000     0.000     0.000   0   0   0   0   0   0   0     0.000    -0.004     0.006     0.000    -0.136     0.007    -0.000
