  184
   1 1   0     0.000   0     5.557
   1 1   0     0.000   0     5.730
   1 1   0     0.000   0     5.623
   1 1   0     0.000   0     5.529
   7 0 1 1 0 0 0 0   0   0   0   0   0   0   0    17.447     0.000     0.000     0.000     0.000     0.000     0.000   0   0   0   0   0   0   0     0.000     0.015    -0.023     0.000     0.000     0.000     0.000
   7 0 1 1 0 0 0 0   0   0   0   0   0   0   0    17.447     0.000     0.000     0.000     0.000     0.000     0.000   0   0   0   0   0   0   0     0.000     0.071    -0.107     0.000     0.000     0.000     0.000
   7 0 1 1 0 0 0 0   0   0   0   0   0   0   0    17.447     0.000     0.000     0.000     0.000     0.000     0.000   0   0   0   0   0   0   0     0.000    -0.071     0.106     0.000     0.000     0.000     0.000
   7 0 1 1 0 0 0 0   0   0   0   0   0   0   0    17.447     0.000     0.000     0.000     0.000     0.000     0.000   0   0   0   0   0   0   0     0.000    -0.012     0.018     0.000     0.000     0.000     0.000
   7 0 1 1 0 0 0 0   0   0   0   0   0   0   0    17.447     0.000     0.000     0.000     0.000     0.000     0.000   0   0   0   0   0   0   0     0.000     0.014    -0.022     0.000     0.000     0.000     0.000
   7 0 1 1 0 0 0 0   0   0   0   0   0   0   0    17.447     0.000     0.000     0.000     0.000     0.000     0.000   0   0   0   0   0   0   0     0.000     0.067    -0.102     0.000     0.000     0.000     0.000
   7 0 1 1 0 0 0 0   7   0   0   0   0   0   0    23.244     0.000     0.000     0.000     0.000     0.000     0.000   0   0   0   0   0   0   0     0.000     0.101    -0.066     0.000     0.000     0.000     0.000
   7 0 1 1 0 0 0 0   0   0   0   0   0   0   0    17.447     0.000     0.000     0.000     0.000     0.000     0.000   0   0   0   0   0   0   0     0.000    -0.011     0.017     0.000     0.000     0.000     0.000
   7 0 1 1 0 0 0 0   0   0   0   0   0   0   0    17.447     0.000     0.000     0.000     0.000     0.000     0.000   0   0   0   0   0   0   0     0.000     0.013    -0.021     0.000     0.000     0.000     0.000
   7 0 1 1 0 0 0 0   0   0   0   0   0   0   0    17.447     0.000     0.000     0.000     0.000     0.000     0.000   0   0   0   0   0   0   0     0.000     0.062    -0.097     0.000     0.000     0.000     0.000
   7 0 1 1 0 0 0 0   0   0   0   0   0   0   0    17.447     0.000     0.000     0.000     0.000     0.000     0.000   0   0   0   0   0   0   0     0.000    -0.062     0.096     0.000     0.000     0.000     0.000
   7 0 1 1 0 0 0 0   0   0   0   0   0   0   0    17.447     0.000     0.000     0.000     0.000     0.000     0.000   0   0   0   0   0   0   0     0.000    -0.010     0.016     0.000     0.000     0.000     0.000
   7 0 1 1 0 0 0 0   0   0   0   0   0   0   0    17.447     0.000     0.000     0.000     0.000     0.000     0.000   0   0   0   0   0   0   0     0.000     0.012    -0.020     0.000     0.000     0.000     0.000
   7 0 1 1 0 0 0 0   0   0   0   0   0   0   0    17.447     0.000     0.000     0.000     0.000     0.000     0.000   0   0   0   0   0   0   0     0.000     0.058    -0.092     0.000     0.000     0.000     0.000
   7 0 1 1 0 0 0 0   0   0   0   0   0   0   0    17.447     0.000     0.000     0.000     0.000     0.000     0.000   0   0   0   0   0   0   0     0.000    -0.057     0.091     0.000     0.000     0.000     0.000
   7 0 1 1 0 0 0 0   0   0   0   0   0   0   0    17.447     0.000     0.000     0.000     0.000     0.000     0.000   0   0   0   0   0   0   0     0.000    -0.010     0.015     0.000     0.000     0.000     0.000
   7 0 1 1 0 0 0 0   0   0   0   0   0   0   0    17.447     0.000     0.000     0.000     0.000     0.000     0.000   0   0   0   0   0   0   0     0.000     0.012    -0.019     0.000     0.000     0.000     0.000
   7 0 1 1 0 0 0 0   0   0   0   0   0   0   0    17.447     0.000     0.000     0.000     0.000     0.000     0.000   0   0   0   0   0   0   0     0.000     0.054    -0.087     0.000     0.000     0.000     0.000
   7 0 1 1 0 0 0 0   0   0   0   0   0   0   0    17.447     0.000     0.000     0.000     0.000     0.000     0.000   0   0   0   0   0   0   0     0.000    -0.054     0.086     0.000     0.000     0.000     0.000
   7 0 1 1 0 0 0 0   0   0   0   0   0   0   0    17.447     0.000     0.000     0.000     0.000     0.000     0.000   0   0   0   0   0   0   0     0.000    -0.009     0.014     0.000     0.000     0.000     0.000
   7 0 1 1 0 0 0 0   7   0   0   0   0   0   0    23.244     0.000     0.000     0.000     0.000     0.000     0.000   0   0   0   0   0   0   0     0.000    -0.018     0.011     0.000     0.000     0.000     0.000
   7 0 1 1 0 0 0 0   0   0   0   0   0   0   0    17.447     0.000     0.000     0.000     0.000     0.000     0.000   0   0   0   0   0   0   0     0.000     0.051    -0.083     0.000     0.000     0.000     0.000
   7 0 1 1 0 0 0 0   0   0   0   0   0   0   0    17.447     0.000     0.000     0.000     0.000     0.000     0.000   0   0   0   0   0   0   0     0.000    -0.050     0.082     0.000     0.000     0.000     0.000
   7 0 1 1 0 0 0 0   0   0   0   0   0   0   0    17.447     0.000     0.000     0.000     0.000     0.000     0.000   0   0   0   0   0   0   0     0.000    -0.008     0.014     0.000     0.000     0.000     0.000
   7 0 1 1 0 0 0 0   0   0   0   0   0   0   0    17.447     0.000     0.000     0.000     0.000     0.000     0.000   0   0   0   0   0   0   0     0.000     0.010    -0.017     0.000     0.000     0.000     0.000
   7 0 1 1 0 0 0 0   0   0   0   0   0   0   0    17.447     0.000     0.000     0.000     0.000     0.000     0.000   0   0   0   0   0   0   0     0.000     0.047    -0.079     0.000     0.000     0.000     0.000
   7 0 1 1 0 0 0 0   0   0   0   0   0   0   0    17.447     0.000     0.000     0.000     0.000     0.000     0.000   0   0   0   0   0   0   0     0.000    -0.047     0.078     0.000     0.000     0.000     0.000
   7 0 1 1 0 0 0 0   0   0   0   0   0   0   0    17.447     0.000     0.000     0.000     0.000     0.000     0.000   0   0   0   0   0   0   0     0.000    -0.008     0.013     0.000     0.000     0.000     0.000
   7 0 1 1 0 0 0 0   0   0   0   0   0   0   0    17.447     0.000     0.000     0.000     0.000     0.000     0.000   0   0   0   0   0   0   0     0.000     0.009    -0.016     0.000     0.000     0.000     0.000
   7 0 1 1 0 0 0 0   0   0   0   0   0   0   0    17.447     0.000     0.000     0.000     0.000     0.000     0.000   0   0   0   0   0   0   0     0.000     0.044    -0.075     0.000     0.000     0.000     0.000
   7 0 1 1 0 0 0 0   0   0   0   0   0   0   0    17.447     0.000     0.000     0.000     0.000     0.000     0.000   0   0   0   0   0   0   0     0.000    -0.044     0.074     0.000     0.000     0.000     0.000
   7 0 1 1 0 0 0 0   0   0   0   0   0   0   0    17.447     0.000     0.000     0.000     0.000     0.000     0.000   0   0   0   0   0   0   0     0.000    -0.007     0.012     0.000     0.000     0.000     0.000
   7 0 1 1 0 0 0 0   0   0   0   0   0   0   0    17.447     0.000     0.000     0.000     0.000     0.000     0.000   0   0   0   0   0   0   0     0.000     0.009    -0.015     0.000     0.000     0.000     0.000
   7 0 1 1 0 0 0 0   0   0   0   0   0   0   0    17.447     0.000     0.000     0.000     0.000     0.000     0.000   0   0   0   0   0   0   0     0.000     0.041    -0.071     0.000     0.000     0.000     0.000
   7 0 1 1 0 0 0 0   0   0   0   0   0   0   0    17.447     0.000     0.000     0.000     0.000     0.000     0.000   0   0   0   0   0   0   0     0.000    -0.041     0.070     0.000     0.000     0.000     0.000
   7 0 1 1 0 0 0 0   0   0   0   0   0   0   0    17.447     0.000     0.000     0.000     0.000     0.000     0.000   0   0   0   0   0   0   0     0.000    -0.007     0.012     0.000     0.000     0.000     0.000
   7 0 1 1 0 0 0 0   0   0   0   0   0   0   0    17.447     0.000     0.000     0.000     0.000     0.000     0.000   0   0   0   0   0   0   0     0.000     0.008    -0.014     0.000     0.000     0.000     0.000
   7 0 1 1 0 0 0 0   0   0   0   0   0   0   0    17.447     0.000     0.000     0.000     0.000     0.000     0.000   0   0   0   0   0   0   0     0.000     0.038    -0.067     0.000     0.000     0.000     0.000
   7 0 1 1 0 0 0 0   0   0   0   0   0   0   0    17.447     0.000     0.000     0.000     0.000     0.000     0.000   0   0   0   0   0   0   0     0.000    -0.038     0.067     0.000     0.000     0.000     0.000
   7 0 1 1 0 0 0 0   0   0   0   0   0   0   0    17.447     0.000     0.000     0.000     0.000     0.000     0.000   0   0   0   0   0   0   0     0.000    -0.006     0.011     0.000     0.000     0.000     0.000
   7 0 1 1 0 0 0 0   0   0   0   0   0   0   0    17.447     0.000     0.000     0.000     0.000     0.000     0.000   0   0   0   0   0   0   0     0.000     0.008    -0.014     0.000     0.000     0.000     0.000
   7 0 1 1 0 0 0 0   0   0   0   0   0   0   0    17.447     0.000     0.000     0.000     0.000     0.000     0.000   0   0   0   0   0   0   0     0.000     0.036    -0.064     0.000     0.000     0.000     0.000
   7 0 1 1 0 0 0 0   0   0   0   0   0   0   0    17.447     0.000     0.000     0.000     0.000     0.000     0.000   0   0   0   0   0   0   0     0.000    -0.035     0.063     0.000     0.000     0.000     0.000
   7 0 1 1 0 0 0 0   0   0   0   0   0   0   0    17.447     0.000     0.000     0.000     0.000     0.000     0.000   0   0   0   0   0   0   0     0.000    -0.006     0.011     0.000     0.000     0.000     0.000
   7 0 1 1 0 0 0 0   0   0   0   0   0   0   0    17.447     0.000     0.000     0.000     0.000     0.000     0.000   0   0   0   0   0   0   0     0.000     0.007    -0.013     0.000     0.000     0.000     0.000
   7 0 1 1 0 0 0 0   0   0   0   0   0   0   0    17.447     0.000     0.000     0.000     0.000     0.000     0.000   0   0   0   0   0   0   0     0.000     0.033    -0.061     0.000     0.000     0.000     0.000
   7 0 1 1 0 0 0 0   0   0   0   0   0   0   0    17.447     0.000     0.000     0.000     0.000     0.000     0.000   0   0   0   0   0   0   0     0.000    -0.033     0.060     0.000     0.000     0.000     0.000
   7 0 1 1 0 0 0 0   0   0   0   0   0   0   0    17.447     0.000     0.000     0.000     0.000     0.000     0.000   0   0   0   0   0   0   0     0.000    -0.006     0.010     0.000     0.000     0.000     0.000
   7 0 1 1 0 0 0 0   0   0   0   0   0   0   0    17.447     0.000     0.000     0.000     0.000     0.000     0.000   0   0   0   0   0   0   0     0.000     0.007    -0.012     0.000     0.000     0.000     0.000
   7 0 1 1 0 0 0 0   0   0   0   0   0   0   0    17.447     0.000     0.000     0.000     0.000     0.000     0.000   0   0   0   0   0   0   0     0.000     0.031    -0.058     0.000     0.000     0.000     0.000
   7 0 1 1 0 0 0 0   0   0   0   0   0   0   0    17.447     0.000     0.000     0.000     0.000     0.000     0.000   0   0   0   0   0   0   0     0.000    -0.031     0.057     0.000     0.000     0.000     0.000
   7 0 1 1 0 0 0 0   0   0   0   0   0   0   0    17.447     0.000     0.000     0.000     0.000     0.000     0.000   0   0   0   0   0   0   0     0.000    -0.005     0.010     0.000     0.000     0.000     0.000
   7 0 1 1 0 0 0 0   0   0   0   0   0   0   0    17.447     0.000     0.000     0.000     0.000     0.000     0.000   0   0   0   0   0   0   0     0.000     0.006    -0.012     0.000     0.000     0.000     0.000
   7 0 1 1 0 0 0 0   0   0   0   0   0   0   0    17.447     0.000     0.000     0.000     0.000     0.000     0.000   0   0   0   0   0   0   0     0.000     0.029    -0.055     0.000     0.000     0.000     0.000
   7 0 1 1 0 0 0 0   0   0   0   0   0   0   0    17.447     0.000     0.000     0.000     0.000     0.000     0.000   0   0   0   0   0   0   0     0.000    -0.029     0.054     0.000     0.000     0.000     0.000
   7 0 1 1 0 0 0 0   0   0   0   0   0   0   0    17.447     0.000     0.000     0.000     0.000     0.000     0.000   0   0   0   0   0   0   0     0.000    -0.005     0.009     0.000     0.000     0.000     0.000
   7 0 1 1 0 0 0 0   0   0   0   0   0   0   0    17.447     0.000     0.000     0.000     0.000     0.000     0.000   0   0   0   0   0   0   0     0.000     0.006    -0.011     0.000     0.000     0.000     0.000
   7 0 1 1 0 0 0 0   0   0   0   0   0   0   0    17.447     0.000     0.000     0.000     0.000     0.000     0.000   0   0   0   0   0   0   0     0.000     0.027    -0.052     0.000     0.000     0.000     0.000
   7 0 1 1 0 0 0 0   0   0   0   0   0   0   0    17.447     0.000     0.000     0.000     0.000     0.000     0.000   0   0   0   0   0   0   0     0.000    -0.027     0.052     0.000     0.000     0.000     0.000
   7 0 1 1 0 0 0 0   0   0   0   0   0   0   0    17.447     0.000     0.000     0.000     0.000     0.000     0.000   0   0   0   0   0   0   0     0.000    -0.004     0.009     0.000     0.000     0.000     0.000
   7 0 1 1 0 0 0 0   0   0   0   0   0   0   0    17.447     0.000     0.000     0.000     0.000     0.000     0.000   0   0   0   0   0   0   0     0.000     0.005    -0.011     0.000     0.000     0.000     0.000
   7 0 1 1 0 0 0 0   0   0   0   0   0   0   0    17.447     0.000     0.000     0.000     0.000     0.000     0.000   0   0   0   0   0   0   0     0.000     0.025    -0.050     0.000     0.000     0.000     0.000
   7 0 1 1 0 0 0 0   0   0   0   0   0   0   0    17.447     0.000     0.000     0.000     0.000     0.000     0.000   0   0   0   0   0   0   0     0.000    -0.025     0.049     0.000     0.000     0.000     0.000
   7 0 1 1 0 0 0 0   0   0   0   0   0   0   0    17.447     0.000     0.000     0.000     0.000     0.000     0.000   0   0   0   0   0   0   0     0.000    -0.004     0.008     0.000     0.000     0.000     0.000
   7 0 1 1 0 0 0 0   0   0   0   0   0   0   0    17.447     0.000     0.000     0.000     0.000     0.000     0.000   0   0   0   0   0   0   0     0.000     0.005    -0.010     0.000     0.000     0.000     0.000
   7 0 1 1 0 0 0 0   0   0   0   0   0   0   0    17.447     0.000     0.000     0.000     0.000     0.000     0.000   0   0   0   0   0   0   0     0.000     0.024    -0.047     0.000     0.000     0.000     0.000
   7 0 1 1 0 0 0 0   0   0   0   0   0   0   0    17.447     0.000     0.000     0.000     0.000     0.000     0.000   0   0   0   0   0   0   0     0.000    -0.023     0.047     0.000     0.000     0.000     0.000
   7 0 1 1 0 0 0 0   0   0   0   0   0   0   0    17.447     0.000     0.000     0.000     0.000     0.000     0.000   0   0   0   0   0   0   0     0.000    -0.004     0.008     0.000     0.000     0.000     0.000
   7 0 1 1 0 0 0 0   0   0   0   0   0   0   0    17.447     0.000     0.000     0.000     0.000     0.000     0.000   0   0   0   0   0   0   0     0.000     0.005    -0.010     0.000     0.000     0.000     0.000
   7 0 1 1 0 0 0 0   0   0   0   0   0   0   0    17.447     0.000     0.000     0.000     0.000     0.000     0.000   0   0   0   0   0   0   0     0.000     0.022    -0.045     0.000     0.000     0.000     0.000
   7 0 1 1 0 0 0 0   0   0   0   0   0   0   0    17.447     0.000     0.000     0.000     0.000     0.000     0.000   0   0   0   0   0   0   0     0.000    -0.022     0.044     0.000     0.000     0.000     0.000
   7 0 1 1 0 0 0 0   0   0   0   0   0   0   0    17.447     0.000     0.000     0.000     0.000     0.000     0.000   0   0   0   0   0   0   0     0.000    -0.004     0.007     0.000     0.000     0.000     0.000
   7 0 1 1 0 0 0 0   0   0   0   0   0   0   0    17.447     0.000     0.000     0.000     0.000     0.000     0.000   0   0   0   0   0   0   0     0.000     0.004    -0.009     0.000     0.000     0.000     0.000
   7 0 1 1 0 0 0 0   0   0   0   0   0   0   0    17.447     0.000     0.000     0.000     0.000     0.000     0.000   0   0   0   0   0   0   0     0.000     0.021    -0.043     0.000     0.000     0.000     0.000
   7 0 1 1 0 0 0 0   0   0   0   0   0   0   0    17.447     0.000     0.000     0.000     0.000     0.000     0.000   0   0   0   0   0   0   0     0.000    -0.020     0.042     0.000     0.000     0.000     0.000
   7 0 1 1 0 0 0 0   0   0   0   0   0   0   0    17.447     0.000     0.000     0.000     0.000     0.000     0.000   0   0   0   0   0   0   0     0.000    -0.003     0.007     0.000     0.000     0.000     0.000
   7 0 1 1 0 0 0 0   7   0   0   0   0   0   0    23.244     0.000     0.000     0.000     0.000     0.000     0.000   0   0   0   0   0   0   0     0.000    -0.009     0.004     0.000     0.000     0.000     0.000
   7 0 1 1 0 0 0 0   0   0   0   0   0   0   0    17.447     0.000     0.000     0.000     0.000     0.000     0.000   0   0   0   0   0   0   0     0.000     0.019    -0.040     0.000     0.000     0.000     0.000
   7 0 1 1 0 0 0 0   0   0   0   0   0   0   0    17.447     0.000     0.000     0.000     0.000     0.000     0.000   0   0   0   0   0   0   0     0.000    -0.019     0.040     0.000     0.000     0.000     0.000
   7 0 1 1 0 0 0 0   0   0   0   0   0   0   0    17.447     0.000     0.000     0.000     0.000     0.000     0.000   0   0   0   0   0   0   0     0.000    -0.003     0.007     0.000     0.000     0.000     0.000
   7 0 1 1 0 0 0 0   0   0   0   0   0   0   0    17.447     0.000     0.000     0.000     0.000     0.000     0.000   0   0   0   0   0   0   0     0.000     0.004    -0.008     0.000     0.000     0.000     0.000
   7 0 1 1 0 0 0 0   0   0   0   0   0   0   0    17.447     0.000     0.000     0.000     0.000     0.000     0.000   0   0   0   0   0   0   0     0.000     0.018    -0.038     0.000     0.000     0.000     0.000
   7 0 1 1 0 0 0 0   0   0   0   0   0   0   0    17.447     0.000     0.000     0.000     0.000     0.000     0.000   0   0   0   0   0   0   0     0.000    -0.018     0.038     0.000     0.000     0.000     0.000
   7 0 1 1 0 0 0 0   0   0   0   0   0   0   0    17.447     0.000     0.000     0.000     0.000     0.000     0.000   0   0   0   0   0   0   0     0.000    -0.003     0.006     0.000     0.000     0.000     0.000
   7 0 1 1 0 0 0 0   0   0   0   0   0   0   0    17.425     0.000     0.000     0.000     0.000     0.000     0.000   0   0   0   0   0   0   0     0.000     0.006    -0.006     0.000     0.000     0.000     0.000
   7 0 1 1 0 0 0 0   0   0   0   0   0   0   0    17.447     0.000     0.000     0.000     0.000     0.000     0.000   0   0   0   0   0   0   0     0.000     0.017    -0.036     0.000     0.000     0.000     0.000
   7 0 1 1 0 0 0 0   7   0   0   0   0   0   0    23.244     0.000     0.000     0.000     0.000     0.000     0.000   0   0   0   0   0   0   0     0.000     0.036    -0.017     0.000     0.000     0.000     0.000
   7 0 1 1 0 0 0 0   0   0   0   0   0   0   0    17.447     0.000     0.000     0.000     0.000     0.000     0.000   0   0   0   0   0   0   0     0.000    -0.003     0.006     0.000     0.000     0.000     0.000
   7 0 1 1 0 0 0 0   0   0   0   0   0   0   0    17.447     0.000     0.000     0.000     0.000     0.000     0.000   0   0   0   0   0   0   0     0.000     0.004    -0.007     0.000     0.000     0.000     0.000
   7 0 1 1 0 0 0 0   0   0   0   0   0   0   0    17.447     0.000     0.000     0.000     0.000     0.000     0.000   0   0   0   0   0   0   0     0.000     0.016    -0.035     0.000     0.000     0.000     0.000
   7 0 1 1 0 0 0 0   0   0   0   0   0   0   0    17.447     0.000     0.000     0.000     0.000     0.000     0.000   0   0   0   0   0   0   0     0.000    -0.015     0.034     0.000     0.000     0.000     0.000
   7 0 1 1 0 0 0 0   7   0   0   0   0   0   0    23.244     0.000     0.000     0.000     0.000     0.000     0.000   0   0   0   0   0   0   0     0.000     0.006    -0.003     0.000     0.000     0.000     0.000
   7 0 1 1 0 0 0 0   0   0   0   0   0   0   0    17.425     0.000     0.000     0.000     0.000     0.000     0.000   0   0   0   0   0   0   0     0.000     0.005    -0.005     0.000     0.000     0.000     0.000
   7 0 1 1 0 0 0 0   0   0   0   0   0   0   0    17.447     0.000     0.000     0.000     0.000     0.000     0.000   0   0   0   0   0   0   0     0.000     0.015    -0.033     0.000     0.000     0.000     0.000
   7 0 1 1 0 0 0 0   0   0   0   0   0   0   0    17.447     0.000     0.000     0.000     0.000     0.000     0.000   0   0   0   0   0   0   0     0.000    -0.014     0.033     0.000     0.000     0.000     0.000
   7 0 1 1 0 0 0 0   0   0   0   0   0   0   0    17.447     0.000     0.000     0.000     0.000     0.000     0.000   0   0   0   0   0   0   0     0.000    -0.002     0.005     0.000     0.000     0.000     0.000
   7 0 1 1 0 0 0 0   0   0   0   0   0   0   0    17.447     0.000     0.000     0.000     0.000     0.000     0.000   0   0   0   0   0   0   0     0.000     0.003    -0.007     0.000     0.000     0.000     0.000
   7 0 1 1 0 0 0 0   0   0   0   0   0   0   0    17.447     0.000     0.000     0.000     0.000     0.000     0.000   0   0   0   0   0   0   0     0.000     0.014    -0.031     0.000     0.000     0.000     0.000
   7 0 1 1 0 0 0 0   0   0   0   0   0   0   0    17.447     0.000     0.000     0.000     0.000     0.000     0.000   0   0   0   0   0   0   0     0.000    -0.013     0.031     0.000     0.000     0.000     0.000
   7 0 1 1 0 0 0 0   0   0   0   0   0   0   0    17.447     0.000     0.000     0.000     0.000     0.000     0.000   0   0   0   0   0   0   0     0.000    -0.002     0.005     0.000     0.000     0.000     0.000
   7 0 1 1 0 0 0 0   0   0   0   0   0   0   0    17.425     0.000     0.000     0.000     0.000     0.000     0.000   0   0   0   0   0   0   0     0.000     0.005    -0.005     0.000     0.000     0.000     0.000
   7 0 1 1 0 0 0 0   0   0   0   0   0   0   0    17.447     0.000     0.000     0.000     0.000     0.000     0.000   0   0   0   0   0   0   0     0.000     0.013    -0.030     0.000     0.000     0.000     0.000
   7 0 1 1 0 0 0 0   0   0   0   0   0   0   0    17.447     0.000     0.000     0.000     0.000     0.000     0.000   0   0   0   0   0   0   0     0.000    -0.013     0.029     0.000     0.000     0.000     0.000
   7 0 1 1 0 0 0 0   0   0   0   0   0   0   0    17.447     0.000     0.000     0.000     0.000     0.000     0.000   0   0   0   0   0   0   0     0.000    -0.002     0.005     0.000     0.000     0.000     0.000
   7 0 1 1 0 0 0 0   0   0   0   0   0   0   0    17.447     0.000     0.000     0.000     0.000     0.000     0.000   0   0   0   0   0   0   0     0.000     0.003    -0.006     0.000     0.000     0.000     0.000
   7 0 1 1 0 0 0 0   0   0   0   0   0   0   0    17.447     0.000     0.000     0.000     0.000     0.000     0.000   0   0   0   0   0   0   0     0.000     0.012    -0.028     0.000     0.000     0.000     0.000
   7 0 1 1 0 0 0 0   0   0   0   0   0   0   0    17.447     0.000     0.000     0.000     0.000     0.000     0.000   0   0   0   0   0   0   0     0.000    -0.012     0.028     0.000     0.000     0.000     0.000
   7 0 1 1 0 0 0 0   0   0   0   0   0   0   0    17.447     0.000     0.000     0.000     0.000     0.000     0.000   0   0   0   0   0   0   0     0.000    -0.002     0.005     0.000     0.000     0.000     0.000
   7 0 1 1 0 0 0 0   0   0   0   0   0   0   0    17.447     0.000     0.000     0.000     0.000     0.000     0.000   0   0   0   0   0   0   0     0.000     0.003    -0.006     0.000     0.000     0.000     0.000
   7 0 1 1 0 0 0 0   0   0   0   0   0   0   0    17.447     0.000     0.000     0.000     0.000     0.000     0.000   0   0   0   0   0   0   0     0.000     0.011    -0.027     0.000     0.000     0.000     0.000
   7 0 1 1 0 0 0 0   0   0   0   0   0   0   0    17.447     0.000     0.000     0.000     0.000     0.000     0.000   0   0   0   0   0   0   0     0.000    -0.011     0.027     0.000     0.000     0.000     0.000
   7 0 1 1 0 0 0 0   7   0   0   0   0   0   0    23.244     0.000     0.000     0.000     0.000     0.000     0.000   0   0   0   0   0   0   0     0.000     0.004    -0.002     0.000     0.000     0.000     0.000
   7 0 1 1 0 0 0 0   0   0   0   0   0   0   0    17.425     0.000     0.000     0.000     0.000     0.000     0.000   0   0   0   0   0   0   0     0.000     0.004    -0.004     0.000     0.000     0.000     0.000
   7 0 1 1 0 0 0 0   0   0   0   0   0   0   0    17.447     0.000     0.000     0.000     0.000     0.000     0.000   0   0   0   0   0   0   0     0.000     0.010    -0.025     0.000     0.000     0.000     0.000
   7 0 1 1 0 0 0 0   0   0   0   0   0   0   0    17.447     0.000     0.000     0.000     0.000     0.000     0.000   0   0   0   0   0   0   0     0.000    -0.010     0.025     0.000     0.000     0.000     0.000
   7 0 1 1 0 0 0 0   0   0   0   0   0   0   0    17.447     0.000     0.000     0.000     0.000     0.000     0.000   0   0   0   0   0   0   0     0.000    -0.002     0.004     0.000     0.000     0.000     0.000
   7 0 1 1 0 0 0 0   0   0   0   0   0   0   0    17.447     0.000     0.000     0.000     0.000     0.000     0.000   0   0   0   0   0   0   0     0.000     0.003    -0.005     0.000     0.000     0.000     0.000
   7 0 1 1 0 0 0 0   0   0   0   0   0   0   0    17.447     0.000     0.000     0.000     0.000     0.000     0.000   0   0   0   0   0   0   0     0.000     0.010    -0.024     0.000     0.000     0.000     0.000
   7 0 1 1 0 0 0 0   0   0   0   0   0   0   0    17.447     0.000     0.000     0.000     0.000     0.000     0.000   0   0   0   0   0   0   0     0.000    -0.010     0.024     0.000     0.000     0.000     0.000
   7 0 1 1 0 0 0 0   0   0   0   0   0   0   0    17.447     0.000     0.000     0.000     0.000     0.000     0.000   0   0   0   0   0   0   0     0.000    -0.002     0.004     0.000     0.000     0.000     0.000
   7 0 1 1 0 0 0 0   0   0   0   0   0   0   0    17.425     0.000     0.000     0.000     0.000     0.000     0.000   0   0   0   0   0   0   0     0.000     0.004    -0.004     0.000     0.000     0.000     0.000
   7 0 1 1 0 0 0 0   0   0   0   0   0   0   0    17.447     0.000     0.000     0.000     0.000     0.000     0.000   0   0   0   0   0   0   0     0.000     0.009    -0.023     0.000     0.000     0.000     0.000
   7 0 1 1 0 0 0 0   0   0   0   0   0   0   0    17.447     0.000     0.000     0.000     0.000     0.000     0.000   0   0   0   0   0   0   0     0.000    -0.009     0.023     0.000     0.000     0.000     0.000
   7 0 1 1 0 0 0 0   0   0   0   0   0   0   0    17.447     0.000     0.000     0.000     0.000     0.000     0.000   0   0   0   0   0   0   0     0.000    -0.001     0.004     0.000     0.000     0.000     0.000
   7 0 1 1 0 0 0 0   0   0   0   0   0   0   0    17.447     0.000     0.000     0.000     0.000     0.000     0.000   0   0   0   0   0   0   0     0.000     0.002    -0.005     0.000     0.000     0.000     0.000
   7 0 1 1 0 0 0 0   0   0   0   0   0   0   0    17.447     0.000     0.000     0.000     0.000     0.000     0.000   0   0   0   0   0   0   0     0.000     0.008    -0.022     0.000     0.000     0.000     0.000
   7 0 1 1 0 0 0 0   0   0   0   0   0   0   0    17.447     0.000     0.000     0.000     0.000     0.000     0.000   0   0   0   0   0   0   0     0.000    -0.008     0.022     0.000     0.000     0.000     0.000
   7 0 1 1 0 0 0 0   0   0   0   0   0   0   0    17.447     0.000     0.000     0.000     0.000     0.000     0.000   0   0   0   0   0   0   0     0.000    -0.001     0.004     0.000     0.000     0.000     0.000
   7 0 1 1 0 0 0 0   0   0   0   0   0   0   0    17.425     0.000     0.000     0.000     0.000     0.000     0.000   0   0   0   0   0   0   0     0.000     0.004    -0.003     0.000     0.000     0.000     0.000
   7 0 1 1 0 0 0 0   7   0   0   0   0   0   0    23.244     0.000     0.000     0.000     0.000     0.000     0.000   0   0   0   0   0   0   0     0.000    -0.021     0.008     0.000     0.000     0.000     0.000
   7 0 1 1 0 0 0 0   0   0   0   0   0   0   0    17.447     0.000     0.000     0.000     0.000     0.000     0.000   0   0   0   0   0   0   0     0.000    -0.008     0.021     0.000     0.000     0.000     0.000
   7 0 1 1 0 0 0 0   7   0   0   0   0   0   0    23.244     0.000     0.000     0.000     0.000     0.000     0.000   0   0   0   0   0   0   0     0.000     0.003    -0.001     0.000     0.000     0.000     0.000
   7 0 1 1 0 0 0 0   0   0   0   0   0   0   0    17.447     0.000     0.000     0.000     0.000     0.000     0.000   0   0   0   0   0   0   0     0.000     0.002    -0.005     0.000     0.000     0.000     0.000
   7 0 1 1 0 0 0 0   0   0   0   0   0   0   0    17.447     0.000     0.000     0.000     0.000     0.000     0.000   0   0   0   0   0   0   0     0.000     0.007    -0.020     0.000     0.000     0.000     0.000
   7 0 1 1 0 0 0 0   0   0   0   0   0   0   0    17.447     0.000     0.000     0.000     0.000     0.000     0.000   0   0   0   0   0   0   0     0.000    -0.007     0.020     0.000     0.000     0.000     0.000
   7 0 1 1 0 0 0 0   0   0   0   0   0   0   0    17.447     0.000     0.000     0.000     0.000     0.000     0.000   0   0   0   0   0   0   0     0.000    -0.001     0.003     0.000     0.000     0.000     0.000
   7 0 1 1 0 0 0 0   0   0   0   0   0   0   0    17.425     0.000     0.000     0.000     0.000     0.000     0.000   0   0   0   0   0   0   0     0.000     0.003    -0.003     0.000     0.000     0.000     0.000
   7 0 1 1 0 0 0 0   0   0   0   0   0   0   0    17.447     0.000     0.000     0.000     0.000     0.000     0.000   0   0   0   0   0   0   0     0.000     0.007    -0.019     0.000     0.000     0.000     0.000
   7 0 1 1 0 0 0 0   0   0   0   0   0   0   0    17.447     0.000     0.000     0.000     0.000     0.000     0.000   0   0   0   0   0   0   0     0.000    -0.007     0.019     0.000     0.000     0.000     0.000
   7 0 1 1 0 0 0 0   7   0   0   0   0   0   0    23.244     0.000     0.000     0.000     0.000     0.000     0.000   0   0   0   0   0   0   0     0.000     0.003    -0.001     0.000     0.000     0.000     0.000
   7 0 1 1 0 0 0 0   0   0   0   0   0   0   0    17.447     0.000     0.000     0.000     0.000     0.000     0.000   0   0   0   0   0   0   0     0.000     0.002    -0.004     0.000     0.000     0.000     0.000
   7 0 1 1 0 0 0 0   7   0   0   0   0   0   0    23.244     0.000     0.000     0.000     0.000     0.000     0.000   0   0   0   0   0   0   0     0.000    -0.018     0.006     0.000     0.000     0.000     0.000
   7 0 1 1 0 0 0 0   0   0   0   0   0   0   0    17.447     0.000     0.000     0.000     0.000     0.000     0.000   0   0   0   0   0   0   0     0.000    -0.006     0.018     0.000     0.000     0.000     0.000
   7 0 1 1 0 0 0 0   0   0   0   0   0   0   0    17.447     0.000     0.000     0.000     0.000     0.000     0.000   0   0   0   0   0   0   0     0.000    -0.001     0.003     0.000     0.000     0.000     0.000
   7 0 1 1 0 0 0 0   0   0   0   0   0   0   0    17.425     0.000     0.000     0.000     0.000     0.000     0.000   0   0   0   0   0   0   0     0.000     0.003    -0.003     0.000     0.000     0.000     0.000
   7 0 1 1 0 0 0 0   0   0   0   0   0   0   0    17.447     0.000     0.000     0.000     0.000     0.000     0.000   0   0   0   0   0   0   0     0.000     0.006    -0.017     0.000     0.000     0.000     0.000
   7 0 1 1 0 0 0 0   0   0   0   0   0   0   0    17.447     0.000     0.000     0.000     0.000     0.000     0.000   0   0   0   0   0   0   0     0.000    -0.006     0.017     0.000     0.000     0.000     0.000
   7 0 1 1 0 0 0 0   0   0   0   0   0   0   0    17.425     0.000     0.000     0.000     0.000     0.000     0.000   0   0   0   0   0   0   0     0.000    -0.002     0.002     0.000     0.000     0.000     0.000
   7 0 1 1 0 0 0 0   0   0   0   0   0   0   0    17.447     0.000     0.000     0.000     0.000     0.000     0.000   0   0   0   0   0   0   0     0.000     0.002    -0.004     0.000     0.000     0.000     0.000
   7 0 1 1 0 0 0 0   7   0   0   0   0   0   0    23.244     0.000     0.000     0.000     0.000     0.000     0.000   0   0   0   0   0   0   0     0.000    -0.016     0.006     0.000     0.000     0.000     0.000
   7 0 1 1 0 0 0 0   0   0   0   0   0   0   0    17.447     0.000     0.000     0.000     0.000     0.000     0.000   0   0   0   0   0   0   0     0.000    -0.006     0.016     0.000     0.000     0.000     0.000
   7 0 1 1 0 0 0 0   0   0   0   0   0   0   0    17.447     0.000     0.000     0.000     0.000     0.000     0.000   0   0   0   0   0   0   0     0.000    -0.001     0.003     0.000     0.000     0.000     0.000
   7 0 1 1 0 0 0 0   0   0   0   0   0   0   0    17.447     0.000     0.000     0.000     0.000     0.000     0.000   0   0   0   0   0   0   0     0.000     0.002    -0.004     0.000     0.000     0.000     0.000
   7 0 1 1 0 0 0 0   0   0   0   0   0   0   0    17.447     0.000     0.000     0.000     0.000     0.000     0.000   0   0   0   0   0   0   0     0.000     0.005    -0.015     0.000     0.000     0.000     0.000
   7 0 1 1 0 0 0 0   0   0   0   0   0   0   0    17.447     0.000     0.000     0.000     0.000     0.000     0.000   0   0   0   0   0   0   0     0.000    -0.005     0.015     0.000     0.000     0.000     0.000
   7 0 1 1 0 0 0 0   0   0   0   0   0   0   0    17.447     0.000     0.000     0.000     0.000     0.000     0.000   0   0   0   0   0   0   0     0.000    -0.001     0.003     0.000     0.000     0.000     0.000
   7 0 1 1 0 0 0 0   0   0   0   0   0   0   0    17.425     0.000     0.000     0.000     0.000     0.000     0.000   0   0   0   0   0   0   0     0.000     0.003    -0.002     0.000     0.000     0.000     0.000
   7 0 1 1 0 0 0 0   7   0   0   0   0   0   0    23.244     0.000     0.000     0.000     0.000     0.000     0.000   0   0   0   0   0   0   0     0.000    -0.014     0.005     0.000     0.000     0.000     0.000
   7 0 1 1 0 0 0 0   7   0   0   0   0   0   0    23.244     0.000     0.000     0.000     0.000     0.000     0.000   0   0   0   0   0   0   0     0.000     0.014    -0.005     0.000     0.000     0.000     0.000
   7 0 1 1 0 0 0 0   0   0   0   0   0   0   0    17.425     0.000     0.000     0.000     0.000     0.000     0.000   0   0   0   0   0   0   0     0.000    -0.002     0.002     0.000     0.000     0.000     0.000
   7 0 1 1 0 0 0 0   0   0   0   0   0   0   0    17.447     0.000     0.000     0.000     0.000     0.000     0.000   0   0   0   0   0   0   0     0.000     0.002    -0.003     0.000     0.000     0.000     0.000
   7 0 1 1 0 0 0 0   0   0   0   0   0   0   0    17.447     0.000     0.000     0.000     0.000     0.000     0.000   0   0   0   0   0   0   0     0.000     0.005    -0.014     0.000     0.000     0.000     0.000
   7 0 1 1 0 0 0 0   0   0   0   0   0   0   0    17.447     0.000     0.000     0.000     0.000     0.000     0.000   0   0   0   0   0   0   0     0.000    -0.004     0.014     0.000     0.000     0.000     0.000
   7 0 1 1 0 0 0 0   0   0   0   0   0   0   0    17.447     0.000     0.000     0.000     0.000     0.000     0.000   0   0   0   0   0   0   0     0.000    -0.001     0.002     0.000     0.000     0.000     0.000
   7 0 1 1 0 0 0 0   0   0   0   0   0   0   0    17.425     0.000     0.000     0.000     0.000     0.000     0.000   0   0   0   0   0   0   0     0.000     0.003    -0.002     0.000     0.000     0.000     0.000
   7 0 1 1 0 0 0 0   7   0   0   0   0   0   0    23.244     0.000     0.000     0.000     0.000     0.000     0.000   0   0   0   0   0   0   0     0.000    -0.013     0.004     0.000     0.000     0.000     0.000
   7 0 1 1 0 0 0 0   0   0   0   0   0   0   0    17.447     0.000     0.000     0.000     0.000     0.000     0.000   0   0   0   0   0   0   0     0.000    -0.004     0.013     0.000     0.000     0.000     0.000
   7 0 1 1 0 0 0 0   0   0   0   0   0   0   0    17.425     0.000     0.000     0.000     0.000     0.000     0.000   0   0   0   0   0   0   0     0.000    -0.001     0.002     0.000     0.000     0.000     0.000
   7 0 1 1 0 0 0 0   0   0   0   0   0   0   0    17.447     0.000     0.000     0.000     0.000     0.000     0.000   0   0   0   0   0   0   0     0.000     0.002    -0.003     0.000     0.000     0.000     0.000
   7 0 1 1 0 0 0 0   0   0   0   0   0   0   0    17.447     0.000     0.000     0.000     0.000     0.000     0.000   0   0   0   0   0   0   0     0.000     0.004    -0.012     0.000     0.000     0.000     0.000
   7 0 1 1 0 0 0 0   0   0   0   0   0   0   0    17.447     0.000     0.000     0.000     0.000     0.000     0.000   0   0   0   0   0   0   0     0.000    -0.004     0.012     0.000     0.000     0.000     0.000
   7 0 1 1 0 0 0 0   0   0   0   0   0   0   0    17.447     0.000     0.000     0.000     0.000     0.000     0.000   0   0   0   0   0   0   0     0.000    -0.001     0.002     0.000     0.000     0.000     0.000
   7 0 1 1 0 0 0 0   0   0   0   0   0   0   0    17.425     0.000     0.000     0.000     0.000     0.000     0.000   0   0   0   0   0   0   0     0.000     0.002    -0.002     0.000     0.000     0.000     0.000
   7 0 1 1 0 0 0 0   0   0   0   0   0   0   0    17.447     0.000     0.000     0.000     0.000     0.000     0.000   0   0   0   0   0   0   0     0.000     0.004    -0.012     0.000     0.000     0.000     0.000
   7 0 1 1 0 0 0 0   0   0   0   0   0   0   0    17.447     0.000     0.000     0.000     0.000     0.000     0.000   0   0   0   0   0   0   0     0.000    -0.004     0.012     0.000     0.000     0.000     0.000
   7 0 1 1 0 0 0 0   0   0   0   0   0   0   0    17.447     0.000     0.000     0.000     0.000     0.000     0.000   0   0   0   0   0   0   0     0.000    -0.001     0.002     0.000     0.000     0.000     0.000
   7 0 1 1 0 0 0 0   0   0   0   0   0   0   0    17.447     0.000     0.000     0.000     0.000     0.000     0.000   0   0   0   0   0   0   0     0.000     0.001    -0.003     0.000     0.000     0.000     0.000
   7 0 1 1 0 0 0 0   0   0   0   0   0   0   0    17.447     0.000     0.000     0.000     0.000     0.000     0.000   0   0   0   0   0   0   0     0.000     0.003    -0.011     0.000     0.000     0.000     0.000
   7 0 1 1 0 0 0 0   0   0   0   0   0   0   0    17.447     0.000     0.000     0.000     0.000     0.000     0.000   0   0   0   0   0   0   0     0.000    -0.003     0.011     0.000     0.000     0.000     0.000
   7 0 1 1 0 0 0 0   0   0   0   0   0   0   0    17.425     0.000     0.000     0.000     0.000     0.000     0.000   0   0   0   0   0   0   0     0.000    -0.001     0.001     0.000     0.000     0.000     0.000
