  312
   1 1   0     0.000   0     2.153
   1 1   0     0.000   0     1.497
   1 1   0     0.000   0     1.830
   1 1   0     0.000   0     1.792
   7 0 0 0 1 1 1 1  27  29  27   0   0   0   0     1.160     1.316     1.204     0.000     0.000     0.000     0.000   0   0   0   0   0   0   0     0.000     0.000     0.000    -0.339    -0.140     0.028     0.109
   7 0 0 0 1 1 1 1  32   0  10   0   0   0   0     2.184     4.367     9.598     0.000     0.000     0.000     0.000   0   0   0   0   0   0   0     0.000     0.000     0.000    -0.018    -0.212     0.285     0.139
   7 0 0 0 1 1 1 1  27  25  30   0   0   0   0     1.150     1.337     1.843     0.000     0.000     0.000     0.000   0   0   0   0   0   0   0     0.000     0.000     0.000    -0.268    -0.130     0.004     0.148
   7 0 0 0 1 1 1 1  27  27  27   0   0   0   0     1.132     1.082     1.188     0.000     0.000     0.000     0.000   0   0   0   0   0   0   0     0.000     0.000     0.000    -0.136    -0.066    -0.003     0.035
   7 0 0 0 1 1 1 1  27  13  27   0   0   0   0     1.142    79.888     1.192     0.000     0.000     0.000     0.000   0   0   0   0   0   0   0     0.000     0.000     0.000    -0.332    -0.165    -0.016     0.091
   7 0 0 0 1 1 1 1  32   0  10   0   0   0   0     2.183     4.352     9.657     0.000     0.000     0.000     0.000   0   0   0   0   0   0   0     0.000     0.000     0.000    -0.013    -0.189     0.252     0.107
   7 0 0 0 1 1 1 1  30  25  30   0   0   0   0     1.648     1.343     1.843     0.000     0.000     0.000     0.000   0   0   0   0   0   0   0     0.000     0.000     0.000    -0.237    -0.107     0.007     0.134
   7 0 0 0 1 1 1 1  27  31  27   0   0   0   0     1.134     1.895     1.178     0.000     0.000     0.000     0.000   0   0   0   0   0   0   0     0.000     0.000     0.000    -0.122    -0.059    -0.008     0.030
   7 0 0 0 1 1 1 1  28  29  26   0   0   0   0     1.345     1.292     1.717     0.000     0.000     0.000     0.000   0   0   0   0   0   0   0     0.000     0.000     0.000    -0.293    -0.144    -0.055     0.077
   7 0 0 0 1 1 1 1   7  10  31   0   0   0   0     5.602     9.460     2.250     0.000     0.000     0.000     0.000   0   0   0   0   0   0   0     0.000     0.000     0.000     0.252     0.145    -0.141     0.076
   7 0 0 0 1 1 1 1  30  26  28   0   0   0   0     1.749     1.633     1.493     0.000     0.000     0.000     0.000   0   0   0   0   0   0   0     0.000     0.000     0.000    -0.193    -0.046     0.040     0.130
   7 0 0 0 1 1 1 1  27  27  27   0   0   0   0     1.130     1.086     1.178     0.000     0.000     0.000     0.000   0   0   0   0   0   0   0     0.000     0.000     0.000    -0.108    -0.053    -0.008     0.027
   7 0 0 0 1 1 1 1  27  13  27   0   0   0   0     1.158    80.056     1.204     0.000     0.000     0.000     0.000   0   0   0   0   0   0   0     0.000     0.000     0.000    -0.244    -0.095     0.017     0.081
   7 0 0 0 1 1 1 1  32  21  24   0   0   0   0     2.184    63.146     1.732     0.000     0.000     0.000     0.000   0   0   0   0   0   0   0     0.000     0.000     0.000    -0.050    -0.222     0.200     0.051
   7 0 0 0 1 1 1 1  29  25  28   0   0   0   0     1.524     1.367     1.489     0.000     0.000     0.000     0.000   0   0   0   0   0   0   0     0.000     0.000     0.000    -0.176    -0.044     0.031     0.115
   7 0 0 0 1 1 1 1  31  31  27   0   0   0   0     2.029     1.881     1.191     0.000     0.000     0.000     0.000   0   0   0   0   0   0   0     0.000     0.000     0.000    -0.103    -0.051    -0.002     0.026
   7 0 0 0 1 1 1 1  28  28  26   0   0   0   0     1.345     1.263     1.709     0.000     0.000     0.000     0.000   0   0   0   0   0   0   0     0.000     0.000     0.000    -0.250    -0.122    -0.057     0.062
   7 0 0 0 1 1 1 1   7  10   0   0   0   0   0     5.608     9.413     4.649     0.000     0.000     0.000     0.000   0   0   0   0   0   0   0     0.000     0.000     0.000     0.214     0.125    -0.024    -0.166
   7 0 0 0 1 1 1 1  27  26  30   0   0   0   0     1.167     1.589     1.854     0.000     0.000     0.000     0.000   0   0   0   0   0   0   0     0.000     0.000     0.000    -0.181    -0.074     0.013     0.103
   7 0 0 0 1 1 1 1  30  28  27   0   0   0   0     1.585     1.257     1.176     0.000     0.000     0.000     0.000   0   0   0   0   0   0   0     0.000     0.000     0.000    -0.099    -0.052    -0.009     0.022
   7 0 0 0 1 1 1 1  27  13  27   0   0   0   0     1.142    79.979     1.196     0.000     0.000     0.000     0.000   0   0   0   0   0   0   0     0.000     0.000     0.000    -0.215    -0.102    -0.007     0.063
   7 0 0 0 1 1 1 1  31   0  32   0   0   0   0     2.253     4.402     2.229     0.000     0.000     0.000     0.000   0   0   0   0   0   0   0     0.000     0.000     0.000    -0.008    -0.151     0.068     0.170
   7 0 0 0 1 1 1 1  30  25  30   0   0   0   0     1.671     1.321     1.821     0.000     0.000     0.000     0.000   0   0   0   0   0   0   0     0.000     0.000     0.000    -0.172    -0.073     0.001     0.081
   7 0 0 0 1 1 1 1  31  27  27   0   0   0   0     2.018     1.093     1.192     0.000     0.000     0.000     0.000   0   0   0   0   0   0   0     0.000     0.000     0.000    -0.079    -0.038    -0.002     0.021
   7 0 0 0 1 1 1 1  28  29  26   0   0   0   0     1.337     1.296     1.729     0.000     0.000     0.000     0.000   0   0   0   0   0   0   0     0.000     0.000     0.000    -0.199    -0.100    -0.025     0.055
   7 0 0 0 1 1 1 1   7  32  21   0   0   0   0     5.632     2.081    63.583     0.000     0.000     0.000     0.000   0   0   0   0   0   0   0     0.000     0.000     0.000     0.029     0.148    -0.042    -0.189
   7 0 0 0 1 1 1 1  27  25  31   0   0   0   0     1.136     1.305     2.298     0.000     0.000     0.000     0.000   0   0   0   0   0   0   0     0.000     0.000     0.000    -0.169    -0.089    -0.003     0.076
   7 0 0 0 1 1 1 1  27  27  27   0   0   0   0     1.144     1.102     1.210     0.000     0.000     0.000     0.000   0   0   0   0   0   0   0     0.000     0.000     0.000    -0.068    -0.027     0.005     0.022
   7 0 0 0 1 1 1 1  28  29  24   0   0   0   0     1.352     1.316     1.842     0.000     0.000     0.000     0.000   0   0   0   0   0   0   0     0.000     0.000     0.000    -0.172    -0.073     0.023     0.089
   7 0 0 0 1 1 1 1  31   0  32   0   0   0   0     2.250     4.440     2.241     0.000     0.000     0.000     0.000   0   0   0   0   0   0   0     0.000     0.000     0.000    -0.008    -0.129     0.066     0.146
   7 0 0 0 1 1 1 1  30  26  28   0   0   0   0     1.743     1.661     1.510     0.000     0.000     0.000     0.000   0   0   0   0   0   0   0     0.000     0.000     0.000    -0.109    -0.024     0.029     0.096
   7 0 0 0 1 1 1 1  31  31  27   0   0   0   0     2.053     1.863     1.220     0.000     0.000     0.000     0.000   0   0   0   0   0   0   0     0.000     0.000     0.000    -0.073    -0.032     0.007     0.022
   7 0 0 0 1 1 1 1  27  13  14   0   0   0   0     1.160    80.070    81.915     0.000     0.000     0.000     0.000   0   0   0   0   0   0   0     0.000     0.000     0.000    -0.150    -0.053     0.028     0.103
   7 0 0 0 1 1 1 1   7  29  31   0   0   0   0     5.635     1.398     2.212     0.000     0.000     0.000     0.000   0   0   0   0   0   0   0     0.000     0.000     0.000    -0.001     0.119    -0.100     0.020
   7 0 0 0 1 1 1 1  30  30  28   0   0   0   0     1.776     1.566     1.513     0.000     0.000     0.000     0.000   0   0   0   0   0   0   0     0.000     0.000     0.000    -0.099    -0.018     0.034     0.089
   7 0 0 0 1 1 1 1  27  27  32   0   0   0   0     1.131     1.059     2.021     0.000     0.000     0.000     0.000   0   0   0   0   0   0   0     0.000     0.000     0.000    -0.071    -0.034    -0.007     0.015
   7 0 0 0 1 1 1 1  27  14  14   0   0   0   0     1.146    80.263    81.729     0.000     0.000     0.000     0.000   0   0   0   0   0   0   0     0.000     0.000     0.000    -0.166    -0.075     0.018     0.075
   7 0 0 0 1 1 1 1  31  13  25   0   0   0   0     2.255    81.986     1.599     0.000     0.000     0.000     0.000   0   0   0   0   0   0   0     0.000     0.000     0.000    -0.039    -0.200     0.065     0.133
   7 0 0 0 1 1 1 1  29  26  30   0   0   0   0     1.506     1.602     1.891     0.000     0.000     0.000     0.000   0   0   0   0   0   0   0     0.000     0.000     0.000    -0.108    -0.032     0.019     0.073
   7 0 0 0 1 1 1 1  27  27  27   0   0   0   0     1.122     1.057     1.166     0.000     0.000     0.000     0.000   0   0   0   0   0   0   0     0.000     0.000     0.000    -0.065    -0.035    -0.011     0.013
   7 0 0 0 1 1 1 1  28  28  26   0   0   0   0     1.337     1.248     1.703     0.000     0.000     0.000     0.000   0   0   0   0   0   0   0     0.000     0.000     0.000    -0.152    -0.075    -0.044     0.034
   7 0 0 0 1 1 1 1   7  10  21   0   0   0   0     5.635     9.284    64.511     0.000     0.000     0.000     0.000   0   0   0   0   0   0   0     0.000     0.000     0.000     0.141     0.074    -0.036    -0.187
   7 0 0 0 1 1 1 1  27  26  28   0   0   0   0     1.175     1.551     1.503     0.000     0.000     0.000     0.000   0   0   0   0   0   0   0     0.000     0.000     0.000    -0.117    -0.041     0.012     0.066
   7 0 0 0 1 1 1 1  27  27  28   0   0   0   0     1.113     1.049     1.368     0.000     0.000     0.000     0.000   0   0   0   0   0   0   0     0.000     0.000     0.000    -0.066    -0.036    -0.011     0.012
   7 0 0 0 1 1 1 1  28  22  24   0   0   0   0     1.356     1.108     1.848     0.000     0.000     0.000     0.000   0   0   0   0   0   0   0     0.000     0.000     0.000    -0.088     0.026     0.014     0.069
   7 0 0 0 1 1 1 1  31   0  24   0   0   0   0     2.234     4.470     1.742     0.000     0.000     0.000     0.000   0   0   0   0   0   0   0     0.000     0.000     0.000    -0.003    -0.107     0.091     0.013
   7 0 0 0 1 1 1 1  30  26  28   0   0   0   0     1.771     1.650     1.518     0.000     0.000     0.000     0.000   0   0   0   0   0   0   0     0.000     0.000     0.000    -0.077    -0.015     0.026     0.070
   7 0 0 0 1 1 1 1  27  27  11   0   0   0   0     1.155     1.103    86.436     0.000     0.000     0.000     0.000   0   0   0   0   0   0   0     0.000     0.000     0.000    -0.042    -0.014     0.007     0.030
   7 0 0 0 1 1 1 1  27  13  14   0   0   0   0     1.164    80.207    81.995     0.000     0.000     0.000     0.000   0   0   0   0   0   0   0     0.000     0.000     0.000    -0.096    -0.019     0.019     0.078
   7 0 0 0 1 1 1 1  31   0  10   0   0   0   0     2.224     4.524     9.851     0.000     0.000     0.000     0.000   0   0   0   0   0   0   0     0.000     0.000     0.000    -0.005    -0.103     0.083     0.011
   7 0 0 0 1 1 1 1  30  25  32   0   0   0   0     1.789     1.363     2.281     0.000     0.000     0.000     0.000   0   0   0   0   0   0   0     0.000     0.000     0.000    -0.076    -0.015     0.027     0.067
   7 0 0 0 1 1 1 1  27  21  11   0   0   0   0     1.159    61.563    86.383     0.000     0.000     0.000     0.000   0   0   0   0   0   0   0     0.000     0.000     0.000    -0.043    -0.016     0.007     0.025
   7 0 0 0 1 1 1 1  28  28  27   0   0   0   0     1.329     1.240     1.216     0.000     0.000     0.000     0.000   0   0   0   0   0   0   0     0.000     0.000     0.000    -0.131    -0.061    -0.001     0.040
   7 0 0 0 1 1 1 1  31   0  10   0   0   0   0     2.194     4.596     9.848     0.000     0.000     0.000     0.000   0   0   0   0   0   0   0     0.000     0.000     0.000    -0.011    -0.113     0.075     0.004
   7 0 0 0 1 1 1 1  30  26  30   0   0   0   0     1.694     1.538     1.888     0.000     0.000     0.000     0.000   0   0   0   0   0   0   0     0.000     0.000     0.000    -0.098    -0.032     0.009     0.049
   7 0 0 0 1 1 1 1  28  31   1   0   0   0   0     1.341     1.915     9.910     0.000     0.000     0.000     0.000   0   0   0   0   0   0   0     0.000     0.000     0.000    -0.037    -0.016     0.001     0.017
   7 0 0 0 1 1 1 1  29  15  24   0   0   0   0     1.386    71.626     1.861     0.000     0.000     0.000     0.000   0   0   0   0   0   0   0     0.000     0.000     0.000    -0.118    -0.054     0.006     0.055
   7 0 0 0 1 1 1 1   7  10  21   0   0   0   0     5.640     9.244    63.133     0.000     0.000     0.000     0.000   0   0   0   0   0   0   0     0.000     0.000     0.000     0.107     0.050    -0.014    -0.096
   7 0 0 0 1 1 1 1  27  25  31   0   0   0   0     1.187     1.309     2.250     0.000     0.000     0.000     0.000   0   0   0   0   0   0   0     0.000     0.000     0.000    -0.083    -0.025     0.002     0.035
   7 0 0 0 1 1 1 1  28  27   1   0   0   0   0     1.356     1.095     9.916     0.000     0.000     0.000     0.000   0   0   0   0   0   0   0     0.000     0.000     0.000    -0.032    -0.012     0.002     0.016
   7 0 0 0 1 1 1 1  28  24  24   0   0   0   0     1.368     1.857     1.829     0.000     0.000     0.000     0.000   0   0   0   0   0   0   0     0.000     0.000     0.000    -0.059     0.022     0.010     0.051
   7 0 0 0 1 1 1 1  31   0  10   0   0   0   0     2.186     4.664     9.880     0.000     0.000     0.000     0.000   0   0   0   0   0   0   0     0.000     0.000     0.000    -0.011    -0.102     0.062     0.002
   7 0 0 0 1 1 1 1  26  27  30   0   0   0   0     1.688     1.053     1.811     0.000     0.000     0.000     0.000   0   0   0   0   0   0   0     0.000     0.000     0.000    -0.094    -0.039    -0.004     0.030
   7 0 0 0 1 1 1 1  27  21  11   0   0   0   0     1.160    61.550    86.380     0.000     0.000     0.000     0.000   0   0   0   0   0   0   0     0.000     0.000     0.000    -0.033    -0.012     0.005     0.021
   7 0 0 0 1 1 1 1  24   5  27   0   0   0   0     1.625     2.532     1.216     0.000     0.000     0.000     0.000   0   0   0   0   0   0   0     0.000     0.000     0.000    -0.115    -0.050    -0.002     0.031
   7 0 0 0 1 1 1 1  31   0  10   0   0   0   0     2.162     4.696     9.913     0.000     0.000     0.000     0.000   0   0   0   0   0   0   0     0.000     0.000     0.000    -0.013    -0.103     0.055    -0.002
   7 0 0 0 1 1 1 1  30   5  28   0   0   0   0     1.617     2.540     1.506     0.000     0.000     0.000     0.000   0   0   0   0   0   0   0     0.000     0.000     0.000    -0.086    -0.035     0.004     0.040
   7 0 0 0 1 1 1 1  32  11   6   0   0   0   0     1.995    86.129     4.755     0.000     0.000     0.000     0.000   0   0   0   0   0   0   0     0.000     0.000     0.000    -0.008    -0.027     0.001     0.016
   7 0 0 0 1 1 1 1  28  28  14   0   0   0   0     1.313     1.229    81.569     0.000     0.000     0.000     0.000   0   0   0   0   0   0   0     0.000     0.000     0.000    -0.101    -0.049    -0.000     0.040
   7 0 0 0 1 1 1 1  20   0   0   0   0   0   0    64.471     5.013     4.818     0.000     0.000     0.000     0.000   0   0   0   0   0   0   0     0.000     0.000     0.000     0.037    -0.049    -0.038    -0.128
   7 0 0 0 1 1 1 1  31   4  32   0   0   0   0     2.212     4.252     2.286     0.000     0.000     0.000     0.000   0   0   0   0   0   0   0     0.000     0.000     0.000    -0.045    -0.008     0.016     0.049
   7 0 0 0 1 1 1 1  28  27   1   0   0   0   0     1.364     1.051     9.945     0.000     0.000     0.000     0.000   0   0   0   0   0   0   0     0.000     0.000     0.000    -0.037    -0.012     0.001     0.014
   7 0 0 0 1 1 1 1  24  26   3   0   0   0   0     1.630     1.521     7.893     0.000     0.000     0.000     0.000   0   0   0   0   0   0   0     0.000     0.000     0.000    -0.090    -0.040     0.021    -0.018
   7 0 0 0 1 1 1 1  18   0   0   0   0   0   0    73.586     4.988     4.768     0.000     0.000     0.000     0.000   0   0   0   0   0   0   0     0.000     0.000     0.000     0.040    -0.040    -0.025    -0.106
   7 0 0 0 1 1 1 1  30  26  28   0   0   0   0     1.789     1.674     1.554     0.000     0.000     0.000     0.000   0   0   0   0   0   0   0     0.000     0.000     0.000    -0.037    -0.006     0.018     0.064
   7 0 0 0 1 1 1 1  27  28  27   0   0   0   0     1.108     1.222     1.232     0.000     0.000     0.000     0.000   0   0   0   0   0   0   0     0.000     0.000     0.000    -0.037    -0.017     0.002     0.018
   7 0 0 0 1 1 1 1  28  24  24   0   0   0   0     1.368     1.857     1.848     0.000     0.000     0.000     0.000   0   0   0   0   0   0   0     0.000     0.000     0.000    -0.043     0.019     0.006     0.043
   7 0 0 0 1 1 1 1  31  22  32   0   0   0   0     2.157     0.964     2.265     0.000     0.000     0.000     0.000   0   0   0   0   0   0   0     0.000     0.000     0.000    -0.009    -0.074     0.013     0.060
   7 0 0 0 1 1 1 1  28  25  16   0   0   0   0     1.438     1.390    77.859     0.000     0.000     0.000     0.000   0   0   0   0   0   0   0     0.000     0.000     0.000    -0.037    -0.006     0.032     0.008
   7 0 0 0 1 1 1 1  32   6   6   0   0   0   0     2.008     4.534     4.743     0.000     0.000     0.000     0.000   0   0   0   0   0   0   0     0.000     0.000     0.000    -0.020    -0.006     0.000     0.012
   7 0 0 0 1 1 1 1  28  28  24   0   0   0   0     1.368     1.257     1.884     0.000     0.000     0.000     0.000   0   0   0   0   0   0   0     0.000     0.000     0.000    -0.065    -0.021     0.007     0.048
   7 0 0 0 1 1 1 1  19   0   2   0   0   0   0    68.716     5.037     9.936     0.000     0.000     0.000     0.000   0   0   0   0   0   0   0     0.000     0.000     0.000     0.030    -0.039    -0.175    -0.035
   7 0 0 0 1 1 1 1  23  29  28   0   0   0   0     1.176     1.251     1.457     0.000     0.000     0.000     0.000   0   0   0   0   0   0   0     0.000     0.000     0.000    -0.056    -0.015    -0.001     0.021
   7 0 0 0 1 1 1 1  27  31  11   0   0   0   0     1.160     1.805    86.370     0.000     0.000     0.000     0.000   0   0   0   0   0   0   0     0.000     0.000     0.000    -0.029    -0.009     0.003     0.017
   7 0 0 0 1 1 1 1  24  26   3   0   0   0   0     1.631     1.506     7.893     0.000     0.000     0.000     0.000   0   0   0   0   0   0   0     0.000     0.000     0.000    -0.080    -0.032     0.017    -0.017
   7 0 0 0 1 1 1 1  31   0  32   0   0   0   0     2.149     4.726     2.274     0.000     0.000     0.000     0.000   0   0   0   0   0   0   0     0.000     0.000     0.000    -0.011    -0.069     0.013     0.058
   7 0 0 0 1 1 1 1  29  25  30   0   0   0   0     1.410     1.277     1.900     0.000     0.000     0.000     0.000   0   0   0   0   0   0   0     0.000     0.000     0.000    -0.065    -0.022     0.002     0.027
   7 0 0 0 1 1 1 1  32  23   6   0   0   0   0     1.969     1.080     4.735     0.000     0.000     0.000     0.000   0   0   0   0   0   0   0     0.000     0.000     0.000    -0.026    -0.009    -0.000     0.010
   7 0 0 0 1 1 1 1  27  13  17   0   0   0   0     1.200    80.358    77.662     0.000     0.000     0.000     0.000   0   0   0   0   0   0   0     0.000     0.000     0.000    -0.037     0.002     0.010     0.048
   7 0 0 0 1 1 1 1  17   0  32   0   0   0   0    77.096     4.970     1.795     0.000     0.000     0.000     0.000   0   0   0   0   0   0   0     0.000     0.000     0.000     0.028    -0.030    -0.150    -0.028
   7 0 0 0 1 1 1 1  30  29  28   0   0   0   0     1.789     1.260     1.567     0.000     0.000     0.000     0.000   0   0   0   0   0   0   0     0.000     0.000     0.000    -0.044    -0.008     0.012     0.056
   7 0 0 0 1 1 1 1  32   6   3   0   0   0   0     2.013     4.547     7.785     0.000     0.000     0.000     0.000   0   0   0   0   0   0   0     0.000     0.000     0.000    -0.016    -0.004     0.000     0.010
   7 0 0 0 1 1 1 1  27  13  25   0   0   0   0     1.212    80.400     1.509     0.000     0.000     0.000     0.000   0   0   0   0   0   0   0     0.000     0.000     0.000    -0.032     0.003     0.049     0.013
   7 0 0 0 1 1 1 1   7  10   2   0   0   0   0     5.586     9.173     9.936     0.000     0.000     0.000     0.000   0   0   0   0   0   0   0     0.000     0.000     0.000     0.066     0.024    -0.144    -0.013
   7 0 0 0 1 1 1 1  28  24  16   0   0   0   0     1.438     1.555    77.737     0.000     0.000     0.000     0.000   0   0   0   0   0   0   0     0.000     0.000     0.000    -0.034    -0.007     0.025     0.006
   7 0 0 0 1 1 1 1  32  31  11   0   0   0   0     1.958     1.780    86.652     0.000     0.000     0.000     0.000   0   0   0   0   0   0   0     0.000     0.000     0.000    -0.025    -0.008     0.002     0.020
   7 0 0 0 1 1 1 1  28  28  24   0   0   0   0     1.308     1.219     1.876     0.000     0.000     0.000     0.000   0   0   0   0   0   0   0     0.000     0.000     0.000    -0.072    -0.028     0.001     0.034
   7 0 0 0 1 1 1 1  17  10  32   0   0   0   0    77.933     9.942     1.728     0.000     0.000     0.000     0.000   0   0   0   0   0   0   0     0.000     0.000     0.000     0.027    -0.011    -0.133    -0.033
   7 0 0 0 1 1 1 1  25   5  28   0   0   0   0     1.402     2.526     1.455     0.000     0.000     0.000     0.000   0   0   0   0   0   0   0     0.000     0.000     0.000    -0.050    -0.015    -0.002     0.014
   7 0 0 0 1 1 1 1   3   2  11   0   0   0   0     7.751    10.197    86.478     0.000     0.000     0.000     0.000   0   0   0   0   0   0   0     0.000     0.000     0.000    -0.007     0.010     0.005     0.030
   7 0 0 0 1 1 1 1  13  24   7   0   0   0   0    80.565     1.884     5.947     0.000     0.000     0.000     0.000   0   0   0   0   0   0   0     0.000     0.000     0.000    -0.020     0.026     0.008     0.036
   7 0 0 0 1 1 1 1  31   0  24   0   0   0   0     2.133     4.735     1.829     0.000     0.000     0.000     0.000   0   0   0   0   0   0   0     0.000     0.000     0.000    -0.008    -0.055     0.024    -0.011
   7 0 0 0 1 1 1 1  26  25  32   0   0   0   0     1.713     1.271     2.295     0.000     0.000     0.000     0.000   0   0   0   0   0   0   0     0.000     0.000     0.000    -0.047    -0.015     0.004     0.044
   7 0 0 0 1 1 1 1  24  11  27   0   0   0   0     1.625    86.425     1.233     0.000     0.000     0.000     0.000   0   0   0   0   0   0   0     0.000     0.000     0.000    -0.012     0.002     0.001     0.014
   7 0 0 0 1 1 1 1  27  13  24   0   0   0   0     1.222    80.518     1.888     0.000     0.000     0.000     0.000   0   0   0   0   0   0   0     0.000     0.000     0.000    -0.022     0.006     0.013     0.039
   7 0 0 0 1 1 1 1  18   0   0   0   0   0   0    73.583     5.037     4.834     0.000     0.000     0.000     0.000   0   0   0   0   0   0   0     0.000     0.000     0.000     0.021    -0.023    -0.014    -0.063
   7 0 0 0 1 1 1 1  16  28  25   0   0   0   0    79.473     1.580     1.283     0.000     0.000     0.000     0.000   0   0   0   0   0   0   0     0.000     0.000     0.000     0.006     0.049    -0.039    -0.010
   7 0 0 0 1 1 1 1  32  23   6   0   0   0   0     2.019     1.080     4.727     0.000     0.000     0.000     0.000   0   0   0   0   0   0   0     0.000     0.000     0.000    -0.019    -0.005    -0.001     0.008
   7 0 0 0 1 1 1 1  28  28  21   0   0   0   0     1.297     1.216    63.303     0.000     0.000     0.000     0.000   0   0   0   0   0   0   0     0.000     0.000     0.000    -0.065    -0.025    -0.001     0.024
   7 0 0 0 1 1 1 1  12  14  32   0   0   0   0    86.423    80.451     1.897     0.000     0.000     0.000     0.000   0   0   0   0   0   0   0     0.000     0.000     0.000    -0.008     0.022    -0.092    -0.019
   7 0 0 0 1 1 1 1  28  29  11   0   0   0   0     1.428     1.281    86.201     0.000     0.000     0.000     0.000   0   0   0   0   0   0   0     0.000     0.000     0.000    -0.025    -0.006     0.013    -0.004
   7 0 0 0 1 1 1 1   3  15  11   0   0   0   0     7.761    72.419    86.478     0.000     0.000     0.000     0.000   0   0   0   0   0   0   0     0.000     0.000     0.000    -0.009     0.001     0.005     0.027
   7 0 0 0 1 1 1 1  27   1  17   0   0   0   0     1.216    10.246    76.316     0.000     0.000     0.000     0.000   0   0   0   0   0   0   0     0.000     0.000     0.000    -0.005    -0.044     0.009     0.035
   7 0 0 0 1 1 1 1  30  21  15   0   0   0   0     1.843    66.564    72.562     0.000     0.000     0.000     0.000   0   0   0   0   0   0   0     0.000     0.000     0.000    -0.008    -0.106     0.015     0.046
   7 0 0 0 1 1 1 1  28   4  28   0   0   0   0     1.456     4.316     1.585     0.000     0.000     0.000     0.000   0   0   0   0   0   0   0     0.000     0.000     0.000    -0.014    -0.001     0.008     0.044
   7 0 0 0 1 1 1 1   3   2  17   0   0   0   0     7.748    10.264    73.019     0.000     0.000     0.000     0.000   0   0   0   0   0   0   0     0.000     0.000     0.000    -0.005     0.014     0.026     0.004
   7 0 0 0 1 1 1 1  29  28  20   0   0   0   0     1.360     1.220    66.555     0.000     0.000     0.000     0.000   0   0   0   0   0   0   0     0.000     0.000     0.000    -0.054    -0.019     0.001     0.030
   7 0 0 0 1 1 1 1  17   0  32   0   0   0   0    78.023     4.970     1.668     0.000     0.000     0.000     0.000   0   0   0   0   0   0   0     0.000     0.000     0.000     0.013    -0.019    -0.098    -0.024
   7 0 0 0 1 1 1 1  25   5  32   0   0   0   0     1.409     2.513     2.282     0.000     0.000     0.000     0.000   0   0   0   0   0   0   0     0.000     0.000     0.000    -0.036    -0.010     0.003     0.019
   7 0 0 0 1 1 1 1  32  31  11   0   0   0   0     1.953     1.766    86.664     0.000     0.000     0.000     0.000   0   0   0   0   0   0   0     0.000     0.000     0.000    -0.022    -0.005     0.001     0.014
   7 0 0 0 1 1 1 1  27  13  24   0   0   0   0     1.222    80.358     1.889     0.000     0.000     0.000     0.000   0   0   0   0   0   0   0     0.000     0.000     0.000    -0.019     0.002     0.010     0.031
   7 0 0 0 1 1 1 1  31   0  32   0   0   0   0     2.133     4.719     2.284     0.000     0.000     0.000     0.000   0   0   0   0   0   0   0     0.000     0.000     0.000    -0.005    -0.037     0.006     0.037
   7 0 0 0 1 1 1 1  28  28  16   0   0   0   0     1.430     1.246    77.724     0.000     0.000     0.000     0.000   0   0   0   0   0   0   0     0.000     0.000     0.000    -0.023    -0.005     0.016     0.002
   7 0 0 0 1 1 1 1   3  17  15   0   0   0   0     7.780    78.003    72.339     0.000     0.000     0.000     0.000   0   0   0   0   0   0   0     0.000     0.000     0.000    -0.005     0.004     0.002     0.013
   7 0 0 0 1 1 1 1  24  14   3   0   0   0   0     1.854    80.289     7.781     0.000     0.000     0.000     0.000   0   0   0   0   0   0   0     0.000     0.000     0.000    -0.034     0.001     0.030     0.010
   7 0 0 0 1 1 1 1  17   0  22   0   0   0   0    77.012     5.060     1.023     0.000     0.000     0.000     0.000   0   0   0   0   0   0   0     0.000     0.000     0.000     0.014    -0.016    -0.011    -0.055
   7 0 0 0 1 1 1 1  22  31  28   0   0   0   0     0.859     1.779     1.548     0.000     0.000     0.000     0.000   0   0   0   0   0   0   0     0.000     0.000     0.000    -0.032    -0.010     0.002     0.026
   7 0 0 0 1 1 1 1  32  23   6   0   0   0   0     2.050     1.078     4.765     0.000     0.000     0.000     0.000   0   0   0   0   0   0   0     0.000     0.000     0.000    -0.015    -0.003    -0.000     0.007
   7 0 0 0 1 1 1 1  27   3  24   0   0   0   0     1.224     7.910     1.889     0.000     0.000     0.000     0.000   0   0   0   0   0   0   0     0.000     0.000     0.000    -0.003    -0.035     0.009     0.030
   7 0 0 0 1 1 1 1  12  32  32   0   0   0   0    86.412     1.935     1.898     0.000     0.000     0.000     0.000   0   0   0   0   0   0   0     0.000     0.000     0.000    -0.013     0.013    -0.063    -0.013
   7 0 0 0 1 1 1 1  16   6   5   0   0   0   0    79.239     5.483     3.045     0.000     0.000     0.000     0.000   0   0   0   0   0   0   0     0.000     0.000     0.000     0.007    -0.008    -0.011    -0.001
   7 0 0 0 1 1 1 1  32   6  11   0   0   0   0     2.137     4.542    86.436     0.000     0.000     0.000     0.000   0   0   0   0   0   0   0     0.000     0.000     0.000    -0.008    -0.001     0.002     0.015
   7 0 0 0 1 1 1 1  13  24   6   0   0   0   0    80.596     1.876     4.761     0.000     0.000     0.000     0.000   0   0   0   0   0   0   0     0.000     0.000     0.000    -0.012     0.018     0.005     0.022
   7 0 0 0 1 1 1 1  24  16  17   0   0   0   0     1.775    80.112    75.475     0.000     0.000     0.000     0.000   0   0   0   0   0   0   0     0.000     0.000     0.000     0.015    -0.011     0.004    -0.025
   7 0 0 0 1 1 1 1  25  29  28   0   0   0   0     1.402     1.212     1.596     0.000     0.000     0.000     0.000   0   0   0   0   0   0   0     0.000     0.000     0.000    -0.026    -0.007     0.003     0.037
   7 0 0 0 1 1 1 1   3  17  17   0   0   0   0     7.748    78.003    72.907     0.000     0.000     0.000     0.000   0   0   0   0   0   0   0     0.000     0.000     0.000    -0.005     0.003     0.023     0.003
   7 0 0 0 1 1 1 1  15  24  16   0   0   0   0    72.445     1.863    80.771     0.000     0.000     0.000     0.000   0   0   0   0   0   0   0     0.000     0.000     0.000    -0.013     0.014     0.006     0.022
   7 0 0 0 1 1 1 1  30  21  10   0   0   0   0     1.892    67.459     9.128     0.000     0.000     0.000     0.000   0   0   0   0   0   0   0     0.000     0.000     0.000    -0.004    -0.087     0.038     0.012
   7 0 0 0 1 1 1 1  28  28  28   0   0   0   0     1.462     1.247     1.599     0.000     0.000     0.000     0.000   0   0   0   0   0   0   0     0.000     0.000     0.000    -0.017    -0.003     0.005     0.034
   7 0 0 0 1 1 1 1  32  23  11   0   0   0   0     2.145     1.075    86.314     0.000     0.000     0.000     0.000   0   0   0   0   0   0   0     0.000     0.000     0.000    -0.015    -0.002     0.001     0.011
   7 0 0 0 1 1 1 1  27   3   3   0   0   0   0     1.223     7.910     7.990     0.000     0.000     0.000     0.000   0   0   0   0   0   0   0     0.000     0.000     0.000    -0.002    -0.032     0.013    -0.013
   7 0 0 0 1 1 1 1  24  16  17   0   0   0   0     1.669    80.106    74.835     0.000     0.000     0.000     0.000   0   0   0   0   0   0   0     0.000     0.000     0.000     0.018    -0.008     0.011    -0.016
   7 0 0 0 1 1 1 1  16   0   5   0   0   0   0    79.193     5.108     3.018     0.000     0.000     0.000     0.000   0   0   0   0   0   0   0     0.000     0.000     0.000     0.006    -0.007    -0.009    -0.000
   7 0 0 0 1 1 1 1   3  27  15   0   0   0   0     7.783     1.212    72.354     0.000     0.000     0.000     0.000   0   0   0   0   0   0   0     0.000     0.000     0.000    -0.004     0.002     0.001     0.011
   7 0 0 0 1 1 1 1  28  28  14   0   0   0   0     1.242     1.210    81.694     0.000     0.000     0.000     0.000   0   0   0   0   0   0   0     0.000     0.000     0.000    -0.050    -0.023    -0.002     0.015
   7 0 0 0 1 1 1 1   0  16  17   0   0   0   0     4.834    80.142    75.786     0.000     0.000     0.000     0.000   0   0   0   0   0   0   0     0.000     0.000     0.000     0.011    -0.009    -0.002    -0.035
   7 0 0 0 1 1 1 1  25  25  28   0   0   0   0     1.409     1.261     1.565     0.000     0.000     0.000     0.000   0   0   0   0   0   0   0     0.000     0.000     0.000    -0.025    -0.006     0.002     0.022
   7 0 0 0 1 1 1 1  27  23   9   0   0   0   0     1.246     1.090     9.314     0.000     0.000     0.000     0.000   0   0   0   0   0   0   0     0.000     0.000     0.000    -0.010     0.000     0.010     0.023
   7 0 0 0 1 1 1 1  29  28  24   0   0   0   0     1.341     1.212     1.884     0.000     0.000     0.000     0.000   0   0   0   0   0   0   0     0.000     0.000     0.000    -0.044    -0.013     0.000     0.017
   7 0 0 0 1 1 1 1  24  16   3   0   0   0   0     1.665    80.100     7.910     0.000     0.000     0.000     0.000   0   0   0   0   0   0   0     0.000     0.000     0.000     0.015    -0.006    -0.013     0.011
   7 0 0 0 1 1 1 1  22  31  32   0   0   0   0     0.861     1.770     2.287     0.000     0.000     0.000     0.000   0   0   0   0   0   0   0     0.000     0.000     0.000    -0.024    -0.006     0.001     0.013
   7 0 0 0 1 1 1 1   3  16  11   0   0   0   0     7.761    80.754    86.478     0.000     0.000     0.000     0.000   0   0   0   0   0   0   0     0.000     0.000     0.000    -0.003     0.006     0.002     0.019
   7 0 0 0 1 1 1 1  13  22  26   0   0   0   0    80.558     1.134     1.785     0.000     0.000     0.000     0.000   0   0   0   0   0   0   0     0.000     0.000     0.000    -0.009     0.015     0.003     0.017
   7 0 0 0 1 1 1 1   0  16  17   0   0   0   0     4.834    80.142    75.716     0.000     0.000     0.000     0.000   0   0   0   0   0   0   0     0.000     0.000     0.000     0.009    -0.007    -0.001    -0.030
   7 0 0 0 1 1 1 1  30  28  15   0   0   0   0     1.804     1.227    72.623     0.000     0.000     0.000     0.000   0   0   0   0   0   0   0     0.000     0.000     0.000    -0.016    -0.002     0.004     0.027
   7 0 0 0 1 1 1 1   3  28   3   0   0   0   0     7.999     1.216     8.058     0.000     0.000     0.000     0.000   0   0   0   0   0   0   0     0.000     0.000     0.000    -0.015    -0.000     0.008     0.021
   7 0 0 0 1 1 1 1  27   3   3   0   0   0   0     1.224     7.910     7.990     0.000     0.000     0.000     0.000   0   0   0   0   0   0   0     0.000     0.000     0.000    -0.002    -0.027     0.012    -0.010
   7 0 0 0 1 1 1 1  32  21  10   0   0   0   0     2.284    67.850     9.076     0.000     0.000     0.000     0.000   0   0   0   0   0   0   0     0.000     0.000     0.000    -0.002    -0.076     0.031     0.014
   7 0 0 0 1 1 1 1  22  11   6   0   0   0   0     0.877    86.390     5.483     0.000     0.000     0.000     0.000   0   0   0   0   0   0   0     0.000     0.000     0.000    -0.003    -0.010     0.004    -0.007
   7 0 0 0 1 1 1 1  27   9  15   0   0   0   0     1.223     8.711    72.620     0.000     0.000     0.000     0.000   0   0   0   0   0   0   0     0.000     0.000     0.000     0.001    -0.004     0.001     0.011
   7 0 0 0 1 1 1 1  14  22   7   0   0   0   0    80.595     1.127     5.938     0.000     0.000     0.000     0.000   0   0   0   0   0   0   0     0.000     0.000     0.000    -0.014     0.013     0.001     0.015
   7 0 0 0 1 1 1 1  32  21   7   0   0   0   0     1.804    68.491     5.017     0.000     0.000     0.000     0.000   0   0   0   0   0   0   0     0.000     0.000     0.000    -0.020    -0.083     0.024     0.000
   7 0 0 0 1 1 1 1  16   0  19   0   0   0   0    79.433     5.145    68.197     0.000     0.000     0.000     0.000   0   0   0   0   0   0   0     0.000     0.000     0.000     0.004    -0.007    -0.010    -0.003
   7 0 0 0 1 1 1 1   3  17  11   0   0   0   0     7.746    78.003    86.478     0.000     0.000     0.000     0.000   0   0   0   0   0   0   0     0.000     0.000     0.000    -0.004     0.003     0.002     0.017
   7 0 0 0 1 1 1 1  28  28   1   0   0   0   0     1.233     1.210    10.227     0.000     0.000     0.000     0.000   0   0   0   0   0   0   0     0.000     0.000     0.000    -0.038    -0.019     0.003    -0.011
   7 0 0 0 1 1 1 1  24   9   3   0   0   0   0     1.665     8.712     7.907     0.000     0.000     0.000     0.000   0   0   0   0   0   0   0     0.000     0.000     0.000     0.003     0.023    -0.011     0.010
   7 0 0 0 1 1 1 1  22   3  31   0   0   0   0     0.877     7.850     2.205     0.000     0.000     0.000     0.000   0   0   0   0   0   0   0     0.000     0.000     0.000    -0.004    -0.019    -0.001     0.005
   7 0 0 0 1 1 1 1   3  32  15   0   0   0   0     7.951     1.924    72.452     0.000     0.000     0.000     0.000   0   0   0   0   0   0   0     0.000     0.000     0.000    -0.004     0.000     0.004     0.015
   7 0 0 0 1 1 1 1  27  17   3   0   0   0   0     1.212    74.897     7.876     0.000     0.000     0.000     0.000   0   0   0   0   0   0   0     0.000     0.000     0.000    -0.042    -0.003     0.009    -0.000
   7 0 0 0 1 1 1 1  32  21  10   0   0   0   0     1.804    68.491     9.266     0.000     0.000     0.000     0.000   0   0   0   0   0   0   0     0.000     0.000     0.000    -0.018    -0.074     0.019    -0.000
   7 0 0 0 1 1 1 1  25   5  28   0   0   0   0     1.404     2.487     1.608     0.000     0.000     0.000     0.000   0   0   0   0   0   0   0     0.000     0.000     0.000    -0.019    -0.004     0.002     0.029
   7 0 0 0 1 1 1 1  27   9  15   0   0   0   0     1.215     8.711    72.604     0.000     0.000     0.000     0.000   0   0   0   0   0   0   0     0.000     0.000     0.000     0.001    -0.004     0.001     0.009
   7 0 0 0 1 1 1 1  24  13   3   0   0   0   0     1.828    79.762     7.848     0.000     0.000     0.000     0.000   0   0   0   0   0   0   0     0.000     0.000     0.000    -0.023     0.000     0.015     0.000
   7 0 0 0 1 1 1 1   0  16  17   0   0   0   0     4.834    80.147    75.552     0.000     0.000     0.000     0.000   0   0   0   0   0   0   0     0.000     0.000     0.000     0.007    -0.006     0.001    -0.021
   7 0 0 0 1 1 1 1  28  28  23   0   0   0   0     1.420     1.219     1.296     0.000     0.000     0.000     0.000   0   0   0   0   0   0   0     0.000     0.000     0.000    -0.013    -0.002     0.001     0.012
   7 0 0 0 1 1 1 1   3  16  12   0   0   0   0     7.794    80.728    86.186     0.000     0.000     0.000     0.000   0   0   0   0   0   0   0     0.000     0.000     0.000    -0.002     0.004     0.002     0.016
   7 0 0 0 1 1 1 1  27   3   2   0   0   0   0     1.225     7.941    10.333     0.000     0.000     0.000     0.000   0   0   0   0   0   0   0     0.000     0.000     0.000    -0.002    -0.030     0.006     0.019
   7 0 0 0 1 1 1 1  17  15  24   0   0   0   0    75.535    72.583     1.628     0.000     0.000     0.000     0.000   0   0   0   0   0   0   0     0.000     0.000     0.000     0.004     0.020     0.008    -0.009
   7 0 0 0 1 1 1 1  30  25  27   0   0   0   0     1.924     1.398     1.261     0.000     0.000     0.000     0.000   0   0   0   0   0   0   0     0.000     0.000     0.000    -0.004     0.000     0.006     0.027
   7 0 0 0 1 1 1 1  31  31   3   0   0   0   0     1.764     1.659     7.998     0.000     0.000     0.000     0.000   0   0   0   0   0   0   0     0.000     0.000     0.000    -0.024    -0.011    -0.000     0.009
   7 0 0 0 1 1 1 1  26  28   1   0   0   0   0     1.734     1.212    10.214     0.000     0.000     0.000     0.000   0   0   0   0   0   0   0     0.000     0.000     0.000    -0.035    -0.005     0.007    -0.008
   7 0 0 0 1 1 1 1   0  16   2   0   0   0   0     4.834    80.147    10.199     0.000     0.000     0.000     0.000   0   0   0   0   0   0   0     0.000     0.000     0.000     0.006    -0.005    -0.028    -0.004
   7 0 0 0 1 1 1 1  22  11   6   0   0   0   0     0.879    86.616     5.488     0.000     0.000     0.000     0.000   0   0   0   0   0   0   0     0.000     0.000     0.000    -0.003    -0.020     0.003    -0.006
   7 0 0 0 1 1 1 1  23  32  16   0   0   0   0     1.087     1.799    80.572     0.000     0.000     0.000     0.000   0   0   0   0   0   0   0     0.000     0.000     0.000    -0.012    -0.005    -0.000     0.005
   7 0 0 0 1 1 1 1  24  13   3   0   0   0   0     1.828    79.835     7.848     0.000     0.000     0.000     0.000   0   0   0   0   0   0   0     0.000     0.000     0.000    -0.017     0.000     0.013     0.001
   7 0 0 0 1 1 1 1  32  24  15   0   0   0   0     2.284     1.626    72.583     0.000     0.000     0.000     0.000   0   0   0   0   0   0   0     0.000     0.000     0.000     0.008    -0.004     0.005     0.018
   7 0 0 0 1 1 1 1  28  25  15   0   0   0   0     1.535     1.402    72.737     0.000     0.000     0.000     0.000   0   0   0   0   0   0   0     0.000     0.000     0.000    -0.004     0.001     0.008     0.025
   7 0 0 0 1 1 1 1   3  17  11   0   0   0   0     7.746    78.003    86.749     0.000     0.000     0.000     0.000   0   0   0   0   0   0   0     0.000     0.000     0.000    -0.003     0.002     0.002     0.022
   7 0 0 0 1 1 1 1  27   1  24   0   0   0   0     1.220    10.241     1.904     0.000     0.000     0.000     0.000   0   0   0   0   0   0   0     0.000     0.000     0.000    -0.001    -0.017     0.004     0.014
   7 0 0 0 1 1 1 1  32  21   8   0   0   0   0     1.819    68.385     7.001     0.000     0.000     0.000     0.000   0   0   0   0   0   0   0     0.000     0.000     0.000    -0.012    -0.059     0.012    -0.000
   7 0 0 0 1 1 1 1  30  28  28   0   0   0   0     1.927     1.244     1.613     0.000     0.000     0.000     0.000   0   0   0   0   0   0   0     0.000     0.000     0.000    -0.008    -0.000     0.005     0.021
   7 0 0 0 1 1 1 1  32   9   5   0   0   0   0     2.130     8.653     3.316     0.000     0.000     0.000     0.000   0   0   0   0   0   0   0     0.000     0.000     0.000     0.006    -0.002     0.001     0.006
   7 0 0 0 1 1 1 1  24  15  28   0   0   0   0     1.828    72.186     1.344     0.000     0.000     0.000     0.000   0   0   0   0   0   0   0     0.000     0.000     0.000    -0.010     0.002     0.023     0.005
   7 0 0 0 1 1 1 1  17  24  24   0   0   0   0    75.522     1.909     1.627     0.000     0.000     0.000     0.000   0   0   0   0   0   0   0     0.000     0.000     0.000     0.009    -0.007     0.007    -0.007
   7 0 0 0 1 1 1 1  22   3  24   0   0   0   0     0.879     7.846     1.882     0.000     0.000     0.000     0.000   0   0   0   0   0   0   0     0.000     0.000     0.000    -0.002    -0.016     0.003    -0.004
   7 0 0 0 1 1 1 1  13  20   4   0   0   0   0    83.029    65.248     4.207     0.000     0.000     0.000     0.000   0   0   0   0   0   0   0     0.000     0.000     0.000    -0.001     0.003    -0.022    -0.009
   7 0 0 0 1 1 1 1  31  31  19   0   0   0   0     1.770     1.652    70.828     0.000     0.000     0.000     0.000   0   0   0   0   0   0   0     0.000     0.000     0.000    -0.059    -0.022    -0.001     0.012
   7 0 0 0 1 1 1 1  32  17  24   0   0   0   0     1.919    75.265     1.625     0.000     0.000     0.000     0.000   0   0   0   0   0   0   0     0.000     0.000     0.000     0.030    -0.010     0.019    -0.000
   7 0 0 0 1 1 1 1  11  28   3   0   0   0   0    86.203     1.405     7.846     0.000     0.000     0.000     0.000   0   0   0   0   0   0   0     0.000     0.000     0.000    -0.002     0.003    -0.002    -0.014
   7 0 0 0 1 1 1 1   3  13   7   0   0   0   0     7.947    80.541     5.524     0.000     0.000     0.000     0.000   0   0   0   0   0   0   0     0.000     0.000     0.000    -0.002     0.001     0.029     0.004
   7 0 0 0 1 1 1 1  27   3   2   0   0   0   0     1.225     7.919    10.349     0.000     0.000     0.000     0.000   0   0   0   0   0   0   0     0.000     0.000     0.000    -0.001    -0.018     0.004     0.016
   7 0 0 0 1 1 1 1   3  22  26   0   0   0   0     7.650     1.047     1.704     0.000     0.000     0.000     0.000   0   0   0   0   0   0   0     0.000     0.000     0.000    -0.003    -0.025     0.028     0.000
   7 0 0 0 1 1 1 1  28  28  27   0   0   0   0     1.536     1.216     1.264     0.000     0.000     0.000     0.000   0   0   0   0   0   0   0     0.000     0.000     0.000    -0.011    -0.000     0.006     0.021
   7 0 0 0 1 1 1 1   3  17  11   0   0   0   0     7.746    77.903    86.478     0.000     0.000     0.000     0.000   0   0   0   0   0   0   0     0.000     0.000     0.000    -0.003     0.001     0.001     0.013
   7 0 0 0 1 1 1 1  31  32  19   0   0   0   0     1.788     1.400    70.840     0.000     0.000     0.000     0.000   0   0   0   0   0   0   0     0.000     0.000     0.000    -0.055    -0.016    -0.001     0.011
   7 0 0 0 1 1 1 1  17   0  16   0   0   0   0    75.567     5.159    79.082     0.000     0.000     0.000     0.000   0   0   0   0   0   0   0     0.000     0.000     0.000     0.007    -0.006    -0.011     0.001
   7 0 0 0 1 1 1 1  25  26   0   0   0   0   0     1.408     1.491     5.145     0.000     0.000     0.000     0.000   0   0   0   0   0   0   0     0.000     0.000     0.000    -0.013    -0.002     0.002    -0.005
   7 0 0 0 1 1 1 1  27   9  15   0   0   0   0     1.216     8.711    72.612     0.000     0.000     0.000     0.000   0   0   0   0   0   0   0     0.000     0.000     0.000     0.001    -0.003     0.001     0.006
   7 0 0 0 1 1 1 1  24  13  28   0   0   0   0     1.876    79.835     1.345     0.000     0.000     0.000     0.000   0   0   0   0   0   0   0     0.000     0.000     0.000    -0.011     0.001     0.042     0.006
   7 0 0 0 1 1 1 1  21   3   4   0   0   0   0    68.167     7.919     4.224     0.000     0.000     0.000     0.000   0   0   0   0   0   0   0     0.000     0.000     0.000    -0.001     0.010    -0.064    -0.033
   7 0 0 0 1 1 1 1  22  11   6   0   0   0   0     0.880    86.616     5.469     0.000     0.000     0.000     0.000   0   0   0   0   0   0   0     0.000     0.000     0.000    -0.002    -0.016     0.002    -0.004
   7 0 0 0 1 1 1 1  13  11   7   0   0   0   0    83.110    86.423     5.717     0.000     0.000     0.000     0.000   0   0   0   0   0   0   0     0.000     0.000     0.000    -0.000     0.004    -0.018    -0.008
   7 0 0 0 1 1 1 1  27  17   3   0   0   0   0     1.220    74.897     7.990     0.000     0.000     0.000     0.000   0   0   0   0   0   0   0     0.000     0.000     0.000    -0.021    -0.001     0.005    -0.008
   7 0 0 0 1 1 1 1   3  10  26   0   0   0   0     7.631     9.719     1.704     0.000     0.000     0.000     0.000   0   0   0   0   0   0   0     0.000     0.000     0.000    -0.041    -0.004     0.026    -0.000
   7 0 0 0 1 1 1 1  17  28  11   0   0   0   0    73.091     1.623    86.203     0.000     0.000     0.000     0.000   0   0   0   0   0   0   0     0.000     0.000     0.000     0.008     0.019     0.001    -0.002
   7 0 0 0 1 1 1 1   3  28   3   0   0   0   0     8.014     1.212     8.058     0.000     0.000     0.000     0.000   0   0   0   0   0   0   0     0.000     0.000     0.000    -0.010    -0.000     0.005     0.012
   7 0 0 0 1 1 1 1  26  28   1   0   0   0   0     1.734     1.208    10.212     0.000     0.000     0.000     0.000   0   0   0   0   0   0   0     0.000     0.000     0.000    -0.028    -0.003     0.005    -0.006
   7 0 0 0 1 1 1 1   4  10   3   0   0   0   0     3.986     9.023     7.919     0.000     0.000     0.000     0.000   0   0   0   0   0   0   0     0.000     0.000     0.000     0.018     0.010    -0.002     0.009
   7 0 0 0 1 1 1 1  32   5  15   0   0   0   0     2.287     3.927    72.715     0.000     0.000     0.000     0.000   0   0   0   0   0   0   0     0.000     0.000     0.000    -0.000    -0.006     0.004     0.016
   7 0 0 0 1 1 1 1   3  16  13   0   0   0   0     7.718    79.999    80.669     0.000     0.000     0.000     0.000   0   0   0   0   0   0   0     0.000     0.000     0.000    -0.004     0.000     0.001     0.010
   7 0 0 0 1 1 1 1  24  23  28   0   0   0   0     1.827     1.337     1.344     0.000     0.000     0.000     0.000   0   0   0   0   0   0   0     0.000     0.000     0.000    -0.000    -0.018     0.020     0.003
   7 0 0 0 1 1 1 1  24   9   3   0   0   0   0     1.664     8.712     7.910     0.000     0.000     0.000     0.000   0   0   0   0   0   0   0     0.000     0.000     0.000     0.001     0.015    -0.006     0.007
   7 0 0 0 1 1 1 1  25   5   0   0   0   0   0     1.408     2.481     5.094     0.000     0.000     0.000     0.000   0   0   0   0   0   0   0     0.000     0.000     0.000    -0.012    -0.002     0.002    -0.003
   7 0 0 0 1 1 1 1   3   1  13   0   0   0   0     7.796     9.986    80.572     0.000     0.000     0.000     0.000   0   0   0   0   0   0   0     0.000     0.000     0.000    -0.001     0.003     0.001     0.011
   7 0 0 0 1 1 1 1  24  23  28   0   0   0   0     1.882     1.337     1.345     0.000     0.000     0.000     0.000   0   0   0   0   0   0   0     0.000     0.000     0.000     0.000    -0.012     0.038     0.006
   7 0 0 0 1 1 1 1  28  24  24   0   0   0   0     1.327     1.793     1.623     0.000     0.000     0.000     0.000   0   0   0   0   0   0   0     0.000     0.000     0.000    -0.003    -0.020     0.021     0.000
   7 0 0 0 1 1 1 1  22   3  24   0   0   0   0     0.880     7.835     1.880     0.000     0.000     0.000     0.000   0   0   0   0   0   0   0     0.000     0.000     0.000    -0.001    -0.011     0.002    -0.003
   7 0 0 0 1 1 1 1  23  32  16   0   0   0   0     1.075     1.792    80.566     0.000     0.000     0.000     0.000   0   0   0   0   0   0   0     0.000     0.000     0.000    -0.010    -0.006    -0.000     0.003
   7 0 0 0 1 1 1 1  31  32  20   0   0   0   0     1.767     1.418    68.210     0.000     0.000     0.000     0.000   0   0   0   0   0   0   0     0.000     0.000     0.000    -0.046    -0.017    -0.000     0.021
   7 0 0 0 1 1 1 1   8  10  21   0   0   0   0     7.033     9.044    62.372     0.000     0.000     0.000     0.000   0   0   0   0   0   0   0     0.000     0.000     0.000     0.015     0.006     0.002    -0.005
   7 0 0 0 1 1 1 1  11   0   3   0   0   0   0    86.027     5.092     7.353     0.000     0.000     0.000     0.000   0   0   0   0   0   0   0     0.000     0.000     0.000     0.003    -0.003     0.008    -0.001
   7 0 0 0 1 1 1 1   3  13   3   0   0   0   0     8.000    80.565     8.058     0.000     0.000     0.000     0.000   0   0   0   0   0   0   0     0.000     0.000     0.000    -0.001     0.001     0.004     0.011
   7 0 0 0 1 1 1 1  27  17  24   0   0   0   0     1.210    74.897     1.933     0.000     0.000     0.000     0.000   0   0   0   0   0   0   0     0.000     0.000     0.000    -0.030    -0.002     0.002     0.017
   7 0 0 0 1 1 1 1  31  24  26   0   0   0   0     2.064     1.793     1.704     0.000     0.000     0.000     0.000   0   0   0   0   0   0   0     0.000     0.000     0.000    -0.002    -0.017     0.023     0.000
   7 0 0 0 1 1 1 1  28  13   6   0   0   0   0     1.233    79.441     4.825     0.000     0.000     0.000     0.000   0   0   0   0   0   0   0     0.000     0.000     0.000    -0.012    -0.004    -0.001     0.002
   7 0 0 0 1 1 1 1   3  27  26   0   0   0   0     7.760     1.215     1.656     0.000     0.000     0.000     0.000   0   0   0   0   0   0   0     0.000     0.000     0.000    -0.002     0.001     0.074     0.001
   7 0 0 0 1 1 1 1  24   4   2   0   0   0   0     1.806     4.671    10.227     0.000     0.000     0.000     0.000   0   0   0   0   0   0   0     0.000     0.000     0.000    -0.001    -0.020     0.010     0.001
   7 0 0 0 1 1 1 1   8  31   2   0   0   0   0     7.032     2.572     9.951     0.000     0.000     0.000     0.000   0   0   0   0   0   0   0     0.000     0.000     0.000     0.005     0.013    -0.008     0.001
   7 0 0 0 1 1 1 1  16   5   3   0   0   0   0    79.471     3.875     7.367     0.000     0.000     0.000     0.000   0   0   0   0   0   0   0     0.000     0.000     0.000     0.002    -0.004     0.007    -0.002
   7 0 0 0 1 1 1 1  13  20   4   0   0   0   0    82.545    65.248     4.207     0.000     0.000     0.000     0.000   0   0   0   0   0   0   0     0.000     0.000     0.000    -0.000     0.003    -0.017    -0.006
   7 0 0 0 1 1 1 1  22  11   1   0   0   0   0     0.815    86.343    10.214     0.000     0.000     0.000     0.000   0   0   0   0   0   0   0     0.000     0.000     0.000    -0.000    -0.010     0.002    -0.004
   7 0 0 0 1 1 1 1   0   5  23   0   0   0   0     4.867     3.706     1.362     0.000     0.000     0.000     0.000   0   0   0   0   0   0   0     0.000     0.000     0.000     0.001     0.035    -0.011    -0.001
   7 0 0 0 1 1 1 1  17  28  24   0   0   0   0    73.022     1.628     1.775     0.000     0.000     0.000     0.000   0   0   0   0   0   0   0     0.000     0.000     0.000     0.007     0.016    -0.001     0.001
   7 0 0 0 1 1 1 1  27  13   3   0   0   0   0     1.243    80.565     8.058     0.000     0.000     0.000     0.000   0   0   0   0   0   0   0     0.000     0.000     0.000    -0.001     0.001     0.004     0.010
   7 0 0 0 1 1 1 1  27  17   2   0   0   0   0     1.226    73.993    10.352     0.000     0.000     0.000     0.000   0   0   0   0   0   0   0     0.000     0.000     0.000    -0.037    -0.001     0.003     0.012
   7 0 0 0 1 1 1 1  28  10  24   0   0   0   0     1.331     9.689     1.624     0.000     0.000     0.000     0.000   0   0   0   0   0   0   0     0.000     0.000     0.000    -0.035    -0.004     0.017     0.000
   7 0 0 0 1 1 1 1  11  24   3   0   0   0   0    86.249     1.877     7.353     0.000     0.000     0.000     0.000   0   0   0   0   0   0   0     0.000     0.000     0.000     0.001    -0.003     0.007    -0.002
   7 0 0 0 1 1 1 1   3   1  30   0   0   0   0     7.760    10.015     1.638     0.000     0.000     0.000     0.000   0   0   0   0   0   0   0     0.000     0.000     0.000    -0.001     0.004     0.070     0.001
   7 0 0 0 1 1 1 1  31  31  21   0   0   0   0     1.762     1.638    63.988     0.000     0.000     0.000     0.000   0   0   0   0   0   0   0     0.000     0.000     0.000    -0.043    -0.016    -0.001     0.007
   7 0 0 0 1 1 1 1   7  10  32   0   0   0   0     5.194     9.032     2.184     0.000     0.000     0.000     0.000   0   0   0   0   0   0   0     0.000     0.000     0.000     0.013     0.005     0.001    -0.007
   7 0 0 0 1 1 1 1  28  15  30   0   0   0   0     1.216    71.345     1.929     0.000     0.000     0.000     0.000   0   0   0   0   0   0   0     0.000     0.000     0.000    -0.012    -0.005    -0.000     0.003
   7 0 0 0 1 1 1 1  13  11  16   0   0   0   0    82.545    86.423    81.596     0.000     0.000     0.000     0.000   0   0   0   0   0   0   0     0.000     0.000     0.000    -0.000     0.003    -0.007     0.001
   7 0 0 0 1 1 1 1  22  23  28   0   0   0   0     1.136     1.336     1.345     0.000     0.000     0.000     0.000   0   0   0   0   0   0   0     0.000     0.000     0.000     0.000    -0.010     0.029     0.006
   7 0 0 0 1 1 1 1  17  15  24   0   0   0   0    73.425    71.828     1.664     0.000     0.000     0.000     0.000   0   0   0   0   0   0   0     0.000     0.000     0.000     0.042     0.013     0.003    -0.003
   7 0 0 0 1 1 1 1   6  11  24   0   0   0   0     4.825    86.391     1.874     0.000     0.000     0.000     0.000   0   0   0   0   0   0   0     0.000     0.000     0.000    -0.000    -0.003     0.004    -0.002
   7 0 0 0 1 1 1 1   3  13  24   0   0   0   0     7.971    80.557     1.753     0.000     0.000     0.000     0.000   0   0   0   0   0   0   0     0.000     0.000     0.000    -0.001     0.001     0.007     0.002
   7 0 0 0 1 1 1 1  26   1   1   0   0   0   0     1.734     9.794    10.212     0.000     0.000     0.000     0.000   0   0   0   0   0   0   0     0.000     0.000     0.000    -0.003    -0.022     0.003    -0.003
   7 0 0 0 1 1 1 1  31  10  26   0   0   0   0     2.064    10.374     1.704     0.000     0.000     0.000     0.000   0   0   0   0   0   0   0     0.000     0.000     0.000    -0.003    -0.023     0.019     0.000
   7 0 0 0 1 1 1 1   1   1   3   0   0   0   0    10.355    10.134     8.014     0.000     0.000     0.000     0.000   0   0   0   0   0   0   0     0.000     0.000     0.000    -0.000     0.003    -0.004    -0.011
   7 0 0 0 1 1 1 1   3   1  13   0   0   0   0     7.796    10.015    80.556     0.000     0.000     0.000     0.000   0   0   0   0   0   0   0     0.000     0.000     0.000    -0.001     0.003     0.001     0.009
   7 0 0 0 1 1 1 1  31  28   3   0   0   0   0     1.767     1.185     7.301     0.000     0.000     0.000     0.000   0   0   0   0   0   0   0     0.000     0.000     0.000    -0.038    -0.013     0.028     0.000
   7 0 0 0 1 1 1 1   3  11   5   0   0   0   0     7.910    85.948     4.025     0.000     0.000     0.000     0.000   0   0   0   0   0   0   0     0.000     0.000     0.000    -0.008     0.001     0.011    -0.010
   7 0 0 0 1 1 1 1  30  24  28   0   0   0   0     1.929     1.775     1.623     0.000     0.000     0.000     0.000   0   0   0   0   0   0   0     0.000     0.000     0.000    -0.001     0.001     0.002     0.012
   7 0 0 0 1 1 1 1  31  28   3   0   0   0   0     1.759     1.172     7.944     0.000     0.000     0.000     0.000   0   0   0   0   0   0   0     0.000     0.000     0.000    -0.016    -0.006    -0.000     0.003
   7 0 0 0 1 1 1 1  22  12  28   0   0   0   0     1.136    84.385     1.345     0.000     0.000     0.000     0.000   0   0   0   0   0   0   0     0.000     0.000     0.000    -0.009     0.000     0.026     0.005
   7 0 0 0 1 1 1 1  19  10   6   0   0   0   0    71.918    10.334     4.733     0.000     0.000     0.000     0.000   0   0   0   0   0   0   0     0.000     0.000     0.000     0.001    -0.004    -0.041    -0.010
   7 0 0 0 1 1 1 1   5   1   3   0   0   0   0     3.874    10.134     8.014     0.000     0.000     0.000     0.000   0   0   0   0   0   0   0     0.000     0.000     0.000    -0.000     0.004    -0.003    -0.010
   7 0 0 0 1 1 1 1   3  16  17   0   0   0   0     7.718    79.999    76.680     0.000     0.000     0.000     0.000   0   0   0   0   0   0   0     0.000     0.000     0.000    -0.003     0.001     0.000     0.007
   7 0 0 0 1 1 1 1  25  17  18   0   0   0   0     1.596    73.884    70.227     0.000     0.000     0.000     0.000   0   0   0   0   0   0   0     0.000     0.000     0.000    -0.022    -0.001     0.013     0.003
   7 0 0 0 1 1 1 1  12   0  11   0   0   0   0    84.501     5.162    85.873     0.000     0.000     0.000     0.000   0   0   0   0   0   0   0     0.000     0.000     0.000     0.012    -0.006    -0.008     0.001
   7 0 0 0 1 1 1 1  31  23  25   0   0   0   0     2.177     1.060     1.563     0.000     0.000     0.000     0.000   0   0   0   0   0   0   0     0.000     0.000     0.000     0.010    -0.001     0.004    -0.001
   7 0 0 0 1 1 1 1  23  32  16   0   0   0   0     1.079     1.792    80.566     0.000     0.000     0.000     0.000   0   0   0   0   0   0   0     0.000     0.000     0.000    -0.008    -0.003    -0.000     0.003
   7 0 0 0 1 1 1 1  24   4   2   0   0   0   0     1.806     4.671    10.227     0.000     0.000     0.000     0.000   0   0   0   0   0   0   0     0.000     0.000     0.000    -0.001    -0.014     0.008     0.001
   7 0 0 0 1 1 1 1  31  10  26   0   0   0   0     2.064     9.689     1.704     0.000     0.000     0.000     0.000   0   0   0   0   0   0   0     0.000     0.000     0.000    -0.030    -0.003     0.017     0.000
   7 0 0 0 1 1 1 1  32  24  15   0   0   0   0     2.287     1.775    72.762     0.000     0.000     0.000     0.000   0   0   0   0   0   0   0     0.000     0.000     0.000    -0.001     0.001     0.003     0.011
   7 0 0 0 1 1 1 1  32   9  11   0   0   0   0     2.167     8.666    86.291     0.000     0.000     0.000     0.000   0   0   0   0   0   0   0     0.000     0.000     0.000     0.004    -0.001     0.000     0.005
   7 0 0 0 1 1 1 1  22   7  31   0   0   0   0     0.799     5.696     1.817     0.000     0.000     0.000     0.000   0   0   0   0   0   0   0     0.000     0.000     0.000    -0.008     0.002    -0.019     0.001
   7 0 0 0 1 1 1 1  17  29  16   0   0   0   0    75.428     1.572    79.146     0.000     0.000     0.000     0.000   0   0   0   0   0   0   0     0.000     0.000     0.000     0.019     0.002    -0.005     0.001
   7 0 0 0 1 1 1 1   5   1   2   0   0   0   0     3.873    10.134    10.272     0.000     0.000     0.000     0.000   0   0   0   0   0   0   0     0.000     0.000     0.000    -0.000     0.004     0.001    -0.003
   7 0 0 0 1 1 1 1  27   9   5   0   0   0   0     1.223     8.711     3.319     0.000     0.000     0.000     0.000   0   0   0   0   0   0   0     0.000     0.000     0.000     0.001    -0.002    -0.000     0.003
   7 0 0 0 1 1 1 1  27  21  24   0   0   0   0     1.226    63.905     1.935     0.000     0.000     0.000     0.000   0   0   0   0   0   0   0     0.000     0.000     0.000    -0.002     0.004     0.003     0.013
   7 0 0 0 1 1 1 1   3   7  29   0   0   0   0     7.631     5.608     1.572     0.000     0.000     0.000     0.000   0   0   0   0   0   0   0     0.000     0.000     0.000    -0.021    -0.002     0.007    -0.002
   7 0 0 0 1 1 1 1  28  12  24   0   0   0   0     1.214    89.180     1.884     0.000     0.000     0.000     0.000   0   0   0   0   0   0   0     0.000     0.000     0.000    -0.007     0.001     0.000    -0.002
   7 0 0 0 1 1 1 1  13  15  25   0   0   0   0    83.427    72.406     1.349     0.000     0.000     0.000     0.000   0   0   0   0   0   0   0     0.000     0.000     0.000    -0.001     0.001    -0.015    -0.007
   7 0 0 0 1 1 1 1   0   1   2   0   0   0   0     4.970    10.285    10.229     0.000     0.000     0.000     0.000   0   0   0   0   0   0   0     0.000     0.000     0.000    -0.001    -0.051     0.022     0.002
   7 0 0 0 1 1 1 1   7  31  32   0   0   0   0     5.204     2.577     2.184     0.000     0.000     0.000     0.000   0   0   0   0   0   0   0     0.000     0.000     0.000     0.004     0.012     0.001    -0.006
   7 0 0 0 1 1 1 1  30  30  15   0   0   0   0     1.927     1.843    72.602     0.000     0.000     0.000     0.000   0   0   0   0   0   0   0     0.000     0.000     0.000     0.000    -0.002     0.002     0.007
   7 0 0 0 1 1 1 1   3  27  20   0   0   0   0     7.796     1.207    63.839     0.000     0.000     0.000     0.000   0   0   0   0   0   0   0     0.000     0.000     0.000    -0.001     0.001     0.000     0.005
   7 0 0 0 1 1 1 1  27  17  24   0   0   0   0     1.211    74.897     1.933     0.000     0.000     0.000     0.000   0   0   0   0   0   0   0     0.000     0.000     0.000    -0.021    -0.001     0.002     0.011
   7 0 0 0 1 1 1 1  19  17  21   0   0   0   0    71.912    73.425    69.656     0.000     0.000     0.000     0.000   0   0   0   0   0   0   0     0.000     0.000     0.000     0.012     0.000    -0.009    -0.042
   7 0 0 0 1 1 1 1  30  32  25   0   0   0   0     1.804     2.212     1.561     0.000     0.000     0.000     0.000   0   0   0   0   0   0   0     0.000     0.000     0.000    -0.001    -0.013     0.008    -0.000
   7 0 0 0 1 1 1 1  27  24   3   0   0   0   0     1.243     1.891     8.086     0.000     0.000     0.000     0.000   0   0   0   0   0   0   0     0.000     0.000     0.000    -0.000     0.002     0.003     0.008
   7 0 0 0 1 1 1 1  23   1  27   0   0   0   0     1.057     9.660     1.210     0.000     0.000     0.000     0.000   0   0   0   0   0   0   0     0.000     0.000     0.000     0.031    -0.006    -0.002     0.002
   7 0 0 0 1 1 1 1  24  12  27   0   0   0   0     1.854    84.213     1.180     0.000     0.000     0.000     0.000   0   0   0   0   0   0   0     0.000     0.000     0.000     0.014     0.000    -0.023    -0.003
   7 0 0 0 1 1 1 1  16  11   3   0   0   0   0    80.357    86.411     7.353     0.000     0.000     0.000     0.000   0   0   0   0   0   0   0     0.000     0.000     0.000     0.001    -0.004     0.008    -0.002
   7 0 0 0 1 1 1 1  12  20  14   0   0   0   0    88.942    65.281    83.227     0.000     0.000     0.000     0.000   0   0   0   0   0   0   0     0.000     0.000     0.000    -0.000     0.003    -0.005     0.002
   7 0 0 0 1 1 1 1  31  28  20   0   0   0   0     1.750     1.172    68.210     0.000     0.000     0.000     0.000   0   0   0   0   0   0   0     0.000     0.000     0.000    -0.034    -0.015    -0.000     0.013
   7 0 0 0 1 1 1 1  28   8  24   0   0   0   0     1.313     7.386     1.619     0.000     0.000     0.000     0.000   0   0   0   0   0   0   0     0.000     0.000     0.000    -0.018    -0.003     0.011     0.000
   7 0 0 0 1 1 1 1   4  19  16   0   0   0   0     4.887    66.412    76.452     0.000     0.000     0.000     0.000   0   0   0   0   0   0   0     0.000     0.000     0.000     0.008    -0.000    -0.002    -0.005
   7 0 0 0 1 1 1 1   3  16  16   0   0   0   0     7.742    79.999    79.696     0.000     0.000     0.000     0.000   0   0   0   0   0   0   0     0.000     0.000     0.000    -0.002     0.001     0.001     0.023
   7 0 0 0 1 1 1 1   0   1   2   0   0   0   0     4.970    10.285    10.229     0.000     0.000     0.000     0.000   0   0   0   0   0   0   0     0.000     0.000     0.000    -0.001    -0.044     0.020     0.002
   7 0 0 0 1 1 1 1   8  10  32   0   0   0   0     7.146     9.053     2.184     0.000     0.000     0.000     0.000   0   0   0   0   0   0   0     0.000     0.000     0.000     0.009     0.003     0.001    -0.008
   7 0 0 0 1 1 1 1  28  15   3   0   0   0   0     1.210    74.692     7.353     0.000     0.000     0.000     0.000   0   0   0   0   0   0   0     0.000     0.000     0.000    -0.007     0.000     0.007     0.000
   7 0 0 0 1 1 1 1  13  27  14   0   0   0   0    80.571     1.225    81.006     0.000     0.000     0.000     0.000   0   0   0   0   0   0   0     0.000     0.000     0.000    -0.001     0.001     0.007     0.000
   7 0 0 0 1 1 1 1  31  23  19   0   0   0   0     1.788     1.131    72.605     0.000     0.000     0.000     0.000   0   0   0   0   0   0   0     0.000     0.000     0.000    -0.007    -0.024     0.000     0.028
   7 0 0 0 1 1 1 1  31  10  26   0   0   0   0     2.074    10.374     1.704     0.000     0.000     0.000     0.000   0   0   0   0   0   0   0     0.000     0.000     0.000    -0.002    -0.016     0.014     0.000
   7 0 0 0 1 1 1 1  24  26   7   0   0   0   0     1.880     1.856     6.329     0.000     0.000     0.000     0.000   0   0   0   0   0   0   0     0.000     0.000     0.000    -0.000     0.004     0.000    -0.002
   7 0 0 0 1 1 1 1  12  20  14   0   0   0   0    88.942    65.281    83.227     0.000     0.000     0.000     0.000   0   0   0   0   0   0   0     0.000     0.000     0.000    -0.000     0.003    -0.005     0.001
